8.323836978195987557e-01 8.544757590849789697e-01 8.367317676090526568e-01 8.630295524789053374e-01
8.324875535977271923e-01 8.546416176976725509e-01 8.367067964035762584e-01 8.630320844600811725e-01
8.326432354455290952e-01 8.547577950339131370e-01 8.368740856618748225e-01 8.631668999437734913e-01
8.326826395495835476e-01 8.546580867132229642e-01 8.368252632642156907e-01 8.630318926967739390e-01
8.326272498012484702e-01 8.545205847692423085e-01 8.366523739394492454e-01 8.628449192806233459e-01
8.327131853666802641e-01 8.546063391551309563e-01 8.367747863014635135e-01 8.629693183885676078e-01
8.325732855243779262e-01 8.544132291416866032e-01 8.366106534442648845e-01 8.628085603399313630e-01
8.324069126405921892e-01 8.541726886784128947e-01 8.364904047442948132e-01 8.627293510194089521e-01
8.321951283087228868e-01 8.539635761105262013e-01 8.362442563681919960e-01 8.625572821750921992e-01
8.322900239805028910e-01 8.540269395732353885e-01 8.362466236690169197e-01 8.625648276958718386e-01
8.322188522266678046e-01 8.539616255603950101e-01 8.360573159675610544e-01 8.623910179798250919e-01
8.320874033937624148e-01 8.537839780386466959e-01 8.358340514994330173e-01 8.621865430578281586e-01
8.321290475244040863e-01 8.538047259906234032e-01 8.354767418039463767e-01 8.618388343994689560e-01
8.320796651200978999e-01 8.538711720550270501e-01 8.353381910685659939e-01 8.616876084903604127e-01
8.321843354533488002e-01 8.540449638491759421e-01 8.350958354647525228e-01 8.614568467680353558e-01
8.322928749234319579e-01 8.542655988391918420e-01 8.349816959282019280e-01 8.613485743648000570e-01
8.322917549101382928e-01 8.543881924614975532e-01 8.349898669342751267e-01 8.613676565934494933e-01
8.319835476156342002e-01 8.542541693487919474e-01 8.348523598476456087e-01 8.611748901748245144e-01
8.318758227006737282e-01 8.542991205085090911e-01 8.347119254535443345e-01 8.609385899819210763e-01
8.319233723559541493e-01 8.544169782621022780e-01 8.346225534836893001e-01 8.608436107490835543e-01
8.317960981180518854e-01 8.543932432872738403e-01 8.344348494376311320e-01 8.606711058748475196e-01
8.317068025127395403e-01 8.543470814694779092e-01 8.343232044761432764e-01 8.605248845426570758e-01
8.317493630178941499e-01 8.543866865239573283e-01 8.342521345416987755e-01 8.604746498215871675e-01
8.319314160877894215e-01 8.546249330398378863e-01 8.344342639761368474e-01 8.605875993107116040e-01
8.320754905250948852e-01 8.549473841005172936e-01 8.346229098515555167e-01 8.607597226309515737e-01
8.319253069243701670e-01 8.548204157617717014e-01 8.347760971242945693e-01 8.608797792241327240e-01
8.319562600190280044e-01 8.549178898185266773e-01 8.347693006799904447e-01 8.608290799773776758e-01
8.317505848505779564e-01 8.548377427179691956e-01 8.346832632951688424e-01 8.607079126735255326e-01
8.313571547263745032e-01 8.544844078983132585e-01 8.345925167635444009e-01 8.604838094871701815e-01
8.310873333420218945e-01 8.542265349289440701e-01 8.344202383551199143e-01 8.603434538120788844e-01
8.308282029936530089e-01 8.540304396942950405e-01 8.342386689273285638e-01 8.601723155352937189e-01
8.306528700035188395e-01 8.538315414481978394e-01 8.341026127670110313e-01 8.599851250342530617e-01
8.302860147401894819e-01 8.534916260132028309e-01 8.339226724494650522e-01 8.596964933085962102e-01
8.299565271931081956e-01 8.531654764500289367e-01 8.334456995155026249e-01 8.592382799265401161e-01
8.301763552568129922e-01 8.533945077933473566e-01 8.333197234748268567e-01 8.591623387359976771e-01
8.308342103376820109e-01 8.538964708689892325e-01 8.338118929527948975e-01 8.594831472315785925e-01
8.309174985989651319e-01 8.539137021843250519e-01 8.339268724993157411e-01 8.595411026414210287e-01
8.307973517183855350e-01 8.538863002174410521e-01 8.342122977052353061e-01 8.596958576393771700e-01
8.306983832709926574e-01 8.537890882124240521e-01 8.342919204684668966e-01 8.596619329317036762e-01
8.306716047713380568e-01 8.536307458213554522e-01 8.339913750830845185e-01 8.592534469540678010e-01
8.305994148236000019e-01 8.535290410132042593e-01 8.338287695167407865e-01 8.590625449477455877e-01
8.306134658994643871e-01 8.534982605642389419e-01 8.336543529011194442e-01 8.587680052834801847e-01
8.304130853393110190e-01 8.533420942761823502e-01 8.332467953365090274e-01 8.583734493192266557e-01
8.308243338568207514e-01 8.537337023898554644e-01 8.332246496191139107e-01 8.583387000974791459e-01
8.312907684838848343e-01 8.540101057865011613e-01 8.332742611170482760e-01 8.582717065636193965e-01
8.315246476234539053e-01 8.541599073980729040e-01 8.332332788124439116e-01 8.581295807898563499e-01
8.317542503486297090e-01 8.542423385396398228e-01 8.332331006285107478e-01 8.580477552731644586e-01
8.319828348799019890e-01 8.542691488529300381e-01 8.331633034364451795e-01 8.578542330161276208e-01
8.319656274029375576e-01 8.541357866164756008e-01 8.332149513221858150e-01 8.578036119386320824e-01
8.322138630765422151e-01 8.541951909072225124e-01 8.333618003378774342e-01 8.577850400833048061e-01
