8.760438523895789364e-01 8.937912341208520406e-01 8.729760596140312412e-01 8.932408882771983860e-01
8.761082022442623352e-01 8.938425255044568640e-01 8.729916379807505233e-01 8.932962653295360989e-01
8.761350825633071882e-01 8.937808282117876146e-01 8.729738450422916962e-01 8.933438667621913520e-01
8.762476948090029971e-01 8.938388174791903618e-01 8.728903276873802852e-01 8.933014580800592297e-01
8.763082773462446129e-01 8.937709895073985278e-01 8.728034502925882121e-01 8.932930433261603298e-01
8.762996226980672709e-01 8.937190908749617080e-01 8.728014902693244093e-01 8.933373444038267275e-01
8.762366983148484056e-01 8.936174556052908224e-01 8.728661455821787873e-01 8.934138871671714055e-01
8.760717509025272021e-01 8.934075788665010176e-01 8.726348373822152560e-01 8.932605885785713795e-01
8.758156751358677772e-01 8.931972666549203854e-01 8.725143850434646797e-01 8.931535818019672446e-01
8.759417275410862347e-01 8.933271966066372860e-01 8.726454265988088377e-01 8.932402546911730745e-01
8.758047804611033271e-01 8.932014172724913603e-01 8.726569830996102617e-01 8.931967470535928655e-01
8.757055065555396922e-01 8.931090251140128000e-01 8.726104261833858011e-01 8.931665874084031564e-01
8.757084593178590115e-01 8.929728013679840704e-01 8.724697881505036889e-01 8.930396749217828223e-01
8.755615339376245920e-01 8.928022909332415935e-01 8.725268833736266050e-01 8.930273481410403447e-01
8.757422633554456937e-01 8.928644690839233622e-01 8.725356907508894366e-01 8.930571029681175776e-01
8.758691303157867258e-01 8.929406354662458023e-01 8.726287282187961125e-01 8.931404521086345749e-01
8.761388498807491931e-01 8.931805044235392455e-01 8.728989314258623899e-01 8.933590467938631319e-01
8.765417492082523410e-01 8.935683281309961812e-01 8.732633684786716977e-01 8.936046381273496930e-01
8.767637154791538823e-01 8.937708207919442538e-01 8.734247013026366080e-01 8.936728885748081996e-01
8.772231245682857725e-01 8.940955005591453286e-01 8.737304649317727545e-01 8.938738659286503685e-01
8.771149923757641798e-01 8.940412092622367357e-01 8.738875213413442866e-01 8.940302063085328044e-01
8.767712501140377812e-01 8.937342743606928597e-01 8.736659623480039771e-01 8.938929353166835678e-01
8.763785327255665392e-01 8.933412451795637033e-01 8.734293086300485287e-01 8.937054011293407152e-01
8.761560573577134026e-01 8.931327375715408801e-01 8.732912669916199633e-01 8.935930720841337438e-01
8.757730128113230261e-01 8.928148830354232235e-01 8.730701407306885597e-01 8.933871686644899723e-01
8.754260123291064399e-01 8.925431131267281826e-01 8.728381452498403803e-01 8.931723726884315262e-01
8.751047721526411527e-01 8.922651307481658245e-01 8.725623674311537847e-01 8.929867125556691931e-01
8.751026339454444081e-01 8.922674652508539861e-01 8.724710354380351696e-01 8.929045713918548621e-01
8.749824870648645891e-01 8.921716869050111409e-01 8.723333756223201618e-01 8.927590154873380479e-01
8.750897028828734658e-01 8.922154191109711308e-01 8.723165754229169622e-01 8.927598293943700414e-01
8.750631280219994812e-01 8.920818700584259853e-01 8.722243270552854089e-01 8.926949992375666776e-01
8.751749257125728265e-01 8.921727661717930857e-01 8.723839798593100436e-01 8.928067502761164453e-01
8.750156801861095346e-01 8.919666109797095288e-01 8.723520594804442529e-01 8.927709558634894238e-01
8.748262961201110910e-01 8.917536071936231767e-01 8.722126687350935104e-01 8.926288728260399763e-01
8.744346987449335140e-01 8.914117144163199447e-01 8.719992807478267327e-01 8.924265410013580979e-01
8.740907528444264996e-01 8.910787672147122418e-01 8.719215416433161447e-01 8.922978269009766983e-01
8.738226623897092926e-01 8.908746628175510107e-01 8.717901437201058812e-01 8.921710292082306593e-01
8.736368420023719050e-01 8.907366133132660346e-01 8.716922189214637573e-01 8.920542376637954352e-01
8.734676181756572122e-01 8.906053300956846552e-01 8.714132592468296634e-01 8.918107665585638388e-01
8.731371124346727353e-01 8.904340975015057058e-01 8.712999088105539691e-01 8.916536191281028145e-01
8.727658789375594139e-01 8.901214192877571207e-01 8.710571968388745034e-01 8.914019936152111079e-01
8.723421066350403041e-01 8.898182367859481801e-01 8.709320098984738578e-01 8.913177669035061701e-01
8.721148457558419720e-01 8.896913364880276731e-01 8.709632939061502377e-01 8.913454766928615713e-01
8.719784077728107707e-01 8.896031224257021641e-01 8.709247043572183600e-01 8.913255523049933293e-01
8.717173428560258674e-01 8.893867742889354222e-01 8.709694285244171663e-01 8.913437853926450272e-01
8.716106361349684750e-01 8.893594983743813298e-01 8.712335989326069896e-01 8.915601000285717781e-01
8.714027209399315410e-01 8.892977891369011623e-01 8.714007354618201751e-01 8.917013106869935424e-01
8.711599835134042902e-01 8.892664975540085504e-01 8.714186556745167067e-01 8.916926337068015185e-01
8.713406111118351394e-01 8.894575505203874410e-01 8.713395929179319488e-01 8.915997145665914836e-01
8.715379370902788247e-01 8.895922227999175647e-01 8.712129805060668808e-01 8.914088229257512985e-01
