8.912906951739238970e-01 9.090660210275501862e-01 8.992521569419644756e-01 9.140783078801655304e-01
8.914762101030901942e-01 9.091498283355535781e-01 8.995601351428403891e-01 9.143867883502287963e-01
8.914391478450129913e-01 9.091481233326721423e-01 8.996172303659633052e-01 9.144854741161291267e-01
8.916664087242112124e-01 9.093478866452183729e-01 8.996350742141172585e-01 9.145205502422815158e-01
8.919651468154152774e-01 9.096223157729228515e-01 8.998184254812392480e-01 9.147161755475288203e-01
8.924964403941142432e-01 9.099574470191216236e-01 9.000666102451485573e-01 9.149521736202241851e-01
8.927212576079448514e-01 9.100244133076832442e-01 9.001807243268517000e-01 9.150134110056062919e-01
8.926826680590128626e-01 9.099628915223330061e-01 9.001240109264423417e-01 9.149782875126448722e-01
8.926020271018780816e-01 9.099572063432239677e-01 9.001593422548841428e-01 9.150090003216473367e-01
8.929564603995882033e-01 9.101521094087967612e-01 9.004351200735706273e-01 9.152317157965637051e-01
8.929100307576014472e-01 9.099704171956503052e-01 9.005140555559175697e-01 9.152847749105710307e-01
8.928535209959727048e-01 9.098331481647830010e-01 9.005983111014087550e-01 9.153194338140344666e-01
8.929171581149238923e-01 9.098387406060288729e-01 9.007359709171238737e-01 9.153887925739998543e-01
8.930103228570683838e-01 9.098745138080716055e-01 9.009907993962517070e-01 9.155674661856206820e-01
8.931702811192638869e-01 9.100169547168925899e-01 9.012351150233287589e-01 9.157376185898247201e-01
8.935276671792933278e-01 9.103233730796637113e-01 9.014789215534544375e-01 9.159296901785027867e-01
8.935849914960445339e-01 9.103889356436472013e-01 9.015559733770802664e-01 9.159891263105131021e-01
8.936913927589307249e-01 9.104491420023050896e-01 9.017366264303587897e-01 9.160900142443999528e-01
8.938117432782911598e-01 9.105045904477743202e-01 9.016868876581866088e-01 9.160418005721928658e-01
8.935802059846993384e-01 9.103350254195383684e-01 9.013332689155990618e-01 9.157766412344137130e-01
8.933416431531753243e-01 9.101598562063778486e-01 9.009406533465184053e-01 9.154334293717638626e-01
8.932360564454115970e-01 9.101257605678335638e-01 9.007065196584733702e-01 9.152443211830116887e-01
8.930224393645167513e-01 9.099561631457718791e-01 9.003701847573929440e-01 9.149739371559664214e-01
8.927148429863545065e-01 9.096761686930026070e-01 8.999411433014244954e-01 9.146490292571886060e-01
8.925968343129715432e-01 9.095559926067829926e-01 8.996832093308917422e-01 9.144678159247989768e-01
8.924110139256343777e-01 9.093263032212870467e-01 8.993718456352879365e-01 9.142418974312163105e-01
8.922135861278004398e-01 9.091185113725139821e-01 8.990341616272856662e-01 9.139836663889490120e-01
8.921653237367879186e-01 9.089878673644518070e-01 8.988332974250283769e-01 9.138161393900623430e-01
8.919260481695316933e-01 9.087327061225648484e-01 8.985414830523660301e-01 9.136377185404878087e-01
8.919834743056732629e-01 9.086259404921517291e-01 8.983070184513026746e-01 9.134900796704606973e-01
8.918006066806553056e-01 9.084083252212031834e-01 8.979278939514394597e-01 9.132246883111916347e-01
8.912813277900142328e-01 9.079209317977554594e-01 8.974845723259783359e-01 9.128799720788854932e-01
8.909889025010099273e-01 9.075953829846744592e-01 8.971975434646611847e-01 9.126626292476998081e-01
8.906844625239480617e-01 9.071455469279162687e-01 8.968742669003896273e-01 9.124361769526547761e-01
8.906737714879640055e-01 9.070790179583348989e-01 8.966245293907778580e-01 9.121990363047947081e-01
8.906284618592708036e-01 9.071144139879171453e-01 8.962694088121831992e-01 9.119308752102091020e-01
8.905708320843488401e-01 9.069895275835676562e-01 8.960037620228336053e-01 9.117523803072480337e-01
8.904136229456919294e-01 9.067900958362790087e-01 8.956993984103143180e-01 9.115636280726744367e-01
8.902944942590155231e-01 9.066141836893795158e-01 8.954409553428299695e-01 9.113167745691364008e-01
8.902782031565639187e-01 9.065366009577418005e-01 8.952199563561364926e-01 9.111062502056167522e-01
8.898588090878286616e-01 9.062485362949957990e-01 8.948025477655123794e-01 9.107548368962303798e-01
8.895102813147570675e-01 9.059626973750412038e-01 8.943277130387466967e-01 9.103302498218797112e-01
8.894436914334866717e-01 9.058463683064014171e-01 8.940478369895996646e-01 9.100679392284385383e-01
8.890767343507670617e-01 9.056664012955398801e-01 8.936577414504294214e-01 9.097829402852422032e-01
8.888665791291426865e-01 9.055419382562166497e-01 8.934200440837232193e-01 9.096135781277391308e-01
8.887826799515177179e-01 9.055012912383844093e-01 8.933103082358040403e-01 9.095504806680012599e-01
8.888511025818137679e-01 9.055555969951294415e-01 8.932190016975327662e-01 9.095570910305370571e-01
8.887549850773501792e-01 9.055017570532000182e-01 8.929301400871900718e-01 9.093915149383178242e-01
8.886507220216606218e-01 9.054484005212918296e-01 8.927658290460582791e-01 9.093217320964078754e-01
8.887843090617628672e-01 9.055320269806791389e-01 8.929436566112551876e-01 9.094939626897060592e-01
