8.606512837431348206e-01 8.916706680805873697e-01 8.514285714285714235e-01 8.903468827642728733e-01
8.630965087620563470e-01 8.931553081107206360e-01 8.518946987078855893e-01 8.908739219206479598e-01
8.657163927109006174e-01 8.943621497909135520e-01 8.540659340659340071e-01 8.925235568243388151e-01
8.674241689145917311e-01 8.953719060056093415e-01 8.567612607173047401e-01 8.945464340685898019e-01
8.694424498825904513e-01 8.966536150822997930e-01 8.575534355754135252e-01 8.948356791855516246e-01
8.723146189524344507e-01 8.986993002965628641e-01 8.588866078975969653e-01 8.955429218187165308e-01
8.740612082516641124e-01 8.995276327069461342e-01 8.591619369641348980e-01 8.954189576672392237e-01
8.748180636146635214e-01 8.997903470678166871e-01 8.595387030551865370e-01 8.955750730051306174e-01
8.766616856527391644e-01 9.008416109931858262e-01 8.610216157468904008e-01 8.963213306765196453e-01
8.787964059073531953e-01 9.018908064416396586e-01 8.629779012196594490e-01 8.977047350531264236e-01
8.810281589008130965e-01 9.030160354389056288e-01 8.661514309865958605e-01 8.999350405022972232e-01
8.831434726076577979e-01 9.043005924664644368e-01 8.672624079217485793e-01 9.005266216565939175e-01
8.836868559451959149e-01 9.046399976064645188e-01 8.681077164593647977e-01 9.008410824168303632e-01
8.862679267985018594e-01 9.064179566223231621e-01 8.690592923559956606e-01 9.013034158910375737e-01
8.875875720468084928e-01 9.071379798627663416e-01 8.699239222316144104e-01 9.017390393370366963e-01
8.893147547982689360e-01 9.086119495986286765e-01 8.727255162419997880e-01 9.036039030309196418e-01
8.893341613460381545e-01 9.089251851706086072e-01 8.755174495833836223e-01 9.054191144690612036e-01
8.892177220594228437e-01 9.088546733349194273e-01 8.780147325202271036e-01 9.068434027822773746e-01
8.892371286071920622e-01 9.082390707006502417e-01 8.794300205289216077e-01 9.078368622944915645e-01
8.892565351549611696e-01 9.078025851520681311e-01 8.797391619369642202e-01 9.079374321923737723e-01
8.907120262376525544e-01 9.090222801572169775e-01 8.802560077285352946e-01 9.083691157916526926e-01
8.916435405305749295e-01 9.094975445423201243e-01 8.803332930805456424e-01 9.081265103097424518e-01
8.913524423140366526e-01 9.095158196455259692e-01 8.793527351769110378e-01 9.074778372719156661e-01
8.921675173203439391e-01 9.097420934749640420e-01 8.792561284868978255e-01 9.072930804064001098e-01
8.921287042248052801e-01 9.090404363974262658e-01 8.796667069194542554e-01 9.076264893363993336e-01
8.916823536261133665e-01 9.087132247612169644e-01 8.791112184518777850e-01 9.073931979630500688e-01
8.918570125560363326e-01 9.088362400817241449e-01 8.782272672382562817e-01 9.070358422844638779e-01
8.917987929127287883e-01 9.087271525386961812e-01 8.777635551261926405e-01 9.067425824353257946e-01
8.910031244541909423e-01 9.075173997304279983e-01 8.763386064484965932e-01 9.061563116350248581e-01
8.895670399192686650e-01 9.064477101895243027e-01 8.750006037918125479e-01 9.057205512697856786e-01
8.894700071804226837e-01 9.065600627741000617e-01 8.757348146359136276e-01 9.062143228375634241e-01
8.901880494478836559e-01 9.068612201972482412e-01 8.764883468180171278e-01 9.059191211339437944e-01
8.886549321741155083e-01 9.058786080731204837e-01 8.761260717304673040e-01 9.053901932473470415e-01
8.898775446835761604e-01 9.063050679314956781e-01 8.764352131385099165e-01 9.052188181948597201e-01
8.911583768363444680e-01 9.070246335965532758e-01 8.771404419756068105e-01 9.056787582562564332e-01
8.919928583904208619e-01 9.080417553538899789e-01 8.782852312522640981e-01 9.062111845716527281e-01
8.908284655242679761e-01 9.072856976055854172e-01 8.787247916918247137e-01 9.065065048942063664e-01
8.904015214733451700e-01 9.071383675943016645e-01 8.792996014974037156e-01 9.069554126916108405e-01
8.900133905179608007e-01 9.065863997873440105e-01 8.786909793503200339e-01 9.067079139059748272e-01
8.900716101612684561e-01 9.066496738238464248e-01 8.786233546673106742e-01 9.070094058095451439e-01
8.912942226707292193e-01 9.074823060526562291e-01 8.782997222557663575e-01 9.070837629047443507e-01
8.920316714859592988e-01 9.077085163389249090e-01 8.778794831542084953e-01 9.071803274888701196e-01
8.918764191038055511e-01 9.077701768294677009e-01 8.793430745079097166e-01 9.080861054450763969e-01
8.911195637408062531e-01 9.076036640193650973e-01 8.789035140683492120e-01 9.076793122999839980e-01
8.915271012439596188e-01 9.075890620799262898e-01 8.777249124501871336e-01 9.069459427022084075e-01
8.925750548234974158e-01 9.087205329881414828e-01 8.775123777321580665e-01 9.066677897764208183e-01
8.921481107725746096e-01 9.084956625888203074e-01 8.780292235237290299e-01 9.065964780286063229e-01
8.919346387471134285e-01 9.079908102606704112e-01 8.780099021857264985e-01 9.065577204721901872e-01
8.917793863649595698e-01 9.071192114753507951e-01 8.791498611278831810e-01 9.073980968140051839e-01
8.911971899318830159e-01 9.063248181572600704e-01 8.799806786619974730e-01 9.078748810889091247e-01
8.916823536261134775e-01 9.067436789838647648e-01 8.796522159159522181e-01 9.073210688619273157e-01
8.915465077917289483e-01 9.063906892637968449e-01 8.796425552469508968e-01 9.072685958137312046e-01
8.908090589764987577e-01 9.054047242627526471e-01 8.794638328704262875e-01 9.071271325938689012e-01
8.909837179064216128e-01 9.061351143341499492e-01 8.788262287163384201e-01 9.069267884860515716e-01
8.915465077917289483e-01 9.067374055537036348e-01 8.780147325202269926e-01 9.067783783422695976e-01
8.916047274350366036e-01 9.075196189655923007e-01 8.777587247916918134e-01 9.066052431796172151e-01
8.932736905431892804e-01 9.089170749171020525e-01 8.767540152155537392e-01 9.059466578249270041e-01
8.924586155368821050e-01 9.083091043606603687e-01 8.773626373626374209e-01 9.065626218642375278e-01
8.933707232820354838e-01 9.087031271002270483e-01 8.793237531699069631e-01 9.075729275089285952e-01
8.940111393584194710e-01 9.091293393704590331e-01 8.803719357565510384e-01 9.076475417266360868e-01
8.947485881736497726e-01 9.093476312823303154e-01 8.797922956164714314e-01 9.072646445699630302e-01
8.950784994857264865e-01 9.098000751475561199e-01 8.796667069194542554e-01 9.071144329027551745e-01
8.944768965048808251e-01 9.088585479560918889e-01 8.798261079579758892e-01 9.074281791962387489e-01
8.954860369888799632e-01 9.095939586132846255e-01 8.802560077285350726e-01 9.080026902139983758e-01
8.960488268741872986e-01 9.101973601110816547e-01 8.812558869701727637e-01 9.087810007572689752e-01
8.960876399697257355e-01 9.101077369561274555e-01 8.809612365656322996e-01 9.081897004982696364e-01
8.955248500844184001e-01 9.098117828359958414e-01 8.812124139596666517e-01 9.080168592966965102e-01
8.955636631799569480e-01 9.093511228196957674e-01 8.807245501750995409e-01 9.077854229047356283e-01
8.946321488870344618e-01 9.083250549435051280e-01 8.793768868494142854e-01 9.072821959811728787e-01
8.949620601991111757e-01 9.095766659605963866e-01 8.803381234150465806e-01 9.080540331717041891e-01
8.948262143647266464e-01 9.104461023784740092e-01 8.798502596304793588e-01 9.079321890341467416e-01
8.949426536513419572e-01 9.098922348297983076e-01 8.791885038038884659e-01 9.073514836861233945e-01
8.942731277533039203e-01 9.087542575872976647e-01 8.791643521313851073e-01 9.075391340823025788e-01
8.932542839954201730e-01 9.077188174356589645e-01 8.791740128003864285e-01 9.071837225132658444e-01
8.918570125560364437e-01 9.063766645016807511e-01 8.802415167250332573e-01 9.079778313975759296e-01
8.921675173203439391e-01 9.071341095133695909e-01 8.806424344885882549e-01 9.083996023625132699e-01
8.931378447088047512e-01 9.086197308703894970e-01 8.801400797005193288e-01 9.080630994609686368e-01
8.956412893710337109e-01 9.104115466953424107e-01 8.795942519019441797e-01 9.076484398135055143e-01
8.968250887849561481e-01 9.112041029631037237e-01 8.799468663204926822e-01 9.078787830255012903e-01
8.968833084282636925e-01 9.112097626456718835e-01 8.812075836251660466e-01 9.088206781355171460e-01
8.965145840206485417e-01 9.104812048784404199e-01 8.808936118826229400e-01 9.084381116289372837e-01
8.965728036639561971e-01 9.104825622115241268e-01 8.808163265306121481e-01 9.083760492111648821e-01
8.973490655747248246e-01 9.101999626574504010e-01 8.812124139596668737e-01 9.084651345699922276e-01
8.967862756894176002e-01 9.103589096806847802e-01 8.815988407197199450e-01 9.088775179392261094e-01
8.970191542626481107e-01 9.107474001015096743e-01 8.816229923922231926e-01 9.090467790975200746e-01
8.965339905684177602e-01 9.110372073341809207e-01 8.812510566356719366e-01 9.086303862745792603e-01
8.966892429505715079e-01 9.108749714168486999e-01 8.815601980437146601e-01 9.087769734989039616e-01
8.966698364028024004e-01 9.104943729593357737e-01 8.818886607897596930e-01 9.092697839825847339e-01
8.962428923518795942e-01 9.102949607996222436e-01 8.811641106146600455e-01 9.088793067715601470e-01
8.955248500844185111e-01 9.101288391395284672e-01 8.805506581330756477e-01 9.087425730054351503e-01
8.969027149760329110e-01 9.107862617380104719e-01 8.815505373747132278e-01 9.094134749868936218e-01
8.974266917658018095e-01 9.111112710413900029e-01 8.825600772853520182e-01 9.097511118564582944e-01
8.951173125812650344e-01 9.096649027830343570e-01 8.829899770559109795e-01 9.102927935814268956e-01
8.937394476896504125e-01 9.088239313631402139e-01 8.825262649438474494e-01 9.097906036831565624e-01
8.935065691164199020e-01 9.085617688471432363e-01 8.814780823572033741e-01 9.088084868820287543e-01
8.950008732946496126e-01 9.091656523084904462e-01 8.816374833957252299e-01 9.088628252714299194e-01
8.964369578295717789e-01 9.100327730381778668e-01 8.839946866320492758e-01 9.110069118122523513e-01
8.950979060334957049e-01 9.087039939427418167e-01 8.850187175461901035e-01 9.115839366403878374e-01
8.956995090143414773e-01 9.092308027622233446e-01 8.847723704866561345e-01 9.112551874145932151e-01
8.958159483009568991e-01 9.091774041610168888e-01 8.837096968965101329e-01 9.102821186396742315e-01
8.966698364028022894e-01 9.101078903901299588e-01 8.828160850138873084e-01 9.093590813992633581e-01
8.976013506957247756e-01 9.111153140400751749e-01 8.830720927424223765e-01 9.099026873576758767e-01
8.969997477148788922e-01 9.110831949226959603e-01 8.834971621784809548e-01 9.108111113932582104e-01
8.960294203264181911e-01 9.103997457706506369e-01 8.848496558386668154e-01 9.115626088214017209e-01
8.962817054474180312e-01 9.105722814410419641e-01 8.842989977055911721e-01 9.111866725129171840e-01
8.974072852180324800e-01 9.116659860531765025e-01 8.832363241154449485e-01 9.103981948154276083e-01
8.983776126064934031e-01 9.122532092499027190e-01 8.828933703658977672e-01 9.100880847886854141e-01
8.989015893962621906e-01 9.122795597925544842e-01 8.831155657529283776e-01 9.101935572625388104e-01
8.993479399949544373e-01 9.125085365936848047e-01 8.832266634464436272e-01 9.102630420847723780e-01
8.973490655747249356e-01 9.114802103348143003e-01 8.835841081994928459e-01 9.105045849318655904e-01
8.967862756894177112e-01 9.111520145273070970e-01 8.847095761381477130e-01 9.111184541323738006e-01
8.976595703390323200e-01 9.115946282803091272e-01 8.843956043956042734e-01 9.110178120598607654e-01
8.979312620078014895e-01 9.123625680811602301e-01 8.840140079700520293e-01 9.109786415450404906e-01
8.979700751033399264e-01 9.124659141000506235e-01 8.848786378456707791e-01 9.115812586637959125e-01
8.963399250907255755e-01 9.102558651639810483e-01 8.838304552590265928e-01 9.106375314086139205e-01
8.957771352054182401e-01 9.095372746276574327e-01 8.828692186933945196e-01 9.100278119512443809e-01
8.960682334219566281e-01 9.104529571485688866e-01 8.837435092380148127e-01 9.109639730825018766e-01
8.976595703390323200e-01 9.122149922112083864e-01 8.839463832870425586e-01 9.110129473337653661e-01
8.990956548739543752e-01 9.124799968814929496e-01 8.842506943605845660e-01 9.108941058524904211e-01
8.977566030778785233e-01 9.106623595406915239e-01 8.841057843255645254e-01 9.108432035152207451e-01
8.979894816511090339e-01 9.113027509252429326e-01 8.840671416495591295e-01 9.108867422852890972e-01
8.977566030778785233e-01 9.113585618569830515e-01 8.843183190435938146e-01 9.111288982160385963e-01
8.982999864154165293e-01 9.117917097558529971e-01 8.842506943605844549e-01 9.111663305031718618e-01
8.987269304663392244e-01 9.128310217164671281e-01 8.836324115444994520e-01 9.109777041078789273e-01
8.994061596382618706e-01 9.140356656703984006e-01 8.837580002415166280e-01 9.108972348064519053e-01
9.004153001222612307e-01 9.140356825100101057e-01 8.844100953991063108e-01 9.109941656411929545e-01
9.000077626191076430e-01 9.129632140954663244e-01 8.853809926337399272e-01 9.115166283453135510e-01
8.989015893962623016e-01 9.121362478159926734e-01 8.861200338123416120e-01 9.122987027196008958e-01
9.003376739311843568e-01 9.135922397286039276e-01 8.852119309262166391e-01 9.118561237254664276e-01
8.989209959440316311e-01 9.126814660142809066e-01 8.839318922835406322e-01 9.112633546525505945e-01
8.989792155873390644e-01 9.120027562285810685e-01 8.840478203115565980e-01 9.112435087375267972e-01
8.996002251159540553e-01 9.125519169350407855e-01 8.850090568771886712e-01 9.112785258839106728e-01
8.995808185681848368e-01 9.128820906252432810e-01 8.867383166284266149e-01 9.123089633137987375e-01
8.992897203516465598e-01 9.123447042406098717e-01 8.869508513464556820e-01 9.125913471714341973e-01
8.998525102369538953e-01 9.121337098871605820e-01 8.868107716459363576e-01 9.124622219654296984e-01
9.005511459566457599e-01 9.126336806857778816e-01 8.865064605723946833e-01 9.121936708638277436e-01
9.009586834597992366e-01 9.136793160678451375e-01 8.858736867528077541e-01 9.119449455258273884e-01
9.016961322750295382e-01 9.145704040517309563e-01 8.852119309262166391e-01 9.113502791079858278e-01
9.029381513322595199e-01 9.158238113494616695e-01 8.839318922835406322e-01 9.107671086163310337e-01
9.022977352558751996e-01 9.147448001031748266e-01 8.841879000120758114e-01 9.110125581761083779e-01
9.021618894214908924e-01 9.150295262231479265e-01 8.846129694481342787e-01 9.114915503325422552e-01
9.024529876380290583e-01 9.152065965711180251e-01 8.853761622992391001e-01 9.121684938493148653e-01
9.021812959692601108e-01 9.153810344308639380e-01 8.853761622992394331e-01 9.120510354465278802e-01
9.008616507209532553e-01 9.141336073460833989e-01 8.852022702572153179e-01 9.117462707182745207e-01
8.997554774981079140e-01 9.127569544832421222e-01 8.857867407317957520e-01 9.120396519705217253e-01
8.997166644025693660e-01 9.125765571577629798e-01 8.867141649559232564e-01 9.129083111264636452e-01
8.996196316637232737e-01 9.128876754152168704e-01 8.864291752203841135e-01 9.125288849547020797e-01
9.004929263133381045e-01 9.138900838916341751e-01 8.844245864026083481e-01 9.108313618967799341e-01
9.001824215490306091e-01 9.143132728806341314e-01 8.836130902064968096e-01 9.103669742109922192e-01
9.004929263133381045e-01 9.144331886405119292e-01 8.843086583745924933e-01 9.114365770022925251e-01
8.999689495235692061e-01 9.140840236250054041e-01 8.861248641468422171e-01 9.125267858933461262e-01
9.005511459566457599e-01 9.141569663218044317e-01 8.870764400434729691e-01 9.125905558152541674e-01
9.008228376254148184e-01 9.148103892811012550e-01 8.872889747615022582e-01 9.124974093099492700e-01
9.005899590521841969e-01 9.145657356071881239e-01 8.875932858350440435e-01 9.124442369445203704e-01
9.014632537017989167e-01 9.152607244004909992e-01 8.863808718753773963e-01 9.119714551944697600e-01
9.024723941857982767e-01 9.158472351514459486e-01 8.851249849052048591e-01 9.116172594778546578e-01
9.018319781094141785e-01 9.152951961772721745e-01 8.849752445356842134e-01 9.118111837943859710e-01
9.018125715616449600e-01 9.152417987934396981e-01 8.850332085496920298e-01 9.120750267380030030e-01
9.017931650138757416e-01 9.154893504399976845e-01 8.862890955198646781e-01 9.126137474260019866e-01
9.012303751285684061e-01 9.148353156428601363e-01 8.860185967878275726e-01 9.121800887009595682e-01
9.007063983387995076e-01 9.141663580797914079e-01 8.857625890592923934e-01 9.122280396256169377e-01
9.005317394088765415e-01 9.137209651213089590e-01 8.861248641468421061e-01 9.122909142961576068e-01
9.020454501348754706e-01 9.150380241735992515e-01 8.867914503079337152e-01 9.128326726516295953e-01
9.030739971666440491e-01 9.162568811330643603e-01 8.867141649559232564e-01 9.135192431913502498e-01
9.032098430010285783e-01 9.164101841412242155e-01 8.874049027895181130e-01 9.142181579218691123e-01
9.035979739564129476e-01 9.165214121487826882e-01 8.874338847965220767e-01 9.138859228666776913e-01
9.036173805041820550e-01 9.164780353795994872e-01 8.868494143219417536e-01 9.130944853328180066e-01
9.038696656251820061e-01 9.165765927174003291e-01 8.872213500784928986e-01 9.131933572930808207e-01
9.017931650138757416e-01 9.148541034266860494e-01 8.875111701485328686e-01 9.134778406912240634e-01
9.023753614469521844e-01 9.153374747639975162e-01 8.879434850863423545e-01 9.138287793419729299e-01
9.031516233577209229e-01 9.161505534514294835e-01 8.878106508875740488e-01 9.137070733305536763e-01
9.040637311028739687e-01 9.167568805391665965e-01 8.877188745320613306e-01 9.136048999384820402e-01
9.040443245551048612e-01 9.167296375053968216e-01 8.882308899891317999e-01 9.140979034008692716e-01
9.038696656251818951e-01 9.164956028975006497e-01 8.890906895302499446e-01 9.145945470954248702e-01
9.022977352558753106e-01 9.156731700347784386e-01 8.892983939137786287e-01 9.147762621848432030e-01
9.018513846571833970e-01 9.148402435620145434e-01 8.892645815722738378e-01 9.148256741108433676e-01
9.028605251411826460e-01 9.154667190150261868e-01 8.885545224006763387e-01 9.141851044678503957e-01
9.037726328863358027e-01 9.168887400668642718e-01 8.871295737229804024e-01 9.134286401154502189e-01
9.031516233577209229e-01 9.172678898277950577e-01 8.867817896389326160e-01 9.132823241477405762e-01
9.027828989501058832e-01 9.164590417307734160e-01 8.877671778770681588e-01 9.136156526927595722e-01
9.018707912049525044e-01 9.152218294547380673e-01 8.884144427001570143e-01 9.140413665711972779e-01
9.009004638164916923e-01 9.139177580764570319e-01 8.885835044076801914e-01 9.143640157173771321e-01
9.016379126317219939e-01 9.143782786988947642e-01 8.887042627701968733e-01 9.144482321372523481e-01
9.020454501348755816e-01 9.147072111920455662e-01 8.882308899891317999e-01 9.139756155848876018e-01
9.028605251411827570e-01 9.157077775656904395e-01 8.878879362395846186e-01 9.136766415801362839e-01
9.032680626443362337e-01 9.165094843280370274e-01 8.876077768385461919e-01 9.133191169624339523e-01
9.023947679947215139e-01 9.161258793233194586e-01 8.861055428088396857e-01 9.123992078276275119e-01
9.034427215742590889e-01 9.169377375671332597e-01 8.870812703779736852e-01 9.134316626278181639e-01
9.059267596887189411e-01 9.181827421469259676e-01 8.867431469629272200e-01 9.131956201475806001e-01
9.059073531409497226e-01 9.180442965029538271e-01 8.874338847965221877e-01 9.136576794208522978e-01
9.059655727842573780e-01 9.180137348534862518e-01 8.875256611520349059e-01 9.135723998716132055e-01
9.055968483766422272e-01 9.178048857013142436e-01 8.892307692307692690e-01 9.147469427549734799e-01
9.041025441984126276e-01 9.167728212220203066e-01 8.909793503200096332e-01 9.160770296024041137e-01
9.025306138291059321e-01 9.157213650078599443e-01 8.907571549329790228e-01 9.158480371459943870e-01
9.025112072813367137e-01 9.149729519363098973e-01 8.908006279434850239e-01 9.152785212418846905e-01
9.024918007335674952e-01 9.150818162673554079e-01 8.898973553918609891e-01 9.146956328325276386e-01
9.027246793067981168e-01 9.160612654786334241e-01 8.885013887211690164e-01 9.140819610916750548e-01
9.031322168099517045e-01 9.163463570143367543e-01 8.886511290906894400e-01 9.143417379058985661e-01
9.033068757398745596e-01 9.162551348601752910e-01 8.888974761502235200e-01 9.145440649696765512e-01
9.021424828737215629e-01 9.153669964281706539e-01 8.890327255162420172e-01 9.148622801182412223e-01
9.031516233577209229e-01 9.160054546521121388e-01 8.898780340538582356e-01 9.154798766795058107e-01
9.034621281220284184e-01 9.158860724688149269e-01 8.905639415529524872e-01 9.154744845695500510e-01
9.037338197907973658e-01 9.155933427306657268e-01 8.902113271344038736e-01 9.148448465164515930e-01
9.039472918162586579e-01 9.165632460781854007e-01 8.890085738437387697e-01 9.141776999236765899e-01
9.040249180073357538e-01 9.168283494039032311e-01 8.893273759207824813e-01 9.147125226145673693e-01
9.028023054978748796e-01 9.157514840478233609e-01 8.908151189469871722e-01 9.159749849718914483e-01
9.035009412175667443e-01 9.164209380331479471e-01 8.914430624320733854e-01 9.166451573330437474e-01
9.045877078926429782e-01 9.177056575453792497e-01 8.908151189469870612e-01 9.160972953160128052e-01
9.045683013448737597e-01 9.173649370848151463e-01 8.901871754619007371e-01 9.154396631379099203e-01
9.045294882493353228e-01 9.169464475428791284e-01 8.896751600048304898e-01 9.150842188488557127e-01
9.045683013448737597e-01 9.165086222750224998e-01 8.906315662359619578e-01 9.154613856657751736e-01
9.050728715868733287e-01 9.173581412110720645e-01 8.903755585074267787e-01 9.157639032533000378e-01
9.048011799181043813e-01 9.171915965271150162e-01 8.902934428209152706e-01 9.159740385372466820e-01
9.042189834850278274e-01 9.167044254830118977e-01 8.897910880328463445e-01 9.155226684407686832e-01
9.035979739564129476e-01 9.158517789509081908e-01 8.904866562009419173e-01 9.157386702238116127e-01
9.043160162238739197e-01 9.164463761426359101e-01 8.905542808839512769e-01 9.155134530126149972e-01
9.042577965805662643e-01 9.169710224617485528e-01 8.903997101799299152e-01 9.158909111113912038e-01
9.044130489627200120e-01 9.172950608985976917e-01 8.902692911484120231e-01 9.159114100889982346e-01
9.049952453957965659e-01 9.177783858870377509e-01 8.899843014128728802e-01 9.157183824664160143e-01
9.053445632556424982e-01 9.180935569878063696e-01 8.904142011834319526e-01 9.159686601604342115e-01
9.057521007587960860e-01 9.177204599188117928e-01 8.908199492814877773e-01 9.158596889706714927e-01
9.054027828989500426e-01 9.163015263513011321e-01 8.904383528559354222e-01 9.154179490046554513e-01
9.060820120708727998e-01 9.171893137218800618e-01 8.899987924163749176e-01 9.153411907134048064e-01
9.076733489879484917e-01 9.188483436538833482e-01 8.904480135249364103e-01 9.157817606540720190e-01
9.072658114847949040e-01 9.194055477158020739e-01 8.908006279434850239e-01 9.161312966593220253e-01
9.054610025422576980e-01 9.180860186931031341e-01 8.901944209636517558e-01 9.155772495713172532e-01
9.052281239690270764e-01 9.180966809657571392e-01 8.891921265547639841e-01 9.149460368968498347e-01
9.042189834850278274e-01 9.168065490380409299e-01 8.890617075232459809e-01 9.145369313635078878e-01
9.042772031283353718e-01 9.162250174189284779e-01 8.907909672744838137e-01 9.155995619001668917e-01
9.048982126569505846e-01 9.161959080201760308e-01 8.923463349836975311e-01 9.167529702798147273e-01
9.051504977779503136e-01 9.169751031873687452e-01 8.923946383287042483e-01 9.171972364345529760e-01
9.062372644530264365e-01 9.184562528424812244e-01 8.910373143340175606e-01 9.165899615487163032e-01
9.056162549244115567e-01 9.182621436673716886e-01 8.896510083323270202e-01 9.156248848997989853e-01
9.055386287333347939e-01 9.178695148918154523e-01 8.893466972587851238e-01 9.150239604975961560e-01
9.053833763511808241e-01 9.173030031721300936e-01 8.896944813428330212e-01 9.148477229010940626e-01
9.057326942110266454e-01 9.174642458470516626e-01 8.897862576983455174e-01 9.150178752605985233e-01
9.058491334976420672e-01 9.177423560844992778e-01 8.907716459364809491e-01 9.156785077529564498e-01
9.061208251664112368e-01 9.180527355765347730e-01 8.917522038401159978e-01 9.166129594490282084e-01
9.080032603000250946e-01 9.199914758243794566e-01 8.912884917280521346e-01 9.165773915231987257e-01
9.080226668477944241e-01 9.199153545842113644e-01 8.919599082236445708e-01 9.171208704662178191e-01
9.058103204021036303e-01 9.172267424177409367e-01 8.908006279434852459e-01 9.162781322154409658e-01
9.063148906441033104e-01 9.173200305709381386e-01 8.914478927665741015e-01 9.165319212987015352e-01
9.063537037396417473e-01 9.179768426000692871e-01 8.911001086825262041e-01 9.164276494373148063e-01
9.061014186186420183e-01 9.184525285909739267e-01 8.907523245984783067e-01 9.162308107986312233e-01
9.061790448097187811e-01 9.190812147963765000e-01 8.906895302499697742e-01 9.161908069853258452e-01
9.066448019561800242e-01 9.193015508989204054e-01 8.914044197560679894e-01 9.165163568120511250e-01
9.072464049370257966e-01 9.193769357017881338e-01 8.907957976089844188e-01 9.160715473668165076e-01
9.078868210134098948e-01 9.192611716209938555e-01 8.907813066054823814e-01 9.163830186117977172e-01
9.070523394593336119e-01 9.181306922887020328e-01 8.903610675039244082e-01 9.161491175377483032e-01
9.064119233829494027e-01 9.184097758362314012e-01 8.901726844583988107e-01 9.159872921145892910e-01
9.060431989753342519e-01 9.186547520744290374e-01 8.907426639294769855e-01 9.164373802045274742e-01
9.060043858797958150e-01 9.186669350332772321e-01 8.917860161816206777e-01 9.169682038179109984e-01
9.061208251664112368e-01 9.184947894969084370e-01 8.921241395966670318e-01 9.173000716501420460e-01
9.070135263637950640e-01 9.192413004472155258e-01 8.922448979591838247e-01 9.172419356676704272e-01
9.077509751790253656e-01 9.196341173006455927e-01 8.918198285231251354e-01 9.170097527490344014e-01
9.072852180325641225e-01 9.193803270304501396e-01 8.914140804250694217e-01 9.166287609864426367e-01
9.072269983892564671e-01 9.189876007586985640e-01 8.919743992271464972e-01 9.169423515177375084e-01
9.064119233829492916e-01 9.185104311114317133e-01 8.926554763917402546e-01 9.176664873382234244e-01
9.065865823128723688e-01 9.188457646186614092e-01 8.927375920782515406e-01 9.176522917888635389e-01
9.076151293446409474e-01 9.196160228879366461e-01 8.931288491728052170e-01 9.178795754447340860e-01
9.072658114847950150e-01 9.193260356778807374e-01 8.925781910397294627e-01 9.174947318316362121e-01
9.072075918414873597e-01 9.190694015886338164e-01 8.918053375196233201e-01 9.171140865025297906e-01
9.080808864911020795e-01 9.198585663519752709e-01 8.921144789276657106e-01 9.171365440242940092e-01
9.091482466184089839e-01 9.204167448624805958e-01 8.932882502113270728e-01 9.176758509075876313e-01
9.089541811407167993e-01 9.202868488458109120e-01 8.936650163023789339e-01 9.178915352492810209e-01
9.094005317394088239e-01 9.202908494420195540e-01 8.940852554039366851e-01 9.183344650904945450e-01
9.091676531661783134e-01 9.201616335899773791e-01 8.928148774302619994e-01 9.177427816093153279e-01
9.087213025674861777e-01 9.201735521687784969e-01 8.925637000362274254e-01 9.176341688560296639e-01
9.083331716121019195e-01 9.201488698721048687e-01 8.924139596667068908e-01 9.174115291064337541e-01
9.082943585165634826e-01 9.201200426769562402e-01 8.929066537857747177e-01 9.176790306988430457e-01
9.092258728094858578e-01 9.206528574011405563e-01 8.933945175703417174e-01 9.179602677363778440e-01
9.086824894719477408e-01 9.200617518044746923e-01 8.929935998067867198e-01 9.178468541949372783e-01
9.080808864911020795e-01 9.197166655349516828e-01 8.921772732761743541e-01 9.172847481237615952e-01
9.066642085039492427e-01 9.185290412204226707e-01 8.918971138751358163e-01 9.169893353549023463e-01
9.065477692173339319e-01 9.188718161341975499e-01 8.920227025721531033e-01 9.172370580152460207e-01
9.061984513574879996e-01 9.185093158666268742e-01 8.923511653181983583e-01 9.175448597704758402e-01
9.068388674338722089e-01 9.186781422176041323e-01 8.918874532061344951e-01 9.173537743099503539e-01
9.078286013701022394e-01 9.190743240173215867e-01 8.915686511290905614e-01 9.170868074242668477e-01
9.076345358924101658e-01 9.183066779074945396e-01 8.924429416737107434e-01 9.172295918184882879e-01
9.074404704147178702e-01 9.181679621630222110e-01 8.931916435213138605e-01 9.178781321140477845e-01
9.069164936249490827e-01 9.181042274636124212e-01 8.938775510204081121e-01 9.185506361029671663e-01
9.062372644530264365e-01 9.183998439057052821e-01 8.932013041903151818e-01 9.181958088753751079e-01
9.068776805294107568e-01 9.194303127017396937e-01 8.933462142253350002e-01 9.182712894779513357e-01
9.071105591026412673e-01 9.195070168662993204e-01 8.938002656683974312e-01 9.185343214790436805e-01
9.071105591026412673e-01 9.191458301043357038e-01 8.940514430624320052e-01 9.186328897395128479e-01
9.079450406567176612e-01 9.192217502754498337e-01 8.939838183794228677e-01 9.183037525414050606e-01
9.083525781598711379e-01 9.190464150771573415e-01 8.933607052288371486e-01 9.179981907499205063e-01
9.080420733955636425e-01 9.190314416466399683e-01 8.937374713198888987e-01 9.181847995727914213e-01
9.089541811407167993e-01 9.200541391549386105e-01 8.931916435213137495e-01 9.179974623932252165e-01
9.094781579304858088e-01 9.207459856619751859e-01 8.935539186088636843e-01 9.181344960296442537e-01
9.079256341089483318e-01 9.199850067689827604e-01 8.935201062673588934e-01 9.181242009872429000e-01
9.077121620834869287e-01 9.197979919488559197e-01 8.940755947349352528e-01 9.187528545988206119e-01
9.079838537522560982e-01 9.199192286383293116e-01 8.931723221833112181e-01 9.181540039001848674e-01
9.075763162491025104e-01 9.192048690023280066e-01 8.925588697017268203e-01 9.176696349000831310e-01
9.069553067204875196e-01 9.188226106458950992e-01 8.934766332568530034e-01 9.181749911554634158e-01
9.082555454210249346e-01 9.199186898526481304e-01 8.936022219538702904e-01 9.182444908528989425e-01
9.085854567331017595e-01 9.201760586041292100e-01 8.933800265668396801e-01 9.179648988343109828e-01
9.076733489879484917e-01 9.195167255483278623e-01 8.931433401763072544e-01 9.176700654100012899e-01
9.071493721981795932e-01 9.188041735588717840e-01 8.933703658978383588e-01 9.180420753011411250e-01
9.072464049370257966e-01 9.188623966908923135e-01 8.945054945054945472e-01 9.189214257986140222e-01
