7.606297618875509370e-01 7.810651059314565048e-01 7.552139439814919974e-01 7.789199470330956387e-01
7.601092975176741984e-01 7.802848921892644452e-01 7.555724264953618263e-01 7.791958102547954512e-01
7.600370107996357039e-01 7.804463187828849513e-01 7.558994631746815962e-01 7.795959656239732638e-01
7.601526695484971397e-01 7.810429595614579723e-01 7.565867792727027918e-01 7.803635510094666383e-01
7.592273995576053203e-01 7.804989119226626304e-01 7.573495653736439515e-01 7.811139287257895525e-01
7.588081365929824074e-01 7.807598358277020312e-01 7.579030120617236133e-01 7.819326588237127673e-01
7.590972834651361634e-01 7.819763679072071483e-01 7.582534085038521443e-01 7.826027745303564265e-01
7.596611198658358433e-01 7.833840703591552490e-01 7.586945486399676586e-01 7.832593332716020207e-01
7.601960415793201919e-01 7.832948690722925100e-01 7.586348015543227241e-01 7.831702079243356707e-01
7.606442192311584360e-01 7.844057291847756908e-01 7.585355225623862108e-01 7.831815268703646860e-01
7.616562332836964710e-01 7.853252578991953836e-01 7.585930235169919822e-01 7.833032021687762469e-01
7.621766976535730986e-01 7.855387751329445667e-01 7.585723591114305053e-01 7.831687404582310386e-01
7.619598374994578371e-01 7.852149868894260365e-01 7.584187237483435151e-01 7.831695845864753425e-01
7.618875507814193426e-01 7.852317383580467158e-01 7.581923137395835122e-01 7.829457268333377407e-01
7.623791004640808611e-01 7.857686010161737400e-01 7.578005884863322494e-01 7.825864350488406229e-01
7.627549913978806106e-01 7.858901539666256486e-01 7.573935895420138564e-01 7.821946044638946605e-01
7.631164249880728612e-01 7.858059176342705454e-01 7.568289121987377133e-01 7.820025751165278205e-01
7.627983634287035519e-01 7.857830795873819163e-01 7.569210035713483942e-01 7.822647906393342954e-01
7.634489438910493364e-01 7.860998651988200248e-01 7.575238651422924185e-01 7.830480643895457726e-01
7.635935173271263254e-01 7.851447619643991960e-01 7.575813660968979679e-01 7.832362401309804767e-01
7.634344865474418373e-01 7.849630121851491893e-01 7.568751824981468923e-01 7.827774898671495674e-01
7.640561523225722906e-01 7.853352155887520780e-01 7.566469755845556255e-01 7.823205162638939836e-01
7.636224320143416566e-01 7.843843136965726881e-01 7.566092405830955325e-01 7.822293370390676071e-01
7.640272376353569594e-01 7.851095664737508528e-01 7.562211091395072415e-01 7.819926099937047903e-01
7.639838656045339071e-01 7.861802551051283450e-01 7.562166168774286934e-01 7.818047975189202914e-01
7.639694082609260750e-01 7.868781417019667934e-01 7.564663866489971245e-01 7.820294995397398807e-01
7.640416949789645695e-01 7.868036383282972501e-01 7.566213696907078123e-01 7.819439087216437656e-01
7.631887117061111336e-01 7.865966501002408240e-01 7.560504031805215241e-01 7.812827762282750221e-01
7.635429166244993571e-01 7.869266829913673655e-01 7.559129399609172406e-01 7.806528785980331175e-01
7.631164249880726391e-01 7.873896372206314886e-01 7.555095348262617083e-01 7.803161984201602008e-01
7.626537899926266739e-01 7.873400307338490611e-01 7.548312032523978310e-01 7.798436840457725339e-01
7.619092367968309798e-01 7.866918153581128337e-01 7.539992363154466304e-01 7.791806048191383116e-01
7.612947996935045536e-01 7.855005681757289970e-01 7.537305990431482083e-01 7.786750622053628668e-01
7.600370107996355928e-01 7.839432187200502389e-01 7.528608971047370257e-01 7.777533773154494678e-01
7.599068947071665470e-01 7.828980835166322594e-01 7.513173558545405140e-01 7.764171710891301093e-01
7.598490653327357736e-01 7.827412405000592210e-01 7.500137013993396495e-01 7.751666023664864902e-01
7.590105394034899478e-01 7.825402968324900455e-01 7.491502886278386120e-01 7.745929740746906322e-01
7.580563547253826862e-01 7.818907068740299504e-01 7.485609038431302320e-01 7.743889022237432362e-01
7.567479651288873121e-01 7.810713938909823462e-01 7.473722512971405774e-01 7.731274662055130920e-01
7.563937602104988667e-01 7.815786413074934380e-01 7.470712697378765199e-01 7.724293177518528619e-01
7.559600399022682327e-01 7.813869953991506856e-01 7.469086498506322114e-01 7.720176077526887948e-01
7.558299238097991868e-01 7.809896385550938458e-01 7.467388423440624035e-01 7.716536882079604309e-01
7.560756986511300015e-01 7.805220081266082133e-01 7.469850183059680848e-01 7.715177349678893348e-01
7.559889545894837859e-01 7.793956991496818754e-01 7.467343500819838553e-01 7.712453422348425347e-01
7.556419783428992565e-01 7.791682153811801959e-01 7.463345387569910727e-01 7.706469983306913907e-01
7.549624831933380298e-01 7.785919144100079681e-01 7.455771433705442597e-01 7.699337031701170009e-01
7.543697321054229077e-01 7.771213713774647314e-01 7.446184946429774687e-01 7.691941153455073010e-01
7.525625641544623212e-01 7.756959992593159825e-01 7.434523034073807768e-01 7.683148666508513580e-01
7.529818271190852341e-01 7.758833105915505790e-01 7.431872599447452155e-01 7.680952598063610637e-01
7.525770214980699313e-01 7.748477463206342453e-01 7.440246175961906516e-01 7.686004056878793511e-01
7.517529529124317156e-01 7.742241601200678947e-01 7.440030547382134873e-01 7.684481621836615206e-01
7.515216354147087330e-01 7.737454262669780647e-01 7.444945082096089406e-01 7.689520964039409101e-01
7.529529124318696809e-01 7.749580370483131198e-01 7.444217335639360389e-01 7.690353829336882274e-01
7.521288438462316872e-01 7.743878493734300816e-01 7.452716695492014320e-01 7.699341972679361046e-01
7.523167893131315065e-01 7.746471333116771163e-01 7.452123716897642858e-01 7.700789721646668085e-01
7.516083794763550596e-01 7.739439639304894758e-01 7.456445273017227038e-01 7.707401941942559898e-01
7.514638060402782926e-01 7.740544091064454069e-01 7.461818018463196589e-01 7.713946727411622462e-01
7.509288843267938329e-01 7.738977744497531619e-01 7.461189101772197629e-01 7.714140370193947049e-01
7.511746591681245366e-01 7.736518343412308596e-01 7.461463129758989510e-01 7.712286449891410101e-01
7.510300857320476586e-01 7.737197282695861267e-01 7.459360751106219878e-01 7.706623513795562985e-01
7.512614032297706412e-01 7.743385752181307646e-01 7.459185552885155834e-01 7.702496373744462943e-01
7.512324885425551990e-01 7.746490881860538247e-01 7.448440061993215622e-01 7.692584609090187264e-01
7.521577585334471294e-01 7.750807281495637469e-01 7.443777093955660229e-01 7.691860733360591507e-01
7.522011305642700707e-01 7.746783073859642155e-01 7.441728622447834063e-01 7.690572998466786991e-01
7.532420593040235479e-01 7.755273870335526176e-01 7.437469957997349113e-01 7.684632737020565818e-01
7.537769810175078966e-01 7.764797456825343058e-01 7.442779811774219434e-01 7.690518220722230014e-01
7.539938411716231581e-01 7.763166728866892630e-01 7.444554255295253720e-01 7.692330638699753642e-01
7.539215544535846636e-01 7.778336682113037304e-01 7.445277509489904855e-01 7.694908644106979168e-01
7.543263600745999664e-01 7.779943182783735089e-01 7.454450708654342117e-01 7.703638799358087930e-01
7.548034524136535417e-01 7.785161971371323819e-01 7.448574829855574286e-01 7.701343317028691571e-01
7.547167083520073261e-01 7.780366747322089438e-01 7.443741155859033842e-01 7.702367024585814459e-01
7.546010496031460013e-01 7.784128654615913856e-01 7.449688910851058887e-01 7.705599816921766543e-01
7.543408174182076875e-01 7.777373671436027536e-01 7.444621639226431942e-01 7.703110283534408964e-01
7.533577180528847617e-01 7.773330295888181141e-01 7.441450102198963190e-01 7.702818764810335228e-01
7.537046942994694021e-01 7.772711371617466725e-01 7.434698232294871811e-01 7.700768461789236907e-01
7.537046942994695131e-01 7.775508211192225794e-01 7.431782754205882302e-01 7.696609752601990539e-01
7.543263600746000774e-01 7.777349174003345134e-01 7.426571730194738707e-01 7.688551643643155575e-01
7.538348103919386700e-01 7.773022595930515477e-01 7.428719031468296041e-01 7.686467409753723334e-01
7.540805852332692627e-01 7.777657318882260640e-01 7.432726129242379631e-01 7.687642365307774117e-01
7.535167488325695828e-01 7.776570225226759892e-01 7.428885245165202100e-01 7.684821981645530986e-01
7.525770214980699313e-01 7.768310439871115580e-01 7.424972484894769575e-01 7.684734453662271925e-01
7.514638060402781816e-01 7.751155755268850367e-01 7.421257384155792725e-01 7.682276106409511307e-01
7.513626046350243559e-01 7.750410785736503438e-01 7.418422766784213973e-01 7.680799065408476789e-01
7.516083794763550596e-01 7.758880052957820572e-01 7.425781092068910461e-01 7.687920666966996386e-01
7.528806257138311864e-01 7.768671465195347015e-01 7.435484378158622176e-01 7.692348062939229347e-01
7.527360522777545304e-01 7.763731999550589347e-01 7.442600121291076398e-01 7.695902003073828990e-01
7.527360522777544194e-01 7.765845607650614379e-01 7.446472451202802434e-01 7.701592811230377755e-01
7.515650074455320073e-01 7.752590983179870054e-01 7.444981020192718013e-01 7.702446383350374237e-01
7.515505501019241752e-01 7.751015399335554612e-01 7.440798724197570380e-01 7.700703854255939174e-01
7.523167893131317285e-01 7.759217452937797743e-01 7.432789020911479971e-01 7.698996020933763784e-01
7.532998886784542103e-01 7.765437518783580018e-01 7.422429864558299784e-01 7.692627807522999239e-01
7.536324075814310186e-01 7.765103393703105539e-01 7.420848588306641069e-01 7.695185353550200169e-01
7.532276019604158268e-01 7.757598571807642340e-01 7.425448664675097232e-01 7.697605361460369000e-01
7.531697725859850534e-01 7.758062695423041388e-01 7.428458480267738917e-01 7.696960772726952893e-01
7.527071375905390882e-01 7.751985432523975650e-01 7.425839491475932919e-01 7.690818711362122917e-01
7.539360117971923847e-01 7.759303977200023850e-01 7.425924844455424889e-01 7.692564733557845091e-01
7.537625236739001755e-01 7.757470478979454631e-01 7.428656139799195701e-01 7.696384019762326778e-01
7.530251991499082864e-01 7.748426943812496415e-01 7.437083623458592418e-01 7.703629576686676916e-01
7.531697725859849424e-01 7.752103741520268709e-01 7.440641495024820085e-01 7.705197188241827977e-01
7.533721753964927048e-01 7.758172810352244042e-01 7.443148177264662380e-01 7.703627225151208346e-01
7.529384550882621818e-01 7.760202287425632672e-01 7.437649648480492148e-01 7.696475900784370827e-01
7.524758200928161056e-01 7.761073863891573277e-01 7.423939264616699063e-01 7.685772893620743673e-01
7.530251991499080644e-01 7.762467959722791910e-01 7.417757911996585296e-01 7.677841576608124274e-01
7.525191921236391579e-01 7.758545709650974675e-01 7.416154174434537172e-01 7.678807517092540724e-01
7.526782229033237570e-01 7.757703124202743883e-01 7.423355270546483364e-01 7.682863062850701086e-01
7.534589194581386984e-01 7.765864643202817774e-01 7.425969767076211481e-01 7.684883925695424889e-01
7.535167488325695828e-01 7.765374757872536282e-01 7.433265200691807628e-01 7.697060424286770175e-01
7.536757796122540709e-01 7.757912114013092442e-01 7.439221940207991768e-01 7.708306163864918625e-01
7.543408174182075765e-01 7.766304450417454985e-01 7.434972260281664802e-01 7.703574201974614510e-01
7.546299642903613325e-01 7.773974388344697672e-01 7.425340850385211411e-01 7.694238746434908238e-01
7.546733363211843848e-01 7.778130167432595332e-01 7.425673277779024639e-01 7.692508440458272201e-01
7.551070566294149078e-01 7.782154067568638478e-01 7.428557310033466754e-01 7.690348236434532136e-01
7.556564356865068666e-01 7.787422067378527712e-01 7.436077356752993639e-01 7.696293682027454119e-01
7.554540328759994372e-01 7.785599726418173105e-01 7.440731340266391047e-01 7.698423217676793051e-01
7.550058552241611931e-01 7.780730439137787391e-01 7.433777318568765002e-01 7.694525233494067251e-01
7.546588789775767747e-01 7.780726659649610522e-01 7.431872599447452155e-01 7.692347065817419782e-01
7.548757391316920362e-01 7.780500982089249007e-01 7.433076525684507718e-01 7.696141460119021449e-01
7.547600803828303784e-01 7.778758075841391006e-01 7.429329979110981252e-01 7.693014784618183999e-01
7.551070566294149078e-01 7.788706436956235324e-01 7.426796343298669445e-01 7.687565342960863690e-01
7.554829475632147684e-01 7.786763414671076244e-01 7.429630960670245976e-01 7.691712829035085575e-01
7.559311252150530125e-01 7.779869621841498661e-01 7.435969542463107818e-01 7.693753756206637151e-01
7.554974049068223785e-01 7.774156415359099181e-01 7.441575885537161650e-01 7.696735604804955111e-01
7.547889950700458206e-01 7.774635646725511773e-01 7.439671166415848802e-01 7.695299140745763822e-01
7.545287628851073958e-01 7.781654978503671494e-01 7.435664068641765212e-01 7.688719476403955699e-01
7.534010900837082580e-01 7.770306210917907741e-01 7.429599514835696361e-01 7.685105808923905490e-01
7.526782229033238680e-01 7.761312215297520023e-01 7.426553761146426069e-01 7.682883071346152670e-01
7.530251991499081754e-01 7.758731655030191021e-01 7.423454100312212312e-01 7.680241492394324077e-01
7.536034928942156874e-01 7.764151256374040022e-01 7.424622088452641488e-01 7.685243550229881038e-01
7.545721349159305591e-01 7.775465759113353581e-01 7.423445115788055437e-01 7.683181146339852496e-01
7.552371727218841757e-01 7.790214607754994969e-01 7.416832506008399495e-01 7.675621715671510081e-01
7.544853908542843435e-01 7.781196741173280751e-01 7.419087621571842650e-01 7.675465513627836023e-01
7.543841894490307398e-01 7.772841330058916087e-01 7.421010309741469246e-01 7.680390585761928124e-01
7.546733363211843848e-01 7.775257576174556817e-01 7.423175580063341439e-01 7.683455110124042253e-01
7.540082985152308792e-01 7.771760959188720452e-01 7.427910424294154046e-01 7.686882827377116145e-01
7.534589194581388094e-01 7.772856889797399305e-01 7.430430583320231097e-01 7.688832271116047279e-01
7.538058957047231168e-01 7.777090767090089063e-01 7.428530356460996131e-01 7.688968475071017439e-01
7.542829880437768031e-01 7.778839172890519293e-01 7.431297589901395551e-01 7.689846221720337827e-01
7.544275614798536811e-01 7.775848027009091279e-01 7.430479998203094461e-01 7.686074910908184954e-01
7.533866327401003149e-01 7.770365434905404101e-01 7.429446777925023948e-01 7.685459164434695900e-01
7.531408578987697222e-01 7.759342236609191312e-01 7.435044136474922016e-01 7.689186870653754724e-01
7.537769810175078966e-01 7.759038420788322288e-01 7.436328923429392779e-01 7.693502418633998419e-01
7.550781419421996876e-01 7.781643686511006131e-01 7.428341681453696221e-01 7.687982073947161599e-01
7.553672888143532216e-01 7.791194059915208525e-01 7.423701174726533569e-01 7.683578583385641814e-01
7.549335685061226986e-01 7.788026632420530504e-01 7.426634621863840158e-01 7.685266334086020557e-01
7.537480663302924544e-01 7.774263657561095719e-01 7.430506951775566193e-01 7.688645214564682195e-01
7.539215544535846636e-01 7.778736487819046808e-01 7.430152063071360224e-01 7.687928447663154863e-01
7.542396160129537508e-01 7.783050728864566725e-01 7.436306462118998928e-01 7.691569142642534773e-01
7.538058957047233388e-01 7.777064678206215831e-01 7.447703331012331951e-01 7.698787239429484286e-01
7.546299642903612215e-01 7.787592200760641292e-01 7.445250555917432012e-01 7.696048989743775604e-01
7.554251181887841060e-01 7.797851348575497443e-01 7.439509444981018405e-01 7.690762164233787557e-01
7.556853503737223088e-01 7.794449292976648458e-01 7.433013634015408488e-01 7.684650554793874822e-01
7.556419783428993675e-01 7.792289583271385656e-01 7.429716313649737947e-01 7.683007479391952277e-01
7.551215139730225179e-01 7.794614328738642683e-01 7.437272298465892328e-01 7.691123847944523195e-01
7.553528314707455005e-01 7.800103361985264439e-01 7.438161766357449523e-01 7.691689042840336166e-01
7.549191111625150885e-01 7.792744540939966491e-01 7.445088834482602724e-01 7.699797522840092778e-01
7.543408174182075765e-01 7.786188181144171327e-01 7.448188495316817592e-01 7.701800540370964399e-01
7.536757796122539599e-01 7.785015509497436037e-01 7.443282945127017713e-01 7.697345822258190307e-01
7.539360117971924957e-01 7.793749414952271248e-01 7.439752027133262891e-01 7.690996411317844172e-01
7.536034928942156874e-01 7.781845362511115027e-01 7.436867994878821886e-01 7.690270982172642267e-01
7.543697321054229077e-01 7.783464362118710511e-01 7.438673884234405786e-01 7.691325496153591512e-01
7.556708930301146987e-01 7.792994280967435738e-01 7.439698119988320535e-01 7.696779840972968190e-01
7.569431392675909365e-01 7.805396712960747108e-01 7.437505896093978830e-01 7.695936336219826313e-01
7.564226748977143089e-01 7.806163123596799869e-01 7.440578603355719745e-01 7.694521585683042897e-01
7.547889950700458206e-01 7.790225492333657797e-01 7.437344174659148432e-01 7.692412757929973921e-01
7.542396160129538618e-01 7.779115822522033596e-01 7.433148401877764933e-01 7.688325724543423334e-01
7.541384146077000361e-01 7.779869234963857627e-01 7.433444891174950664e-01 7.687958288404335150e-01
7.546444216339691646e-01 7.780844886685178707e-01 7.437820354439478310e-01 7.693469616068592254e-01
7.562202720872066575e-01 7.796276557920926997e-01 7.441018845039418794e-01 7.699275891595186438e-01
7.563070161488529841e-01 7.800807649756509310e-01 7.432609330428336936e-01 7.692790362758299416e-01
7.557431797481530822e-01 7.801685202104338135e-01 7.431135868466567374e-01 7.689780851034686560e-01
7.557287224045454721e-01 7.803225575551998583e-01 7.429060443386266144e-01 7.688992149668085752e-01
7.557431797481530822e-01 7.803067469390359001e-01 7.429096381482895861e-01 7.687394497241042401e-01
7.546444216339689426e-01 7.794228369958051683e-01 7.426266256373396102e-01 7.687275078436434095e-01
7.551865720192572073e-01 7.797102992849027636e-01 7.426275240897554086e-01 7.688710810697657605e-01
7.551504286602379601e-01 7.797279196374080623e-01 7.426742436153724869e-01 7.686597503763967776e-01
7.559311252150530125e-01 7.796836973782744762e-01 7.429833112463781752e-01 7.686317925024113151e-01
7.562202720872066575e-01 7.799067014727874003e-01 7.437380112755777040e-01 7.688555355448318807e-01
7.560612413075222804e-01 7.796987688356826762e-01 7.443795063003975088e-01 7.693490780477238999e-01
7.556708930301145877e-01 7.795167937830995708e-01 7.440749309314704796e-01 7.692815297701258714e-01
7.561913573999913263e-01 7.800682087768308071e-01 7.444729453516318873e-01 7.698207159359755636e-01
7.563359308360682043e-01 7.803685230885422097e-01 7.447505671480874057e-01 7.702051949977430922e-01
7.574636036374675641e-01 7.819092089466528339e-01 7.448790458435343709e-01 7.703842083585625833e-01
7.573624022322138494e-01 7.826680834910884066e-01 7.444190382066889766e-01 7.700962732176882541e-01
7.566684497390450126e-01 7.819173163821937500e-01 7.438269580647334234e-01 7.694736391536012299e-01
7.554974049068223785e-01 7.804088274910276901e-01 7.432717144718221647e-01 7.688202633054737056e-01
7.563214734924605942e-01 7.814332281155166315e-01 7.430048741043553395e-01 7.685850913688762054e-01
7.562058147435990474e-01 7.806303052538760001e-01 7.428754969564923538e-01 7.688736818098147463e-01
7.565961630210065181e-01 7.807576927506565401e-01 7.428117068349768815e-01 7.691785314410748420e-01
7.569286819239833264e-01 7.810664115341388047e-01 7.429276071966038897e-01 7.694761599288608700e-01
7.575648050427212787e-01 7.817965063783942625e-01 7.437694571101278740e-01 7.701719728078441074e-01
7.577672078532291522e-01 7.823104431386894708e-01 7.437802385391164561e-01 7.700190968308731065e-01
7.578250372276598146e-01 7.820925431201392053e-01 7.432034320882281442e-01 7.694201027006043470e-01
7.578539519148751458e-01 7.813257148800709651e-01 7.429096381482895861e-01 7.695087683319983274e-01
7.571021700472754246e-01 7.803971436101956316e-01 7.429042474337952395e-01 7.692988999058170130e-01
7.566250777082217382e-01 7.799066565618666402e-01 7.435556254351878280e-01 7.696535691265653512e-01
7.558588384970146290e-01 7.800508465125665092e-01 7.440695402169761330e-01 7.697927587518710313e-01
7.559600399022683437e-01 7.805821410350681777e-01 7.441944251027605706e-01 7.697777916545891497e-01
7.563793028668914786e-01 7.807352587568292535e-01 7.446050178567418243e-01 7.700313429423303324e-01
7.571310847344908668e-01 7.812305501992573564e-01 7.450704162080815651e-01 7.703524992530295101e-01
7.571310847344908668e-01 7.808154630599279944e-01 7.450192044203858277e-01 7.703226432607044316e-01
7.570877127036679255e-01 7.810191872993275108e-01 7.443264976078705075e-01 7.697934039924331229e-01
7.571599994217061980e-01 7.809522892004370220e-01 7.440911030749534083e-01 7.694655825883108813e-01
7.575358903555060586e-01 7.812944508195740489e-01 7.442123941510747631e-01 7.695281394063795410e-01
7.562347294308143786e-01 7.803590324745972584e-01 7.440713371218076189e-01 7.692644954777030364e-01
7.549913978805534720e-01 7.797106897847521090e-01 7.446409559533703204e-01 7.695479522884156598e-01
7.549624831933380298e-01 7.800927001309135855e-01 7.448386154848274376e-01 7.697290826191690583e-01
7.560178692766990061e-01 7.811483554808515972e-01 7.451557691875744238e-01 7.701909750806040789e-01
7.561335280255605529e-01 7.801714002729080999e-01 7.453228813368971695e-01 7.703699493769937678e-01
7.566395350518295704e-01 7.796855245703163684e-01 7.455322207497585563e-01 7.709879696485699707e-01
7.561190706819529428e-01 7.790381814162767871e-01 7.456885514700928308e-01 7.711357250956534237e-01
7.566973644262602328e-01 7.792952384679142641e-01 7.459571887423911418e-01 7.715981082956664405e-01
7.561335280255606639e-01 7.796631069650898915e-01 7.454926888434671994e-01 7.711355776030208720e-01
7.557431797481530822e-01 7.801691134534418648e-01 7.446171469643538821e-01 7.700841726240473806e-01
7.560467839639144483e-01 7.805111430411517670e-01 7.443588418948361429e-01 7.701510541606930715e-01
7.548612817880843151e-01 7.793979619452378049e-01 7.442231755800632342e-01 7.697759404841031383e-01
7.550636845985918555e-01 7.797254871010658173e-01 7.452316884167022870e-01 7.703508554819299414e-01
7.555552342812531519e-01 7.810263601471505446e-01 7.452528020484715521e-01 7.702719766473531404e-01
7.555407769376454308e-01 7.808928022111205625e-01 7.452150670470114591e-01 7.699434633952755291e-01
7.548468244444763720e-01 7.791702174771040212e-01 7.450713146604972525e-01 7.697119867284619721e-01
7.545287628851075068e-01 7.780881549078995096e-01 7.446688079782575187e-01 7.699227847244958234e-01
7.557720944353685244e-01 7.792205648056537148e-01 7.444370072550032802e-01 7.701039694400473312e-01
7.558732958406222391e-01 7.804657682543268971e-01 7.442645043911861880e-01 7.699344308324922448e-01
7.556275209992916464e-01 7.804053356362721239e-01 7.441512993868062420e-01 7.697262255644352624e-01
7.548612817880842041e-01 7.795303751984620222e-01 7.445663844028661549e-01 7.696549686794516010e-01
7.538926397663693324e-01 7.783881354675464825e-01 7.455483928932413740e-01 7.705597865216089470e-01
7.541962439821308095e-01 7.779638735896403645e-01 7.458942970732912459e-01 7.710042445215792295e-01
7.545576775723228380e-01 7.781342957379988601e-01 7.460389479122212508e-01 7.712017805451768515e-01
7.545865922595382802e-01 7.787861376182657613e-01 7.460632061274454774e-01 7.714184385866443838e-01
7.543119027309921343e-01 7.793285974479572387e-01 7.461251993441297969e-01 7.710893892166977848e-01
7.547456230392228793e-01 7.802304049129510366e-01 7.458341007614384122e-01 7.704685706492430119e-01
7.556275209992916464e-01 7.807932913686577159e-01 7.459131645740213479e-01 7.706126729978832746e-01
7.558588384970145180e-01 7.807628044581116367e-01 7.453974528874014460e-01 7.703792232723054578e-01
7.550203125677688032e-01 7.801239908369077547e-01 7.456732777790255895e-01 7.706476134461788252e-01
7.548612817880842041e-01 7.797196498784717544e-01 7.450034815031109092e-01 7.703481646578017594e-01
7.553962035015686638e-01 7.797600062377114671e-01 7.438503178275421845e-01 7.691347411843889592e-01
7.569865112984139888e-01 7.806439297577747460e-01 7.434738662653579411e-01 7.687472388276772595e-01
7.564226748977143089e-01 7.792225917969686222e-01 7.440228206913590547e-01 7.690702899950043747e-01
7.562347294308144896e-01 7.794648310226716115e-01 7.444594685653961319e-01 7.696309025203692533e-01
7.560467839639145593e-01 7.802364129074975674e-01 7.442546214146132932e-01 7.696372087311564858e-01
7.560034119330915070e-01 7.808913582087287919e-01 7.455546820601514080e-01 7.708624746448895504e-01
7.551648860038455702e-01 7.803902605197405862e-01 7.458412883807641336e-01 7.708486762799303671e-01
7.542107013257385306e-01 7.798844173734060803e-01 7.454190157453786103e-01 7.702104044770590185e-01
7.545287628851073958e-01 7.800355908291696228e-01 7.450183059679701403e-01 7.701751675224123295e-01
7.550203125677688032e-01 7.807911463491901127e-01 7.444010691583746731e-01 7.700096732638834762e-01
7.553528314707457225e-01 7.808330147167070745e-01 7.443116731430111654e-01 7.698174119783300906e-01
7.551938006910611234e-01 7.800651189119958140e-01 7.440875092652905476e-01 7.692748323822476975e-01
7.556564356865069776e-01 7.798111995776192407e-01 7.446472451202802434e-01 7.697475021322488509e-01
7.563359308360682043e-01 7.806537824574928397e-01 7.456166752768356165e-01 7.704043796466250038e-01
7.564805042721449713e-01 7.803542811920034517e-01 7.460901596999169882e-01 7.702925223089606144e-01
7.561046133383453327e-01 7.796324923682639296e-01 7.463264526852496639e-01 7.703640488586989132e-01
7.559600399022683437e-01 7.794863743043390913e-01 7.458188270703711709e-01 7.699934891888228217e-01
7.553528314707456115e-01 7.792099705480347582e-01 7.456049953954313469e-01 7.700560530843449936e-01
7.548034524136535417e-01 7.788736384186968342e-01 7.457415601626198320e-01 7.703129602094977990e-01
7.547022510083997160e-01 7.790935883222931402e-01 7.459994160059296719e-01 7.704714167905175604e-01
7.553239167835301693e-01 7.796429914624766200e-01 7.469293142561936882e-01 7.709213580052982628e-01
7.554974049068226005e-01 7.798946134817307252e-01 7.466570831742322945e-01 7.706738500794881874e-01
7.552082580346687335e-01 7.798699803527453511e-01 7.461979739898025876e-01 7.702268118308231992e-01
7.549913978805534720e-01 7.793334453046665278e-01 7.452689741919543698e-01 7.698604601018911309e-01
7.555696916248608730e-01 7.798536233003331430e-01 7.448520922710630821e-01 7.699853385284003426e-01
7.551070566294149078e-01 7.795734051575939905e-01 7.449140854877474016e-01 7.702646879906845934e-01
7.550347699113765243e-01 7.797026074341996127e-01 7.450991666853843398e-01 7.702598826163375989e-01
7.546877936647921059e-01 7.793575906116194663e-01 7.447883021495473876e-01 7.701214444878190513e-01
7.549913978805533610e-01 7.791997519266278260e-01 7.453651086004358106e-01 7.706467169378413695e-01
7.550203125677688032e-01 7.792374003653625980e-01 7.458273623683205900e-01 7.707511696759713482e-01
7.549624831933381408e-01 7.796546480208261798e-01 7.462860223265426196e-01 7.708907938375666458e-01
7.544709335106767334e-01 7.795130238006775514e-01 7.458871094539655244e-01 7.704482609524574421e-01
7.544853908542845655e-01 7.794601191455966527e-01 7.457631230205971073e-01 7.700905742756688488e-01
7.546155069467536114e-01 7.800488844000241784e-01 7.456624963500371184e-01 7.701667668139056122e-01
7.545143055414998967e-01 7.800129234472772399e-01 7.453956559825699602e-01 7.705461769445637321e-01
7.551504286602379601e-01 7.806941399844149476e-01 7.454589968778778664e-01 7.703899841809322968e-01
7.551938006910611234e-01 7.806249438279621033e-01 7.455483928932414850e-01 7.705319346954317972e-01
7.552660874090995069e-01 7.807525624871104464e-01 7.457271849239685002e-01 7.707249567658019940e-01
7.556130636556840363e-01 7.815941106033204022e-01 7.454396801509399761e-01 7.702908500658016688e-01
7.563937602104988667e-01 7.818375255235205934e-01 7.452456144291457196e-01 7.698705400332184201e-01
7.562491867744222107e-01 7.810230734680605469e-01 7.451881134745400592e-01 7.697234060012344559e-01
7.560901559947375006e-01 7.810390299114189361e-01 7.446005255946631651e-01 7.692215860990450071e-01
7.557865517789761345e-01 7.801906299658143418e-01 7.445133757103389316e-01 7.692313347111510158e-01
7.561769000563836052e-01 7.807824288313984784e-01 7.449068978684216802e-01 7.698132157998531788e-01
7.556419783428991455e-01 7.801532487806557281e-01 7.457577323061027608e-01 7.705381134689128775e-01
7.559744972458761758e-01 7.807623577963244133e-01 7.455079625345343297e-01 7.702285452533237375e-01
7.555552342812531519e-01 7.810551320390854979e-01 7.455978077761056255e-01 7.701655383331980076e-01
7.562781014616374309e-01 7.818460763998035246e-01 7.459778531479526187e-01 7.704141657510025221e-01
7.574202316066447338e-01 7.834407226544788383e-01 7.459275398126726797e-01 7.703812785337038616e-01
7.564949616157528034e-01 7.823244080239326603e-01 7.454594461040856546e-01 7.700315310438048400e-01
7.563937602104989777e-01 7.823050319848626755e-01 7.454783136048157566e-01 7.699883204593108710e-01
7.565094189593603025e-01 7.820317716768273586e-01 7.447941420902496334e-01 7.696789617007512296e-01
7.557142650609376400e-01 7.814650581880503433e-01 7.442079018889962150e-01 7.692005149632427097e-01
7.559744972458759538e-01 7.807563718455270418e-01 7.450416657307786794e-01 7.702939940260589147e-01
7.567262791134756750e-01 7.805295835768445434e-01 7.455582758698142687e-01 7.709431330025239282e-01
7.568708525495525530e-01 7.803555405095464748e-01 7.458790233822241156e-01 7.711029344558703036e-01
7.561479853691683850e-01 7.806817202567210012e-01 7.461701219649153893e-01 7.710200113401348698e-01
7.560178692766991171e-01 7.810539253907058388e-01 7.458502729049212299e-01 7.703572011543197151e-01
7.561046133383452217e-01 7.807276236134345071e-01 7.454127265784685763e-01 7.698449833283640409e-01
7.559600399022683437e-01 7.806335984583469001e-01 7.446122054760674347e-01 7.692124459444082962e-01
7.555841489684685941e-01 7.795900287877153279e-01 7.447815637564295654e-01 7.694870603575618695e-01
7.562925588052450410e-01 7.801247374917760213e-01 7.453516318141999442e-01 7.701219311456122263e-01
7.555552342812532629e-01 7.793319724599796494e-01 7.452644819298758216e-01 7.700175781431446431e-01
7.554540328759993262e-01 7.794767866322327432e-01 7.451072527571258597e-01 7.693756031716989519e-01
7.562925588052451520e-01 7.804668424366107971e-01 7.444891174951145940e-01 7.690144441707142953e-01
7.568997672367681062e-01 7.807516331912951468e-01 7.448260371510073696e-01 7.693896779789136664e-01
