8.671948416198008713e-01 8.952113562190303631e-01 8.720227271908949085e-01 8.968444967625736064e-01
8.682646850467694577e-01 8.959956721243738098e-01 8.727356523805579469e-01 8.974142315720385898e-01
8.693779005045613184e-01 8.967673081842604255e-01 8.734737819961184702e-01 8.978620226326499143e-01
8.704477439315300158e-01 8.974859156704756424e-01 8.743739400638752546e-01 8.984094607541925903e-01
8.710115803322298067e-01 8.977788561828703440e-01 8.750652614599123691e-01 8.988307261482375576e-01
8.718356489178678004e-01 8.984380866074674898e-01 8.758177936045570267e-01 8.992031107689032465e-01
8.722549118824907133e-01 8.986977518047523095e-01 8.762498694770802787e-01 8.993445582112494785e-01
8.726741748471136262e-01 8.987875747351095068e-01 8.763866935033791661e-01 8.993502024513644333e-01
8.731801818733825327e-01 8.989925209683856666e-01 8.771068199575845492e-01 8.998358555215452137e-01
8.737873903049052648e-01 8.993878156358957598e-01 8.780537862448645203e-01 9.003484625389582829e-01
8.744813427980743237e-01 9.000263133174083441e-01 8.789971518998735966e-01 9.010676754255713128e-01
8.753487834145354807e-01 9.007468566102776464e-01 8.794544321982940005e-01 9.014187594359808209e-01
8.761728520001734744e-01 9.014696566640147957e-01 8.806606440090880561e-01 9.023644674202963012e-01
8.769390912113809167e-01 9.021014496120307591e-01 8.819460697298444618e-01 9.033391246034235822e-01
8.781535080744264921e-01 9.030672011416749356e-01 8.833287125219189129e-01 9.043611927663786076e-01
8.791510647833566949e-01 9.037410032132590088e-01 8.842972826028250299e-01 9.050067411517220828e-01
8.805100550824791483e-01 9.047995906941721511e-01 8.851038242315349969e-01 9.055696928180060334e-01
8.816377278838787301e-01 9.058073827290290536e-01 8.864648632299831910e-01 9.065540375781708793e-01
8.826063699055936018e-01 9.067089240778165582e-01 8.872786061232352806e-01 9.071712957680257983e-01
8.832858650551549395e-01 9.071497412957563178e-01 8.878511066543284258e-01 9.076841276895366573e-01
8.845581112926310663e-01 9.081808583841226579e-01 8.886720508121224160e-01 9.082934721066309169e-01
8.852954358166229554e-01 9.087006343421117904e-01 8.901051024559912817e-01 9.093011719733734566e-01
8.856424120632074848e-01 9.089405187843427880e-01 8.912465028859066773e-01 9.099124679170884633e-01
8.865387673668840840e-01 9.094980168527883047e-01 8.919666293401120605e-01 9.103742924649912416e-01
8.874640373577759034e-01 9.102478422633764055e-01 8.930324164923361119e-01 9.112279832030932836e-01
8.879266723532219796e-01 9.105059796342998002e-01 8.937597442110833956e-01 9.118012145203467922e-01
8.886350821899984265e-01 9.110934221612526640e-01 8.946346978529430283e-01 9.124254878664987967e-01
8.893434920267750954e-01 9.116499618314708453e-01 8.955060508625314331e-01 9.130669374347323286e-01
8.899940724891208799e-01 9.119919129637450439e-01 8.962441804780920673e-01 9.136393926406336519e-01
8.905868235770358909e-01 9.122835991730704475e-01 8.969823100936524796e-01 9.141013342740301750e-01
8.917289537220431939e-01 9.128823753413246589e-01 8.981993238012595526e-01 9.149229376787062495e-01
8.921193019994506646e-01 9.132442312396884532e-01 8.990706768108480684e-01 9.155125771465186801e-01
8.930590293339502050e-01 9.140012842582291297e-01 9.000068412013149111e-01 9.161561176772750059e-01
8.935361216730037803e-01 9.145915378703314280e-01 9.011158359407911433e-01 9.169825089722765110e-01
8.945625930691495364e-01 9.155063219536624386e-01 9.017819529109309951e-01 9.174164522242034270e-01
8.953143749367491466e-01 9.161262802948840767e-01 9.023652553388374908e-01 9.179642206499163404e-01
8.958348393066257742e-01 9.163682514450641747e-01 9.024336673519869345e-01 9.180416045262389524e-01
8.959649553990950421e-01 9.163867951311089888e-01 9.028765451213233151e-01 9.183436072041338827e-01
8.964275903945407853e-01 9.166885203868950782e-01 9.032186051870707555e-01 9.185460501483985185e-01
8.970781708568866808e-01 9.171350621764975397e-01 9.037911057181642338e-01 9.190063548692791739e-01
8.978877820989170644e-01 9.177949856394307382e-01 9.044824271142013483e-01 9.195249328279719858e-01
8.984805331868322975e-01 9.182484416268731353e-01 9.049469086771638748e-01 9.198370961099033849e-01
8.990009975567089251e-01 9.188266899989228076e-01 9.055050066791729968e-01 9.202702391162550510e-01
8.995070045829780536e-01 9.193569360898201648e-01 9.056130256473036155e-01 9.203726633014889247e-01
8.997527794243085353e-01 9.193049898880489845e-01 9.057966578931261337e-01 9.204800188158444030e-01
8.998250661423470298e-01 9.191851469559977339e-01 9.060487021520979845e-01 9.206858757943102711e-01
9.001431277017161170e-01 9.194740603135225232e-01 9.061387179588735741e-01 9.208385300076639135e-01
9.005334759791235877e-01 9.196333152236466635e-01 9.062863438819855899e-01 9.209878162134658153e-01
9.005190186355159776e-01 9.196867178321797009e-01 9.062035293397521230e-01 9.208722627360200752e-01
9.004756466046929253e-01 9.196838494041937873e-01 9.062719413529014556e-01 9.209372172497577447e-01
9.007069641024156859e-01 9.199096262873163177e-01 9.061423185911445799e-01 9.208172991947825015e-01
9.010539403490001042e-01 9.200852002869404078e-01 9.062395356624622922e-01 9.208949931744454531e-01
9.013141725339386401e-01 9.201976209814537455e-01 9.063223502046958702e-01 9.210172677227517202e-01
9.019069236218536512e-01 9.205809041384251934e-01 9.065527906700417970e-01 9.211553686495367321e-01
9.022249851812227384e-01 9.206686861179615988e-01 9.068480425162658287e-01 9.213845406268891258e-01
9.025719614278072678e-01 9.207663080379875353e-01 9.070172722330041015e-01 9.213555090459146779e-01
9.031647125157222789e-01 9.212040841950668302e-01 9.070208728652751073e-01 9.213500527432849641e-01
9.035116887623066972e-01 9.214994268028571245e-01 9.074025398860039449e-01 9.217913830307620238e-01
9.041767265682603139e-01 9.219577491357292542e-01 9.074565493700694763e-01 9.218704357060829579e-01
9.045815321892756167e-01 9.221768435048621759e-01 9.074493481055272426e-01 9.218439403325611181e-01
9.052176553080134580e-01 9.225770709800240610e-01 9.068948507357892375e-01 9.216589097950442788e-01
9.056658329598519241e-01 9.228949562038302190e-01 9.064843786568922424e-01 9.214251949347951332e-01
9.057092049906749764e-01 9.227982160311617443e-01 9.063151489401538585e-01 9.212707045819858998e-01
9.058393210831441333e-01 9.227278035226216257e-01 9.059550857130511670e-01 9.210218682735215046e-01
9.058826931139672967e-01 9.226030479130764572e-01 9.056094250150326097e-01 9.208910106806301732e-01
9.061140106116902793e-01 9.227770583368799517e-01 9.057786547317709935e-01 9.210176438345505368e-01
9.058248637395364122e-01 9.225513038982641190e-01 9.057138433508924447e-01 9.210765083272693943e-01
9.051742832771906278e-01 9.218650079522399121e-01 9.058002585253970285e-01 9.211939014845780260e-01
9.051742832771907388e-01 9.218278233991136217e-01 9.055230098405280259e-01 9.208888056453201632e-01
9.052465699952290112e-01 9.219201692824972039e-01 9.056958401895371935e-01 9.208744690835195534e-01
9.048706790614292617e-01 9.217222734259432615e-01 9.058614692740045715e-01 9.209039005686590063e-01
9.047839349997831571e-01 9.217826631660760439e-01 9.054113902401260683e-01 9.205867173461372843e-01
9.048273070306060983e-01 9.219190313123701852e-01 9.053249750656215955e-01 9.203866802939638658e-01
9.054489728057366627e-01 9.225046333781781183e-01 9.050009181612291842e-01 9.200067748441110860e-01
9.054489728057367737e-01 9.226858503563452052e-01 9.049901162644160557e-01 9.199719044294998316e-01
9.054634301493443838e-01 9.229635641944878843e-01 9.052061542006777373e-01 9.201253897469243714e-01
9.049574231230753663e-01 9.227249534501297257e-01 9.051881510393225971e-01 9.202321946741411907e-01
9.050297098411137497e-01 9.228512675053657244e-01 9.054762016210047282e-01 9.203959083365730320e-01
9.051019965591520222e-01 9.229317904730999222e-01 9.052025535684067314e-01 9.203906709270260889e-01
9.050007951538983075e-01 9.233015798725658918e-01 9.054690003564624945e-01 9.207441428495486413e-01
9.049429657794676451e-01 9.233662638701678471e-01 9.058650699062755773e-01 9.210499729336857344e-01
9.050297098411137497e-01 9.233471849652853392e-01 9.061639223847707258e-01 9.213505925538735264e-01
9.049429657794676451e-01 9.232692541864941926e-01 9.063799603210324074e-01 9.215807971743681382e-01
9.048995937486445928e-01 9.233258607447489830e-01 9.061747242815838543e-01 9.215303265648081554e-01
9.046538189073141112e-01 9.230372970248793552e-01 9.058110604222101570e-01 9.212779710695968571e-01
9.050152524975061397e-01 9.234103453703467190e-01 9.053141731688083560e-01 9.209817697064359709e-01
9.046249042200985579e-01 9.230620384194208050e-01 9.047272701086310764e-01 9.206557677946587415e-01
9.046971909381370525e-01 9.230118723884385146e-01 9.037767031890799885e-01 9.199733244029372203e-01
9.048273070306062094e-01 9.230828502522921974e-01 9.028081331081737604e-01 9.193395697065955829e-01
9.051164539027598543e-01 9.230630234837228221e-01 9.018359623949966375e-01 9.187277559511433100e-01
9.048417643742138194e-01 9.228802084433742614e-01 9.015371099165012669e-01 9.185531242220134063e-01
9.048273070306062094e-01 9.227344752357036217e-01 9.012634618639032702e-01 9.185361647088821080e-01
9.045526175020602855e-01 9.223524398884390685e-01 9.010438232953708049e-01 9.185013103520900390e-01
9.043935867223756864e-01 9.221600237432583391e-01 9.015443111810432786e-01 9.189520503671454454e-01
9.040755251630063771e-01 9.218365312621795704e-01 9.011842479539406980e-01 9.187259706779526969e-01
9.031502551721146688e-01 9.210297911684329764e-01 9.007377695523334227e-01 9.184269832551203994e-01
9.030635111104685642e-01 9.209144997846021585e-01 9.004605208674643091e-01 9.181565507536653126e-01
9.027454495510994770e-01 9.208188223149575968e-01 9.003525018993334683e-01 9.181094004210211823e-01
9.027743642383149192e-01 9.209806194270747648e-01 9.005181309838007353e-01 9.182484926027794092e-01
9.030924257976838954e-01 9.210775092186528346e-01 9.012886662898003109e-01 9.187098654009275833e-01
9.029333950179994073e-01 9.209536055822218348e-01 9.013246726125108133e-01 9.185721509149010755e-01
9.024563026789457210e-01 9.206438851441548499e-01 9.014182890515574087e-01 9.185445479572265093e-01
9.021671558067920760e-01 9.205636020211169779e-01 9.007305682877913000e-01 9.180535957402229386e-01
9.021526984631844659e-01 9.205193579266084392e-01 8.996143722837730561e-01 9.173591464653454430e-01
9.024418453353381109e-01 9.207684822188659801e-01 8.990166673267826480e-01 9.170447722322837558e-01
9.020948690887536925e-01 9.204909172129589479e-01 8.986277990415116879e-01 9.168989275368371050e-01
9.017334354985614420e-01 9.200513056660064581e-01 8.985449844992781099e-01 9.167811519337348836e-01
9.023261865864766751e-01 9.205931163159914998e-01 8.982677358144091073e-01 9.165163991870663995e-01
9.023551012736918953e-01 9.204202456911614316e-01 8.977348422382970261e-01 9.160762078623486682e-01
9.019647529962844246e-01 9.200385015149431522e-01 8.980697010395025659e-01 9.162898529531378067e-01
9.017768075293844943e-01 9.197278527187174868e-01 8.985377832347360982e-01 9.166254199388268464e-01
9.016611487805229475e-01 9.196284551188391720e-01 8.989374534168199649e-01 9.167639120008316267e-01
9.012563431595078667e-01 9.193667431931578093e-01 8.995315577415394781e-01 9.171645680854131344e-01
9.015454900316615117e-01 9.197555005555881902e-01 8.999924386722308878e-01 9.172890960773787405e-01
9.014587459700154071e-01 9.196348316931484135e-01 9.000464481562961971e-01 9.172883826471717184e-01
9.015310326880540126e-01 9.196042151585648305e-01 8.993569270763944745e-01 9.169954167500670161e-01
9.011695990978616511e-01 9.192097256439495379e-01 8.988474376100443752e-01 9.166163514585081717e-01
9.007792508204542914e-01 9.189083666931362471e-01 8.986350003060538105e-01 9.163855156090525700e-01
9.003744451994390996e-01 9.184751073445338587e-01 8.985593870283622442e-01 9.161623086154261353e-01
9.003744451994390996e-01 9.184363036731859609e-01 8.988222331841471124e-01 9.164146021170322953e-01
9.006780494152005767e-01 9.187309013529748603e-01 8.986350003060536995e-01 9.162356231736019652e-01
9.007647934768465703e-01 9.191613949224792801e-01 8.985161794411098413e-01 9.163013625542657525e-01
9.010250256617848841e-01 9.193497370411868319e-01 8.981669181108202782e-01 9.161703249560900764e-01
9.012563431595078667e-01 9.196722565203473421e-01 8.979292763809324507e-01 9.161582732813836616e-01
9.012852578467231979e-01 9.197126859849764635e-01 8.978464618386987617e-01 9.160709000020010873e-01
9.018635515910305989e-01 9.202334749838771977e-01 8.968814923900636504e-01 9.154087660472023380e-01
9.017189781549538319e-01 9.201970237987332490e-01 8.965574354856712391e-01 9.152239698439126325e-01
9.019213809654613723e-01 9.205036410365223798e-01 8.964638190466245327e-01 9.151282002360021650e-01
9.017334354985615530e-01 9.203970916440314953e-01 8.971659423394748867e-01 9.154432512245297415e-01
9.017478928421691631e-01 9.203778992038202933e-01 8.979652827036428420e-01 9.158797157664775312e-01
9.018057222165998255e-01 9.201658339033105261e-01 8.980769023040445775e-01 9.158693636245387459e-01
9.019358383090690934e-01 9.200473326152297515e-01 8.979364776454745734e-01 9.157361831578992861e-01
9.023406439300843962e-01 9.202412383025815323e-01 8.976016188442690336e-01 9.153802667595207776e-01
9.021960704940075182e-01 9.200693180875600952e-01 8.977780498255494290e-01 9.153025032062162003e-01
9.020514970579305292e-01 9.200016982298947488e-01 8.980552985104184316e-01 9.155365922432682213e-01
9.021382411195767448e-01 9.202549296743169904e-01 8.983253459307454225e-01 9.157464289062073881e-01
9.018201795602076576e-01 9.201245986345021333e-01 8.982353301239698329e-01 9.158721328427701369e-01
9.018635515910304878e-01 9.202253715578209148e-01 8.982425313885117335e-01 9.159754933652038966e-01
9.021093264323614136e-01 9.203584173476326846e-01 8.982821383434930196e-01 9.160956361084606758e-01
9.021237837759691347e-01 9.203902627524873648e-01 8.972955651012317624e-01 9.156365665999497416e-01
9.027309922074918669e-01 9.208647173025606980e-01 8.975656125215587533e-01 9.157504178306965503e-01
9.022105278376151283e-01 9.206388583827862515e-01 8.974827979793251753e-01 9.156636318629837179e-01
9.018346369038152677e-01 9.202772598658588432e-01 8.978356599418857442e-01 9.157515492784095157e-01
9.020370397143229191e-01 9.202814394049613211e-01 8.985845914542593960e-01 9.158612474923624180e-01
9.018057222165999365e-01 9.199260512208924379e-01 8.996395767096702079e-01 9.163580385868528300e-01
9.018780089346383200e-01 9.200740096665237511e-01 8.991858970435208098e-01 9.161587012740363134e-01
9.018780089346384310e-01 9.201438640659089785e-01 8.984225630020632458e-01 9.158685855900590145e-01
9.017912648729923264e-01 9.200650388822602110e-01 8.976304239024373022e-01 9.154644531641544791e-01
9.015165753444462915e-01 9.197504079773426433e-01 8.974521926050214038e-01 9.154996679941852511e-01
9.014804319854269332e-01 9.197648226536854210e-01 8.976592289606054598e-01 9.157565516110341974e-01
9.017334354985615530e-01 9.199787500637662818e-01 8.981273111558389921e-01 9.160535786465360264e-01
9.019213809654613723e-01 9.201421765339578007e-01 8.985413838670071041e-01 9.161618217492127902e-01
9.022828145556536228e-01 9.204393175501636160e-01 8.987034123192033652e-01 9.163505815024874934e-01
9.025430467405919366e-01 9.205918750922389426e-01 8.981993238012595526e-01 9.160419521738557558e-01
9.023695586172997274e-01 9.205829323076817339e-01 8.973099676303160077e-01 9.155173903656597112e-01
9.016322340933077273e-01 9.201042132417629471e-01 8.971119328554093553e-01 9.153606818634986153e-01
9.016900634677383897e-01 9.199479217857202684e-01 8.973135682625869025e-01 9.154659520722068233e-01
9.012129711286847034e-01 9.196181067319025848e-01 8.980120909231661397e-01 9.158517468877247492e-01
9.009238242565311694e-01 9.193758632570806499e-01 8.983217452984746387e-01 9.159249286949463498e-01
9.010828550362157685e-01 9.196493909287428714e-01 8.981525155817362549e-01 9.158965306154053243e-01
9.016466914369153374e-01 9.202277612687088659e-01 8.972667600430636048e-01 9.154158503632603416e-01
9.024129306481227797e-01 9.209952879137603965e-01 8.970831277972413087e-01 9.153624929197323734e-01
9.023406439300843962e-01 9.209338988209303523e-01 8.976124207410820510e-01 9.157582468385474517e-01
9.021382411195767448e-01 9.206662796839979457e-01 8.981921225367174300e-01 9.161373772249874481e-01
9.017768075293846053e-01 9.200904421469273675e-01 8.985233807056519639e-01 9.161019488420036883e-01
9.019647529962846466e-01 9.200899083182105809e-01 8.980624997749604432e-01 9.158162018955942063e-01
9.020804117451459714e-01 9.204385110596395858e-01 8.979184744841193222e-01 9.157488819201358154e-01
9.019358383090689824e-01 9.202920023423504237e-01 8.979184744841194332e-01 9.157636702110448779e-01
9.021093264323613026e-01 9.204592401146836078e-01 8.979868864972688769e-01 9.157556886880753311e-01
9.023117292428688430e-01 9.204775081152911653e-01 8.980841035685865892e-01 9.157629441737055176e-01
9.019936676834997558e-01 9.203366851548493432e-01 8.980444966136053031e-01 9.156868509110162035e-01
9.022249851812227384e-01 9.206037240879786365e-01 8.983505503566426853e-01 9.159869875880194412e-01
9.015744047188769539e-01 9.199479598900486277e-01 8.986854091578482251e-01 9.161549169240158497e-01
9.017912648729923264e-01 9.200069664970613736e-01 8.991102837658292435e-01 9.162643343962291187e-01
9.018346369038152677e-01 9.203839994502065469e-01 8.988294344486891241e-01 9.160275449142460946e-01
9.018057222165999365e-01 9.205136176343854393e-01 8.986998116869321374e-01 9.160235489337215098e-01
9.013286298775462502e-01 9.202115449712364725e-01 8.986313996737826937e-01 9.160727733267260975e-01
9.014587459700154071e-01 9.204206712431003412e-01 8.989698591072592393e-01 9.163585132509265430e-01
9.017334354985615530e-01 9.205223104447697313e-01 8.988078306550629781e-01 9.163096358249231965e-01
9.018346369038152677e-01 9.204802870345254462e-01 8.986097958801566588e-01 9.161852710511197984e-01
9.023406439300842852e-01 9.207472400408988067e-01 8.989086483586518073e-01 9.163631785464623203e-01
9.021382411195766338e-01 9.205807287453020571e-01 8.992219033662312011e-01 9.164504422877771672e-01
9.013430872211539713e-01 9.201515380108983289e-01 8.988402363455023636e-01 9.161726396896212599e-01
9.012563431595079777e-01 9.200219494616415083e-01 8.984477674279602866e-01 9.159773161512128059e-01
9.012274284722925355e-01 9.198922109840959038e-01 8.983001415048481597e-01 9.158819398048971827e-01
9.014298312828000759e-01 9.200111030164026538e-01 8.985773901897172733e-01 9.161447295570281923e-01
9.020081250271074769e-01 9.203083400622458221e-01 8.992002995726049441e-01 9.166787466292151132e-01
9.018057222165998255e-01 9.202353910590386210e-01 8.988726420359415270e-01 9.166214213862601268e-01
9.018924662782460411e-01 9.201740736428009049e-01 8.985593870283622442e-01 9.164088448210150339e-01
9.018274082320114626e-01 9.201627697075007717e-01 8.987250161128294002e-01 9.164782864094044301e-01
9.023551012736918953e-01 9.205865135408553002e-01 8.979796852327268653e-01 9.159474471032555964e-01
9.026153334586302091e-01 9.208315816292901301e-01 8.981417136849230154e-01 9.159897612367741138e-01
9.026876201766687036e-01 9.207344671567145866e-01 8.978932700582222814e-01 9.157291500801520989e-01
9.027020775202765357e-01 9.207002353459858845e-01 8.974935998761381928e-01 9.155300118087055239e-01
9.026587054894533724e-01 9.206889538027513975e-01 8.970507221068020343e-01 9.153336334568809018e-01
9.022828145556535118e-01 9.205594912765127091e-01 8.973675777466523229e-01 9.156257956183222468e-01
9.020804117451459714e-01 9.204263909544979638e-01 8.975548106247457358e-01 9.157708773552220016e-01
9.018780089346383200e-01 9.202623455151441867e-01 8.978140561482597093e-01 9.160248650574495111e-01
9.011551417542541520e-01 9.196530897785109016e-01 8.979724839681848536e-01 9.159600916914053537e-01
9.011117697234310997e-01 9.196300730580535543e-01 8.984549686925024092e-01 9.160280377865572810e-01
9.017334354985614420e-01 9.202538437730690690e-01 8.987646230678105752e-01 9.160858171606351963e-01
9.023551012736918953e-01 9.208103336229854774e-01 8.988150319196051008e-01 9.162556280110828455e-01
9.021960704940074072e-01 9.207123953149235485e-01 8.986710066287639798e-01 9.162674289107037850e-01
9.022828145556535118e-01 9.207330925692116530e-01 8.986530034674089507e-01 9.163667256355090274e-01
9.020081250271075879e-01 9.205804788757976365e-01 8.989914629008854963e-01 9.166598325526114088e-01
9.016177767497001172e-01 9.201972497854731259e-01 8.991426894562684069e-01 9.168726434767999756e-01
9.016033194060923961e-01 9.200282719576141632e-01 8.990310698558666713e-01 9.168172509292020766e-01
9.018490942474229888e-01 9.200337780986171943e-01 8.992975166439227674e-01 9.168922921304594187e-01
9.022538998684381806e-01 9.204104879126230321e-01 8.990022647976985137e-01 9.165919056045677138e-01
9.022972718992613439e-01 9.203943592330611212e-01 8.994775482574739467e-01 9.167700886702281338e-01
9.013720019083694135e-01 9.198301098112666718e-01 8.993047179084647791e-01 9.166977844537191888e-01
9.010683976926081584e-01 9.196879564230046045e-01 8.993371235989040535e-01 9.167719298625306434e-01
9.015165753444461805e-01 9.201221527183724991e-01 8.987178148482873885e-01 9.164795602541881969e-01
9.016466914369153374e-01 9.201150777130984171e-01 8.983253459307454225e-01 9.162324104289619742e-01
9.023261865864765641e-01 9.205519450309416207e-01 8.980624997749604432e-01 9.161207136723207300e-01
9.027743642383148082e-01 9.209479497380399504e-01 8.981597168462782665e-01 9.161232215808507995e-01
9.030056817360377908e-01 9.210971794832895077e-01 8.979760846004558594e-01 9.159531253288800690e-01
9.028755656435685228e-01 9.210364229181284834e-01 8.983613522534557028e-01 9.161460071779929937e-01
9.023840159609073375e-01 9.210006077892788356e-01 8.987250161128294002e-01 9.165032839168771872e-01
9.022828145556534007e-01 9.209759195723080660e-01 8.990202679590535428e-01 9.165238407728131254e-01
9.018924662782461521e-01 9.204427063334625903e-01 8.990814787076610859e-01 9.164965335225948584e-01
9.014298312828001869e-01 9.199681599143634259e-01 8.988654407713994043e-01 9.162573284181589894e-01
9.015599473752692328e-01 9.200841392613967606e-01 8.989158496231938189e-01 9.163529820560134542e-01
9.017189781549538319e-01 9.200531964751440528e-01 8.992291046307732127e-01 9.166069165330277269e-01
9.014153739391924658e-01 9.198431215745582756e-01 8.993551267602590826e-01 9.166931018402857401e-01
9.017478928421691631e-01 9.203208728750826850e-01 8.987790255968948205e-01 9.165006093364804762e-01
9.014587459700154071e-01 9.201725587475219070e-01 8.984909750152126895e-01 9.164651960803087416e-01
9.015599473752693438e-01 9.202767743168063230e-01 8.981813206399043015e-01 9.164529758201509502e-01
9.014153739391925768e-01 9.201309123653943489e-01 8.984333648988762633e-01 9.164893721423177375e-01
9.016900634677385007e-01 9.204349937074454147e-01 8.989950635331565021e-01 9.168015333226327002e-01
9.023551012736918953e-01 9.207926944509986500e-01 8.989806610040723678e-01 9.168302962826735403e-01
9.022828145556535118e-01 9.207293039776414112e-01 8.992579096889414814e-01 9.171208381045530267e-01
9.022105278376151283e-01 9.205225337831757226e-01 8.990094660622405254e-01 9.169593498447898838e-01
9.025141320533766054e-01 9.205942657626131620e-01 8.986205977769696762e-01 9.166470576371619217e-01
9.024273879917303898e-01 9.204643348933723157e-01 8.987538211709976688e-01 9.166455822727207492e-01
9.027743642383149192e-01 9.207901436542129670e-01 8.990382711204087940e-01 9.168033817855534284e-01
9.027165348638841458e-01 9.208356258596882560e-01 8.992975166439226564e-01 9.171435992393985881e-01
9.024996747097687733e-01 9.206111464096489172e-01 8.987610224355396804e-01 9.169038534528963780e-01
9.021816131503997971e-01 9.202310822439011551e-01 8.981489149494650270e-01 9.163770089183825851e-01
9.016756061241308906e-01 9.198976262584036556e-01 8.984765724861286662e-01 9.164290162095335424e-01
9.010973123798233786e-01 9.196548222291228702e-01 8.988726420359415270e-01 9.166264820726065521e-01
9.008515375384927859e-01 9.196931022219948515e-01 8.992255039985022069e-01 9.169402082525133224e-01
9.010973123798232676e-01 9.199204919260486335e-01 8.992435071598572360e-01 9.170326008051404854e-01
9.011840564414694832e-01 9.198967367810241269e-01 8.992561093728059785e-01 9.170806186556129669e-01
9.017334354985614420e-01 9.202978929424791010e-01 8.992939160116516506e-01 9.171719167204043233e-01
9.021237837759690237e-01 9.205435279285288930e-01 8.994613454122544205e-01 9.172409276784188048e-01
9.021093264323614136e-01 9.204790721878376436e-01 8.994415419347636664e-01 9.171796090354660258e-01
9.021382411195767448e-01 9.203923400983542447e-01 8.993731299216142228e-01 9.169794041930257045e-01
9.021382411195767448e-01 9.202965027034596401e-01 8.992039002048759500e-01 9.167734705968934028e-01
9.018346369038152677e-01 9.200929824210882790e-01 8.990850793399319807e-01 9.166396938423588825e-01
9.014587459700155181e-01 9.197444030397166070e-01 8.992147021016889674e-01 9.167478951195344727e-01
9.022249851812228494e-01 9.203385163507997735e-01 8.989626578427172277e-01 9.167482576778025471e-01
9.020804117451459714e-01 9.201901197981571245e-01 8.989806610040723678e-01 9.168579361279270978e-01
9.022105278376151283e-01 9.203849753866170103e-01 8.992147021016889674e-01 9.170090080586139614e-01
9.022828145556535118e-01 9.204096356604054563e-01 8.990166673267825370e-01 9.168552910547986823e-01
9.023840159609073375e-01 9.204800972785031066e-01 8.988474376100443752e-01 9.167756007734650936e-01
9.019936676834998668e-01 9.200713050582303154e-01 8.987862268614369432e-01 9.166120490229232587e-01
9.021526984631844659e-01 9.202983397843649271e-01 8.988510382423153811e-01 9.165176744121178443e-01
9.018057222165999365e-01 9.201471996830247191e-01 8.981309117881101090e-01 9.161995215831173489e-01
9.021382411195768558e-01 9.205771562400949515e-01 8.979796852327267542e-01 9.160395513041311721e-01
9.016900634677382786e-01 9.202406307766101135e-01 8.985503854476846186e-01 9.164194170282027319e-01
9.012997151903309190e-01 9.198399722017901459e-01 8.988240335002826153e-01 9.167145704243684357e-01
9.018490942474229888e-01 9.203171277598826139e-01 8.985305819701938645e-01 9.165935742238029427e-01
9.024996747097687733e-01 9.207202209842965113e-01 8.983289465630165394e-01 9.164908089199548247e-01
9.027599068947070871e-01 9.206094637805454228e-01 8.984297642666052575e-01 9.164943257791144937e-01
9.020370397143229191e-01 9.199071029686142209e-01 8.988834439327546555e-01 9.167076631793609209e-01
9.023117292428689540e-01 9.202745457301731991e-01 8.987934281259788438e-01 9.165420837731017567e-01
9.024273879917302787e-01 9.203433356317164415e-01 8.986494028351378338e-01 9.163978683291033045e-01
9.029044803307839651e-01 9.207097178833002493e-01 8.986350003060536995e-01 9.164615105810376416e-01
9.030490537668609541e-01 9.210139100982303040e-01 8.983829560470818487e-01 9.164178834952375619e-01
9.029478523616070174e-01 9.211220075203561120e-01 8.982281288594275992e-01 9.163161597265457869e-01
9.027599068947070871e-01 9.211493554600485023e-01 8.983469497243715685e-01 9.165387572228979041e-01
9.024273879917306118e-01 9.208051145100613066e-01 8.984441667956892807e-01 9.166289041116699732e-01
9.022249851812228494e-01 9.204767166730705164e-01 8.985557863960911273e-01 9.165887491518152075e-01
9.021237837759689127e-01 9.202911284566246408e-01 8.991714945144366755e-01 9.170338399050770306e-01
9.020370397143229191e-01 9.201762141058349442e-01 8.989482553136330933e-01 9.168670436478347785e-01
9.023117292428688430e-01 9.203973975977896016e-01 8.989626578427171166e-01 9.168625369272385139e-01
9.020370397143229191e-01 9.199877788554651215e-01 8.987538211709975577e-01 9.164927001177445298e-01
9.022105278376151283e-01 9.202053788808604029e-01 8.984945756474836953e-01 9.163437623580579228e-01
9.022105278376150173e-01 9.202256486614859288e-01 8.984657705893155377e-01 9.163725554174831922e-01
9.023261865864766751e-01 9.201702340803632474e-01 8.986313996737828047e-01 9.164855825599295125e-01
9.027888215819226403e-01 9.205622656590601860e-01 8.989770603718012509e-01 9.166490218097084197e-01
9.030490537668609541e-01 9.207060327575350422e-01 8.990922806044741034e-01 9.167541377379820888e-01
9.023984733045150586e-01 9.202390082640377056e-01 8.989338527845489590e-01 9.167227018099153302e-01
9.020948690887536925e-01 9.199445071583576272e-01 8.987070129514742600e-01 9.164952667778312190e-01
9.022105278376151283e-01 9.199878745363163635e-01 8.984873743829416837e-01 9.162244245271993215e-01
9.022828145556535118e-01 9.200685990743205922e-01 8.988150319196051008e-01 9.163862553535906397e-01
9.024129306481227797e-01 9.203310510181134108e-01 8.990958812367452202e-01 9.164724780036609397e-01
9.018924662782461521e-01 9.199932046900822780e-01 8.991750951467077924e-01 9.165115298971548974e-01
9.016177767497002282e-01 9.195959023576787406e-01 8.991210856626422609e-01 9.163904434748786354e-01
9.022683572120460127e-01 9.201789655123002731e-01 8.991894976757919267e-01 9.163626292172781795e-01
9.027454495510993659e-01 9.204211823100363343e-01 8.997547969423431713e-01 9.168768613117468380e-01
9.030779684540762853e-01 9.207950826176694026e-01 8.999924386722308878e-01 9.171856991598241748e-01
9.026008761150225990e-01 9.202922839883185269e-01 8.999528317172494907e-01 9.171727172021850727e-01
9.023551012736918953e-01 9.204236278501460866e-01 8.997944038973242353e-01 9.172330727463572364e-01
9.023984733045150586e-01 9.205018011557715152e-01 8.995963691224179160e-01 9.171369689675341608e-01
9.027454495510994770e-01 9.208113034510557737e-01 8.994307400379504269e-01 9.170346211309972073e-01
9.029767670488225706e-01 9.210048197378951640e-01 8.987142142160163827e-01 9.166410625662141376e-01
9.025575040841994356e-01 9.204261519931619118e-01 8.982677358144089963e-01 9.162611447271777898e-01
9.023695586172997274e-01 9.201590397452910075e-01 8.982101256980725701e-01 9.162404523153975244e-01
