8.812184649192555952e-01 9.056389822024395464e-01 8.851704359285492707e-01 9.044578925611367337e-01
8.836617559889545781e-01 9.073339885768710866e-01 8.856619222335441188e-01 9.056193765701098242e-01
8.850641183189000838e-01 9.078861342920681032e-01 8.879303205642912200e-01 9.071923337946886656e-01
8.879411296968294787e-01 9.097166845105763011e-01 8.897486398611595959e-01 9.083017131190376237e-01
8.903699634229207405e-01 9.116925894042351430e-01 8.920674470437008896e-01 9.093893124189363908e-01
8.922927901227428737e-01 9.131945790354096815e-01 8.940153891023263633e-01 9.103932533295098217e-01
8.947143951770301085e-01 9.145649538871017947e-01 8.957292900633351262e-01 9.111095324944534779e-01
8.978154953808787919e-01 9.166565015472869504e-01 8.968058791123721951e-01 9.114289071940346876e-01
9.007792508204542914e-01 9.181236783916998379e-01 8.982029244335304474e-01 9.120432634474889833e-01
9.021960704940075182e-01 9.183766475237294946e-01 8.991606926176237691e-01 9.128131829458029367e-01
9.031068831412916165e-01 9.188144973018577133e-01 9.003489012670624625e-01 9.135662072704572312e-01
9.035261461059145294e-01 9.186733388518188992e-01 9.009754112822212502e-01 9.136765362607817131e-01
9.049285084358600351e-01 9.196093063511132648e-01 9.023508528097532455e-01 9.147100239010018674e-01
9.076609463777125519e-01 9.222849681298054270e-01 9.035606652528183069e-01 9.159585349367169727e-01
9.062441267041594362e-01 9.223464458372399033e-01 9.024012616615477711e-01 9.151263508613368680e-01
9.069525365409358830e-01 9.236978493507533861e-01 9.025344850555758747e-01 9.157042760966976891e-01
9.084994723069582667e-01 9.254459617448191899e-01 9.043960119396966535e-01 9.176186853564343160e-01
9.098584626060807201e-01 9.271039396096856233e-01 9.053249750656215955e-01 9.190587772021920898e-01
9.091211380820888310e-01 9.264645117686258757e-01 9.050765314389207505e-01 9.193212761227250729e-01
9.087741618355043016e-01 9.263488724038766442e-01 9.050081194257711958e-01 9.188895878805911632e-01
9.091066807384812209e-01 9.267048215531066280e-01 9.039135272153788758e-01 9.177292873179671018e-01
9.094536569850656393e-01 9.272188023462696327e-01 9.022248306802674866e-01 9.164369419157032404e-01
9.114776850901414873e-01 9.279754699142335195e-01 8.991840967273854179e-01 9.145610642915266153e-01
9.108993913458340863e-01 9.277825366708928323e-01 8.977276409737549034e-01 9.133575233696188400e-01
9.100319507293729293e-01 9.273660859973591464e-01 8.969535050354840999e-01 9.128993769255713264e-01
9.092801688617733191e-01 9.269361579075977575e-01 8.989590572104462218e-01 9.146372930284745184e-01
9.078922638754354235e-01 9.253976001943855501e-01 9.010186188694735421e-01 9.160821739551046061e-01
9.086295883994275346e-01 9.254411264194271070e-01 9.016883364718845106e-01 9.165542011886267382e-01
9.097138891700038421e-01 9.263243191092025430e-01 8.999600329817916133e-01 9.154801544597011009e-01
9.102921829143113541e-01 9.261404863212067129e-01 8.997583975746141771e-01 9.152143965930863434e-01
9.103500122887421275e-01 9.267171193417591546e-01 8.991642932498946639e-01 9.147004707591112060e-01
9.117523746186875222e-01 9.281387541493116844e-01 8.986782078933061024e-01 9.141534998851654770e-01
9.113475689976722194e-01 9.283613470794600531e-01 8.991138843981001383e-01 9.139058848639334265e-01
9.104222990067805110e-01 9.278599437126739957e-01 9.000428475240251913e-01 9.154388707234925038e-01
9.097717185444347265e-01 9.274022788828378827e-01 9.023724566033795025e-01 9.173586803045197247e-01
9.089331926151887897e-01 9.270352307404481351e-01 9.025884945396412951e-01 9.177768457295270021e-01
9.100319507293730403e-01 9.273741391928767008e-01 9.019907895826506650e-01 9.172444854938913705e-01
9.113041969668491671e-01 9.283987891162305273e-01 9.000716525821932379e-01 9.154253476691033287e-01
9.112608249360262258e-01 9.285489893283200846e-01 8.990418717526797998e-01 9.142366578593946747e-01
9.095982304211425173e-01 9.276003293660786131e-01 8.997187906196327800e-01 9.142934372722851810e-01
9.085283869941737089e-01 9.270218110872704420e-01 9.008385872559222518e-01 9.151334921733302874e-01
9.092512541745580990e-01 9.269954946917401406e-01 9.023004439579590530e-01 9.162095555859363083e-01
9.087018751174659181e-01 9.261567279986965273e-01 9.024912774683234717e-01 9.162464446510981686e-01
9.088030765227197438e-01 9.259570747700346383e-01 9.028369381663420290e-01 9.167445071506286070e-01
9.089042779279734585e-01 9.264958916180587867e-01 9.029233533408467238e-01 9.170398909203220095e-01
9.099885786985498770e-01 9.280086166180125939e-01 9.010042163403894078e-01 9.160830603865640631e-01
9.095548583903193540e-01 9.279515333049097592e-01 9.006441531132866052e-01 9.159010295786248479e-01
9.088609058971504062e-01 9.273996032031383008e-01 9.004857252933614609e-01 9.151320704552529106e-01
9.090633087076580576e-01 9.273507041581405819e-01 9.007557727136885628e-01 9.146674094894601259e-01
9.088030765227197438e-01 9.267597844836162890e-01 9.012094523798378498e-01 9.150627751549545996e-01
9.091066807384811099e-01 9.265628280765544345e-01 9.032870172002204212e-01 9.161643328559653243e-01
9.078344345010048722e-01 9.261988486245398278e-01 9.026136989655384468e-01 9.156764514665820531e-01
9.086585030866429769e-01 9.266085625846571805e-01 9.030241710444354419e-01 9.164613199164333146e-01
9.093235408925964824e-01 9.269609256824958843e-01 9.038811215249398234e-01 9.170034710356177454e-01
9.101331521346267550e-01 9.277295384300977554e-01 9.029989666185380681e-01 9.164251580951638942e-01
9.093524555798118136e-01 9.272176522724179248e-01 9.011626441603144411e-01 9.157015314758301106e-01
9.091066807384811099e-01 9.270593436909193574e-01 9.006513543778287278e-01 9.158342707370348279e-01
9.072850554439128024e-01 9.257047009068080090e-01 9.009502068563239874e-01 9.155903962877296465e-01
9.079790079370816391e-01 9.259267738473810905e-01 9.025668907460150381e-01 9.162079208900636429e-01
9.096705171391809008e-01 9.274719612233788268e-01 9.038631183635844613e-01 9.167284765479538633e-01
9.096271451083578485e-01 9.276836330603084324e-01 9.044752258496593367e-01 9.170726949530758620e-01
9.102632682270959119e-01 9.283359363917484952e-01 9.039675366994445183e-01 9.173076843317706786e-01
9.109427633766571386e-01 9.293650065200335098e-01 9.034382437556035539e-01 9.176071565658988627e-01
9.123884977374258076e-01 9.296430230513222925e-01 9.035642658850894238e-01 9.179428617141868196e-01
9.098150905752577788e-01 9.273488067618013142e-01 9.041259645193695516e-01 9.172442729763039537e-01
9.106391591608958835e-01 9.279727262539860799e-01 9.033122216261175730e-01 9.164766454211934477e-01
9.108560193150110340e-01 9.287560479380947420e-01 9.024480698810710688e-01 9.157769824632383537e-01
9.112608249360263368e-01 9.289895156678884547e-01 9.024912774683233607e-01 9.162151355379356543e-01
9.109283060330494175e-01 9.288759369099407470e-01 9.021852237252860895e-01 9.165601442718569469e-01
9.102488108834881908e-01 9.288218045523335409e-01 9.041943765325191062e-01 9.179092205642719327e-01
9.094681143286732494e-01 9.276940304663764403e-01 9.051305409229859489e-01 9.184355985029606373e-01
9.088175338663274649e-01 9.270417184488671802e-01 9.042447853843134098e-01 9.172655700294487513e-01
9.083404415272736676e-01 9.267219573439118285e-01 9.051197390261730424e-01 9.174161086397616405e-01
9.079067212190432556e-01 9.268677258672530783e-01 9.064303691728267109e-01 9.182129983456805977e-01
9.081669534039815694e-01 9.273609853702906580e-01 9.053969877110421560e-01 9.174090394058869169e-01
9.099162919805114935e-01 9.281152114527724262e-01 9.048028833863226428e-01 9.177167947600251008e-01
9.113620263412801625e-01 9.287013079384557335e-01 9.046624587277525276e-01 9.178350303927933496e-01
9.119547774291951736e-01 9.293741213719457495e-01 9.023760572356506193e-01 9.163668027964106955e-01
9.123306683629950342e-01 9.298398713829270079e-01 9.034526462846876882e-01 9.170467992570618954e-01
9.104078416631727899e-01 9.278266103591026326e-01 9.045256347014536402e-01 9.177684756114512510e-01
9.079934652806892492e-01 9.261627872153768148e-01 9.054653997241915997e-01 9.181315434014933885e-01
9.087597044918965805e-01 9.269717861384463298e-01 9.047992827540516370e-01 9.174798757851384545e-01
9.085139296505659878e-01 9.272739736057256099e-01 9.049217042512666120e-01 9.174885737841114164e-01
9.098584626060808311e-01 9.284384879242425503e-01 9.041187632548276509e-01 9.170131208212716212e-01
9.102343535398805807e-01 9.283437729414292239e-01 9.030997843221268973e-01 9.162379177587054446e-01
9.107981899405802606e-01 9.287253819721290604e-01 9.031861994966315921e-01 9.164206434204021923e-01
9.106536165045034936e-01 9.285763334936263380e-01 9.035246589301081377e-01 9.169569209326662307e-01
9.109716780638725808e-01 9.285682617614955392e-01 9.048928991930983434e-01 9.181476640968017078e-01
9.112752822796339469e-01 9.287075283874651754e-01 9.053249750656215955e-01 9.183571474896358167e-01
9.109427633766571386e-01 9.279104401644944211e-01 9.052925693751824321e-01 9.182246536697603601e-01
9.103789269759574587e-01 9.281644673172617654e-01 9.055302111050700375e-01 9.181534462036843314e-01
9.091645101129119944e-01 9.278937226628443113e-01 9.059262806548828983e-01 9.182392624064755760e-01
9.096994318263962320e-01 9.287914804564740834e-01 9.058290635835652971e-01 9.176618879575121346e-01
9.109283060330495285e-01 9.295762767408379812e-01 9.052529624202010350e-01 9.176361351269232136e-01
9.127210166404022829e-01 9.301023998855511010e-01 9.049433080448927580e-01 9.175110401428009377e-01
9.126631872659717315e-01 9.295663806010127095e-01 9.038847221572108293e-01 9.170294866137467249e-01
9.111307088435570689e-01 9.283487525452355227e-01 9.045148328046404007e-01 9.173060366551937239e-01
9.115065997773568185e-01 9.293339783686170863e-01 9.049469086771637638e-01 9.178523819267817574e-01
9.114343130593185460e-01 9.290650970161670186e-01 9.062755419851725724e-01 9.184407447931358659e-01
9.110728794691264065e-01 9.286550157445760956e-01 9.059838907712194356e-01 9.180789727238045650e-01
9.115210571209646506e-01 9.289549112938471076e-01 9.055914218536774696e-01 9.177861819547153965e-01
9.116222585262184763e-01 9.288682772831542422e-01 9.046912637859207962e-01 9.170467066735528139e-01
9.114776850901414873e-01 9.287324992854186778e-01 9.057606515704157424e-01 9.171639305170063983e-01
9.123306683629950342e-01 9.298551301380045819e-01 9.079102290362187633e-01 9.185840141497519928e-01
9.112319102488108946e-01 9.292275956205078291e-01 9.096781394812928356e-01 9.200536328016174492e-01
9.104512136939958422e-01 9.291880108699317464e-01 9.092100572860594143e-01 9.201384141923787396e-01
9.104512136939958422e-01 9.292726567313173147e-01 9.075069582218636688e-01 9.196209549423206564e-01
9.110005927510879120e-01 9.290116010387439172e-01 9.057786547317709935e-01 9.180217316350943735e-01
9.114921424337492084e-01 9.287686613461664242e-01 9.052565630524720408e-01 9.171964384375567159e-01
9.119547774291952846e-01 9.290232132221674100e-01 9.054365946660234421e-01 9.169919082815610745e-01
9.133715971027484004e-01 9.302990933036228149e-01 9.066104007863780012e-01 9.182606728322304512e-01
9.131402796050253068e-01 9.307350905522893125e-01 9.062179318688361462e-01 9.180174685800250867e-01
9.123884977374256966e-01 9.301278701666341187e-01 9.058326642158363029e-01 9.174906594446573527e-01
9.120848935216643305e-01 9.303386044429943214e-01 9.056742363959111586e-01 9.175422485252032745e-01
9.121427228960951039e-01 9.300637348795054438e-01 9.061675230170416206e-01 9.184499723556298623e-01
9.103210976015265743e-01 9.284658901395682618e-01 9.068444418839948229e-01 9.190384591976510364e-01
9.101042374474114238e-01 9.282752943865849593e-01 9.077482005840226131e-01 9.192014478494585639e-01
9.089765646460119530e-01 9.280168943132529602e-01 9.069344576907704125e-01 9.181397238835348196e-01
9.085283869941735979e-01 9.276928674064265357e-01 9.066752121672564391e-01 9.174669565052778752e-01
9.092801688617733191e-01 9.278475348929855482e-01 9.055266104727990317e-01 9.168924268815141776e-01
9.125186138298949645e-01 9.303385310208072134e-01 9.055626167955093120e-01 9.179458092341449271e-01
9.132848530411022958e-01 9.307439017477110443e-01 9.070568791879853876e-01 9.193187470468079381e-01
9.130969075742023655e-01 9.304836232189761525e-01 9.076545841449757956e-01 9.195076418146357344e-01
9.112174529052031735e-01 9.289014983870276243e-01 9.073341278728543902e-01 9.192704283705083190e-01
9.098295479188652779e-01 9.279909303813380639e-01 9.067508254449481164e-01 9.186359652211666393e-01
9.097138891700039531e-01 9.276928216393016680e-01 9.078994271394056348e-01 9.187718225759309298e-01
9.100897801038038137e-01 9.280712992530979477e-01 9.087059687681157127e-01 9.192791233230264147e-01
9.115788864953954240e-01 9.297121191610618895e-01 9.091488465374518713e-01 9.199628417290715010e-01
9.122728389885642608e-01 9.301269333263768591e-01 9.090696326274891881e-01 9.201580088994861795e-01
9.129812488253407077e-01 9.300308314319296610e-01 9.092460636087698056e-01 9.198919911923651993e-01
9.124318697682486379e-01 9.297882948777926870e-01 9.075609677059289782e-01 9.185513207253853674e-01
9.114776850901414873e-01 9.297109047903424628e-01 9.070928855106956679e-01 9.184224166286242275e-01
9.098150905752576678e-01 9.288915738393641597e-01 9.064231679082846993e-01 9.182312176529560110e-01
9.105957871300728312e-01 9.295260788355661496e-01 9.084971320963961539e-01 9.194020368610490435e-01
9.117523746186876332e-01 9.297460153826362372e-01 9.077193955258542335e-01 9.189050183941063210e-01
9.128077607020486095e-01 9.305270062043708990e-01 9.082918960569474898e-01 9.195260007595171814e-01
9.145570992785785336e-01 9.317628138936828730e-01 9.069452595875835410e-01 9.192025504190828311e-01
9.148751608379476208e-01 9.315855103139452087e-01 9.087275725617417477e-01 9.202162394683534030e-01
9.148607034943400107e-01 9.318656606073193460e-01 9.094512996482181366e-01 9.208016570273533929e-01
9.135017131952176683e-01 9.310511103625499496e-01 9.095089097645546738e-01 9.205619213719035132e-01
9.126198152351486792e-01 9.311118883267013313e-01 9.089904187175266159e-01 9.202089009699806477e-01
9.121860949269182672e-01 9.308173402361443749e-01 9.081226663402093280e-01 9.196837724203700271e-01
9.118969480547645112e-01 9.307426523038713206e-01 9.074961563250507623e-01 9.191992861998125042e-01
9.116222585262184763e-01 9.300527893535444068e-01 9.088031858394334250e-01 9.201049534208340930e-01
9.112608249360263368e-01 9.293753238784920878e-01 9.094152933255078564e-01 9.206126157473175642e-01
9.113764836848877726e-01 9.293188632366657931e-01 9.094404977514050081e-01 9.206372170507308716e-01
9.118824907111566791e-01 9.301019589082939465e-01 9.090696326274894101e-01 9.202145195831341606e-01
9.124463271118564700e-01 9.303605583319511929e-01 9.081622732951906141e-01 9.192817152825552007e-01
9.124318697682486379e-01 9.300894554737748621e-01 9.082126821469850286e-01 9.188201969308840145e-01
9.128511327328716618e-01 9.299518875626443526e-01 9.080218486366204989e-01 9.188737942881047838e-01
9.126776446095793416e-01 9.302409659901821337e-01 9.087095694003866075e-01 9.197893318806986684e-01
9.119258627419797314e-01 9.301830754160682613e-01 9.087635788844521390e-01 9.196973837097258686e-01
9.113041969668492781e-01 9.301289045707019643e-01 9.089976199820689606e-01 9.192979444475104511e-01
9.119692347728028947e-01 9.305285275843339088e-01 9.094512996482181366e-01 9.198550116000606680e-01
9.120415214908412782e-01 9.297904320906740239e-01 9.106935177817225835e-01 9.206507993004988677e-01
9.116800879006490277e-01 9.294095566710532941e-01 9.116044777462921633e-01 9.215072987052730369e-01
9.117957466495105745e-01 9.297537793746730728e-01 9.105818981813206259e-01 9.211496054984666948e-01
9.123451257066026443e-01 9.302441901026217153e-01 9.105963007104046492e-01 9.212056266182320208e-01
9.134149691335714527e-01 9.311397007656595504e-01 9.104450741550216275e-01 9.209086331163054417e-01
9.143257817808555510e-01 9.321173496784066481e-01 9.104738792131898961e-01 9.207594631049738076e-01
9.142390377192094464e-01 9.316939370213952465e-01 9.095125103968255686e-01 9.199534408480477543e-01
9.125764432043256269e-01 9.298556633084131828e-01 9.091344440083677370e-01 9.192145306115321324e-01
9.128222180456562196e-01 9.303108508961506207e-01 9.099121805789098794e-01 9.200723097053469246e-01
9.135017131952175573e-01 9.311048270898187873e-01 9.102254355864889401e-01 9.205455241425865021e-01
9.131402796050253068e-01 9.308306732822638763e-01 9.103910646709562071e-01 9.205450506990631165e-01
9.130679928869870343e-01 9.305092350503617604e-01 9.106035019749467718e-01 9.205873321897982686e-01
9.128800474200871040e-01 9.305365203269446717e-01 9.091380446406388538e-01 9.199435133874482862e-01
9.130824502305945334e-01 9.307970035480711557e-01 9.082234840437981571e-01 9.191612222369980323e-01
9.120704361780566094e-01 9.302941369595050247e-01 9.077806062744616655e-01 9.189532578411193642e-01
9.128222180456563306e-01 9.309871850402879900e-01 9.087599782521810221e-01 9.199561274123372323e-01
9.124752417990718012e-01 9.303487097815796858e-01 9.090444282015922584e-01 9.201662443742187891e-01
9.127933033584409994e-01 9.302804907793138511e-01 9.092100572860594143e-01 9.202358886132731008e-01
9.135161705388251674e-01 9.305354130629579501e-01 9.087239719294707418e-01 9.194177606640000500e-01
9.135161705388251674e-01 9.304972335842571773e-01 9.086303554904240354e-01 9.190529022807835124e-01
9.127933033584407774e-01 9.301554369247124754e-01 9.086771637099473331e-01 9.191669084318307981e-01
9.116656305570415286e-01 9.292369317399389317e-01 9.085619434772747027e-01 9.189762418754702233e-01
9.125186138298949645e-01 9.298861940263275505e-01 9.107043196785356010e-01 9.204698180193330304e-01
9.127065592967948948e-01 9.301629188068389897e-01 9.114244461327409841e-01 9.213374760920508555e-01
9.131691942922408600e-01 9.311251733492749150e-01 9.095773217777042285e-01 9.203571501850464909e-01
9.129234194509100453e-01 9.309565760974314319e-01 9.091956547569752800e-01 9.193297475305949318e-01
9.118102039931181846e-01 9.300850971602998563e-01 9.106395082976571631e-01 9.205875604730673345e-01
9.121282655524874938e-01 9.297905832142343563e-01 9.097861584494237874e-01 9.202984914195055932e-01
9.125909005479332370e-01 9.303176058000284243e-01 9.090912364211154451e-01 9.198561076092891531e-01
9.129812488253408187e-01 9.308810335012658310e-01 9.093288781510033836e-01 9.203629557865369293e-01
9.146004713094015859e-01 9.320359603321747288e-01 9.086015504322559888e-01 9.199397593115964389e-01
9.133426824155329582e-01 9.305729294645728178e-01 9.082882954246764839e-01 9.193736670045494774e-01
9.134005117899637316e-01 9.302746653552033118e-01 9.091632490665361166e-01 9.195528791307705507e-01
9.127933033584407774e-01 9.299468722307842050e-01 9.106287064008439236e-01 9.205604755823187935e-01
9.126198152351486792e-01 9.300565157432536534e-01 9.111255936542457246e-01 9.208088446746232059e-01
9.125619858607180168e-01 9.299762545303368322e-01 9.104342722582084990e-01 9.202226923889575971e-01
9.118102039931184066e-01 9.295306833079440834e-01 9.104450741550216275e-01 9.202260286739931683e-01
9.115210571209645396e-01 9.296092233753081580e-01 9.110895873315354443e-01 9.209791373037956586e-01
9.122005522705258773e-01 9.303466056567131215e-01 9.110355778474700239e-01 9.211265084038640083e-01
9.128222180456562196e-01 9.308410956167925132e-01 9.106611120912833091e-01 9.205435936628689753e-01
9.129667914817330976e-01 9.305359489187960964e-01 9.122525915550769859e-01 9.210788157663141185e-01
9.128222180456563306e-01 9.299414094682789678e-01 9.123822143168339727e-01 9.210255811401535375e-01
9.130101635125561499e-01 9.303144011056431184e-01 9.119033302247876449e-01 9.210169143078865694e-01
9.133571397591405683e-01 9.310218172091851985e-01 9.101822279992366482e-01 9.201646503909129970e-01
9.128077607020486095e-01 9.307404681391049373e-01 9.098293660366758573e-01 9.202882405638683760e-01
9.118680333675489580e-01 9.304680626051937686e-01 9.107511278980588987e-01 9.209358921446773039e-01
9.126921019531869517e-01 9.306708285818303672e-01 9.111940056673951682e-01 9.213545699197165373e-01
9.131981089794560802e-01 9.308977343141360272e-01 9.113380309582361782e-01 9.215982621938219044e-01
9.144414405297170978e-01 9.316334798631833447e-01 9.100742090311058075e-01 9.204376148298915039e-01
9.131981089794560802e-01 9.308051619971726698e-01 9.096313312617696489e-01 9.197749439126509108e-01
9.117234599314723020e-01 9.299094188858750831e-01 9.096097274681433920e-01 9.196636095565680069e-01
9.111162514999494588e-01 9.294427596779717415e-01 9.102902469673673780e-01 9.201302816302742160e-01
9.133426824155329582e-01 9.306250639215611908e-01 9.099589887984330661e-01 9.206504439418742303e-01
9.144558978733248189e-01 9.312991864892381511e-01 9.110067727893018663e-01 9.214948064724332033e-01
9.143691538116786033e-01 9.314254141263504927e-01 9.113848391777595870e-01 9.211835952613597334e-01
9.135884572568636619e-01 9.308873406822132379e-01 9.109707664665913640e-01 9.203401285375765184e-01
9.125475285171102957e-01 9.295666099619774858e-01 9.108699487630027569e-01 9.198524224994436560e-01
9.134005117899637316e-01 9.304504405911215859e-01 9.101894292637787709e-01 9.195853701794730606e-01
9.139209761598404702e-01 9.312186519549897623e-01 9.110823860669933216e-01 9.202768659067147583e-01
9.143691538116786033e-01 9.317923050097878246e-01 9.105458918586104566e-01 9.203483518080205483e-01
9.140077202214864638e-01 9.313366689483584260e-01 9.105386905940682229e-01 9.206048331799657758e-01
9.139065188162327491e-01 9.308191864287138628e-01 9.095449160872649541e-01 9.196946481740739809e-01
9.146293859966170281e-01 9.314612297870533686e-01 9.106323070331150404e-01 9.203935237222550247e-01
9.152944238025705337e-01 9.324378171961065220e-01 9.115756726881240057e-01 9.214202634603126940e-01
9.141378363139557317e-01 9.316141353184009821e-01 9.125730478271985024e-01 9.220102876875143627e-01
9.141812083447786730e-01 9.314267027396233578e-01 9.129439129511143225e-01 9.221343086581039739e-01
9.137619453801557601e-01 9.309198377547934777e-01 9.125802490917405141e-01 9.217082135094121220e-01
9.150197342740243878e-01 9.317119977342436243e-01 9.114892575136193109e-01 9.210031859785807740e-01
9.143546964680709932e-01 9.313515067166548977e-01 9.116980941853389808e-01 9.207332454523847742e-01
9.135739999132558298e-01 9.309896309917182755e-01 9.119177327538716682e-01 9.212536501673358469e-01
9.142534950628170565e-01 9.316321500357404028e-01 9.127494788084786759e-01 9.221323799624709938e-01
9.150631063048475511e-01 9.321373264829411198e-01 9.136640394053194836e-01 9.227708645874346249e-01
9.148028741199093483e-01 9.318960972885266258e-01 9.131563502551047762e-01 9.224202165322137326e-01
9.155401986439011264e-01 9.324175283790383517e-01 9.126414598403479461e-01 9.220890715171643492e-01
9.148896181815553419e-01 9.320112115682481768e-01 9.128070889248151021e-01 9.220360734899804012e-01
9.150920209920628823e-01 9.318932914372993759e-01 9.118493207407221135e-01 9.212638729997942866e-01
9.146872153710476905e-01 9.314860959335192758e-01 9.125658465626563798e-01 9.216346434346657235e-01
9.146004713094015859e-01 9.311562629159020332e-01 9.118457201084511077e-01 9.212285451675937820e-01
9.150052769304167777e-01 9.318021275684343907e-01 9.126954693244132555e-01 9.218587881598904188e-01
9.140944642831326794e-01 9.312289925264691792e-01 9.122237864969087173e-01 9.218277840635635823e-01
9.136029146004712720e-01 9.312888940628061274e-01 9.118061131534698216e-01 9.216223677854664675e-01
9.133715971027482894e-01 9.310262795906322220e-01 9.114712543522642818e-01 9.213125779314857988e-01
9.134149691335713417e-01 9.308991251169567160e-01 9.123966168459181070e-01 9.213591492783619330e-01
9.130969075742022545e-01 9.302939256649224165e-01 9.125226389754040879e-01 9.213619924087855795e-01
9.134149691335714527e-01 9.302956136893740791e-01 9.126882680598712438e-01 9.214253098175775314e-01
9.142245803756017253e-01 9.308706899703368398e-01 9.119177327538715572e-01 9.212052759042022032e-01
9.142824097500324987e-01 9.313928493056237157e-01 9.112588170482736061e-01 9.207004217520075029e-01
9.134583411643945050e-01 9.308366291438792128e-01 9.126486611048899578e-01 9.214130533183513272e-01
9.150197342740244988e-01 9.317136534004304416e-01 9.131923565778149454e-01 9.221364308340448401e-01
9.152799664589628126e-01 9.318074735492619665e-01 9.127314756471236468e-01 9.221426978459963397e-01
9.154100825514320805e-01 9.317531586973777369e-01 9.124650288590675506e-01 9.217469856815532214e-01
9.151498503664937667e-01 9.319693973052414204e-01 9.128106895570862189e-01 9.220336767884984575e-01
9.143980684988938235e-01 9.316572302702249564e-01 9.135776242308148998e-01 9.219477530550033162e-01
9.145570992785785336e-01 9.317974885429450849e-01 9.142617443623100026e-01 9.221958145248172478e-01
9.145137272477553703e-01 9.314275682937296352e-01 9.147622322479826984e-01 9.227609711284388005e-01
9.150341916176322199e-01 9.318887002780157358e-01 9.147622322479826984e-01 9.230792757247340274e-01
9.154100825514318585e-01 9.320424865121058611e-01 9.146938202348332547e-01 9.227681781577388165e-01
9.149908195868092786e-01 9.322494281916523517e-01 9.142077348782448043e-01 9.228866091328205012e-01
9.144269831861093767e-01 9.316967329732537273e-01 9.137756590057213302e-01 9.225821427866828239e-01
9.136462866312943243e-01 9.307682095580174231e-01 9.138368697543288732e-01 9.225221381931276721e-01
9.136318292876866032e-01 9.306231036925785016e-01 9.129151078929460539e-01 9.217077130343913627e-01
9.135739999132560518e-01 9.306485091118584796e-01 9.123390067295816808e-01 9.209878685632473250e-01
9.148607034943400107e-01 9.321600464217475457e-01 9.126378592080769403e-01 9.212432149296838624e-01
9.149474475559861153e-01 9.321706974678078961e-01 9.128646990411516393e-01 9.215901793718894730e-01
9.144125258425016556e-01 9.320508664419033806e-01 9.142077348782445823e-01 9.227270010590553628e-01
9.141089216267402895e-01 9.319972035328037974e-01 9.153239308822629372e-01 9.234966155903633345e-01
9.148896181815554529e-01 9.323056223266928955e-01 9.145389930471791162e-01 9.230369454754784320e-01
9.139209761598404702e-01 9.314459188770382037e-01 9.126522617371610746e-01 9.213622895560736881e-01
9.138631467854096968e-01 9.312070926081401634e-01 9.123354060973107860e-01 9.212049974767873017e-01
9.156269427055472310e-01 9.318732510034674066e-01 9.137360520507400441e-01 9.224972132299048555e-01
9.155980280183320108e-01 9.317944371557203009e-01 9.146290088539547058e-01 9.227121254705294984e-01
9.160895777009933072e-01 9.323360213781017869e-01 9.147298265575434240e-01 9.228471792334999035e-01
9.155546559875088475e-01 9.327069234372931117e-01 9.144237728145062638e-01 9.225876920657003488e-01
9.162486084806776843e-01 9.335786646551906820e-01 9.139664925160858600e-01 9.225127272959892100e-01
9.160606630137778650e-01 9.333259540955912703e-01 9.144705810340296726e-01 9.226756242552317522e-01
9.146727580274400804e-01 9.319019700338380119e-01 9.148522480547585101e-01 9.228083050038637936e-01
9.143402391244633831e-01 9.316406288794727431e-01 9.154103460567675210e-01 9.233457047713600208e-01
9.148173314635167364e-01 9.315115131428854944e-01 9.135920267598989231e-01 9.225074411301358301e-01
9.155112839566857952e-01 9.320957132992799821e-01 9.125622459303852629e-01 9.218422872777155552e-01
9.156992294235857255e-01 9.324232430277222816e-01 9.129007053638619196e-01 9.214920108110966623e-01
9.143113244372478299e-01 9.313202737233532424e-01 9.132643692232357280e-01 9.211896480097203632e-01
9.153522531770013071e-01 9.318691047778997483e-01 9.137288507861980325e-01 9.217360200495473554e-01
9.161907791062469109e-01 9.325981511416950864e-01 9.138224672252448499e-01 9.225119309357481256e-01
9.163498098859315100e-01 9.330026073582078361e-01 9.147226252930014123e-01 9.233752919001342319e-01
9.163498098859316210e-01 9.329947246046939036e-01 9.151402986364405301e-01 9.233071658738613019e-01
9.165666700400467715e-01 9.328618909565311590e-01 9.151366980041695243e-01 9.228289413939635422e-01
9.162630658242855164e-01 9.328385932235030431e-01 9.139484893547307198e-01 9.223141779843573307e-01
9.162775231678931265e-01 9.326524418144197526e-01 9.140277032646932920e-01 9.228613900442668161e-01
9.151064783356706034e-01 9.318135728016321284e-01 9.139520899870017256e-01 9.228429346342696959e-01
9.145715566221862547e-01 9.315599285695675968e-01 9.141033165423849693e-01 9.228762185894777703e-01
9.148896181815553419e-01 9.319561054929069721e-01 9.138908792383941826e-01 9.225772658218369671e-01
9.150920209920628823e-01 9.322966659542089030e-01 9.141285209682820101e-01 9.227958958454068883e-01
9.160028336393472026e-01 9.326491859432203269e-01 9.151511005332535476e-01 9.232528286919960969e-01
9.155257413002934053e-01 9.322505879358926606e-01 9.157812111806833411e-01 9.238201814087063646e-01
9.152221370845320392e-01 9.321172474802091878e-01 9.149350625969918660e-01 9.232532640165739268e-01
9.149329902123783942e-01 9.319001625846251580e-01 9.155759751412347880e-01 9.232010822655971616e-01
9.154245398950396906e-01 9.326167551130816191e-01 9.152627201336553942e-01 9.230720232143886372e-01
9.153088811461782548e-01 9.323157058011757314e-01 9.151943081205060615e-01 9.233046607849010323e-01
9.159016322340931548e-01 9.326532004017937805e-01 9.149206600679079537e-01 9.232597626764206256e-01
9.146727580274400804e-01 9.318302273508560774e-01 9.151294967396275126e-01 9.231940152585648152e-01
9.143257817808554400e-01 9.318321974673805519e-01 9.146686158089359919e-01 9.232295584385552534e-01
9.149329902123783942e-01 9.322474329805883198e-01 9.141105178069268700e-01 9.226472794808608935e-01
9.147016727146553006e-01 9.317144635366753080e-01 9.142977506850201719e-01 9.224723180350536955e-01
9.145715566221862547e-01 9.316980329207478206e-01 9.140385051615063094e-01 9.223817605516224649e-01
9.150486489612398300e-01 9.317924374855147684e-01 9.137720583734503244e-01 9.224345391639215963e-01
9.151643077101011547e-01 9.320439365332804371e-01 9.139556906192727315e-01 9.227327987031910261e-01
