8.802209082103253923e-01 9.069011754250667634e-01 8.821981139888162016e-01 9.059822714537355548e-01
8.814497824169786888e-01 9.076292971702575318e-01 8.831702847019936575e-01 9.065090710209717795e-01
8.825051685003397761e-01 9.078270238819537985e-01 8.838436029366756319e-01 9.066888733456153204e-01
8.834015238040162643e-01 9.088234450032449674e-01 8.825041677318538058e-01 9.055979344633665606e-01
8.858303575301076371e-01 9.102387017350459519e-01 8.840056313888717821e-01 9.066135302908617799e-01
8.902253899868437514e-01 9.130493202235963057e-01 8.860867968415254703e-01 9.080181489493731606e-01
8.932758894880655776e-01 9.143089763955225546e-01 8.885532299471785578e-01 9.098289882542318630e-01
8.969191400772020817e-01 9.161762552334673515e-01 8.906055903416639774e-01 9.113523557928981944e-01
8.970637135132791817e-01 9.161193306672001935e-01 8.913725250153926583e-01 9.117437184328874844e-01
9.004756466046929253e-01 9.180748686070849818e-01 8.924203090062614585e-01 9.126189010143543889e-01
9.030924257976838954e-01 9.191625325096269838e-01 8.951495882676997473e-01 9.150024073278627545e-01
9.051598259335829066e-01 9.206193651195070382e-01 8.966150456020077764e-01 9.162590915657755630e-01
9.065332735763131922e-01 9.217719072226007171e-01 8.967950772155590666e-01 9.162888357400416073e-01
9.055212595237751572e-01 9.214692025456527880e-01 8.960209412772883741e-01 9.154615685995209917e-01
9.041767265682603139e-01 9.202756028160403723e-01 8.959993374836622282e-01 9.152328030104659451e-01
9.008081655076697336e-01 9.172433550600377350e-01 8.918946166946916110e-01 9.123291817515293278e-01
8.943457329150341639e-01 9.111759285551639387e-01 8.902995365986265952e-01 9.110703072558880011e-01
8.920036432505891177e-01 9.091787772238860699e-01 8.903319422890658696e-01 9.107070217075249330e-01
8.926831384001503444e-01 9.108037424521410186e-01 8.883767989658983844e-01 9.095457314425421380e-01
8.942156168225648960e-01 9.120743407628404409e-01 8.874046282527212615e-01 9.093422910409808546e-01
8.961239861787796412e-01 9.134541609123085770e-01 8.881823648232629598e-01 9.102395150786583011e-01
8.972950310110020533e-01 9.140119439040585991e-01 8.886396451216832526e-01 9.107554543277172066e-01
8.969046827335945826e-01 9.130057156771970162e-01 8.877934965379921106e-01 9.098968667409119693e-01
8.963553036765026238e-01 9.128426592615245250e-01 8.843512920868904503e-01 9.070428328711752641e-01
8.949529413465568961e-01 9.117438825745592945e-01 8.827130044035733647e-01 9.058915218575835926e-01
8.960661568043486458e-01 9.120299697785780868e-01 8.844953173777314603e-01 9.073877098169635946e-01
8.990588269311396985e-01 9.124801954886094801e-01 8.882219717782442459e-01 9.100859233647555779e-01
8.969046827335943606e-01 9.094257256964545233e-01 8.884056040240666530e-01 9.101734919495313436e-01
8.955746071216874604e-01 9.077512520748356462e-01 8.871741877873753346e-01 9.095589319924566318e-01
8.932903468316730766e-01 9.062672157085216451e-01 8.864756651267963194e-01 9.094722549023548375e-01
8.925963943385043509e-01 9.070008650729115551e-01 8.856619222335442299e-01 9.092835725709852435e-01
8.925674796512890197e-01 9.075087948452549291e-01 8.871705871551044398e-01 9.100155818297025467e-01
8.944180196330726584e-01 9.087754634741094240e-01 8.891293311105429309e-01 9.108397861490842295e-01
8.938397258887652574e-01 9.094431893296623937e-01 8.873398168718427126e-01 9.091176383297580044e-01
8.943746476022496061e-01 9.102913109039801887e-01 8.850714185410959445e-01 9.070469713876624374e-01
8.957336379013719485e-01 9.115626268261664000e-01 8.827454100940124171e-01 9.054279879846773849e-01
8.955601497780798503e-01 9.111205783391675972e-01 8.850570160120116991e-01 9.077895771968721439e-01
8.953432896239645888e-01 9.108999943534615840e-01 8.872714048586931579e-01 9.090181118834005369e-01
8.955023204036491880e-01 9.106589255619119694e-01 8.889168938065523662e-01 9.098656125372769354e-01
8.961384435223870293e-01 9.105952777119253883e-01 8.898998664165427286e-01 9.107339923689062866e-01
8.957047232141566173e-01 9.104596648301114259e-01 8.901951182627669823e-01 9.111710856868475705e-01
8.959504980554872100e-01 9.114539968907995338e-01 8.885676324762628031e-01 9.101633399129233082e-01
8.935216643293961702e-01 9.092112134456319383e-01 8.861876145451140774e-01 9.083469813049507291e-01
8.948951119721263447e-01 9.097324426352900728e-01 8.879051161383937352e-01 9.097429129049363628e-01
8.988130520898089948e-01 9.122156747681784417e-01 8.897234354352624441e-01 9.111823006589075957e-01
8.983070450635399773e-01 9.122225004393016423e-01 8.881571603973659190e-01 9.099280935551241623e-01
8.972661163237866111e-01 9.119528332444161167e-01 8.856619222335442299e-01 9.079806311415611342e-01
8.939842993248420244e-01 9.095293499263822357e-01 8.844629116872921859e-01 9.068380382074046064e-01
8.921915887174889370e-01 9.085478425189856821e-01 8.843296882932644154e-01 9.068739690371622197e-01
8.935216643293961702e-01 9.098537072158753292e-01 8.851902394060398027e-01 9.077324434181976986e-01
8.954011189983952512e-01 9.113153124782806813e-01 8.873830244590950045e-01 9.093301170610890161e-01
8.954734057164336347e-01 9.113964497744773130e-01 8.875198484853941139e-01 9.093920077148339720e-01
8.946204224435801988e-01 9.105746983332022593e-01 8.866809011662447615e-01 9.089376427076392151e-01
8.953432896239643668e-01 9.111618291162879579e-01 8.865980866240112945e-01 9.089423677758206033e-01
8.957914672758028329e-01 9.121864355404675218e-01 8.848589812371052687e-01 9.075241459285993129e-01
8.954155763420029723e-01 9.130499945612073898e-01 8.830550644693206941e-01 9.056979833676096492e-01
8.961673582096025825e-01 9.129349419776717767e-01 8.826986018744891194e-01 9.056118624191005217e-01
8.972372016365712799e-01 9.132354375554749826e-01 8.838075966139655737e-01 9.061707140985966191e-01
8.981190995966401580e-01 9.131718814905146475e-01 8.868825365734221977e-01 9.078393199406737946e-01
8.969914267952407982e-01 9.121008113478533685e-01 8.874874427949548394e-01 9.083201456318730216e-01
8.961095288351716981e-01 9.110382399837470002e-01 8.880923490164871481e-01 9.092852192534444100e-01
8.963408463328947917e-01 9.112739010766192083e-01 8.882255724105152517e-01 9.097456522952038771e-01
8.976998366320173561e-01 9.133550461840400647e-01 8.875486535435621605e-01 9.093286817844167258e-01
8.992178577108241866e-01 9.143196931305667130e-01 8.883659970690853669e-01 9.094648163161013210e-01
9.005334759791236987e-01 9.153230711100261985e-01 8.885784343730759316e-01 9.095744337066701268e-01
9.022538998684381806e-01 9.159479697256314168e-01 8.895290012926269085e-01 9.100851295736467339e-01
9.023984733045149476e-01 9.156190032790243460e-01 8.902239233209352509e-01 9.105929631542400982e-01
8.997672367679163674e-01 9.134964501556379624e-01 8.883011856882067070e-01 9.098119585213391147e-01
8.974685191342943735e-01 9.114041107808673603e-01 8.878259022284313851e-01 9.094889684711919831e-01
8.959794127427026522e-01 9.103813868471563042e-01 8.885532299471787798e-01 9.100003399308762564e-01
8.973094883546096634e-01 9.114374784013745678e-01 8.891509349041690768e-01 9.099586942313869775e-01
8.980757275658171057e-01 9.131621866834030987e-01 8.868609327797960518e-01 9.082642217025859166e-01
9.010250256617848841e-01 9.153401810508011716e-01 8.874334333108893080e-01 9.088366386209477676e-01
8.997094073934855940e-01 9.143907477935201422e-01 8.877826946411788711e-01 9.090983123446788605e-01
9.000130116092469601e-01 9.148442876056724904e-01 8.863028347777870408e-01 9.084204134086999449e-01
8.959938700863103733e-01 9.117375037930358639e-01 8.830190581466105249e-01 9.058437011316740062e-01
8.938108112015498152e-01 9.107402962821344872e-01 8.824681614091434145e-01 9.049551354761440347e-01
8.949818560337723383e-01 9.116659947933366537e-01 8.842000655315073177e-01 9.062535894040495421e-01
8.978588674117018442e-01 9.138093590506097819e-01 8.852082425673948318e-01 9.070240034997145706e-01
9.009310529283348634e-01 9.151855194669979987e-01 8.862092183387402233e-01 9.080350108069301651e-01
9.016466914369154484e-01 9.158035872063413629e-01 8.873506187686557301e-01 9.091154772834636466e-01
9.021526984631843549e-01 9.164356836923541749e-01 8.881787641909919540e-01 9.094628418260607416e-01
9.016756061241308906e-01 9.172913336327579437e-01 8.869797536447400210e-01 9.082609479450525214e-01
9.018635515910307099e-01 9.170771331890064104e-01 8.876242668212538378e-01 9.088522934442397894e-01
9.004178172302621519e-01 9.156084199761486131e-01 8.868393289861700168e-01 9.088362681369130947e-01
9.002877011377929950e-01 9.148841144629398237e-01 8.880743458551321190e-01 9.099738068954323911e-01
9.033237432954068780e-01 9.168694724132652185e-01 8.889168938065523662e-01 9.102535397638675807e-01
9.049718804666830874e-01 9.180134146319333110e-01 8.888484817934029225e-01 9.101276398302171611e-01
9.046249042200986690e-01 9.184151747322831794e-01 8.874082288849922673e-01 9.091110367355892397e-01
9.032514565773683834e-01 9.171082876808526185e-01 8.876242668212537268e-01 9.092822136465745775e-01
8.991889430236088554e-01 9.144342787079977608e-01 8.848481793402920292e-01 9.073165141879019346e-01
8.975697205395480882e-01 9.141943313928780901e-01 8.842720781769278782e-01 9.070752164741753276e-01
8.994347178649393371e-01 9.153294304830031924e-01 8.872209960068988543e-01 9.089649244189835775e-01
9.023840159609074485e-01 9.165860879272684780e-01 8.909908579946637097e-01 9.113071430002956941e-01
9.029912243924301807e-01 9.169336033546561238e-01 8.915849623193833340e-01 9.114007609867695869e-01
9.010828550362156575e-01 9.159669195217919890e-01 8.895902120412344516e-01 9.098032241621194505e-01
9.020948690887535815e-01 9.167724323505237471e-01 8.885316261535523008e-01 9.095811459371089258e-01
9.030056817360376797e-01 9.174793967333095823e-01 8.873002099168614265e-01 9.090438738360039350e-01
9.041044398502220414e-01 9.183302708307433670e-01 8.888592836902160510e-01 9.101150835203746237e-01
9.040610678193988781e-01 9.181859666132627940e-01 8.905443795930566564e-01 9.111552834421176028e-01
9.011406844106464309e-01 9.166963921424762241e-01 8.891617368009820943e-01 9.096468784464855073e-01
9.018780089346383200e-01 9.169589080961439986e-01 8.886432457539544805e-01 9.090694241524417407e-01
9.059116078011826279e-01 9.189073223316901462e-01 8.908684364974490677e-01 9.107221208618972996e-01
9.075597449724588373e-01 9.206519088420348496e-01 8.907820213229443729e-01 9.108096076883541725e-01
9.054489728057366627e-01 9.189686415616709070e-01 8.919630287078409436e-01 9.114934120844142562e-01
9.043213000043373029e-01 9.183891152752913234e-01 8.910880750659815330e-01 9.111565168559491168e-01
9.031936272029377211e-01 9.175004861776077103e-01 8.920602457791587669e-01 9.118231205496623026e-01
9.033526579826223202e-01 9.180308262932592722e-01 8.910340655819161126e-01 9.113554991480202760e-01
9.027454495510994770e-01 9.177807436267088059e-01 8.916137673775514916e-01 9.115512897720470242e-01
9.018635515910305989e-01 9.164490891567184105e-01 8.915849623193832230e-01 9.111939158288822060e-01
9.011840564414694832e-01 9.163050906688878783e-01 8.890825228910196332e-01 9.098966319019483606e-01
9.021237837759690237e-01 9.167868029763789339e-01 8.883119875850199465e-01 9.100030560738632257e-01
9.039454090705373313e-01 9.180520435584414995e-01 8.883551951722723494e-01 9.100396236341818934e-01
9.050441671847215819e-01 9.185869446686076856e-01 8.906379960321031408e-01 9.113293031524822840e-01
9.041188971938296515e-01 9.180474954510449148e-01 8.901627125723278189e-01 9.105867759212838974e-01
9.037430062600296798e-01 9.184626636490750284e-01 8.888736862193001853e-01 9.100727170697622270e-01
9.027599068947070871e-01 9.174693410695368145e-01 8.905155745348882768e-01 9.113338947865951001e-01
9.005045612919082565e-01 9.154849502989708121e-01 8.908792383942620852e-01 9.115338219377318030e-01
9.032514565773683834e-01 9.176009160236673345e-01 8.910160624205610835e-01 9.119159558339563487e-01
9.034827740750914771e-01 9.179401516276114448e-01 8.908108263811125305e-01 9.116144574591680261e-01
9.016756061241306686e-01 9.175767518801226652e-01 8.892121456527768419e-01 9.101142455884617677e-01
8.997816941115238665e-01 9.166752841409187003e-01 8.890393153037673413e-01 9.096999908711620453e-01
9.005045612919082565e-01 9.158792611681259022e-01 8.906307947675611292e-01 9.108330662724776206e-01
9.026297908022379302e-01 9.165650021550435511e-01 8.914553395576262362e-01 9.117870564971094494e-01
9.034683167314837560e-01 9.171019433486724548e-01 8.923879033158221841e-01 9.127584659017716762e-01
9.030924257976840064e-01 9.169952407262513816e-01 8.921718653795606135e-01 9.125913811038260937e-01
9.025430467405919366e-01 9.171825395882871046e-01 8.903715492440471557e-01 9.107395336981771727e-01
9.040176957885759368e-01 9.179233238681634433e-01 8.919162204883176459e-01 9.120702843022583384e-01
9.053477714004829480e-01 9.186535440680445586e-01 8.935185018489247843e-01 9.134362087899891014e-01
9.061429252989056105e-01 9.194987315701227404e-01 8.924347115353457038e-01 9.127578856355066383e-01
9.045237028148448433e-01 9.184855089953056773e-01 8.905587821221406797e-01 9.114728866928948348e-01
9.015310326880539016e-01 9.159198885457469075e-01 8.903067378631687179e-01 9.110518117612633748e-01
9.009382816001387795e-01 9.152730056719460272e-01 8.895434038217111539e-01 9.107639041934650903e-01
9.037285489164221808e-01 9.177152778916313203e-01 8.911024775950657784e-01 9.119119317920889589e-01
9.053622287440905581e-01 9.190213443803207927e-01 8.919270223851308854e-01 9.120764991161022239e-01
9.058104063959288021e-01 9.190293436597857246e-01 8.921106546309530705e-01 9.122509860521231806e-01
9.051164539027598543e-01 9.185175712846275209e-01 8.906595998257293978e-01 9.111849004919646555e-01
9.040755251630065992e-01 9.179047315085402392e-01 8.915345534675889194e-01 9.115978453089440547e-01
9.045526175020601745e-01 9.185390229675172158e-01 8.935473069070928309e-01 9.127607625162440508e-01
9.049140510922523140e-01 9.191965155124185438e-01 8.925823374584578307e-01 9.122575514145230269e-01
9.051598259335830177e-01 9.195326498329163822e-01 8.923374944640278805e-01 9.123656231924228699e-01
9.061573826425131095e-01 9.202086079891735881e-01 8.928811899369529792e-01 9.126469545281827855e-01
9.060706385808670049e-01 9.203081109727168085e-01 8.932808601190369568e-01 9.127705302634988582e-01
9.068657924792897784e-01 9.208094218768835271e-01 8.936157189202422746e-01 9.132239981299302700e-01
9.073573421619511858e-01 9.204709239080860472e-01 8.931440360927378475e-01 9.127792776692701393e-01
9.057092049906749764e-01 9.195540126994992125e-01 8.907532162647761043e-01 9.111919286359252412e-01
9.030490537668609541e-01 9.178964421236202043e-01 8.902707315404585486e-01 9.105792835706155719e-01
9.041044398502219304e-01 9.189788979992884466e-01 8.913905281767477984e-01 9.117697294262686603e-01
9.051453685899751855e-01 9.196799609627679395e-01 8.918478084751683133e-01 9.124950453626551328e-01
9.036273475111683551e-01 9.187070475680096937e-01 8.912933111054299751e-01 9.116586884295920790e-01
9.032369992337607734e-01 9.182360415886825500e-01 8.917613933006636184e-01 9.122308007685827613e-01
9.034538593878760349e-01 9.183339239070514859e-01 8.911096788596077900e-01 9.116245719489670662e-01
9.043213000043370808e-01 9.186074495676300744e-01 8.909332478783273945e-01 9.118060136459340548e-01
9.047983923433908782e-01 9.190017494104038009e-01 8.912897104731590803e-01 9.119232065170056467e-01
9.060850959244749481e-01 9.200318998359983125e-01 8.922546799217943025e-01 9.121404107714465859e-01
9.054489728057366627e-01 9.190050333514149239e-01 8.927515671751959925e-01 9.122865475969968996e-01
9.061429252989054994e-01 9.193690694547703712e-01 8.928019760269902960e-01 9.125051552806908717e-01
9.069959085717590463e-01 9.206094726782951820e-01 8.923050887735886061e-01 9.121863471558077086e-01
9.051887406207983489e-01 9.199372753343757481e-01 8.909872573623928149e-01 9.118027191461679504e-01
9.032803712645838257e-01 9.178325564417477711e-01 8.913401193249536059e-01 9.117415710946883411e-01
9.024563026789458320e-01 9.162918412070630847e-01 8.920602457791587669e-01 9.122134282341572975e-01
9.034394020442684248e-01 9.166171882066884713e-01 8.934806952100791122e-01 9.131942974892045539e-01
9.071115673206205932e-01 9.192693713227523267e-01 8.945230782525410707e-01 9.138103250627898078e-01
9.068657924792898894e-01 9.193356963074623689e-01 8.942386283031300565e-01 9.137947625122621043e-01
9.063742427966285931e-01 9.194480378803038256e-01 8.920674470437008896e-01 9.122827143975891229e-01
9.044514160968063488e-01 9.179289946377503506e-01 8.929532025823734287e-01 9.125607555189464426e-01
9.035116887623069193e-01 9.180899025174097394e-01 8.903427441858791092e-01 9.104856505256819776e-01
9.051598259335827956e-01 9.188465927888983531e-01 8.903895524054024069e-01 9.106545315379852568e-01
9.078199771573970400e-01 9.204782933948083556e-01 8.922654818186073200e-01 9.121318532366569087e-01
9.088609058971504062e-01 9.217468226335162607e-01 8.919918337660093233e-01 9.121944700037125653e-01
9.072416834130896390e-01 9.210044753464634582e-01 8.920962521018691582e-01 9.121560564025407158e-01
9.071838540386589766e-01 9.207056987198825038e-01 8.930684228150461701e-01 9.132307408553386185e-01
9.072995127875205235e-01 9.200988529072270383e-01 8.929135956273920316e-01 9.131431389759037121e-01
9.056369182726367040e-01 9.192540069139736314e-01 8.906595998257293978e-01 9.110957640960916093e-01
9.039598664141450524e-01 9.185510381986558004e-01 8.897450392288884791e-01 9.100656632324457540e-01
9.055212595237750461e-01 9.188888233776936199e-01 8.924059064771773242e-01 9.118779311283008449e-01
9.051598259335830177e-01 9.181678377586848239e-01 8.933600740289995290e-01 9.127806587516130721e-01
9.058971504575750178e-01 9.186167979711927778e-01 8.942494301999430739e-01 9.134049628889343575e-01
9.067212190432131225e-01 9.190686607499934935e-01 8.947283142919896237e-01 9.141941896565268788e-01
9.059549798320056802e-01 9.184337424496031854e-01 8.934968980552984164e-01 9.137742784422387965e-01
9.064176148274515343e-01 9.195892393493633188e-01 8.912465028859066773e-01 9.120576582652304420e-01
9.077187757521434364e-01 9.209478213162738403e-01 8.911816915050283505e-01 9.114752789403662847e-01
9.081524960603738483e-01 9.208917386006444383e-01 8.922402773927101682e-01 9.119307756513320706e-01
9.066778470123899591e-01 9.199492611189215019e-01 8.918334059460841790e-01 9.114367009065900138e-01
9.071983113822666978e-01 9.201601442597461267e-01 8.899934828555894351e-01 9.103425756044779549e-01
9.059983518628287325e-01 9.196436095096102159e-01 8.909476504074114178e-01 9.111300585960946385e-01
9.076031170032818896e-01 9.206141813826187459e-01 8.937237378883731154e-01 9.134415792716314986e-01
9.090488513640504475e-01 9.219557865782298522e-01 8.942602320967560914e-01 9.137948828633183362e-01
9.086729604302504759e-01 9.213830616121956307e-01 8.938677631792142364e-01 9.135076693122313740e-01
9.071983113822665867e-01 9.204189331435357335e-01 8.934680929971302588e-01 9.128807924123298889e-01
9.072995127875203014e-01 9.204596457071910764e-01 8.932844607513078516e-01 9.127776369140661039e-01
9.075019155980280638e-01 9.201837676516277931e-01 8.936841309333919403e-01 9.127843858273991806e-01
9.072416834130896390e-01 9.203334517473884535e-01 8.936985334624760746e-01 9.123960842773340962e-01
9.064176148274515343e-01 9.197700352060713680e-01 8.936049170234293682e-01 9.120275917250240116e-01
9.072705981003049702e-01 9.207558219543972022e-01 8.922294754958970397e-01 9.116892441951143233e-01
9.058393210831441333e-01 9.200007315497402693e-01 8.915741604225702055e-01 9.116568737694907831e-01
9.059405224883980701e-01 9.198497958509745942e-01 8.929460013178313060e-01 9.125726213678705401e-01
9.057092049906749764e-01 9.192399309456189549e-01 8.951135819449895781e-01 9.139141347738842791e-01
9.061718399861209416e-01 9.192631272093644279e-01 8.954628432752791412e-01 9.144168324234737133e-01
9.059549798320056802e-01 9.196560537439228966e-01 8.936913321979338409e-01 9.130839137719461984e-01
9.065621882635283013e-01 9.200058352502674675e-01 8.930360171246071177e-01 9.124601977255122343e-01
9.065911029507437435e-01 9.193321928096820361e-01 8.937633448433546235e-01 9.130366639482512259e-01
9.073139701311281335e-01 9.193186261835797346e-01 8.939181720310086510e-01 9.130320991447592460e-01
9.067645910740359527e-01 9.192380545960366911e-01 8.927911741301772786e-01 9.124461241788778265e-01
9.071983113822665867e-01 9.201491649119246663e-01 8.929640044791866682e-01 9.125059104729966730e-01
9.079067212190432556e-01 9.212190589302466925e-01 8.931980455768031568e-01 9.122746811434638836e-01
9.083982709017045520e-01 9.215512532336209706e-01 8.932844607513078516e-01 9.121926415861485449e-01
9.081235813731585171e-01 9.217162443354619539e-01 8.925103248130372702e-01 9.115403843353853119e-01
9.069814512281513252e-01 9.205520425895312719e-01 8.913905281767477984e-01 9.110201864473184141e-01
9.062007546733362728e-01 9.196573313527816040e-01 8.906307947675611292e-01 9.107637504428274244e-01
9.066633896687822380e-01 9.198531526212607723e-01 8.918442078428971964e-01 9.117621739030856709e-01
9.081814107475892905e-01 9.204461420846035136e-01 8.938641625469433416e-01 9.129535588869239771e-01
9.092946262053809292e-01 9.206499441548041673e-01 8.961145577163349696e-01 9.143655770589410592e-01
9.090777660512657787e-01 9.202906806877640955e-01 8.962081741553816761e-01 9.143210827858978540e-01
9.085573016813890401e-01 9.202665356647312667e-01 8.974935998761383038e-01 9.148164805188832016e-01
9.077332330957509354e-01 9.201436335711670189e-01 8.958589128250920020e-01 9.134630440569732057e-01
9.070971099770128721e-01 9.203554550422399227e-01 8.942386283031300565e-01 9.122713050939019741e-01
9.080079226242970813e-01 9.216483207512190523e-01 8.938317568565040672e-01 9.125815709311435597e-01
9.090633087076580576e-01 9.221298465884533169e-01 8.947679212469710208e-01 9.130840950934284717e-01
9.093813702670271448e-01 9.218377089497022947e-01 8.949263490668961651e-01 9.134442931373796259e-01
9.088464485535427961e-01 9.215705278140480239e-01 8.936697284043078060e-01 9.125625763702134297e-01
9.092801688617733191e-01 9.220793252201514578e-01 8.934068822485229378e-01 9.122849443689838855e-01
9.082681548092353951e-01 9.205285056825416312e-01 8.949047452732700192e-01 9.129750294299185942e-01
9.085717590249968723e-01 9.208440239746540357e-01 8.957652963860452955e-01 9.138117941946313216e-01
9.077187757521433253e-01 9.207626990527492117e-01 8.948579370537467215e-01 9.131122532725983731e-01
9.091789674565194934e-01 9.222407951087565614e-01 8.948003269374101842e-01 9.127756144736751676e-01
9.105668724428572780e-01 9.227422513383222169e-01 8.963774038721198378e-01 9.142694580076998756e-01
9.127354739840102260e-01 9.237531271511307818e-01 8.975872163151850103e-01 9.153078231567008949e-01
9.119836921164106158e-01 9.231864724814073941e-01 8.980877042008578170e-01 9.158716634978779636e-01
9.093958276106348659e-01 9.217143807269672084e-01 8.959525292641388194e-01 9.144123819886139648e-01
9.071404820078359243e-01 9.201464327192856452e-01 8.951171825772605839e-01 9.138273489951879158e-01
9.064465295146669765e-01 9.192160240346974875e-01 8.956320729920174140e-01 9.138623528371986326e-01
9.068079631048592271e-01 9.197974942726653280e-01 8.949551541250642117e-01 9.133697677374005286e-01
9.070826526334051509e-01 9.201356330229135683e-01 8.939541783537189312e-01 9.130418627604333093e-01
9.083115268400584474e-01 9.211750291618610031e-01 8.964674196788956495e-01 9.148843702005857725e-01
9.103066402579190752e-01 9.222467183715458150e-01 8.985521857638200105e-01 9.159565198912408279e-01
9.115644291517875919e-01 9.227088893010764181e-01 8.983865566793528545e-01 9.159340885238427266e-01
9.082536974656276740e-01 9.201089265412281115e-01 8.961289602454189929e-01 9.141031035863995680e-01
9.078344345010047611e-01 9.200649506935508759e-01 8.952504059712884654e-01 9.132651825432116510e-01
9.087886191791120227e-01 9.205865546730047644e-01 8.974719960825120468e-01 9.145350842380579603e-01
9.090633087076580576e-01 9.208751564317962934e-01 8.975836156829140045e-01 9.143367424686086320e-01
9.096849744827885109e-01 9.213426258203635255e-01 8.978104555159887035e-01 9.143262419263780139e-01
9.099018346369037724e-01 9.217733698305031753e-01 8.970507221068020343e-01 9.136906138946515599e-01
9.102198961962728596e-01 9.225596843308345729e-01 8.957364913278771379e-01 9.131355973471274590e-01
9.095259437031039118e-01 9.219628721898209811e-01 8.953008148230829910e-01 9.131811161323000192e-01
9.093958276106347549e-01 9.215842813419969914e-01 8.947751225115130325e-01 9.132670633418298323e-01
9.079645505934740290e-01 9.202474470055056477e-01 8.947751225115129214e-01 9.130211067508398060e-01
9.090199366768350053e-01 9.211563409741184705e-01 8.962009728908395534e-01 9.140101362918577887e-01
9.101909815090575284e-01 9.214661362464132699e-01 8.976556283283344539e-01 9.146841190616108452e-01
9.101186947910190339e-01 9.218986063499936545e-01 8.975980182119980277e-01 9.145096603703084526e-01
9.115933438390029231e-01 9.234035467820773668e-01 8.974287884952596439e-01 9.146772187715384028e-01
9.117957466495105745e-01 9.235822559946387234e-01 8.975152036697644498e-01 9.150558371212247355e-01
9.110295074383032432e-01 9.231529523839469009e-01 8.966222468665497880e-01 9.140138674934030760e-01
9.100319507293730403e-01 9.222253029826648074e-01 8.960497463354565317e-01 9.134294136444058854e-01
9.087886191791121338e-01 9.213951196318421744e-01 8.958949191478023932e-01 9.133378538061232010e-01
9.091211380820888310e-01 9.212967258895822242e-01 8.960065387482043509e-01 9.137967293818269887e-01
9.084416429325276043e-01 9.206855137568644709e-01 8.953440224103352829e-01 9.136859241919232932e-01
9.082536974656276740e-01 9.210511784336213870e-01 8.952720097649147224e-01 9.134619755530217766e-01
9.078633491882200923e-01 9.206206234876443961e-01 8.953872299975875748e-01 9.132761792218863084e-01
9.098150905752576678e-01 9.223385486015467372e-01 8.965754386470263793e-01 9.144197424710375222e-01
9.098150905752577788e-01 9.230149293214355843e-01 8.951207832095315897e-01 9.132779071554738559e-01
9.083115268400583364e-01 9.213851996044375436e-01 8.946130940593168823e-01 9.124241516306750288e-01
9.090054793332271732e-01 9.216401835357939110e-01 8.954808464366342813e-01 9.129798583788009125e-01
9.097283465136115632e-01 9.219427690405477271e-01 8.970147157840916430e-01 9.139940831899537876e-01
9.089331926151889007e-01 9.218822818231332539e-01 8.972919644689607566e-01 9.143784866606831097e-01
9.089187352715812906e-01 9.216300039765098484e-01 8.975404080956617126e-01 9.146169289484800125e-01
9.104945857248188945e-01 9.226151259288755124e-01 8.977240403414838976e-01 9.149108021767563548e-01
9.103500122887420165e-01 9.226855389006143326e-01 8.964962247370638071e-01 9.140494454802696733e-01
9.101186947910191449e-01 9.224637473744710103e-01 8.969931119904656081e-01 9.146133843656828466e-01
9.098295479188653889e-01 9.223882760399071401e-01 8.977456441351101546e-01 9.151259374872401375e-01
9.083838135580968309e-01 9.211694181551087768e-01 8.967950772155590666e-01 9.141039451022205942e-01
9.096994318263962320e-01 9.219754003099490669e-01 8.973207695271290252e-01 9.145942411594681909e-01
9.103933843195650688e-01 9.226850150347489787e-01 8.975152036697644498e-01 9.149339396046483053e-01
9.110728794691264065e-01 9.233985264817222705e-01 8.967266652024096230e-01 9.147393153066718519e-01
9.104656710376036743e-01 9.226981983493207640e-01 8.983829560470818487e-01 9.157855941760386642e-01
9.114776850901414873e-01 9.227077005900455875e-01 9.012382574380061184e-01 9.178183012199672142e-01
9.109861354074803019e-01 9.226178643155820147e-01 9.002876905184549194e-01 9.170802982352768140e-01
9.107837325969726505e-01 9.229935002081057771e-01 8.984153617375211232e-01 9.158128427032397045e-01
9.104367563503882321e-01 9.231613764520618659e-01 8.959633311609518369e-01 9.136856510190149994e-01
9.110439647819110753e-01 9.230063401372218257e-01 8.972631594107924879e-01 9.148765971340464542e-01
9.124463271118564700e-01 9.233623141170302917e-01 8.985557863960912384e-01 9.155110004453851369e-01
9.134727985080022261e-01 9.243956318341214340e-01 8.986386009383248163e-01 9.155365867997157237e-01
9.112608249360262258e-01 9.232326429573214366e-01 8.975368074633905957e-01 9.149207776120613644e-01
9.106102444736804413e-01 9.232024875526094743e-01 8.976088201088112672e-01 9.149385101454445834e-01
9.109572207202647487e-01 9.227007325727357712e-01 8.987790255968948205e-01 9.157675220046153086e-01
9.123017536757795920e-01 9.231511612362734986e-01 8.994523438315766839e-01 9.162637540954251536e-01
9.119836921164105048e-01 9.229406527160113338e-01 8.991750951467077924e-01 9.157961456693880509e-01
9.114776850901415983e-01 9.233187532241069473e-01 8.982533332853249730e-01 9.147101912620387854e-01
9.112535962642224208e-01 9.234023250118188475e-01 8.971983480299139391e-01 9.141649460026864960e-01
9.122294669577413195e-01 9.236482152519335243e-01 8.989266515200069474e-01 9.154097439849939732e-01
9.119403200855875635e-01 9.229610615053542855e-01 8.984369655311471581e-01 9.153636238213043175e-01
9.108560193150110340e-01 9.221057489549847608e-01 8.983289465630164283e-01 9.151504692234546656e-01
9.110728794691262955e-01 9.218893485238263130e-01 8.984981762797548122e-01 9.149732887048512842e-01
9.119258627419798424e-01 9.224948627231338572e-01 8.997223912519038969e-01 9.156766554157593774e-01
9.114198557157107139e-01 9.229187438087641526e-01 8.984873743829417947e-01 9.150553816777025062e-01
9.114632277465337662e-01 9.232948166463336159e-01 8.979148738518484274e-01 9.149177355228199637e-01
9.108560193150109230e-01 9.226948976454059093e-01 8.984405661634182749e-01 9.152766625283540458e-01
9.102921829143113541e-01 9.229414267924271886e-01 8.973963828048205915e-01 9.146173012491760623e-01
9.108849340022264762e-01 9.234576330765820185e-01 8.975764144183719928e-01 9.147048461310185452e-01
9.118102039931181846e-01 9.236775409324157193e-01 8.978788675291382582e-01 9.146933768189996483e-01
