8.703609998698839112e-01 8.973967957987735167e-01 8.669206312628497946e-01 8.913933895082968295e-01
8.710983243938760223e-01 8.979950539028155321e-01 8.694950833366339449e-01 8.937202473009626669e-01
8.729922364064828244e-01 8.989611261308499968e-01 8.713386070593996946e-01 8.953050301664844390e-01
8.752186673220663238e-01 9.010635805268157883e-01 8.741543014953425672e-01 8.976885449549001361e-01
8.757535890355506725e-01 9.013066888078470340e-01 8.752704974993608111e-01 8.987908931766692699e-01
8.791655221269643050e-01 9.033641967898982106e-01 8.771248231189396893e-01 9.007615933325122670e-01
8.813341236681171420e-01 9.045692686210415889e-01 8.793356113333501423e-01 9.025089509954467015e-01
8.842400497332620901e-01 9.062788998214290626e-01 8.815283963864055661e-01 9.043805236266190262e-01
8.867122554901762932e-01 9.079641948959047415e-01 8.852874564773574040e-01 9.072715021187391926e-01
8.899796151455132698e-01 9.099066843423275763e-01 8.884812173017583303e-01 9.091958629524825586e-01
8.901675606124130891e-01 9.096205296495190051e-01 8.900402910751128438e-01 9.105679073719159522e-01
8.893434920267750954e-01 9.092241313316420381e-01 8.907640181615890107e-01 9.108955368606405090e-01
8.907819977157397373e-01 9.100116658577290796e-01 8.942566314644851966e-01 9.134183366372315982e-01
8.908036837311511524e-01 9.101590933166850972e-01 8.970075145195496313e-01 9.149169768958820281e-01
8.903410487357052983e-01 9.090469248410708580e-01 9.000680519499224541e-01 9.168013366554735866e-01
8.883459353178447815e-01 9.075604917187772847e-01 9.007665746105016913e-01 9.168910378130346039e-01
8.872471772036607529e-01 9.067993118924725371e-01 8.999816367754178703e-01 9.167780129307361303e-01
8.875941534502450603e-01 9.075507914840679202e-01 8.988366357132313578e-01 9.162343804617305576e-01
8.860905897150457289e-01 9.065676751433675573e-01 8.978176567805306041e-01 9.151848931741295434e-01
8.838063294250314561e-01 9.054549834859687563e-01 8.968490866996245980e-01 9.140762047809191104e-01
8.819413320996400962e-01 9.043769734013331618e-01 8.944474649748495043e-01 9.120847875621437284e-01
8.807702872674174621e-01 9.034109613984619980e-01 8.946815060724664370e-01 9.120258285605309378e-01
8.813774956989403053e-01 9.035854489312676874e-01 8.961865703617555301e-01 9.125218688140820378e-01
8.826352845928089330e-01 9.045200240692012894e-01 8.975836156829138934e-01 9.134232458522340004e-01
8.817389292891324448e-01 9.034228440895661905e-01 8.990526736494928173e-01 9.141820286071228319e-01
8.830834622446472881e-01 9.042836741508915033e-01 8.984945756474836953e-01 9.134338683122144031e-01
8.840954762971851011e-01 9.051312104537224679e-01 8.976700308574184772e-01 9.133163083756444811e-01
8.834304384912314845e-01 9.053787043633009235e-01 8.958877178832602706e-01 9.126158690232687443e-01
8.841966777024390378e-01 9.057065538365265400e-01 8.963900060850685803e-01 9.134349295901635912e-01
8.823605950642628981e-01 9.044492127718548602e-01 8.965430329565872158e-01 9.136166737101967250e-01
8.825196258439474972e-01 9.048866945601540257e-01 8.961613659358583783e-01 9.129239004199023455e-01
8.835027252092702010e-01 9.056559136753732364e-01 8.962801868008022366e-01 9.136252483575570960e-01
8.854255519090922233e-01 9.067405071234767577e-01 8.969751088291103569e-01 9.142297042156644071e-01
8.855267533143459380e-01 9.066948637814810086e-01 8.979292763809325617e-01 9.145194401104854709e-01
8.842978791076927525e-01 9.056338624026515349e-01 8.989158496231939299e-01 9.149907907461380940e-01
8.827220286544551486e-01 9.050470234486821530e-01 8.995351583738104839e-01 9.156472671839828159e-01
8.843412511385159158e-01 9.060709032741383062e-01 9.006045461583055411e-01 9.160158746332335289e-01
8.850352036316846416e-01 9.060817162492148524e-01 9.004677221320063207e-01 9.156842812099510454e-01
8.849773742572539792e-01 9.058725308371698981e-01 8.996071710192310444e-01 9.150690340632121611e-01
8.874206653269528511e-01 9.078562561528049635e-01 8.975080024052223271e-01 9.135850733282551150e-01
8.851797770677616306e-01 9.058964951510862784e-01 8.956968843728959628e-01 9.120534678920655391e-01
8.843123364513003626e-01 9.050759004417635589e-01 8.983685535179978254e-01 9.141067021600739473e-01
8.877098121991064961e-01 9.076551669066711403e-01 9.020339971699030679e-01 9.169077475197826566e-01
8.889242290621521825e-01 9.086698284939387360e-01 9.021924249898281012e-01 9.172361712909027354e-01
8.881146178201217989e-01 9.079886914490953309e-01 9.011302384698752777e-01 9.161417607773358895e-01
8.857869854992843628e-01 9.064276659810117653e-01 8.979148738518483164e-01 9.142204650696034163e-01
8.844279952001620204e-01 9.059709670670476056e-01 8.961397621422321214e-01 9.130769113645200719e-01
8.847749714467463278e-01 9.063976622288564267e-01 8.969607063000262226e-01 9.139028754977485125e-01
8.860472176842225656e-01 9.072098580606063889e-01 8.970579233713440459e-01 9.140617278272711310e-01
8.845147392618081250e-01 9.062606491248860197e-01 8.970435208422599116e-01 9.139011807249635133e-01
8.854400092526999444e-01 9.064761355244229657e-01 8.992435071598572360e-01 9.150317355908743622e-01
8.873339212653066355e-01 9.071613588648228532e-01 8.994883501542870752e-01 9.149147495623806137e-01
8.871459757984068162e-01 9.074235496943501289e-01 9.008961973722586780e-01 9.163385137119932633e-01
8.885772528155676531e-01 9.084114866042636294e-01 9.021852237252862006e-01 9.173364281284108745e-01
8.864809379924533106e-01 9.066149125033226008e-01 9.022752395320619012e-01 9.174986511435838654e-01
8.862062484639071647e-01 9.060722831975276392e-01 9.034850519751268516e-01 9.178462271001885942e-01
8.856857840940306481e-01 9.056540154922859687e-01 9.044932290110143658e-01 9.186915672991826654e-01
8.870736890803685437e-01 9.068385850395529468e-01 9.029809634571831500e-01 9.181563296047088318e-01
8.879411296968294787e-01 9.077013830082112378e-01 9.010726283535388514e-01 9.167468202505759667e-01
8.882302765689833457e-01 9.083394483213513837e-01 9.005721404678661557e-01 9.162009209035619772e-01
8.898494990530441129e-01 9.097416475383974799e-01 9.017675503818470828e-01 9.166486990464433049e-01
8.879411296968295897e-01 9.080809100030212688e-01 9.011878485862117039e-01 9.167153255054971694e-01
8.871893478292298685e-01 9.074883963324920089e-01 9.016055219296508216e-01 9.173143537515220380e-01
8.852376064421922930e-01 9.065354393898816809e-01 9.001904734471373182e-01 9.166254208681622329e-01
8.850930330061154150e-01 9.062214286960741383e-01 8.998520140136608836e-01 9.166197883324344042e-01
8.859026442481459096e-01 9.065494987278847061e-01 8.993083185407358959e-01 9.157137726788809884e-01
8.860327603406150665e-01 9.062097746174889723e-01 9.006081467905764359e-01 9.161835880972721835e-01
8.850062889444694214e-01 9.058622019698499006e-01 9.031825988643604752e-01 9.173963035024721435e-01
8.829099741213548569e-01 9.044952822565628381e-01 9.042267822229583807e-01 9.185169916315449878e-01
8.838497014558543974e-01 9.048518717231703867e-01 9.027415214111597086e-01 9.179129174434025318e-01
8.848111148057655750e-01 9.050962768763705091e-01 9.022248306802673756e-01 9.172050593862670631e-01
8.861628764330842234e-01 9.066385024204707266e-01 9.021456167703048035e-01 9.172709511943624161e-01
8.861773337766918335e-01 9.063512143663470244e-01 9.024948781005943665e-01 9.176728952430781572e-01
8.851942344113692407e-01 9.057776559776565817e-01 9.018719687177068067e-01 9.172282256941486356e-01
8.867700848646070666e-01 9.065596287570124590e-01 9.025776926428281666e-01 9.175799892724507689e-01
8.877242695427143282e-01 9.070866429174391232e-01 9.033158222583884678e-01 9.186561814028779693e-01
8.871893478292298685e-01 9.070508851685173957e-01 9.037478981309117199e-01 9.186942928761496763e-01
8.882881059434138971e-01 9.084220196511744172e-01 9.033122216261175730e-01 9.182140410637259498e-01
8.905723662334282809e-01 9.101930182542483649e-01 9.035750677819024412e-01 9.178551288012513076e-01
8.915265509115356535e-01 9.107368295488066368e-01 9.051557453488831007e-01 9.192976742374097121e-01
8.903988781101359606e-01 9.097108436814729249e-01 9.041475683129958085e-01 9.187502264815627928e-01
8.881724471945524613e-01 9.082433912324937575e-01 9.031717969675474578e-01 9.182316301514150680e-01
8.903699634229207405e-01 9.093846466629573744e-01 9.028585419599680639e-01 9.178643243611348534e-01
8.902398473304515836e-01 9.091442290373149548e-01 9.011770466893986864e-01 9.165462194203046753e-01
8.901097312379824267e-01 9.090755750463705986e-01 9.023832585001926310e-01 9.177900438557746732e-01
8.889386864057596815e-01 9.081370054953660231e-01 9.036794861177622762e-01 9.185498682477535315e-01
8.884615940667062173e-01 9.087295151507595037e-01 9.026965135077720248e-01 9.177019452947234868e-01
8.891989185906982174e-01 9.088478018094151567e-01 9.017351446914076973e-01 9.174573741583973430e-01
8.922205034047043792e-01 9.104766866215282528e-01 9.026857116109588963e-01 9.182675828465157730e-01
8.915699229423585948e-01 9.097019049764411003e-01 9.046300530373134752e-01 9.195819818407175994e-01
8.896037242117134092e-01 9.086479066871093746e-01 9.031537938061923176e-01 9.182795061417003968e-01
8.898350417094361697e-01 9.086789742213601251e-01 9.039927411253415590e-01 9.185428179314448771e-01
8.925241076204657453e-01 9.107002597866212801e-01 9.043564049847152564e-01 9.186287933174193121e-01
8.943023608842111116e-01 9.118414817295604768e-01 9.042411847520425150e-01 9.186535611630572973e-01
8.944180196330726584e-01 9.117563998385753710e-01 9.052313586265747780e-01 9.194708997758156421e-01
8.941722447917419547e-01 9.115561044250477529e-01 9.066248033154622465e-01 9.201113643982341550e-01
8.936517804218653271e-01 9.114291905962729201e-01 9.069272564262284009e-01 9.206461986993361712e-01
8.922927901227428737e-01 9.109271221322794432e-01 9.071252912011349423e-01 9.208691467860885549e-01
8.906157382642513332e-01 9.098692847042502141e-01 9.049361067803505243e-01 9.193997708912310385e-01
8.913675201318509433e-01 9.101932017752931703e-01 9.037424971825052111e-01 9.182459272611899204e-01
8.914831788807123791e-01 9.103389305948810239e-01 9.039891404930706642e-01 9.190969445433836427e-01
8.921771313738813269e-01 9.102288450191294844e-01 9.058830730676306064e-01 9.202189340289659292e-01
8.937674391707268740e-01 9.109843906838088756e-01 9.068264387226396828e-01 9.204336073721318678e-01
8.954300336856104714e-01 9.128340337471294585e-01 9.078706220812375882e-01 9.209687369525342282e-01
8.940999580737036823e-01 9.118805114440724502e-01 9.063799603210322964e-01 9.200214557012391658e-01
8.911940320085587341e-01 9.101228589419159132e-01 9.031717969675475688e-01 9.185147012715453307e-01
8.911795746649511241e-01 9.100777800623300884e-01 9.020303965376319510e-01 9.184663982765145507e-01
8.917144963784353617e-01 9.103136152403459302e-01 9.030745798962297455e-01 9.192896739993129396e-01
8.908036837311512635e-01 9.096167843820024412e-01 9.049469086771637638e-01 9.203746671670792745e-01
8.915988376295739259e-01 9.103250262137533300e-01 9.056238275441168550e-01 9.205930008391240982e-01
8.917289537220430828e-01 9.104964895305581729e-01 9.056958401895370825e-01 9.210306108017757287e-01
8.924084488716044206e-01 9.111181807100836583e-01 9.062503375592753097e-01 9.215050874176897722e-01
8.920903873122353334e-01 9.111322965743307023e-01 9.054617990919204829e-01 9.206861521346588750e-01
8.926253090257195710e-01 9.113546454338015135e-01 9.045328359659956519e-01 9.197359209758420029e-01
8.931602307392039197e-01 9.110490548634235797e-01 9.061495198556865915e-01 9.200667800822177611e-01
8.933915482369269023e-01 9.109267187961747059e-01 9.069992690716490724e-01 9.206181421920041075e-01
8.938108112015499263e-01 9.110185567774484738e-01 9.085367390513774399e-01 9.217183035014794301e-01
8.919602712197660654e-01 9.098554138727756868e-01 9.079750404170973122e-01 9.216478229618312312e-01
8.918879845017275709e-01 9.110509001600450851e-01 9.057246452477054621e-01 9.201778125216071302e-01
8.924951929332504141e-01 9.116604614403176488e-01 9.056634344990981411e-01 9.198943634738089292e-01
8.939987566684497455e-01 9.125892571868450265e-01 9.074169424150881902e-01 9.210702368857581757e-01
8.947505385360492447e-01 9.125556044367174602e-01 9.095845230422461292e-01 9.221278656598240753e-01
8.965143344561870009e-01 9.136491777023542094e-01 9.098239650882695706e-01 9.223733423545437127e-01
8.970347988260636285e-01 9.138157409392836383e-01 9.071504956270319830e-01 9.212342353942934992e-01
8.953722043111799200e-01 9.121234695203740417e-01 9.058146610544810517e-01 9.208180180647926871e-01
8.967167372666946523e-01 9.129892554562952789e-01 9.065635925668547035e-01 9.212308758047920154e-01
8.962541022712487981e-01 9.126996284269941473e-01 9.089724155561716978e-01 9.224281357997615727e-01
8.953432896239644778e-01 9.116651370028298063e-01 9.096997432749190926e-01 9.229852289958089262e-01
8.954155763420029723e-01 9.122980720246177677e-01 9.098473691980312195e-01 9.227674533867502582e-01
8.948661972849110136e-01 9.124469448208339939e-01 9.095125103968256797e-01 9.226056264048454469e-01
8.942589888533880593e-01 9.122361644910681466e-01 9.080794587529570361e-01 9.218108764075112482e-01
8.941577874481343446e-01 9.119720214695152816e-01 9.077013923644992044e-01 9.215911779142745841e-01
8.945192210383263731e-01 9.122467701167213949e-01 9.090120225111530949e-01 9.224792613272247976e-01
8.946059650999724777e-01 9.122003863868265450e-01 9.097861584494236764e-01 9.225689936423128179e-01
8.949818560337723383e-01 9.120272403557816432e-01 9.087815820458073901e-01 9.218804544706794557e-01
8.964854197689715587e-01 9.131111194784956586e-01 9.080002448429944639e-01 9.216411621353491901e-01
8.961529008659948614e-01 9.128582723682920896e-01 9.091452459051809765e-01 9.225880707944359438e-01
8.967022799230869312e-01 9.134143766364722916e-01 9.099337843725356922e-01 9.232698741161460276e-01
8.967311946103022624e-01 9.129799905215031375e-01 9.091344440083677370e-01 9.225798497815116406e-01
8.963986757073255651e-01 9.128897458240022855e-01 9.101714261024235197e-01 9.231023703696077387e-01
8.964854197689716697e-01 9.131959395440965022e-01 9.106503101944700695e-01 9.232410650649690576e-01
8.961818155532100816e-01 9.135895425096816069e-01 9.105170868004421880e-01 9.235683277510799982e-01
8.936228657346498849e-01 9.118958607693899987e-01 9.112300119901053375e-01 9.240942194899385287e-01
8.931168587083809784e-01 9.114589723461450355e-01 9.102866463350964832e-01 9.234841926345328522e-01
8.946637944744033621e-01 9.124161030615500767e-01 9.092208591828725428e-01 9.230818552798965015e-01
8.965577064870100532e-01 9.137706137882825042e-01 9.080182480043494930e-01 9.221194146939167835e-01
8.976998366320172451e-01 9.142801030508532767e-01 9.072549139628919290e-01 9.211168086985196402e-01
8.969914267952405762e-01 9.139278610155070481e-01 9.077013923644993154e-01 9.210090452797525806e-01
8.968034813283407569e-01 9.139001333906349167e-01 9.087167706649287302e-01 9.214579072428933371e-01
8.991744856800012453e-01 9.153127882782690072e-01 9.114856568813483051e-01 9.235212921374502670e-01
9.001864997325390583e-01 9.154486323498854938e-01 9.134948096885812108e-01 9.250151310759252565e-01
8.988564241206320471e-01 9.146821312637382073e-01 9.133615862945533292e-01 9.251078485618525749e-01
8.988997961514550994e-01 9.148978163532603958e-01 9.122705947164321261e-01 9.244826729775257323e-01
8.958348393066257742e-01 9.128166905931509589e-01 9.100093976502272586e-01 9.233347056961160870e-01
8.921193019994507756e-01 9.108210591881270579e-01 9.077409993194804905e-01 9.221338893484987143e-01
8.925963943385042398e-01 9.111002903490753591e-01 9.095665198808909890e-01 9.234139042405145048e-01
8.948083679104801291e-01 9.122661853703594170e-01 9.111183923897037129e-01 9.242327182913852024e-01
8.953577469675721989e-01 9.127741377829197145e-01 9.108447443371056051e-01 9.240416683287142607e-01
8.959071260246643797e-01 9.138608444071195658e-01 9.094621015450312651e-01 9.230573436630797879e-01
8.958059246194105540e-01 9.133157260024203916e-01 9.090516294661341590e-01 9.224906612276138063e-01
8.956035218089029026e-01 9.134216658268606848e-01 9.071180899365929307e-01 9.209837964999967319e-01
8.970781708568866808e-01 9.142758721294310664e-01 9.079642385202841837e-01 9.215660413641307835e-01
8.968757680463791404e-01 9.141600413668476977e-01 9.104486747872926333e-01 9.232749123748310582e-01
8.981769289710708204e-01 9.147464926840506161e-01 9.116548865980866889e-01 9.240652871986787531e-01
8.963697610201102339e-01 9.133718414862993518e-01 9.116800910239838407e-01 9.240839355572506575e-01
8.962107302404256348e-01 9.133754989386686507e-01 9.117881099921145704e-01 9.243061399674691314e-01
8.966878225794792101e-01 9.134912576793442485e-01 9.118097137857408274e-01 9.242051501884881448e-01
8.980178981913863323e-01 9.149738098703691369e-01 9.119609403411239601e-01 9.248161394958540615e-01
8.976275499139787506e-01 9.145338336127235568e-01 9.111976062996662851e-01 9.241157445492323985e-01
8.971504575749252863e-01 9.145753353889474191e-01 9.094837053386573000e-01 9.227214735853027650e-01
8.988997961514550994e-01 9.160437956807062632e-01 9.108411437048344883e-01 9.233527658404738769e-01
8.978444100680940121e-01 9.149895112458932278e-01 9.124830320204228018e-01 9.247069045303606405e-01
8.984660758432245764e-01 9.150377876233011243e-01 9.127926863957311898e-01 9.247407158365078539e-01
8.976998366320173561e-01 9.146618888154598448e-01 9.119861447670211119e-01 9.245025887477261728e-01
8.983070450635399773e-01 9.149079205598471543e-01 9.119357359152266973e-01 9.247558155155032322e-01
8.967890239847329248e-01 9.133352500405231833e-01 9.122777959809742487e-01 9.248636572978646830e-01
8.984371611560093562e-01 9.147836751587083981e-01 9.121013649996939643e-01 9.245293298238314028e-01
8.989287108386705416e-01 9.152878634187875395e-01 9.123750130522919610e-01 9.246398151924347664e-01
8.995359192701933848e-01 9.158605242368200727e-01 9.119717422379369776e-01 9.243915981427346384e-01
9.000852983272853436e-01 9.159612584378770128e-01 9.103298539223488861e-01 9.234605326679734549e-01
8.995214619265853306e-01 9.156539101632830135e-01 9.108843512920867802e-01 9.237484287743116251e-01
8.986540213101245067e-01 9.151327623630226560e-01 9.112264113578345537e-01 9.242319082376505568e-01
8.995214619265856637e-01 9.155292321874253236e-01 9.125010351817777199e-01 9.249895569932768957e-01
8.986684786537322278e-01 9.143223426526467801e-01 9.120977643674228474e-01 9.245834218349984202e-01
8.997094073934854830e-01 9.148703643102611416e-01 9.122669940841612313e-01 9.247346749553496670e-01
8.992901444288625701e-01 9.146726584847572061e-01 9.117593049339464129e-01 9.242721447327993944e-01
8.974974338215095937e-01 9.131265066632230365e-01 9.116692891271707122e-01 9.241530228970090688e-01
8.969769694516329661e-01 9.132464240657187649e-01 9.121841795419274312e-01 9.247945278798544999e-01
8.981335569402478791e-01 9.145241792285694338e-01 9.122309877614507290e-01 9.249024400280604352e-01
9.015744047188769539e-01 9.167615555831607477e-01 9.131779540487310332e-01 9.255248660772490421e-01
9.006202200407696923e-01 9.161170427738372091e-01 9.132175610037123192e-01 9.254469137705646498e-01
9.000563836400699014e-01 9.154936878901264175e-01 9.127818844989179503e-01 9.252141394368456062e-01
8.993624311469010646e-01 9.153159961536487810e-01 9.131491489905626535e-01 9.256949593478897009e-01
9.012852578467231979e-01 9.165692159805871597e-01 9.120941637351518416e-01 9.250793942510281420e-01
9.000708409836776225e-01 9.158887137082846186e-01 9.108123386466663307e-01 9.240381627471649928e-01
8.976130925703711405e-01 9.147746706181858478e-01 9.113092259000680206e-01 9.242329830582208805e-01
8.959649553990950421e-01 9.133714836061812559e-01 9.113884398100304818e-01 9.239823403159451720e-01
8.970781708568866808e-01 9.137616019975338677e-01 9.110607822733671757e-01 9.239776223910900477e-01
8.998106087987393087e-01 9.152352045974864181e-01 9.116296821721893151e-01 9.242314292957947153e-01
9.010539403490003263e-01 9.158850478402369433e-01 9.122093839678248051e-01 9.248254383180151139e-01
9.031213404848993376e-01 9.175739125237518667e-01 9.140385051615063094e-01 9.256400486036463482e-01
9.022394425248305705e-01 9.172573064460839420e-01 9.126558623694320804e-01 9.252370969364434039e-01
9.012418858159000346e-01 9.170066686562117209e-01 9.106539108267410754e-01 9.240986105507751347e-01
9.005623906663389189e-01 9.165063292043176268e-01 9.098509698303023363e-01 9.236646130491594775e-01
9.012852578467231979e-01 9.165266151390524252e-01 9.115504682622269650e-01 9.244283541634950030e-01
9.030779684540762853e-01 9.176681334356298070e-01 9.135812248630859056e-01 9.253528115360050155e-01
9.019936676834997558e-01 9.168596702809602705e-01 9.147946379384219728e-01 9.262293706997419829e-01
9.009961109745695529e-01 9.163965911096163541e-01 9.141465241296371502e-01 9.260211178085432371e-01
8.992034003672164655e-01 9.150581110755023895e-01 9.129511142156562231e-01 9.257468642700696915e-01
8.992178577108240756e-01 9.148547447764440177e-01 9.130807369774132098e-01 9.254197441705397376e-01
8.986973933409475590e-01 9.144413160105610006e-01 9.134732058949550648e-01 9.255965621007322675e-01
9.009816536309619428e-01 9.166903603166999259e-01 9.139196842965624512e-01 9.256818356703081507e-01
9.010250256617848841e-01 9.170768675099052469e-01 9.145569962085342564e-01 9.258741470799860540e-01
9.008659948821003960e-01 9.165534162516968397e-01 9.149530657583472282e-01 9.260361405641357457e-01
9.014732033136231282e-01 9.164685151880308522e-01 9.160080510137579290e-01 9.266400775267724654e-01
9.018201795602076576e-01 9.165426128267352146e-01 9.143913671240671004e-01 9.257046923107291603e-01
9.018780089346383200e-01 9.167040025784843893e-01 9.139592912515438483e-01 9.255390279936626108e-01
9.015165753444461805e-01 9.167263685412878615e-01 9.134119951463477438e-01 9.252894951211402264e-01
9.004901039483006464e-01 9.156436956534924620e-01 9.135668223340018823e-01 9.252943929700313541e-01
9.007647934768465703e-01 9.156097163894875157e-01 9.130051236997216435e-01 9.247716809119248538e-01
8.995503766138009949e-01 9.152802492456562078e-01 9.134408002045160124e-01 9.248978845298116980e-01
8.997238647370932041e-01 9.154448348003714209e-01 9.143841658595248667e-01 9.257996458619320856e-01
8.996804927062701518e-01 9.149191018875988402e-01 9.142869487882072654e-01 9.258994189916863737e-01
9.002732437941851629e-01 9.156395228091736005e-01 9.142221374073288276e-01 9.256919199133247789e-01
9.011262270670387098e-01 9.165535331827687759e-01 9.150142765069546602e-01 9.260744935803589817e-01
9.010539403490003263e-01 9.164670104733426692e-01 9.143193544786464289e-01 9.262166587144883279e-01
9.011985137850770933e-01 9.164274299892072317e-01 9.145677981053472738e-01 9.265460947765032929e-01
9.020804117451458604e-01 9.173790510366082174e-01 9.148162417320482298e-01 9.267487347507608053e-01
9.014587459700155181e-01 9.171387115355951192e-01 9.152555188691134935e-01 9.267086654202612017e-01
9.018057222166000475e-01 9.175324880658903837e-01 9.161304725109729041e-01 9.271940302896644059e-01
9.001575850453238381e-01 9.165917509128082008e-01 9.155903776703189223e-01 9.266665124161557188e-01
9.002732437941851629e-01 9.163142962674271086e-01 9.157019972707206579e-01 9.268305966815265640e-01
9.016611487805230585e-01 9.171636535055860406e-01 9.153131289854499197e-01 9.269712833840340060e-01
9.024273879917303898e-01 9.173393009726584779e-01 9.150826885201039929e-01 9.267936042701141464e-01
9.028177362691378605e-01 9.173004464045445561e-01 9.162348908468327391e-01 9.274095030094976488e-01
9.037574636036374010e-01 9.179642573088091506e-01 9.178227696783554102e-01 9.282122912394682457e-01
9.035695181367375817e-01 9.179490777850645156e-01 9.180208044532619516e-01 9.283902920912641132e-01
9.009816536309617208e-01 9.161206043979928104e-01 9.154067454244966262e-01 9.264761844831879145e-01
9.004756466046928143e-01 9.162958478575969901e-01 9.143481595368145864e-01 9.260066771564718913e-01
9.010250256617848841e-01 9.168019375941864890e-01 9.140277032646931810e-01 9.262078199282325341e-01
9.008515375384926749e-01 9.162216186648139971e-01 9.148954556420106909e-01 9.268221745501264985e-01
9.001575850453237271e-01 9.154795661175445520e-01 9.149350625969920880e-01 9.266759800907591327e-01
8.999262675476008555e-01 9.152041866150527616e-01 9.151583017977956702e-01 9.268019660346004107e-01
9.017189781549538319e-01 9.166819841003268632e-01 9.146830183380201262e-01 9.265952082492494579e-01
9.032225418901529412e-01 9.177723018735949312e-01 9.154139466890385268e-01 9.269361716852113631e-01
9.024707600225534421e-01 9.174766299574582673e-01 9.156299846253002084e-01 9.267446066977987895e-01
9.035695181367375817e-01 9.184619601365304753e-01 9.163573123440476031e-01 9.270770858230380496e-01
9.018924662782460411e-01 9.169250200183797217e-01 9.162492933759167624e-01 9.273285359625595969e-01
8.999985542656392390e-01 9.154948608592381465e-01 9.158424219292906621e-01 9.271320343679617659e-01
9.027888215819226403e-01 9.173266099516105276e-01 9.169802217269353850e-01 9.276945244687979653e-01
9.038152929780682854e-01 9.181789426112062502e-01 9.154679561731040582e-01 9.268153259649933862e-01
9.039309517269297212e-01 9.180960317919428793e-01 9.163609129763184979e-01 9.273494472680213763e-01
9.048128496869985993e-01 9.185553851992026564e-01 9.174807096126080808e-01 9.282551937350914661e-01
9.041911839118681460e-01 9.175631096624532468e-01 9.175131153030472442e-01 9.283192812398352034e-01
9.028900229871763550e-01 9.169406494128634622e-01 9.172610710440753934e-01 9.280493676975237749e-01
9.025864187714149889e-01 9.172626985136093092e-01 9.161808813627673187e-01 9.273628310447292744e-01
9.036851768855990175e-01 9.184483305453521318e-01 9.157055979029917747e-01 9.268439034600833848e-01
9.049285084358600351e-01 9.192404075862380397e-01 9.158640257229169190e-01 9.269352101277779088e-01
9.054200581185213315e-01 9.193320369736599496e-01 9.162636959050008967e-01 9.272601791618733102e-01
9.058320924113403283e-01 9.195225286355602767e-01 9.169082090815146024e-01 9.277049301693111039e-01
9.041044398502218193e-01 9.179180258533358172e-01 9.164077211958420177e-01 9.274996104135420083e-01
9.044080440659832965e-01 9.177631820533227458e-01 9.171458508114025410e-01 9.281712953985622461e-01
9.030345964232532330e-01 9.168944701861613256e-01 9.175059140385051215e-01 9.284838072271295317e-01
9.044514160968064598e-01 9.177994958613280296e-01 9.184672828548693380e-01 9.288949479443189272e-01
9.044369587531986276e-01 9.178121914572834328e-01 9.178875810592341811e-01 9.285073584854587336e-01
9.045815321892756167e-01 9.180229654120892757e-01 9.166165578675613546e-01 9.280415331734246376e-01
9.042056412554757561e-01 9.176838910081119849e-01 9.152843239272816511e-01 9.274412799525010298e-01
9.046104468764909479e-01 9.180654683567930352e-01 9.149710689197023683e-01 9.273869701592718506e-01
9.048417643742139305e-01 9.185066463758148059e-01 9.162420921113747507e-01 9.277730543405793284e-01
9.045526175020602855e-01 9.178233222178757700e-01 9.176103323743649565e-01 9.285643246408669116e-01
9.048273070306062094e-01 9.181542011594376884e-01 9.185717011907289509e-01 9.289747033042935476e-01
9.042779279735142506e-01 9.181465852708173836e-01 9.187085252170281713e-01 9.289247412176971919e-01
9.036128901675606340e-01 9.183999751884711626e-01 9.179127854851311108e-01 9.283161098654996168e-01
9.038152929780681744e-01 9.182152213546442843e-01 9.173222817926828254e-01 9.281712824401336936e-01
9.047405629689599937e-01 9.185147114044188710e-01 9.176211342711779739e-01 9.286474932053059295e-01
9.057381196778904187e-01 9.189640672259720144e-01 9.178767791624209416e-01 9.286550040935993566e-01
9.061573826425133316e-01 9.196530678840452167e-01 9.173654893799351173e-01 9.282439979602041813e-01
9.055501742109905994e-01 9.196765400578260641e-01 9.162636959050010077e-01 9.275987437596624474e-01
9.056080035854212618e-01 9.194104675462219101e-01 9.166813692484401255e-01 9.279523705307752834e-01
9.059549798320057912e-01 9.190642908933068789e-01 9.170090267851035426e-01 9.281598241547339700e-01
9.063887001402363142e-01 9.194614180831617301e-01 9.186221100425234765e-01 9.293398306770859207e-01
9.057670343651056388e-01 9.195889591693469090e-01 9.188165441851590121e-01 9.290260273967814175e-01
9.050297098411137497e-01 9.187378310327786179e-01 9.189173618887476191e-01 9.288967853260780005e-01
9.044947881276294011e-01 9.180358906002117347e-01 9.191910099413455049e-01 9.292914141331664046e-01
9.041911839118681460e-01 9.177368520692145148e-01 9.193926453485231631e-01 9.294803177408689221e-01
9.053766860876982792e-01 9.189193813001310662e-01 9.188453492433270586e-01 9.288848582751597638e-01
9.055357168673827672e-01 9.193106953009285709e-01 9.188489498755981755e-01 9.286863616517764264e-01
9.051164539027599654e-01 9.185647162326264770e-01 9.177291532393088147e-01 9.280845666382655512e-01
9.040032384449681047e-01 9.176685571714943146e-01 9.170738381659819805e-01 9.281180614085683400e-01
9.035839754803451918e-01 9.173638388243174902e-01 9.173330836894959539e-01 9.283916876684032982e-01
9.043646720351602442e-01 9.179510670872375044e-01 9.181972354345422360e-01 9.289364738420139433e-01
9.051019965591520222e-01 9.185403950623960423e-01 9.196590921365792592e-01 9.296301530321531281e-01
9.058393210831442444e-01 9.194121955071058450e-01 9.204728350298312378e-01 9.301122935248353762e-01
9.048273070306060983e-01 9.186862904274044617e-01 9.199507433505322851e-01 9.301571824165718594e-01
9.055357168673828783e-01 9.190066680193094140e-01 9.208004925664946549e-01 9.307927135272876518e-01
9.057959490523210810e-01 9.188098460657344591e-01 9.199867496732425654e-01 9.301393898223320189e-01
9.047694776561754360e-01 9.177253818125495899e-01 9.191766074122615926e-01 9.294485551618268948e-01
9.059116078011825168e-01 9.194142645420305682e-01 9.192450194254111473e-01 9.291873265247444502e-01
9.055501742109904884e-01 9.196091075434323914e-01 9.180928170986825121e-01 9.284509521495812878e-01
9.038297503216758955e-01 9.185183878212865860e-01 9.170054261528325368e-01 9.279144584488882019e-01
