7.953773603213724064e-01 8.437602494844962386e-01 8.768264702330637039e-01 9.059549084656582929e-01
7.970269168817558647e-01 8.447216213713488742e-01 8.778263494747011730e-01 9.064697857535790604e-01
7.982689359389857353e-01 8.448766368645306279e-01 8.785219176427967458e-01 9.068414765824990287e-01
8.007529740534455875e-01 8.461457300820135474e-01 8.793382441734091115e-01 9.073007725615100938e-01
8.030623532379824736e-01 8.472443521837476066e-01 8.807438715131022944e-01 9.081813919258826528e-01
8.080304294669020670e-01 8.505257906523423506e-01 8.831542084289336625e-01 9.097614890757073081e-01
8.136389217722060918e-01 8.543604933335102736e-01 8.859268204323149654e-01 9.117417996521173240e-01
8.181994604979719865e-01 8.574697881655757303e-01 8.887573964497041956e-01 9.140298096908254788e-01
8.249141260261212416e-01 8.620413608568302521e-01 8.921627822726723167e-01 9.168736207302197183e-01
8.302897397581944228e-01 8.656542300374647780e-01 8.945393068469991160e-01 9.190737602194878342e-01
8.341516427642685638e-01 8.683943158796598727e-01 8.964472889747614470e-01 9.207337276352479671e-01
8.382658308913426559e-01 8.711173831519816169e-01 8.992778649921506773e-01 9.228155662752043353e-01
8.438937297444157881e-01 8.755640245795520693e-01 9.026639294771161559e-01 9.251647870605003154e-01
8.473675017951056709e-01 8.780255208126606092e-01 9.042144668518294903e-01 9.266037393742738715e-01
8.502008577694113445e-01 8.805133514726904975e-01 9.054317111459968537e-01 9.275951810612516057e-01
8.528983679093325998e-01 8.826906474535758385e-01 9.059823692790724969e-01 9.280821247737481849e-01
8.549942750684081938e-01 8.843561778887892855e-01 9.062625286801111457e-01 9.283668054348869214e-01
8.565467988899453378e-01 8.854670000381843487e-01 9.070305518657166832e-01 9.288331955648965188e-01
8.597682858196356026e-01 8.872854081728245301e-01 9.074556213017751505e-01 9.287557536770052469e-01
8.606609870170194299e-01 8.867188276011781500e-01 9.067503924646781455e-01 9.278344120173284137e-01
8.614760620233267163e-01 8.865658913960314802e-01 9.056925492090327490e-01 9.274862449568338496e-01
8.648722078829396143e-01 8.891045467060542107e-01 9.057891558990459613e-01 9.274371538909954582e-01
8.681907275514758604e-01 8.912391420355423310e-01 9.065813307571550794e-01 9.277267915431089973e-01
8.694133400609366236e-01 8.922764846785715687e-01 9.071899529042386501e-01 9.280529916045197059e-01
8.702090085194743585e-01 8.924082486018164451e-01 9.075425673227870416e-01 9.281952722616358953e-01
8.714316210289351217e-01 8.931109497475293590e-01 9.067117497886727495e-01 9.273538479555705205e-01
8.750412389140096447e-01 8.963396648578570991e-01 9.071416495592320439e-01 9.276362059414421379e-01
8.760697859457781123e-01 8.977528691305814990e-01 9.066199734331601423e-01 9.272691414756777384e-01
8.777387490539310111e-01 8.990233413410353425e-01 9.067890351406834304e-01 9.274769307225023685e-01
8.781074734615459398e-01 8.988657425061109540e-01 9.070788552107234004e-01 9.276996053319505053e-01
8.772729919074694349e-01 8.976381545393141703e-01 9.062238860041057498e-01 9.269345353971069068e-01
8.770983329775465798e-01 8.972044498037339277e-01 9.063832870426276056e-01 9.267573593745390692e-01
8.760115663024704569e-01 8.960186841805510838e-01 9.055524695085135356e-01 9.260831741293741315e-01
8.771565526208542352e-01 8.968546150157316044e-01 9.044221712353581744e-01 9.254924923731961961e-01
8.783403520347765614e-01 8.979726374378504961e-01 9.057167008815361076e-01 9.265516447441942693e-01
8.791554270410837368e-01 8.986081078624199581e-01 9.077647627098177630e-01 9.282191991095171124e-01
8.810572687224669242e-01 8.997422683729052739e-01 9.093636034295374815e-01 9.298373591397042226e-01
8.805138853849289182e-01 8.997316934139221178e-01 9.099770559111218793e-01 9.300636989785870945e-01
8.805526984804672441e-01 9.006754820556678309e-01 9.095954594855694131e-01 9.295452665878288778e-01
8.807273574103902103e-01 9.015286750720830078e-01 9.087163386064484039e-01 9.286906347607781775e-01
8.794659318053911212e-01 9.002993687436674497e-01 9.081077164593647222e-01 9.281298003862109569e-01
8.800869413340061120e-01 9.000687938424060119e-01 9.088274362999638756e-01 9.285292831762277377e-01
8.813871800345436380e-01 9.004572272183379855e-01 9.093974157710420503e-01 9.286806915715407618e-01
8.814259931300820750e-01 8.998631081995398517e-01 9.080932254558627958e-01 9.272840810840083936e-01
8.807079508626209918e-01 8.990261605747175144e-01 9.076488346818017972e-01 9.271563832885963974e-01
8.804556657416211518e-01 8.989304284919479304e-01 9.068421688201906417e-01 9.270365612385028653e-01
8.811543014613130165e-01 9.002839503865500692e-01 9.082139838183794778e-01 9.281088786205493601e-01
8.818335306332356627e-01 9.009728057749091246e-01 9.088902306484722970e-01 9.284574823347201411e-01
8.821634419453122655e-01 9.015185251494413077e-01 9.099239222316146680e-01 9.291868844911682634e-01
8.816200586077742596e-01 9.002391567020410212e-01 9.102234029706557372e-01 9.292039500560711485e-01
8.802810068116981856e-01 8.985748723367671387e-01 9.088709093104698766e-01 9.283365410723498634e-01
8.802421937161597487e-01 8.986673195591323715e-01 9.083444028498973699e-01 9.282953717384792025e-01
8.806497312193133364e-01 8.993487210585429104e-01 9.088998913174737293e-01 9.285144597809322775e-01
8.828426711172349117e-01 9.012546008478292681e-01 9.091027653665016972e-01 9.285294830156671786e-01
8.821440353975430471e-01 9.008190869972326764e-01 9.088805699794709758e-01 9.289735442649030839e-01
8.814259931300820750e-01 8.998208723097386175e-01 9.087356599444511573e-01 9.291646423774747587e-01
8.811348949135437980e-01 8.993992013879050784e-01 9.082236444873807990e-01 9.288245052517000167e-01
8.847056997030797731e-01 9.024522164377477562e-01 9.094747011230528422e-01 9.292082790893567701e-01
8.842399425566186411e-01 9.022981852313713969e-01 9.103200096606690606e-01 9.298111425189322654e-01
8.835801199324652133e-01 9.023175592092688158e-01 9.099046008936118035e-01 9.298892699004986939e-01
8.837935919579265054e-01 9.020767482825123862e-01 9.095954594855695241e-01 9.298478614536761500e-01
8.835219002891575579e-01 9.012252794888787610e-01 9.096002898200700182e-01 9.295252314192401499e-01
8.850744241106949239e-01 9.026415719425676665e-01 9.101364569496437351e-01 9.296489880509034576e-01
8.836189330280035392e-01 9.023341838353144961e-01 9.104600893611881629e-01 9.299308308618359220e-01
8.833860544547730287e-01 9.017482879202272095e-01 9.102234029706557372e-01 9.299038106710995066e-01
8.820081895631586288e-01 9.008649215001398591e-01 9.084893128849174104e-01 9.283048418698913729e-01
8.824933532573890904e-01 9.014297407219579172e-01 9.093587730950367654e-01 9.289254685770848008e-01
8.812319276523898903e-01 9.000224272050806329e-01 9.089288733244776930e-01 9.286246068765362516e-01
8.836577461235419761e-01 9.019721122619135389e-01 9.096582538340780566e-01 9.289658735315471372e-01
8.847056997030797731e-01 9.026527142766109790e-01 9.103200096606690606e-01 9.294471078720062396e-01
8.849385782763105057e-01 9.031377922831705929e-01 9.097113875135852679e-01 9.292163684140382074e-01
8.845698538686952439e-01 9.024901937188194445e-01 9.087404902789517624e-01 9.287036988515872116e-01
8.840652836266956749e-01 9.021520485507976694e-01 9.079821277623476572e-01 9.281272875423408619e-01
8.813677734867744196e-01 8.999380002071364348e-01 9.084989735539185096e-01 9.287426835816187110e-01
8.794077121620834658e-01 8.988750114633782262e-01 9.097017268445840577e-01 9.299973448856158065e-01
8.794465252576219028e-01 8.989995378074340238e-01 9.093780944330395188e-01 9.298600689990836887e-01
8.811931145568515644e-01 9.001347049059966743e-01 9.086970172684458724e-01 9.292575140690183533e-01
8.839294377923111456e-01 9.019268450313611130e-01 9.091317473735056609e-01 9.293331519361620607e-01
8.856954336393098037e-01 9.035228762698920280e-01 9.091172563700035125e-01 9.290232719309803322e-01
8.835995264802344318e-01 9.012694716896292313e-01 9.076295133437990437e-01 9.278375267230493106e-01
8.856760270915406963e-01 9.029587017102369551e-01 9.080400917763555846e-01 9.285357039963376691e-01
8.853267092316947640e-01 9.027373587627172125e-01 9.089723463349836940e-01 9.290807448991716955e-01
8.846086669642337919e-01 9.023348314903218981e-01 9.100591715976331653e-01 9.291929163008698644e-01
8.847251062508489916e-01 9.023586713061159115e-01 9.112522642192971700e-01 9.297018345367205061e-01
8.863940693590017794e-01 9.035697669569430213e-01 9.114551382683251379e-01 9.300085902333948829e-01
8.852684895883871086e-01 9.023114503620336402e-01 9.106001690617074873e-01 9.296135437675864255e-01
8.836965592190805241e-01 9.018737205160924919e-01 9.097886728655959487e-01 9.293859133100116354e-01
8.860447514991557361e-01 9.038864558393109316e-01 9.102185726361550211e-01 9.300767917837404752e-01
8.882570979448465298e-01 9.055284361514304159e-01 9.118367346938776041e-01 9.314295044207570040e-01
8.864911020978478717e-01 9.044243430289008456e-01 9.108706677937448148e-01 9.305129311582686080e-01
8.846086669642336808e-01 9.036124976216175497e-01 9.097355391860887375e-01 9.292912450076319386e-01
8.842787556521569670e-01 9.033636884725602112e-01 9.089626856659823728e-01 9.289218722117517091e-01
8.847833258941566470e-01 9.035096804350970512e-01 9.090544620214948690e-01 9.292170887830745185e-01
8.859671253080789732e-01 9.042695663282789287e-01 9.104166163506822729e-01 9.303632578529020813e-01
8.859671253080788622e-01 9.036700945278628438e-01 9.116097089723462776e-01 9.309749072671674730e-01
8.857148401870791332e-01 9.033720750667638688e-01 9.124936601859678920e-01 9.314966954557574175e-01
8.847445127986182101e-01 9.022339308680562553e-01 9.125323028619733989e-01 9.313780384081465913e-01
8.813483669390052011e-01 8.997613406189312046e-01 9.119768143943969285e-01 9.308864460788320860e-01
8.811348949135437980e-01 9.000155558703467618e-01 9.114889506098298178e-01 9.306146707581691713e-01
8.849967979196180501e-01 9.030194772385862212e-01 9.119816447288973116e-01 9.310064205520265368e-01
8.851520503017719088e-01 9.032303776387757832e-01 9.103151793261683444e-01 9.299760880766075877e-01
8.853073026839256565e-01 9.035467338041519580e-01 9.097500301895905528e-01 9.297253279902556455e-01
8.865687282889247456e-01 9.044508305525251757e-01 9.098031638690979861e-01 9.297579368088474405e-01
8.855013681616176191e-01 9.038192727421154871e-01 9.103731433401761608e-01 9.304107119378380863e-01
8.823575074230044502e-01 9.017471706686390753e-01 9.096679145030793778e-01 9.296164897831902252e-01
8.816200586077742596e-01 9.010663904407200109e-01 9.105905083927062771e-01 9.300123861097836508e-01
8.851908633973102347e-01 9.034539160128418622e-01 9.114937809443304229e-01 9.308338404887649409e-01
8.845504473209262475e-01 9.024272677255376074e-01 9.113971742543172105e-01 9.309525295385120414e-01
8.842011294610800931e-01 9.020322862359707594e-01 9.107692307692307754e-01 9.307285204055738559e-01
8.840846901744648934e-01 9.024741278868013694e-01 9.111798092017872053e-01 9.307333051525666923e-01
8.840070639833879085e-01 9.027067299582987037e-01 9.115372539548363129e-01 9.305669256320026062e-01
8.843563818432340629e-01 9.031660161917205443e-01 9.111846395362879214e-01 9.303288164720346920e-01
8.843175687476955149e-01 9.031541138322050077e-01 9.112426035502958488e-01 9.304983699068766212e-01
8.836189330280036502e-01 9.025771612550148593e-01 9.098852795556093831e-01 9.296394448749397688e-01
8.824933532573890904e-01 9.013242737907996016e-01 9.113585315783118146e-01 9.307115073378515735e-01
8.837547788623881795e-01 9.019492228591110550e-01 9.118850380388840993e-01 9.313499203386310654e-01
8.854625550660792932e-01 9.034186290031620548e-01 9.121120637604154258e-01 9.314692821656821442e-01
8.844146014865416072e-01 9.024255763049124912e-01 9.116966549933583908e-01 9.307160060108480293e-01
8.833860544547731397e-01 9.016233348158444461e-01 9.100350199251298067e-01 9.296240735375130848e-01
8.839488443400802531e-01 9.023042687592011113e-01 9.097500301895906638e-01 9.295447507169737333e-01
8.846086669642336808e-01 9.037149338501609952e-01 9.099963772491245217e-01 9.295949473572021615e-01
8.811737080090822349e-01 9.008384327774446865e-01 9.090351406834924486e-01 9.292071050997074977e-01
8.824739467096198720e-01 9.016949665275532100e-01 9.091172563700036235e-01 9.294798321340751457e-01
8.822604746841584689e-01 9.010018945774642685e-01 9.090882743629995488e-01 9.294964291868654804e-01
8.820275961109277363e-01 9.006160110697596366e-01 9.098659582176066296e-01 9.301398421229212232e-01
8.842981621999261854e-01 9.026000914055682944e-01 9.108996498007486675e-01 9.307703366316439908e-01
8.871897378175396254e-01 9.047762984191343172e-01 9.123149378094432826e-01 9.319125722735157602e-01
8.875390556773855577e-01 9.052876496500852355e-01 9.117256370003623545e-01 9.313829483372233486e-01
8.869374526965396743e-01 9.050108016367628405e-01 9.098852795556092721e-01 9.298449303973027602e-01
8.872673640086164992e-01 9.048572077027281502e-01 9.094263977780461250e-01 9.293048116933684266e-01
8.847445127986182101e-01 9.029009915688460675e-01 9.091462383770074762e-01 9.291763103425016990e-01
8.843951949387722777e-01 9.025952593724639872e-01 9.102910276536649858e-01 9.300232817980245148e-01
8.844340080343108257e-01 9.029521854270049497e-01 9.117980920178722082e-01 9.310831666357719527e-01
8.850744241106949239e-01 9.032609687891101080e-01 9.124839995169666818e-01 9.316332943797672739e-01
8.865299151933863087e-01 9.039545234723337375e-01 9.119091897113875689e-01 9.310954422684352139e-01
8.855207747093869486e-01 9.033239450704739770e-01 9.111653181982852789e-01 9.306035006351121019e-01
8.844728211298491516e-01 9.025208918936228342e-01 9.109431228112546686e-01 9.302632800367587329e-01
8.832890217159269364e-01 9.018325532818163293e-01 9.113150585678058135e-01 9.305504147811893834e-01
8.852296764928486716e-01 9.034581206040952495e-01 9.123729018234512100e-01 9.314036388447172188e-01
8.852684895883871086e-01 9.037074470224676359e-01 9.123873928269532474e-01 9.312147513665383070e-01
8.887616681868460988e-01 9.070771129787726927e-01 9.128994082840236057e-01 9.313317027424833361e-01
8.884123503270002775e-01 9.067022853048729569e-01 9.121507064364207107e-01 9.310132828800834481e-01
8.888975140212308501e-01 9.067846097111229575e-01 9.125999275449824255e-01 9.311510943220924208e-01
8.882959110403850778e-01 9.062154195200791129e-01 9.122569737954352442e-01 9.310670613564052678e-01
8.873838032952318100e-01 9.051611785813185040e-01 9.127400072455018609e-01 9.318158938729487195e-01
8.849967979196180501e-01 9.033371585992810981e-01 9.121410457674193895e-01 9.316031026879649790e-01
8.827262318306196009e-01 9.019018018500577494e-01 9.114551382683250269e-01 9.308298995075852122e-01
8.842981621999261854e-01 9.032110713936826185e-01 9.113585315783119256e-01 9.305807052870681551e-01
8.871121116264626405e-01 9.049894507590037218e-01 9.116435213138509575e-01 9.308275282066839074e-01
8.866851675755399453e-01 9.048049377480917865e-01 9.118174133558748506e-01 9.308884578336596993e-01
8.866851675755398343e-01 9.049169452021499360e-01 9.126095882139837467e-01 9.316177094427298133e-01
8.844146014865414962e-01 9.031118964857183240e-01 9.115710662963409927e-01 9.308062684324373004e-01
8.839100312445419272e-01 9.025739386673263809e-01 9.108127037797366654e-01 9.304405827209698554e-01
8.859283122125405363e-01 9.040549223280454072e-01 9.109817654872599535e-01 9.305302846093613800e-01
8.884317568747694960e-01 9.059578521822591046e-01 9.117594493418669233e-01 9.309898299027763446e-01
8.872285509130781733e-01 9.050227028984457744e-01 9.126434005554885376e-01 9.317724138316667570e-01
8.882182848493082039e-01 9.054342525891543314e-01 9.128366139355150732e-01 9.318800905402879753e-01
8.869374526965397854e-01 9.043603700138278523e-01 9.125757758724791779e-01 9.316400568246847591e-01
8.866463544800015084e-01 9.038956819556506206e-01 9.120782514189107459e-01 9.315122322486864004e-01
8.864716955500786533e-01 9.037983167885836888e-01 9.119864750633980277e-01 9.313130108662467377e-01
8.870344854353859887e-01 9.044805611756568942e-01 9.118995290423861366e-01 9.313802833045761176e-01
8.897319955753071330e-01 9.067945690079093346e-01 9.126820432314937115e-01 9.318890594565276686e-01
8.901783461739990466e-01 9.070726752458070363e-01 9.116966549933582797e-01 9.313071888449313551e-01
8.889751402123077240e-01 9.059669791127821226e-01 9.119236807148893842e-01 9.314204227181500650e-01
8.881212521104620006e-01 9.049898456295031313e-01 9.121941794469268228e-01 9.312867878598869442e-01
8.849773913718488316e-01 9.025174574488067369e-01 9.113005675643037762e-01 9.303810009689772453e-01
8.851714568495409052e-01 9.030253358350104342e-01 9.112570945537978861e-01 9.305000103660390209e-01
8.874808360340779023e-01 9.049834477346694328e-01 9.113923439198163834e-01 9.306343237953820235e-01
8.891109860466921422e-01 9.065861537031245643e-01 9.119574930563940640e-01 9.313432988831329418e-01
8.888975140212307391e-01 9.058730052955578094e-01 9.123149378094432826e-01 9.320343702728166591e-01
8.877331211550777423e-01 9.048447008322753060e-01 9.119574930563941750e-01 9.319612407640928131e-01
8.870927050786935331e-01 9.045306615081318835e-01 9.124839995169666818e-01 9.319536075364622807e-01
8.882570979448465298e-01 9.057084938741052360e-01 9.139427605361671869e-01 9.327391933406704583e-01
8.883541306836925111e-01 9.057266056963800827e-01 9.136046371211208328e-01 9.321273486640511141e-01
8.877913407983852867e-01 9.050165209867022664e-01 9.139379302016663598e-01 9.324493277161601812e-01
8.876554949640008685e-01 9.050117361557715734e-01 9.139186088636638283e-01 9.324838204178419465e-01
8.871121116264626405e-01 9.042696813836882397e-01 9.130153363120395715e-01 9.318920514116669773e-01
8.868016068621552561e-01 9.040973427276377539e-01 9.125178118584711395e-01 9.310271990608184334e-01
8.881212521104620006e-01 9.052417000118974100e-01 9.131795676850621435e-01 9.315109781623507335e-01
8.885287896136155883e-01 9.060340514248875765e-01 9.133631203960874689e-01 9.321484901632800524e-01
8.889169205689999576e-01 9.062569101914306202e-01 9.132327013645694658e-01 9.326542851881446383e-01
8.875972753206932131e-01 9.050551017830027467e-01 9.125129815239705344e-01 9.322535794366346718e-01
8.880630324671544562e-01 9.054139926818974837e-01 9.129766936360341756e-01 9.325042052200352982e-01
8.880242193716159083e-01 9.055295410656877264e-01 9.134742180896027186e-01 9.325639007127347613e-01
8.899842806963069730e-01 9.069741645662889873e-01 9.146528197077647970e-01 9.331275439776542946e-01
8.885870092569233547e-01 9.060496448550168225e-01 9.137495471561405402e-01 9.324295240139721663e-01
8.883153175881541852e-01 9.053759040199180763e-01 9.135659944451152148e-01 9.324236096411985253e-01
8.867239806710783823e-01 9.040254650486669874e-01 9.129573722980317552e-01 9.318136207966799534e-01
8.866075413844630715e-01 9.042639193811562448e-01 9.136964134766332180e-01 9.324114844192253893e-01
8.870927050786935331e-01 9.043403923096308139e-01 9.133631203960873579e-01 9.324932354896883213e-01
8.862388169768480317e-01 9.035532261639170892e-01 9.123825624924526423e-01 9.317431913899452134e-01
8.868016068621553671e-01 9.041001723657773326e-01 9.122956164714407512e-01 9.317191306205944157e-01
8.866463544800015084e-01 9.042857295840922571e-01 9.126192488829849569e-01 9.317424581549650364e-01
8.852490830406178901e-01 9.034346161748466608e-01 9.121168940949161419e-01 9.314297821323139770e-01
8.842787556521569670e-01 9.030912399900300480e-01 9.122907861369401461e-01 9.312098301735743933e-01
8.851132372062332498e-01 9.032886315138828337e-01 9.125178118584711395e-01 9.315925929910107151e-01
8.876749015117699759e-01 9.051227742093390649e-01 9.132761743750754668e-01 9.327801123208530054e-01
8.882959110403849667e-01 9.056977212391470466e-01 9.141408042506944387e-01 9.334702589825609742e-01
8.875584622251546651e-01 9.048986093373311279e-01 9.144644366622387555e-01 9.335831515189632057e-01
8.863940693590017794e-01 9.040153754394717467e-01 9.136964134766332180e-01 9.328171830385509899e-01
8.856954336393099148e-01 9.036590884614644770e-01 9.135273517691100409e-01 9.324869781960340998e-01
8.852878961361563270e-01 9.034892651236089423e-01 9.129670329670330764e-01 9.321403836329751336e-01
8.868598265054630225e-01 9.046494821143854503e-01 9.132713440405749727e-01 9.323784751262883530e-01
8.886840419957693360e-01 9.061659863317242936e-01 9.133389687235841103e-01 9.325509668821274634e-01
8.895767431931532743e-01 9.063270613359997174e-01 9.142084289337036873e-01 9.333150801852381218e-01
8.892274253333073419e-01 9.064145703622965566e-01 9.141552952541964761e-01 9.328530768098017845e-01
8.885287896136155883e-01 9.062011884848528709e-01 9.136336191281246855e-01 9.322000554999192445e-01
8.874032098430009174e-01 9.055380055417867613e-01 9.139186088636639393e-01 9.327320161160683742e-01
8.865493217411554161e-01 9.047663642439249809e-01 9.134355754135974337e-01 9.325878740740953798e-01
8.846280735120028993e-01 9.032559010601443061e-01 9.126723825624922792e-01 9.322308954589314522e-01
8.856178074482329299e-01 9.039932741842959807e-01 9.124453568409611748e-01 9.322077737713355683e-01
8.859671253080789732e-01 9.038988744397995490e-01 9.125806062069796720e-01 9.322310867466154782e-01
8.865105086456170902e-01 9.043901064857615690e-01 9.141746165921991185e-01 9.334189151917767768e-01
8.862776300723863576e-01 9.040196820004764433e-01 9.154305035623716558e-01 9.341605306783337115e-01
8.865687282889247456e-01 9.041114068713331786e-01 9.148122207462868749e-01 9.335198467896717034e-01
8.839876574356186900e-01 9.023106689396327429e-01 9.133727810650886791e-01 9.321285023010362769e-01
8.835413068369267764e-01 9.019200579360946435e-01 9.131650766815602172e-01 9.319972930340787443e-01
8.854819616138485117e-01 9.033660109093826218e-01 9.135321821036107570e-01 9.327682612761152292e-01
8.856372139960023704e-01 9.034745019089012175e-01 9.131699070160609333e-01 9.326678274198643148e-01
8.854237419705408563e-01 9.033587572052543813e-01 9.133921024030914326e-01 9.329367478650197887e-01
8.857148401870791332e-01 9.034529682879142154e-01 9.146818017147688717e-01 9.336300606699756699e-01
8.872285509130779513e-01 9.045220670397534635e-01 9.156768506219056247e-01 9.343037581397853897e-01
8.878883735372313790e-01 9.052296462876955330e-01 9.159183673469386555e-01 9.341160794636095277e-01
8.883153175881542962e-01 9.053362157097728513e-01 9.152131385098418725e-01 9.339275829422104547e-01
8.886646354480001175e-01 9.056396381616552693e-01 9.138509841806545797e-01 9.331907979041496048e-01
8.886452289002310101e-01 9.055767603420712408e-01 9.138703055186572222e-01 9.331438000253428067e-01
8.879659997283083639e-01 9.058784485240805040e-01 9.141359739161937226e-01 9.332699918985674081e-01
8.888587009256923022e-01 9.061813159742611035e-01 9.153532182103610859e-01 9.340136462101236159e-01
8.878495604416929421e-01 9.050190519389220700e-01 9.157154932979110207e-01 9.342005619252775617e-01
8.872867705563857177e-01 9.046458690464767027e-01 9.160053133679507686e-01 9.344333572898411155e-01
8.846668866075414472e-01 9.025595338675387325e-01 9.157976089844220846e-01 9.343056554860686980e-01
8.852684895883871086e-01 9.032339703909693096e-01 9.153387272068591596e-01 9.339449235377901282e-01
8.859089056647712068e-01 9.039431824597146115e-01 9.157299843014128360e-01 9.341751694751865287e-01
8.883153175881542962e-01 9.056169827371018943e-01 9.162613210964859478e-01 9.348171368402170556e-01
8.888781074734615206e-01 9.060385161696633549e-01 9.154594855693757305e-01 9.340663289480506393e-01
8.874226163907703580e-01 9.049480475968756377e-01 9.143629996377250491e-01 9.331005162725314328e-01
8.873061771041550472e-01 9.045673349952554343e-01 9.149039971017992601e-01 9.335880291187894642e-01
8.878107473461545052e-01 9.051517319068012046e-01 9.159183673469388776e-01 9.343972475930760746e-01
8.871315181742319700e-01 9.047602513565882187e-01 9.160922593889627707e-01 9.348275390421399988e-01
8.847445127986182101e-01 9.029765748395077729e-01 9.153532182103609749e-01 9.340667200440563311e-01
8.853849288750025304e-01 9.033947617729205515e-01 9.148267117497888012e-01 9.335745688222401029e-01
8.860059384036174102e-01 9.037506334693161669e-01 9.151455138268325129e-01 9.338790870647273312e-01
8.884317568747694960e-01 9.061354098114156042e-01 9.166139355150344503e-01 9.349382473742315902e-01
8.877913407983853977e-01 9.055314217980301450e-01 9.164352131385098410e-01 9.346933904022735051e-01
8.847639193463873175e-01 9.028358793347066591e-01 9.162854727689893064e-01 9.346798203830841700e-01
8.854819616138485117e-01 9.033831065773737512e-01 9.161212413959667344e-01 9.347042170782736692e-01
8.860059384036174102e-01 9.037965706210815409e-01 9.156575292839028712e-01 9.342770474960757632e-01
8.881406586582311080e-01 9.057388168227289427e-01 9.160101437024513737e-01 9.343181277380899763e-01
8.889751402123076129e-01 9.064379083801958892e-01 9.165752928390290544e-01 9.347181680003850968e-01
8.890527664033845978e-01 9.063748371802888837e-01 9.170148532785895590e-01 9.353128548183824442e-01
8.886064158046925732e-01 9.059663181411230504e-01 9.174302620456467050e-01 9.356990119355543811e-01
8.883735372314618406e-01 9.059367301247235327e-01 9.164207221350078036e-01 9.352425241078016205e-01
8.891692056899997976e-01 9.064944995544554907e-01 9.161888660789759831e-01 9.347003416049238789e-01
8.886452289002310101e-01 9.062484451959579301e-01 9.156816809564061188e-01 9.340635831648927967e-01
8.881212521104620006e-01 9.055313474758122094e-01 9.158459123294289128e-01 9.339608337815685779e-01
8.867239806710784933e-01 9.041396153393360668e-01 9.160198043714528060e-01 9.341607980734164540e-01
8.883541306836926221e-01 9.053437898994722843e-01 9.162999637724913438e-01 9.347012622245846059e-01
8.909352015369984557e-01 9.077845240357418355e-01 9.173143340176307392e-01 9.352578156586204283e-01
8.900230937918452989e-01 9.070012102432258860e-01 9.174350923801474211e-01 9.352088062394423584e-01
8.883929437792311701e-01 9.058601693695383927e-01 9.165752928390291654e-01 9.345612079864265009e-01
8.873255836519240436e-01 9.052389993427496506e-01 9.158845550054341977e-01 9.340938924383893616e-01
8.878107473461545052e-01 9.053277580233026756e-01 9.158265909914260483e-01 9.341470801611818642e-01
8.877525277028469608e-01 9.050062273332484253e-01 9.165221591595218431e-01 9.349593714106517739e-01
8.878689669894621606e-01 9.052718973907650790e-01 9.180340538582296706e-01 9.357617074139974456e-01
8.892662384288458899e-01 9.063906181037817422e-01 9.177490641226905277e-01 9.354382151303088921e-01
8.883347241359234037e-01 9.056787106132202503e-01 9.169230769230769518e-01 9.346430494978555936e-01
8.872673640086164992e-01 9.048302468799169773e-01 9.163627581209998763e-01 9.344658237080816221e-01
8.856954336393098037e-01 9.034045944017989882e-01 9.162758120999879852e-01 9.345812480890349772e-01
8.869180461487706779e-01 9.045219622225098011e-01 9.168892645815722720e-01 9.349966600978782960e-01
8.888198878301538652e-01 9.059555423703746779e-01 9.178360101437024188e-01 9.357459500589950796e-01
8.886258223524616806e-01 9.056654993077607463e-01 9.172998430141288129e-01 9.354048695359697962e-01
8.886452289002308991e-01 9.055870019419505201e-01 9.167105422050476626e-01 9.351546636273702084e-01
8.873643967474624805e-01 9.044715383554132737e-01 9.157058326289095884e-01 9.344110427211324010e-01
8.870732985309244256e-01 9.039704978738369867e-01 9.160777683854606224e-01 9.344751904194996683e-01
8.871315181742319700e-01 9.040727563711898895e-01 9.165366501630238805e-01 9.345637455348569933e-01
8.890721729511537053e-01 9.061411244651508268e-01 9.172418790001208855e-01 9.351599677976867309e-01
8.891692056899997976e-01 9.058339840300155821e-01 9.176572877671778095e-01 9.355540645729406579e-01
8.891109860466921422e-01 9.059321512473723637e-01 9.169955319405869165e-01 9.354075101090871813e-01
8.876749015117699759e-01 9.050606846806972250e-01 9.160101437024515958e-01 9.348268012536337102e-01
8.860641580469249545e-01 9.039757808973118980e-01 9.157831179809202693e-01 9.346755690628240076e-01
8.871509247220011884e-01 9.045567320946057421e-01 9.159376886849414090e-01 9.345988190492950931e-01
8.882959110403850778e-01 9.054119205299102635e-01 9.165608018355272391e-01 9.350615737227375712e-01
8.871121116264626405e-01 9.045835092082891160e-01 9.162033570824779094e-01 9.348974760634991554e-01
8.876166818684623205e-01 9.049637666786933821e-01 9.164593648110131996e-01 9.350368615834442343e-01
8.897514021230762404e-01 9.066912687672875615e-01 9.170341746165920904e-01 9.355121995239817911e-01
8.885093830658463698e-01 9.055947031762452415e-01 9.161309020649680557e-01 9.347461750619645571e-01
8.871121116264627515e-01 9.043478087744911686e-01 9.159038763434368402e-01 9.342027118855368295e-01
8.882376913970773114e-01 9.054089735498254132e-01 9.163820794590025187e-01 9.348895807833011995e-01
8.883541306836925111e-01 9.059058605823407939e-01 9.168168095640623072e-01 9.352475530331088027e-01
8.885676027091541362e-01 9.060231253566017884e-01 9.169085859195749144e-01 9.354473731857704255e-01
8.875002425818472318e-01 9.051304303826599451e-01 9.161695447409734516e-01 9.349643214134091274e-01
8.875584622251546651e-01 9.049527522368272514e-01 9.157686269774181209e-01 9.343917703131565666e-01
8.875972753206931021e-01 9.047004863204157754e-01 9.153290665378577273e-01 9.340702048206563912e-01
8.881212521104620006e-01 9.050464442056228576e-01 9.158942156744355190e-01 9.344304775633912596e-01
8.893050515243843268e-01 9.067500917636426294e-01 9.171114599686027713e-01 9.352694786366709812e-01
8.882182848493080929e-01 9.060602568629810838e-01 9.166622388600410565e-01 9.348915537490879446e-01
8.855401812571561670e-01 9.036599116496919493e-01 9.160439560439560536e-01 9.343477261121536648e-01
8.862970366201555761e-01 9.042115330002687967e-01 9.166815601980438100e-01 9.350348724666511790e-01
8.880824390149236747e-01 9.058193923755296639e-01 9.172805216761261704e-01 9.352182217989604140e-01
8.884317568747694960e-01 9.056660922481735154e-01 9.168071488950610970e-01 9.347965776988196307e-01
