8.685982650546294481e-01 8.941460734619831596e-01 8.746190073662601927e-01 9.032310475945685146e-01
8.680160686215527832e-01 8.935890057909767759e-01 8.748508634222920133e-01 9.036367832916927245e-01
8.712569620990122665e-01 8.954425063115571959e-01 8.780533751962322775e-01 9.058315755008030656e-01
8.734693085447029492e-01 8.968665226041623306e-01 8.804830334500665101e-01 9.074823299211780547e-01
8.730423644937801431e-01 8.967777181038548706e-01 8.821688201907982307e-01 9.084075364261006147e-01
8.731005841370877985e-01 8.966972778573857328e-01 8.815167250332085480e-01 9.076790288689843278e-01
8.745754817675484016e-01 8.980768637926694886e-01 8.811689409491607616e-01 9.074421940229548955e-01
8.784179782258534352e-01 9.010006680583377836e-01 8.829078613693999156e-01 9.083316623715550486e-01
8.828620776650041302e-01 9.044656247463260801e-01 8.843183190435937036e-01 9.089159892081453140e-01
8.834248675503113546e-01 9.046087997612111131e-01 8.860089361188261403e-01 9.098604345859810927e-01
8.848997651807719578e-01 9.053936492401368774e-01 8.876126071730467970e-01 9.109244053832511456e-01
8.866657610277707269e-01 9.066107776718084210e-01 8.877720082115685418e-01 9.110754742125906080e-01
8.873061771041550472e-01 9.065162320130233375e-01 8.885255403936722640e-01 9.113608951992612228e-01
8.884317568747694960e-01 9.065237459157720057e-01 8.883564786861489759e-01 9.107916702960929811e-01
8.883347241359234037e-01 9.060518118368268148e-01 8.876947228595579720e-01 9.100404671310833304e-01
8.875584622251547762e-01 9.051739353851688819e-01 8.873807511170147544e-01 9.097919172765498441e-01
8.862194104290788133e-01 9.044495258460354403e-01 8.894433039487984471e-01 9.115041210446616082e-01
8.854625550660791822e-01 9.037865570281461425e-01 8.898780340538582356e-01 9.120238794364923240e-01
8.876360884162315390e-01 9.055938007784638533e-01 8.915155174495833501e-01 9.129931339000062485e-01
8.893632711676918712e-01 9.067929275005566225e-01 8.924477720082115706e-01 9.137375125205857707e-01
8.901783461739990466e-01 9.073586599043953482e-01 8.921676126071731439e-01 9.138316206453894752e-01
8.919831551165363637e-01 9.081906426512997843e-01 8.922642192971863562e-01 9.140445877693214038e-01
8.946806652564575080e-01 9.099845518093263586e-01 8.931046975003018584e-01 9.146111607429249224e-01
8.961167497913794522e-01 9.110201939939558402e-01 8.938244173409009008e-01 9.148795285028041846e-01
8.980185914727629726e-01 9.125456149681177020e-01 8.936843376403815764e-01 9.148584221871364219e-01
9.004055968483766215e-01 9.143714939609735026e-01 8.943412631324720863e-01 9.153186024299579948e-01
9.008713539948378646e-01 9.150762777758280064e-01 8.945006641709938311e-01 9.155343132678731566e-01
9.010071998292223938e-01 9.157081514522567023e-01 8.934621422533510771e-01 9.143947490777691867e-01
9.017058355489141475e-01 9.168038156776293635e-01 8.938968723584108655e-01 9.144004948575720215e-01
9.033553921092977168e-01 9.180531085497440902e-01 8.950996256490761915e-01 9.148702314873369268e-01
9.039764016379125966e-01 9.185539890019710496e-01 8.955488467576379064e-01 9.147743977248208314e-01
9.052766403384502336e-01 9.191210317264939533e-01 8.954377490641227677e-01 9.145443215393386227e-01
9.042674998544508735e-01 9.175625019846156416e-01 8.946407438715131555e-01 9.136728556679322155e-01
9.037435230646820861e-01 9.163414172383073097e-01 8.939693273759208303e-01 9.130456006779457123e-01
9.006190688738379135e-01 9.131618547572937228e-01 8.921144789276657106e-01 9.122380195132515635e-01
8.990083254089928921e-01 9.115596812152619854e-01 8.921965946141768855e-01 9.122508264809980894e-01
8.972617361097633415e-01 9.099559086752049275e-01 8.920082115686510660e-01 9.114905226902992874e-01
8.993382367210696060e-01 9.119002063382443124e-01 8.929549571307813238e-01 9.121104993469623112e-01
9.013177045935298892e-01 9.140789757538061444e-01 8.941722014249486872e-01 9.128786672531892243e-01
9.018416813832988987e-01 9.152333063843758332e-01 8.945731191885039069e-01 9.133554232472056444e-01
8.998234004153001786e-01 9.135691546194342205e-01 8.950803043110734381e-01 9.139646701260866202e-01
8.992217974344542952e-01 9.132557759161182842e-01 8.950368313005676590e-01 9.142205864769605839e-01
8.985037551669933231e-01 9.123022621892236117e-01 8.931433401763071434e-01 9.124965337307335833e-01
8.980379980205321910e-01 9.119017213055302662e-01 8.925153966912209302e-01 9.119526901992230927e-01
8.977274932562245846e-01 9.111960658002882241e-01 8.920758362516603146e-01 9.116143742759439395e-01
8.974752081352248556e-01 9.109763655936898852e-01 8.916990701606086756e-01 9.113324015871488992e-01
8.985037551669934341e-01 9.117656765756584347e-01 8.915638207945899563e-01 9.112832583570869005e-01
8.978051194473013474e-01 9.110173764009646957e-01 8.927955560922593570e-01 9.121624090805389162e-01
9.005608492305303692e-01 9.134756530838660238e-01 8.951720806665861563e-01 9.137740218335459463e-01
9.027537891284519445e-01 9.154698525996655123e-01 8.959111218451877301e-01 9.145661425566073977e-01
9.030060742494517845e-01 9.157371838047495549e-01 8.946745562130176133e-01 9.136078935826572600e-01
9.034330183003744796e-01 9.159037768875974983e-01 8.927424224127521457e-01 9.120022273238874710e-01
9.033942052048360427e-01 9.162105246996860020e-01 8.934766332568531144e-01 9.125783139801322275e-01
9.001533117273768925e-01 9.136313167367843269e-01 8.929887694722861147e-01 9.121690304502980684e-01
8.995128956509926832e-01 9.125110737011533635e-01 8.935829006158676480e-01 9.128227398446218110e-01
8.997457742242231937e-01 9.127786433816662548e-01 8.927472527472528618e-01 9.127561179359765520e-01
8.997845873197616307e-01 9.129780851833825261e-01 8.909793503200097442e-01 9.112449366061609046e-01
9.015505831667603998e-01 9.141107549515317121e-01 8.908730829609949886e-01 9.103997929302818370e-01
9.035882706825282273e-01 9.156156143337444986e-01 8.937761139958942946e-01 9.126694863090301091e-01
9.035688641347590089e-01 9.162891466725547884e-01 8.951720806665861563e-01 9.139751454139782849e-01
9.024238778163751196e-01 9.156660246679950710e-01 8.943460934669726914e-01 9.135973707404964061e-01
9.010654194725300492e-01 9.141295652198636601e-01 8.947131988890231202e-01 9.136012599734801842e-01
8.997457742242231937e-01 9.128938481655807236e-01 8.934814635913537195e-01 9.126764316224434959e-01
8.996681480331463199e-01 9.132348048481118141e-01 8.939451757034174717e-01 9.128417206146983709e-01
9.005996623260686951e-01 9.140652671099620541e-01 8.946117618645090808e-01 9.132649484854926669e-01
9.006966950649147874e-01 9.142709401014809112e-01 8.937616229923922573e-01 9.127467308038346161e-01
9.004832230394534953e-01 9.134077403966907038e-01 8.936698466368796501e-01 9.127460597289231981e-01
8.990083254089928921e-01 9.122629455185163883e-01 8.951382683250814765e-01 9.138815937143811574e-01
8.980768111160705169e-01 9.116629756633570780e-01 8.944185484844826561e-01 9.135737384393483040e-01
8.989501057656853478e-01 9.127209760497212443e-01 8.951817413355874775e-01 9.140512457501651644e-01
8.986978206446855078e-01 9.128017958552175903e-01 8.944378698224851876e-01 9.136877359597511683e-01
8.985619748103009785e-01 9.122736099844959146e-01 8.950271706315663378e-01 9.140533253225038290e-01
8.992412039822236247e-01 9.126477424810506278e-01 8.946165921990096859e-01 9.136234971057982657e-01
9.009295736381455200e-01 9.137982442452015075e-01 8.966598236927907362e-01 9.148823453796379734e-01
9.015505831667605108e-01 9.144758557046988035e-01 8.974326772128971008e-01 9.154427115343002352e-01
8.999204331541462709e-01 9.129675342915977154e-01 8.965197439922714118e-01 9.146557824594185870e-01
8.988530730268392555e-01 9.116045248557029801e-01 8.957275691341625157e-01 9.139437853298431058e-01
8.982902831415319200e-01 9.111871538608192767e-01 8.937374713198888987e-01 9.128309514226431443e-01
8.992217974344542952e-01 9.122337632674304420e-01 8.935442579398623630e-01 9.127293678379023723e-01
8.999010266063770525e-01 9.133438345051572149e-01 8.942784687839633317e-01 9.130797696968052657e-01
9.004250033961457289e-01 9.140426892278389337e-01 8.939065330274121868e-01 9.126049814327555909e-01
9.008907605426070830e-01 9.138774848057137357e-01 8.947904842410336901e-01 9.134239555810028666e-01
9.002503444662228738e-01 9.135332077543470986e-01 8.946262528680112291e-01 9.137066887021079165e-01
9.008131343515302092e-01 9.139146042454067143e-01 8.949305639415530145e-01 9.137869880028273162e-01
8.999204331541462709e-01 9.128419807598113778e-01 8.951624199975847240e-01 9.138688777565198151e-01
8.971841099186864676e-01 9.111079239448522937e-01 8.940755947349354749e-01 9.130725691296466273e-01
8.982708765937627016e-01 9.117030499098996987e-01 8.927617437507546772e-01 9.118269122790432224e-01
8.992217974344542952e-01 9.123285887131263872e-01 8.922255766211810712e-01 9.117750622608584710e-01
9.002115313706844368e-01 9.130908817847409598e-01 8.927279314092502194e-01 9.120184305657741408e-01
9.008713539948378646e-01 9.137605525230717562e-01 8.936795073058809713e-01 9.126392083863917870e-01
8.999592462496844858e-01 9.129882137611379234e-01 8.939838183794227566e-01 9.129314641321378820e-01
8.995323021987619017e-01 9.120748619065182083e-01 8.932302861973190344e-01 9.119161040131819052e-01
8.982708765937628126e-01 9.110320086188123945e-01 8.927810650887573196e-01 9.118191179006401859e-01
8.990083254089930032e-01 9.116517855202366238e-01 8.933945175703418284e-01 9.124741385275283445e-01
9.019775272176830949e-01 9.138883099934487220e-01 8.940272913899287577e-01 9.129556061907264652e-01
9.011818587591452490e-01 9.135493481222836110e-01 8.951479289940827977e-01 9.135467835353614507e-01
8.990083254089930032e-01 9.122070867969370722e-01 8.955923197681437964e-01 9.140096338681557020e-01
8.993964563643773724e-01 9.128403892424583610e-01 8.945924405265064383e-01 9.133328363769739333e-01
8.988336664790700370e-01 9.122128613099478311e-01 8.929259751237772491e-01 9.122205876469527963e-01
9.003085641095305292e-01 9.136905952935691078e-01 8.938582296824055806e-01 9.127475873690701347e-01
8.999786527974538153e-01 9.134529020005649480e-01 8.945344765124985109e-01 9.130569865221999093e-01
8.990083254089930032e-01 9.121176273690210223e-01 8.929839391377853985e-01 9.116695794628272287e-01
8.970094509887636125e-01 9.106756833961772157e-01 8.922932013041904309e-01 9.113192738142985583e-01
8.981738438549166093e-01 9.108650695728788271e-01 8.930612244897959684e-01 9.119660330015000316e-01
9.019193075743755506e-01 9.139386648217474596e-01 8.953797850501146183e-01 9.136987510771397147e-01
9.013953307846066521e-01 9.133645789172152307e-01 8.944934186692428124e-01 9.129708174306410129e-01
8.995128956509925722e-01 9.122155056551881636e-01 8.943605844704746177e-01 9.130245996029868749e-01
8.991635777911467509e-01 9.118299661894271324e-01 8.940272913899289797e-01 9.128586499245643360e-01
8.996293349376079940e-01 9.124614515671014559e-01 8.952107233425915522e-01 9.140160261489473914e-01
8.993576432688389355e-01 9.119814030987509756e-01 8.950658133075715117e-01 9.138941475226227684e-01
8.997457742242233047e-01 9.123281475271927121e-01 8.961622992392224152e-01 9.146705866297337728e-01
9.014923635234528554e-01 9.134897831289063852e-01 8.970800627943484873e-01 9.148912274160221347e-01
9.024238778163751196e-01 9.139956791240180234e-01 8.975244535684097080e-01 9.152215461460105894e-01
9.010460129247608307e-01 9.137097700653843413e-01 8.965100833232700905e-01 9.143925009181261832e-01
9.003279706572998586e-01 9.138096886316861012e-01 8.962395845912329850e-01 9.141723450163681264e-01
9.003279706572997476e-01 9.130110123808719003e-01 8.962057722497281942e-01 9.143197995011977941e-01
9.007161016126841169e-01 9.133534847413260493e-01 8.967467697138027383e-01 9.148781062904018935e-01
9.009877932814531754e-01 9.136642469448964521e-01 8.969254920903274586e-01 9.151437808674611762e-01
9.011236391158377046e-01 9.137760544244342142e-01 8.960028982007003373e-01 9.143929364344027810e-01
9.020939665042986277e-01 9.142663568149227427e-01 8.962733969327374428e-01 9.146526982517746429e-01
9.024238778163752306e-01 9.144696680569252001e-01 8.967274483758000958e-01 9.149536515992555685e-01
9.027731956762211629e-01 9.147713978443561267e-01 8.969593044318320274e-01 9.147574659627741855e-01
9.022492188864523754e-01 9.138818616341787271e-01 8.969593044318318054e-01 9.147862254172284269e-01
9.027149760329133965e-01 9.142692352495428443e-01 8.958096848206738017e-01 9.142397283898362481e-01
9.020357468609908613e-01 9.140183353279626166e-01 8.954039367226180879e-01 9.139766342557110734e-01
9.020551534087600798e-01 9.148788608662064004e-01 8.960656925492090918e-01 9.145226792234476543e-01
9.024432843641443380e-01 9.152577477071718315e-01 8.964859316507667319e-01 9.150702606639480319e-01
9.022104057909139385e-01 9.146109595805275161e-01 8.972249728293684168e-01 9.159930504199131907e-01
9.006384754216072430e-01 9.131657831470151310e-01 8.954715614056273365e-01 9.148199085364214778e-01
8.995323021987617906e-01 9.117442640493371719e-01 8.953459727086101605e-01 9.142311573205375019e-01
8.982902831415319200e-01 9.110604721133188644e-01 8.952735176911000847e-01 9.136301824586859910e-01
8.997263676764539753e-01 9.125598836055677232e-01 8.961284868977176243e-01 9.142676862987966224e-01
9.012982980457605597e-01 9.139562653391472002e-01 8.963748339572514823e-01 9.144018761322779687e-01
9.018804944788372246e-01 9.138864411045963809e-01 8.959594251901943363e-01 9.145780511417762604e-01
9.009877932814530643e-01 9.132865791271450595e-01 8.964038159642555570e-01 9.148797307578928617e-01
8.998039938675309601e-01 9.128558506317185905e-01 8.956116411061465499e-01 9.141855322013543450e-01
9.011042325680684861e-01 9.139123565389656312e-01 8.959739161936963736e-01 9.140445074207803611e-01
9.023850647208367937e-01 9.143869951883450975e-01 8.965777080062794502e-01 9.145201964788679527e-01
9.031419200838362027e-01 9.142256037982375849e-01 8.970220987803405599e-01 9.147588763328440287e-01
9.033553921092976058e-01 9.139414054199209714e-01 8.971766694843618106e-01 9.151172188854206357e-01
9.033359855615284983e-01 9.140194947093533973e-01 8.980268083564786341e-01 9.157442611973136692e-01
9.030060742494517845e-01 9.143299913463388551e-01 8.974326772128968788e-01 9.154452921002318444e-01
9.037047099691436491e-01 9.150058007523477199e-01 8.976548725999276002e-01 9.154512964879881753e-01
9.041898736633741107e-01 9.156368923772029156e-01 8.973215795193818511e-01 9.151261882689476490e-01
9.034912379436821350e-01 9.154339607000154810e-01 8.965535563337760916e-01 9.147898510300188635e-01
9.019969337654524244e-01 9.142754796677999840e-01 8.968820190798213465e-01 9.152220328819771211e-01
9.001921248229151074e-01 9.121114659922260337e-01 8.969593044318319164e-01 9.155635268680071270e-01
9.021327795998369536e-01 9.131939731685213557e-01 8.988141528800870361e-01 9.167365397446122222e-01
9.032195462749130765e-01 9.142027141797213208e-01 8.991522762951333902e-01 9.169817646235359776e-01
9.030837004405286583e-01 9.145106669526589238e-01 8.979929960149740653e-01 9.160242371687816743e-01
9.032195462749131876e-01 9.146492142031528161e-01 8.969737954353338427e-01 9.152454896106686499e-01
9.020163403132215318e-01 9.137751368290555343e-01 8.976741939379302426e-01 9.152630534811441176e-01
9.024044712686060121e-01 9.141559021401969298e-01 8.991522762951336123e-01 9.163688558729621292e-01
9.038017427079896304e-01 9.149238845205899251e-01 8.993599806786620743e-01 9.165703160931167881e-01
9.042674998544508735e-01 9.155038766918273119e-01 8.996208187416978586e-01 9.169375933002292811e-01
9.024238778163752306e-01 9.142414567505227074e-01 8.980896027049873886e-01 9.158295085566698912e-01
9.018999010266063321e-01 9.139053605045596163e-01 8.975920782514190677e-01 9.154746906186784772e-01
9.026761629373750706e-01 9.142511947595950428e-01 8.973650525298877412e-01 9.154560504693042278e-01
9.035106444914513535e-01 9.145741469057754314e-01 8.974036952058930261e-01 9.156036119430132070e-01
9.031225135360669842e-01 9.141547693606468794e-01 8.977997826349475297e-01 9.157561018288057353e-01
9.039375885423741597e-01 9.146670889155528172e-01 8.978939741577103284e-01 9.154257055421073375e-01
9.030448873449901104e-01 9.137151587728790103e-01 8.978384253109528146e-01 9.154654516860588620e-01
9.027926022239903814e-01 9.134568736451188498e-01 8.977611399589422447e-01 9.153503393277744316e-01
9.007161016126841169e-01 9.126225785476999031e-01 8.982490037435093555e-01 9.159354981344988156e-01
9.013565176890681041e-01 9.132762174571403824e-01 8.995338727206858565e-01 9.169011892328852165e-01
9.030254807972211140e-01 9.144011844191175520e-01 9.001135128607656855e-01 9.175055283734243616e-01
9.018999010266064431e-01 9.134994577713965169e-01 8.988286438835889625e-01 9.169813724353714779e-01
9.023656581730674642e-01 9.136277638619202390e-01 8.980896027049873886e-01 9.165985526721636134e-01
9.014147373323758705e-01 9.130692399551304517e-01 8.974809805579035960e-01 9.159723058328440581e-01
9.027731956762210519e-01 9.143962536141776454e-01 8.976162299239223152e-01 9.155944470067299834e-01
9.036076772302974458e-01 9.143708858335775069e-01 8.979881656804734602e-01 9.153047342942328690e-01
9.038793688990665043e-01 9.145848065626824841e-01 8.992537133196475407e-01 9.164879183976244459e-01
9.032001397271439691e-01 9.147424177612979435e-01 8.987658495350802079e-01 9.161905604475419906e-01
9.017834617399911323e-01 9.137492320170180760e-01 8.980654510324839190e-01 9.157029488061012579e-01
9.032583593704516245e-01 9.150637593915053047e-01 8.989010989010988162e-01 9.164800340419685387e-01
9.034718313959129166e-01 9.143418807776897417e-01 8.988141528800868141e-01 9.166795453292937434e-01
9.023268450775291383e-01 9.135685257761307909e-01 8.977852916314454923e-01 9.159227823772968513e-01
9.020163403132216429e-01 9.133619102999128714e-01 8.973553918608863089e-01 9.153814804208285638e-01
9.048302897397580979e-01 9.158082750787680526e-01 8.983311194300205305e-01 9.158772971609090430e-01
9.037629296124510825e-01 9.150857890690684560e-01 8.985436541480498196e-01 9.159395127730760588e-01
9.025403171029904303e-01 9.142323731222289362e-01 8.983504407680231729e-01 9.157408959514801161e-01
9.028896349628364737e-01 9.144245151472614186e-01 8.972249728293684168e-01 9.149313077714315012e-01
9.030060742494517845e-01 9.142092476798829859e-01 8.979012196594614581e-01 9.156417427439595969e-01
9.025597236507596488e-01 9.140203446899709538e-01 8.988383045525902837e-01 9.166199556827300254e-01
9.011430456636068120e-01 9.128621032254555789e-01 8.982296824055064910e-01 9.160990481192803347e-01
9.026179432940673042e-01 9.138190394955661988e-01 8.993068469991546410e-01 9.166583126880579746e-01
9.037241165169127566e-01 9.144571534006311619e-01 8.988286438835889625e-01 9.163646429355881695e-01
9.036270837780666643e-01 9.143246761303450709e-01 8.992537133196474297e-01 9.165670928405013074e-01
9.022686254342215939e-01 9.134675363583772967e-01 8.983890834440284578e-01 9.161447402577707066e-01
9.014535504279144185e-01 9.133138950849004623e-01 8.980316386909793502e-01 9.159216768468457781e-01
9.025403171029905414e-01 9.139912218438895897e-01 8.991860886366380701e-01 9.167432992777613254e-01
9.036464903258359938e-01 9.144256899177417575e-01 9.004612969448133608e-01 9.174963864136982394e-01
9.034524248481436981e-01 9.144264313278817058e-01 9.005482429658253629e-01 9.178833925915905745e-01
9.038211492557588489e-01 9.149018280173515372e-01 9.003646902548001485e-01 9.178627098665024242e-01
9.042674998544507625e-01 9.154866436106370298e-01 9.003985025963048283e-01 9.180119011816031405e-01
9.044227522366046212e-01 9.153924331143555859e-01 9.011906774544137244e-01 9.185072005398218220e-01
9.049273224786041903e-01 9.153532718998346196e-01 9.009491607293806936e-01 9.180683445770725370e-01
9.036076772302975568e-01 9.144630622066919345e-01 9.001618162057722916e-01 9.173438090433702063e-01
9.031225135360669842e-01 9.142240931142533444e-01 9.002246105542808241e-01 9.176232291539011543e-01
9.032389528226824060e-01 9.142727313597240890e-01 8.994565873686752866e-01 9.168644109201179448e-01
9.036270837780666643e-01 9.142568013473402200e-01 8.994855693756793613e-01 9.169988459278615167e-01
9.038405558035280674e-01 9.143249648223366055e-01 8.994903997101799664e-01 9.171451296826367283e-01
9.027537891284519445e-01 9.134008680877130359e-01 8.979640140079701016e-01 9.160528720738205788e-01
9.035106444914514645e-01 9.141311841245036707e-01 8.995193817171839301e-01 9.168604594274463171e-01
9.032001397271438581e-01 9.137643572777578438e-01 8.990846516121241416e-01 9.164845935218196571e-01
9.045780046187583689e-01 9.147056803712261264e-01 9.000990218572637591e-01 9.172950025464500223e-01
9.044227522366046212e-01 9.149024849043516650e-01 9.012124139596666694e-01 9.182187182033915152e-01
9.035300510392204609e-01 9.143639256943735250e-01 9.013838908344402601e-01 9.183524994272613817e-01
9.046750373576042392e-01 9.151391263073469506e-01 9.011520347784084395e-01 9.181983568501257409e-01
9.054707058161424182e-01 9.154812097336308963e-01 9.009684820673831140e-01 9.180298976792076182e-01
9.056453647460652734e-01 9.157969792147840904e-01 8.993889626856659270e-01 9.166635129064433229e-01
9.039764016379125966e-01 9.144190879849009024e-01 8.986064484965584631e-01 9.158379195006887130e-01
9.033747986570668242e-01 9.139757857580800282e-01 8.995483637241877828e-01 9.167463113252330986e-01
9.048496962875274274e-01 9.151637447986655793e-01 8.998043714527230730e-01 9.170198485391939380e-01
9.054124861728346518e-01 9.156837987779216093e-01 9.009443303948798665e-01 9.176225310749317465e-01
9.053348599817578890e-01 9.159824442391331090e-01 9.013838908344402601e-01 9.179720714367312073e-01
9.050825748607579380e-01 9.156034561179282605e-01 9.019200579640140880e-01 9.186174771254527194e-01
9.055483320072191811e-01 9.160266143120745497e-01 9.016833715734815513e-01 9.190405405161019559e-01
9.047332570009120056e-01 9.151007911512324400e-01 9.001618162057722916e-01 9.181508914936504784e-01
9.041898736633739997e-01 9.144198816118733752e-01 8.993599806786619633e-01 9.172753546689746962e-01
9.028314153195288183e-01 9.134867229402476863e-01 8.989832145876102132e-01 9.166524044141195482e-01
9.025403171029905414e-01 9.137595440847416928e-01 8.994276053616712119e-01 9.171597384564623701e-01
9.029866677016824550e-01 9.141383996901479847e-01 9.007269653423499722e-01 9.180868250235418859e-01
9.025209105552212119e-01 9.141850895611361993e-01 8.998381837942277528e-01 9.172637494401032487e-01
9.024626909119136675e-01 9.137748648918322392e-01 8.997174254317111819e-01 9.172105394516192334e-01
9.041704671156047812e-01 9.149037593209662367e-01 9.005289216278227205e-01 9.176986557176182169e-01
9.032389528226822950e-01 9.142564294356144705e-01 9.006303586523367599e-01 9.177959229991534684e-01
9.033165790137592799e-01 9.143958049602398663e-01 9.000797005192610056e-01 9.176452087356968823e-01
9.038599623512972858e-01 9.148065775641860409e-01 9.006979833353458975e-01 9.180356433732731469e-01
9.036076772302974458e-01 9.146969524536096019e-01 9.010844100953991909e-01 9.181688398273377683e-01
9.052378272429116857e-01 9.159452901876734554e-01 9.019925129815239417e-01 9.183665256376256636e-01
9.069067903510643625e-01 9.172979497890143552e-01 9.024272430865837302e-01 9.184843931134114570e-01
9.066739117778337409e-01 9.169335447352376933e-01 9.016930322424826505e-01 9.185099006858138404e-01
9.043451260455277474e-01 9.146597991799518823e-01 8.998719961357324326e-01 9.175242276557916687e-01
9.025597236507597598e-01 9.132438346916320615e-01 8.992054099746407125e-01 9.170259901422768145e-01
9.028120087717594888e-01 9.134486014461201675e-01 9.003018959062913940e-01 9.177464167548121665e-01
9.041898736633741107e-01 9.146523601737045484e-01 9.019780219780220154e-01 9.192467919633766638e-01
9.051796075996040303e-01 9.151062239113610941e-01 9.029779012196593735e-01 9.197832720673512208e-01
9.051213879562964859e-01 9.151765320213043342e-01 9.020021736505251519e-01 9.185746578189220024e-01
9.043257194977584179e-01 9.147230479846973905e-01 9.020504769955319802e-01 9.186031237133707172e-01
9.042286867589124366e-01 9.151475502749757407e-01 9.020891196715372651e-01 9.186228339456491421e-01
9.042286867589124366e-01 9.150611334771824312e-01 9.011327134404056860e-01 9.179617811192273269e-01
9.051990141473732487e-01 9.157163351862149803e-01 9.011230527714044758e-01 9.181028791750021067e-01
9.048108831919889905e-01 9.151177320827709183e-01 9.017992996014974061e-01 9.188329876436609478e-01
9.057812105804498026e-01 9.159838204568511166e-01 9.009781427363844353e-01 9.181557427854736275e-01
9.060723087969880796e-01 9.164470769856483123e-01 9.003212172442942585e-01 9.173028386317676475e-01
9.057812105804498026e-01 9.159981271408357273e-01 9.016592199009780817e-01 9.184664410871168361e-01
9.060917153447572980e-01 9.159032095094647996e-01 9.026542688081150567e-01 9.191340736419966184e-01
9.050437617652196121e-01 9.150246022969563686e-01 9.017799782634947636e-01 9.184966574888406843e-01
9.037823361602205230e-01 9.143201146772381716e-01 9.004371452723101132e-01 9.174999150064198083e-01
9.035106444914514645e-01 9.139994099918450354e-01 9.017461659219899728e-01 9.185311707329237851e-01
9.041122474722970148e-01 9.143618545232665706e-01 9.020601376645333014e-01 9.187616811463812372e-01
9.054901123639116367e-01 9.155257391947451140e-01 9.026156261321096608e-01 9.193178168341606948e-01
9.054124861728347629e-01 9.157745199118429991e-01 9.027025721531216629e-01 9.191902373739085919e-01
9.057035843893729288e-01 9.160718058436745359e-01 9.029923922231615219e-01 9.195623164213133638e-01
9.053542665295271075e-01 9.158776121049618801e-01 9.033739886487138770e-01 9.200797285397595004e-01
9.046168177142968059e-01 9.150300814280198924e-01 9.037266030672624906e-01 9.204486185318625502e-01
9.042674998544508735e-01 9.146416457638587572e-01 9.028378215191401601e-01 9.196278844368480643e-01
9.057618040326805842e-01 9.158715178585187244e-01 9.026059654631082285e-01 9.192842817620057172e-01
9.058782433192958949e-01 9.160570623331424356e-01 9.031469629271827726e-01 9.195108930525041080e-01
9.048885093830658644e-01 9.153417785869999435e-01 9.037362637362638118e-01 9.200071033981709334e-01
9.051019814085271564e-01 9.153796863762138081e-01 9.036831300567562675e-01 9.200931746737275319e-01
9.045780046187583689e-01 9.146338184371882729e-01 9.037169423982610583e-01 9.204654615953054009e-01
9.064798463001415563e-01 9.163439427010634519e-01 9.043593768868495308e-01 9.207702622247697644e-01
9.072949213064487317e-01 9.166847973841307784e-01 9.038280400917764190e-01 9.195831453021716673e-01
9.054318927206039813e-01 9.152915526804915602e-01 9.027218934911243053e-01 9.180368713560576044e-01
9.039764016379125966e-01 9.143604355839674014e-01 9.020891196715372651e-01 9.177961857617028540e-01
9.047914766442196610e-01 9.151642675234961111e-01 9.028909551986474824e-01 9.189489752738194683e-01
9.057229909371421472e-01 9.153236064760772450e-01 9.036686390532545632e-01 9.200968388397148257e-01
9.061693415358341719e-01 9.157979153302524544e-01 9.035237290182345227e-01 9.202024226993334999e-01
9.071202623765257655e-01 9.167096074298203279e-01 9.045091172563699544e-01 9.208133651418393129e-01
9.051407945040657044e-01 9.154448748970904770e-01 9.045960632773819565e-01 9.208270829388723877e-01
9.041122474722971258e-01 9.145463121886827640e-01 9.038908344402850625e-01 9.201691843414008254e-01
9.042674998544508735e-01 9.149349302153334529e-01 9.036251660427485621e-01 9.198242397816515092e-01
9.046362242620659133e-01 9.149366977695767567e-01 9.039705349595459349e-01 9.198789554161292958e-01
9.062275611791419383e-01 9.159400024989130529e-01 9.045912329428813514e-01 9.204060243230739458e-01
9.059946826059112057e-01 9.150289179559594199e-01 9.039632894577950273e-01 9.201025890510798888e-01
9.060334957014496426e-01 9.146434600116923885e-01 9.030841685786741291e-01 9.195097552504821747e-01
9.068679772555260366e-01 9.153756939486444866e-01 9.037024513947591320e-01 9.196989521533532885e-01
9.070426361854490027e-01 9.161331723646565228e-01 9.045284385943727079e-01 9.203416595452327265e-01
9.064992528479108858e-01 9.161698175010082323e-01 9.051032483999517098e-01 9.209215644087912489e-01
9.068873838032951440e-01 9.159618535418628804e-01 9.044463229078614219e-01 9.204443030091082889e-01
9.070814492809873286e-01 9.157977267241239616e-01 9.030841685786741291e-01 9.193895068843428442e-01
9.066545052300647445e-01 9.154926963478099422e-01 9.030745079096726968e-01 9.192956977924999773e-01
9.062469677269110457e-01 9.155923297190644572e-01 9.034464436662239528e-01 9.198131795414242751e-01
9.064022201090647934e-01 9.161197027377894209e-01 9.033836493177151983e-01 9.199483086504431917e-01
9.072561082109102948e-01 9.164148187549117086e-01 9.036155053737471299e-01 9.196312987314008147e-01
9.065768790389876486e-01 9.158093256148346351e-01 9.046057239463833888e-01 9.202921942558976998e-01
9.061305284402957350e-01 9.156590060740531500e-01 9.056925492090328600e-01 9.213754692578229877e-01
9.069650099943720178e-01 9.162246142351943012e-01 9.077019683613090084e-01 9.230319991946736025e-01
9.078383046439868487e-01 9.170024356085543227e-01 9.069194541722014336e-01 9.223615610501426643e-01
9.070232296376796732e-01 9.162707385810816563e-01 9.054075594734936061e-01 9.211849522062518503e-01
9.063828135612955750e-01 9.159661804794412276e-01 9.045477599323752393e-01 9.203165593712265835e-01
9.061305284402957350e-01 9.155923716738232354e-01 9.035816930322424501e-01 9.196516564545189620e-01
9.064992528479107747e-01 9.154051708335273485e-01 9.032242482791933424e-01 9.194023930556325386e-01
9.058200236759883506e-01 9.148287849371266045e-01 9.029199372056515571e-01 9.192900396775790517e-01
9.047914766442197720e-01 9.142816480084131614e-01 9.023692790725756918e-01 9.189000532109928843e-01
9.053930796250654334e-01 9.150448134041130333e-01 9.029923922231615219e-01 9.191641604540691235e-01
9.052960468862193411e-01 9.149557955256830688e-01 9.040647264823088447e-01 9.198856630794001177e-01
9.051796075996041413e-01 9.149068480152909855e-01 9.042482791933341701e-01 9.201120627365099169e-01
