8.884123503270002775e-01 9.095504381068207911e-01 8.769279072575775213e-01 9.011103962775930398e-01
8.877331211550776313e-01 9.093365492480209866e-01 8.785267479772973509e-01 9.020048637314089790e-01
8.864328824545401053e-01 9.089111414545467671e-01 8.793623958459123591e-01 9.027406209128037151e-01
8.854819616138484006e-01 9.083115642613333041e-01 8.805893008090809326e-01 9.035153098936705707e-01
8.876166818684624316e-01 9.101062364420529072e-01 8.833377611399590990e-01 9.053137508464546013e-01
8.888392943779230837e-01 9.117030997628110534e-01 8.857577587247917883e-01 9.066171441540061826e-01
8.890527664033844868e-01 9.122606232441952123e-01 8.862359618403574668e-01 9.069086819217526685e-01
8.891886122377690160e-01 9.127518124322461235e-01 8.859074990943122119e-01 9.066825414411763262e-01
8.900425003396146284e-01 9.137790272274471937e-01 8.865644245864024997e-01 9.071497412898560375e-01
8.934386461992276374e-01 9.170068164253784015e-01 8.880183552711025108e-01 9.075108174506676395e-01
8.960973432436104558e-01 9.190942624296952745e-01 8.893611882622869391e-01 9.080052470935062736e-01
8.983873158803779013e-01 9.204868854797892963e-01 8.899504890713682004e-01 9.077968041585071646e-01
8.995905218420695570e-01 9.216107746926385236e-01 8.914672141045766329e-01 9.083731571384514591e-01
9.008519474470686461e-01 9.226597792181376878e-01 8.928052167612605672e-01 9.089320664601585609e-01
9.018222748355294582e-01 9.231188839059600859e-01 8.940031397174253991e-01 9.094944231907081678e-01
9.023074385297599198e-01 9.232418673911082507e-01 8.952058930080908361e-01 9.098721535826036488e-01
9.048108831919888795e-01 9.247025459538420478e-01 8.966018596787826977e-01 9.105884520319750264e-01
9.059946826059113167e-01 9.249159309318562006e-01 8.979350320009660269e-01 9.116632301950803319e-01
9.054318927206038703e-01 9.245344604847400838e-01 8.972925975123777764e-01 9.114976179971970849e-01
9.049273224786043013e-01 9.242137428579122460e-01 8.956792657891559095e-01 9.107131201041196444e-01
9.041704671156047812e-01 9.240231311792450608e-01 8.949160729380510881e-01 9.104228640547681328e-01
9.018222748355294582e-01 9.222881365181772040e-01 8.955633377611400547e-01 9.110502405871040432e-01
9.016282093578372736e-01 9.222855891861535538e-01 8.945344765124985109e-01 9.103365610246726414e-01
9.026179432940673042e-01 9.229428992206057947e-01 8.929356357927786814e-01 9.090228984339122631e-01
9.029284480583749106e-01 9.235039988628819252e-01 8.911822243690374901e-01 9.077889964040405379e-01
9.013953307846067631e-01 9.225534747464345653e-01 8.919116048786379647e-01 9.080779562652614434e-01
9.010071998292223938e-01 9.221341498965056616e-01 8.933365535563337900e-01 9.086670637587966892e-01
9.006966950649148984e-01 9.217346660692329330e-01 8.959835768626978059e-01 9.102462096219723353e-01
9.019387141221448800e-01 9.220703637173564005e-01 8.973747131988890624e-01 9.109020613243847819e-01
9.009489801859147384e-01 9.213006814012757451e-01 8.976645332689290324e-01 9.113541533910818337e-01
9.014923635234527444e-01 9.216417737104950492e-01 8.978577466489554570e-01 9.118125858378391957e-01
9.024432843641444491e-01 9.220967145231989681e-01 8.979881656804733492e-01 9.119211047591916364e-01
9.032195462749130765e-01 9.227331031428713803e-01 8.981813790604997738e-01 9.118997624526257173e-01
9.029284480583747996e-01 9.228937183815517642e-01 8.966888056997945888e-01 9.108173306629334665e-01
9.025597236507597598e-01 9.229346533286492127e-01 8.946793865475182184e-01 9.092128818118130340e-01
9.026955694851441780e-01 9.230406702228098892e-01 8.951575896630841189e-01 9.096312315460998166e-01
9.021715926953753906e-01 9.225153700270870560e-01 8.954377490641227677e-01 9.101028179675210161e-01
9.012012653069145784e-01 9.215743612577443900e-01 8.964327979712595207e-01 9.108700020668664132e-01
8.990471385045314401e-01 9.197886138840589698e-01 8.977176669484362437e-01 9.120063026601634704e-01
8.983679093326087939e-01 9.194272839315829060e-01 8.970124381113392387e-01 9.110030342748773879e-01
8.985231617147625416e-01 9.195297953427888915e-01 8.976693636034295265e-01 9.114995286934467478e-01
8.993770498166080429e-01 9.201156329039803516e-01 8.976500422654269951e-01 9.110924769671953083e-01
8.987948533835316001e-01 9.200295185116622587e-01 8.967467697138026272e-01 9.104310470126825150e-01
8.997457742242231937e-01 9.209221884609749553e-01 8.952493660185968372e-01 9.097238192159919912e-01
9.020745599565294093e-01 9.227433244723026728e-01 8.936505252988770076e-01 9.089137241054883187e-01
9.015699897145296182e-01 9.220191078574767607e-01 8.932496075353217879e-01 9.088454228331321882e-01
9.020939665042985167e-01 9.216501505122004501e-01 8.947566718995290103e-01 9.100458256954437886e-01
9.018028682877602398e-01 9.214241316415544558e-01 8.950947953145754754e-01 9.101301488061501743e-01
9.005802557782995876e-01 9.204201448805691133e-01 8.949160729380508661e-01 9.097307102683501734e-01
9.029866677016825660e-01 9.229001288081171150e-01 8.948484482550416175e-01 9.094168189473916808e-01
9.016476159056066031e-01 9.223519891153880712e-01 8.954280883951214465e-01 9.099671238393995942e-01
9.012982980457605597e-01 9.220856324759164613e-01 8.955923197681439074e-01 9.100348887436873202e-01
9.025597236507597598e-01 9.231860067418499183e-01 8.959739161936963736e-01 9.100646601216133558e-01
9.020357468609908613e-01 9.228673018744593115e-01 8.956599444511532671e-01 9.100652676446088218e-01
9.003861903006072920e-01 9.210633847327011070e-01 8.946069315300084757e-01 9.098051500505044409e-01
9.000562789885306891e-01 9.206225965934582423e-01 8.940900857384372902e-01 9.095281500934899732e-01
9.005802557782995876e-01 9.207384564548362071e-01 8.952010626735900090e-01 9.101747499396872776e-01
9.007937278037609907e-01 9.206519708493403620e-01 8.955488467576380174e-01 9.102114055571335349e-01
9.000950920840692371e-01 9.202021202076644535e-01 8.957855331481705541e-01 9.103374559999810600e-01
9.017640551922219139e-01 9.213634864020683324e-01 8.960512015457070545e-01 9.106021895009887013e-01
9.011818587591452490e-01 9.209873593425444982e-01 8.961671295737230203e-01 9.109936217973915173e-01
9.011624522113760305e-01 9.215178574964424385e-01 8.956261321096485872e-01 9.105042745229114942e-01
9.012012653069145784e-01 9.217518413701384361e-01 8.964907619852674481e-01 9.108333866887925456e-01
9.016864290011449290e-01 9.220441865599917630e-01 8.969351527593286688e-01 9.107931728023601625e-01
9.019581206699140985e-01 9.220460569583868171e-01 8.956937567926579469e-01 9.100504644161881984e-01
9.016476159056064921e-01 9.222187975334956711e-01 8.943074507909671844e-01 9.091360984402291345e-01
9.011236391158374825e-01 9.217303046275755474e-01 8.952252143460935896e-01 9.098460732049742372e-01
9.022880319819907013e-01 9.229045481075783819e-01 8.955440164231374123e-01 9.101105503849100664e-01
9.050631683129888305e-01 9.248911478178822865e-01 8.942929597874652581e-01 9.090462268552995662e-01
9.067321314211413963e-01 9.258524566510312193e-01 8.949064122690496559e-01 9.095477995863775478e-01
9.072367016631410763e-01 9.260572331313927652e-01 8.954932979108802815e-01 9.099653171619334069e-01
9.059752760581419873e-01 9.252300728353339832e-01 8.952686873565993686e-01 9.098970726350719129e-01
9.036464903258358827e-01 9.235332571811907254e-01 8.959111218451877301e-01 9.101965464774887105e-01
9.028120087717594888e-01 9.222343848249253684e-01 8.973022581813790977e-01 9.110906993859200220e-01
9.021521861476061721e-01 9.218766374679371323e-01 8.974519985508997433e-01 9.113265962370586948e-01
9.035882706825282273e-01 9.230362921595515191e-01 8.975486052409129556e-01 9.114864369967152768e-01
9.046750373576044613e-01 9.237757909060523298e-01 8.980944330394881048e-01 9.118155551331967867e-01
9.057035843893729288e-01 9.241594848317699062e-01 8.970124381113392387e-01 9.109938108142495716e-01
9.052766403384501226e-01 9.234514244125875404e-01 8.969254920903271255e-01 9.108567640689900768e-01
9.047914766442197720e-01 9.230649339325587288e-01 8.969931167733364852e-01 9.109426230684340986e-01
9.036270837780667753e-01 9.225714819007537759e-01 8.977369882864387751e-01 9.115209567812611047e-01
9.040540278289894704e-01 9.233009655401991367e-01 8.982876464195146404e-01 9.117535663141369540e-01
9.043839391410661843e-01 9.235152175399200525e-01 8.976597029344283163e-01 9.115981771109028520e-01
9.029090415106055811e-01 9.222905907585536855e-01 8.975196232339089919e-01 9.117817412509889863e-01
9.018610879310678952e-01 9.218338018325500371e-01 8.970800627943484873e-01 9.114953575635195149e-01
9.034718313959129166e-01 9.228634159605768605e-01 8.967129573722980584e-01 9.111811407282306430e-01
9.055677385549882885e-01 9.246272959923502732e-01 8.960801835527110182e-01 9.106030801095273963e-01
9.065768790389876486e-01 9.252315289021583178e-01 8.968047337278106657e-01 9.110059691492902179e-01
9.066739117778337409e-01 9.250852725834792789e-01 8.972346334983697380e-01 9.111273199754350571e-01
9.039181819946049412e-01 9.228555391592767609e-01 8.982731554160126031e-01 9.117521277366323895e-01
9.020939665042985167e-01 9.216750862418285895e-01 8.973988648713923100e-01 9.112134601362715802e-01
9.002309379184536553e-01 9.205052405102762680e-01 8.974568288854002374e-01 9.114193481585742829e-01
9.010071998292222828e-01 9.212430895141321407e-01 8.971911604878637370e-01 9.116343571009947189e-01
9.039764016379125966e-01 9.238141404385177280e-01 8.959207825141890513e-01 9.106788818146861475e-01
9.077024588096023194e-01 9.265406556714921305e-01 8.959304431831903726e-01 9.104055932864314471e-01
9.067903510644490517e-01 9.258543822508971122e-01 8.961767902427242305e-01 9.107438161113756703e-01
9.056259581982959439e-01 9.244786876875541459e-01 8.968771887453205194e-01 9.111201048677231018e-01
9.059752760581418762e-01 9.243692172747494107e-01 8.979736746769713118e-01 9.117121144265225574e-01
9.053542665295271075e-01 9.242214658765426361e-01 8.982924767540152455e-01 9.117856560631772966e-01
9.058006171282190211e-01 9.246425232781928516e-01 8.991232942881295376e-01 9.122339534654858584e-01
9.086339731025248057e-01 9.271390285504659268e-01 8.988817775630962847e-01 9.122908579490141001e-01
9.085757534592171503e-01 9.269507560135826774e-01 8.984856901340417812e-01 9.123588112491536339e-01
9.064604397523723378e-01 9.248953243147486347e-01 8.983939137785292850e-01 9.123578450999199063e-01
9.053348599817578890e-01 9.237818343178973990e-01 8.987755102040816402e-01 9.124654162222364251e-01
9.061305284402956239e-01 9.242930170698691050e-01 8.993937930201665321e-01 9.127956204795139028e-01
9.068485707077567071e-01 9.250098258307831722e-01 8.989397415771041011e-01 9.122931718851332583e-01
9.060334957014495316e-01 9.243066814021257960e-01 8.985098418065451398e-01 9.118774817095546270e-01
9.053930796250654334e-01 9.239209314216509927e-01 8.985291631445478933e-01 9.118241187597111441e-01
9.064604397523724488e-01 9.242816023301736461e-01 8.998478444632289630e-01 9.126409629368119614e-01
9.072172951153718579e-01 9.250757743983963888e-01 8.998478444632291851e-01 9.129647435707937131e-01
9.071784820198334209e-01 9.253807834003493493e-01 8.991571066296342174e-01 9.123460976602995043e-01
9.038405558035280674e-01 9.232842357007842171e-01 8.978239343074508882e-01 9.114865199259107875e-01
9.037241165169127566e-01 9.233092290603930330e-01 8.975679265789155981e-01 9.116122042465548692e-01
9.043645325932969659e-01 9.234448684783973516e-01 8.981910397295012061e-01 9.120392733633002624e-01
9.068873838032950330e-01 9.251659366142190866e-01 8.984663687960391387e-01 9.119745463497035409e-01
9.079741504783713779e-01 9.263578113364930866e-01 8.985436541480498196e-01 9.120672510123661869e-01
9.078577111917560671e-01 9.264996618792826766e-01 8.983117980920178880e-01 9.122812638736205182e-01
9.056259581982960549e-01 9.248436353764076800e-01 8.982296824055064910e-01 9.124705738452618675e-01
9.049855421219119567e-01 9.239376692224025023e-01 8.986016181620576360e-01 9.127237881616180326e-01
9.058976498670651134e-01 9.237782591621814809e-01 8.998381837942277528e-01 9.132510331826606542e-01
9.062081546313726088e-01 9.240527782282095259e-01 8.996739524212050698e-01 9.128428880564698478e-01
9.060529022492188611e-01 9.243236072290050842e-01 8.995821760656925736e-01 9.125176253768909618e-01
9.082846552426789843e-01 9.265908328246120762e-01 8.997077647627096386e-01 9.125189298533485927e-01
9.093714219177549962e-01 9.273137565795508408e-01 8.998623354667312224e-01 9.127565477710144481e-01
9.087892254846785534e-01 9.269674344561410484e-01 9.000603791812582521e-01 9.128506782882324089e-01
9.080711832172173592e-01 9.262391907473801478e-01 9.003888419273036181e-01 9.130508763406621764e-01
9.070814492809873286e-01 9.254572437176484812e-01 9.009250090568772240e-01 9.135046977711362981e-01
9.079935570261405964e-01 9.263168608203616872e-01 8.998478444632290740e-01 9.125765543610961927e-01
9.095266742999088549e-01 9.272169270615137071e-01 8.991039729501267841e-01 9.123335347644845328e-01
9.093132022744473408e-01 9.269260707527582355e-01 8.992971863301533197e-01 9.126035099673861506e-01
9.088668516757553162e-01 9.269533642627770798e-01 8.994034536891679643e-01 9.126582061577165339e-01
9.079547439306021595e-01 9.262607559789789446e-01 8.998719961357323216e-01 9.127641703623993186e-01
9.089832909623706270e-01 9.266093585121180087e-01 9.007656080183551461e-01 9.133705445040312121e-01
9.102059034718313901e-01 9.273687613289340881e-01 9.007897596908586157e-01 9.134605849048996751e-01
9.094296415610626516e-01 9.267755467985211437e-01 9.008960270498732603e-01 9.135823649138893332e-01
9.100312445419084240e-01 9.274066968527754362e-01 9.011906774544136134e-01 9.136814877297021464e-01
9.098953987075237837e-01 9.272901225750420640e-01 9.007994203598599370e-01 9.134247729608331312e-01
9.088862582235245346e-01 9.264403743648014222e-01 9.007317956768505773e-01 9.134796191428204981e-01
9.079935570261405964e-01 9.261980265482004926e-01 9.004129935998067547e-01 9.134845499819501669e-01
9.067321314211413963e-01 9.252281132305204547e-01 9.006303586523365379e-01 9.135292368257620366e-01
9.069844165421412363e-01 9.256907684260209379e-01 9.002729138992876523e-01 9.131524251082940857e-01
9.070038230899105658e-01 9.252026581030329266e-01 9.010602584228958323e-01 9.136605297978823703e-01
9.084787207203710580e-01 9.263929392644291161e-01 9.007269653423497502e-01 9.135885895469271212e-01
9.092549826311397965e-01 9.271925029093466275e-01 9.006400193213379701e-01 9.136478779466504774e-01
9.090609171534475008e-01 9.273251264679212014e-01 9.006062069798335123e-01 9.135330014139223520e-01
9.093132022744473408e-01 9.272621542232982739e-01 9.014756671899530893e-01 9.141458823601864569e-01
9.101670903762928422e-01 9.277924830901677078e-01 9.010892404298997960e-01 9.137435431705084321e-01
9.096431135865240547e-01 9.268023711812642951e-01 9.020601376645331904e-01 9.146144162367441099e-01
9.091385433445243747e-01 9.266131039739815556e-01 9.020649679990339065e-01 9.145878043096198340e-01
9.094878612043703070e-01 9.270651919802828100e-01 9.019490399710179407e-01 9.143777624552681393e-01
9.087115992936016795e-01 9.266156298593595242e-01 9.013162661514309004e-01 9.137981347080060823e-01
9.089444778668323011e-01 9.271826439106471973e-01 9.004902789518173245e-01 9.134656129444488348e-01
9.109821653826000176e-01 9.283105577394407115e-01 8.996739524212051808e-01 9.130654013881162046e-01
9.105164082361387745e-01 9.280399844754663174e-01 8.998719961357323216e-01 9.130746852521605117e-01
9.100118379941392055e-01 9.277185907342013760e-01 9.002487622267842937e-01 9.133578249467217969e-01
9.099148052552932242e-01 9.272713214235517309e-01 9.005579036348267952e-01 9.139808310463977126e-01
9.099148052552931132e-01 9.271984489294649023e-01 9.011423741094071183e-01 9.143744968738940493e-01
9.091385433445244857e-01 9.263083310603166254e-01 9.013066054824296902e-01 9.144107778745467208e-01
9.086921927458323500e-01 9.263371473547635793e-01 9.011133921024030435e-01 9.140456566481942602e-01
9.093132022744474519e-01 9.267908739193764234e-01 9.013404178239343700e-01 9.138015394322382967e-01
9.109821653826000176e-01 9.282417850332815856e-01 9.016157468904721917e-01 9.138390621089125254e-01
9.112732635991382946e-01 9.284308734576145472e-01 9.024610554280884100e-01 9.144526504284863355e-01
9.103417493062159194e-01 9.272230782437012042e-01 9.025528317836011283e-01 9.147402056490047118e-01
9.095848939432163993e-01 9.262502608223709410e-01 9.030793382441735240e-01 9.150485047671333971e-01
9.102447165673698271e-01 9.270942331402192149e-01 9.025528317836010173e-01 9.149648205468405848e-01
9.107298802616003996e-01 9.279840148586728787e-01 9.017220142494866142e-01 9.140802961163876361e-01
9.104387820450620117e-01 9.280599568490606188e-01 9.014563458519502248e-01 9.141068199359244639e-01
9.109627588348307992e-01 9.285554190135648644e-01 9.014466851829489036e-01 9.140138939552887587e-01
9.111180112169845469e-01 9.288435524745003447e-01 9.019997584832749604e-01 9.143911544222516063e-01
9.103805624017543563e-01 9.283449901063134391e-01 9.015094795314574361e-01 9.141986648898070555e-01
9.102253100196004976e-01 9.280109339547398806e-01 9.014563458519502248e-01 9.140193268259397819e-01
9.122241844398301103e-01 9.293882197211776885e-01 9.020021736505252630e-01 9.141754851988513897e-01
9.129810398028294083e-01 9.297338244855892775e-01 9.020601376645333014e-01 9.143935547604655767e-01
9.104193754972926822e-01 9.278421095096806015e-01 9.011665257819103658e-01 9.138712543404842181e-01
9.097207397776009286e-01 9.277286421415407158e-01 8.999541118222438296e-01 9.127874024893176674e-01
9.093714219177551072e-01 9.275134673008427200e-01 9.001086825262649693e-01 9.126565963329821285e-01
9.096043004909856178e-01 9.279763010676372881e-01 9.018814152880086921e-01 9.138442768640180347e-01
9.106134409749848668e-01 9.286431730864511680e-01 9.031711145996860202e-01 9.150439381080361922e-01
9.101670903762929532e-01 9.281265898519709401e-01 9.029102765366501249e-01 9.149060566368304448e-01
9.085757534592171503e-01 9.268558244009443836e-01 9.024658857625891262e-01 9.147969107473080674e-01
9.091579498922935931e-01 9.267939546720129762e-01 9.028185001811375177e-01 9.149440726384028277e-01
9.113702963379843869e-01 9.284469395049197438e-01 9.028909551986474824e-01 9.147375024965400669e-01
9.128646005162142085e-01 9.299266811360893392e-01 9.024852071005917686e-01 9.143445938723059330e-01
9.116808011022918823e-01 9.287343869163713350e-01 9.020359859920299428e-01 9.145320057855934603e-01
9.121077451532146885e-01 9.288580482736146227e-01 9.025383407800990909e-01 9.151565161594216180e-01
9.130392594461370637e-01 9.297122855561344990e-01 9.024320734210845574e-01 9.151302114975838897e-01
9.134662034970597588e-01 9.300891401648354595e-01 9.024224127520830141e-01 9.149746509741607525e-01
9.116225814589842269e-01 9.291190840509060411e-01 9.022823330515638007e-01 9.147071004848804643e-01
9.110597915736770025e-01 9.287918351014835538e-01 9.023113150585678754e-01 9.145521774646534485e-01
9.097983659686778024e-01 9.277595657699934106e-01 9.022340297065571946e-01 9.146140898192250956e-01
9.092161695356012485e-01 9.274599460268021511e-01 9.026107957976088336e-01 9.148738632685187167e-01
9.084399076248325100e-01 9.268483432705588720e-01 9.029054462021495198e-01 9.151348095375595459e-01
9.107492868093695071e-01 9.280238952180176470e-01 9.040840478203114872e-01 9.160419848801266696e-01
9.127675677773680052e-01 9.292794158419031003e-01 9.043980195628548158e-01 9.164212034252413597e-01
9.140483999301364237e-01 9.300571026792531226e-01 9.050307933824417450e-01 9.168580362374250114e-01
9.142618719555978268e-01 9.304072860046818105e-01 9.050549450549449926e-01 9.167812641513679583e-01
9.130586659939063932e-01 9.301241411580595253e-01 9.040115928028016334e-01 9.158174801151327538e-01
9.140483999301363127e-01 9.309860450216249639e-01 9.027170631566235892e-01 9.147180700608140702e-01
9.129034136117525344e-01 9.299489316527201899e-01 9.028136698466369126e-01 9.147924901918593754e-01
9.129810398028294083e-01 9.299434139133584409e-01 9.024030914140803716e-01 9.141506775225883841e-01
9.129034136117526455e-01 9.298483624250348800e-01 9.022147083685545521e-01 9.139994500990019644e-01
9.129228201595218639e-01 9.298002251640357096e-01 9.035188986837336955e-01 9.150973982372074822e-01
9.125540957519066021e-01 9.296605007343314853e-01 9.041226904963169941e-01 9.159052527218053408e-01
9.132333249238292483e-01 9.293565977041761128e-01 9.044270015698585574e-01 9.162473896028061615e-01
9.131168856372139375e-01 9.291304313233481604e-01 9.046347059533872415e-01 9.164246020955318928e-01
9.133109511149061222e-01 9.294468405772577935e-01 9.031252264219298276e-01 9.154552771835651193e-01
9.125346892041374947e-01 9.296505979559864796e-01 9.021567443545465137e-01 9.146782221286389181e-01
9.122435909875991067e-01 9.296312108792424977e-01 9.023692790725756918e-01 9.144651137923346385e-01
9.113508897902150574e-01 9.288680731402509938e-01 9.024610554280884100e-01 9.143013178731980162e-01
9.116808011022919933e-01 9.287825672125684662e-01 9.037869822485207205e-01 9.152829905943629107e-01
9.117390207455995377e-01 9.288003103751170109e-01 9.039584591232944222e-01 9.155973470995558694e-01
9.116613945545226638e-01 9.290267216583381060e-01 9.035092380147325963e-01 9.149762992558967412e-01
9.118554600322147374e-01 9.294166665092261637e-01 9.025576621181016224e-01 9.143873239064224112e-01
9.127093481340603498e-01 9.300442072813892569e-01 9.030648472406714866e-01 9.149719267648469545e-01
9.123794368219837470e-01 9.293528211696461261e-01 9.042144668518294903e-01 9.160186409537954821e-01
9.120689320576761405e-01 9.290810750183488009e-01 9.043883588938532725e-01 9.160309309725317428e-01
9.125735022996759316e-01 9.291759831541525072e-01 9.039053254437868778e-01 9.154783545003852829e-01
9.119330862232916113e-01 9.289940177702693536e-01 9.026156261321096608e-01 9.147128870847935911e-01
9.125152826563681652e-01 9.295913420666458427e-01 9.022291993720565895e-01 9.144934098767824038e-01
9.124570630130606208e-01 9.297117833336878689e-01 9.015771042144669067e-01 9.139491132929046247e-01
9.129034136117526455e-01 9.297678345571904757e-01 9.016640502354789088e-01 9.141328102283299284e-01
9.130780725416755006e-01 9.295291359593949032e-01 9.031614539306846989e-01 9.153795804109707834e-01
9.135632362359059622e-01 9.296333393043225701e-01 9.046878396328945637e-01 9.164343167269033419e-01
9.140289933823672053e-01 9.306705764893856703e-01 9.043352252143460612e-01 9.159350706471935943e-01
9.138155213569058022e-01 9.306423763789644088e-01 9.031131505856779818e-01 9.150981225223941973e-01
9.138155213569056912e-01 9.305316225029959254e-01 9.024610554280884100e-01 9.144961992601051692e-01
9.131751052805215929e-01 9.296233700030838154e-01 9.032894577949522885e-01 9.152063249490933750e-01
9.126899415862911313e-01 9.291914161240852899e-01 9.032870426277019860e-01 9.153252887973466478e-01
9.112150439558306392e-01 9.281900269336116338e-01 9.026349474701123032e-01 9.146199742090195262e-01
9.109045391915232548e-01 9.279665460920786257e-01 9.023306363965706289e-01 9.143227535101198233e-01
9.098759921597546763e-01 9.275624990927676672e-01 9.023644487380750867e-01 9.143191321204767741e-01
9.106328475227540853e-01 9.276691119047757450e-01 9.035285593527351278e-01 9.152767154710510500e-01
9.133497642104445591e-01 9.294625883325665638e-01 9.041468421688201307e-01 9.158095952796168060e-01
9.156979564905197710e-01 9.312285592818855262e-01 9.039053254437869889e-01 9.154569697470561485e-01
9.156979564905197710e-01 9.317484477275993493e-01 9.041806545103248105e-01 9.157878406964868878e-01
9.140872130256748607e-01 9.308305188369503380e-01 9.041275208308174882e-01 9.158865843413486196e-01
9.144559374332900115e-01 9.310623119747215570e-01 9.046781789638933535e-01 9.163314832600808479e-01
9.144559374332899004e-01 9.306369469828568164e-01 9.053978988044922849e-01 9.170258091881223761e-01
9.133109511149061222e-01 9.293664092523609144e-01 9.052626494384736766e-01 9.166819861837135486e-01
9.128646005162140975e-01 9.289558702555117398e-01 9.050404540514429552e-01 9.165115598673418962e-01
9.131362921849832670e-01 9.294942655373343854e-01 9.048955440164232478e-01 9.161007610100782017e-01
9.130780725416755006e-01 9.299400223218485806e-01 9.047941069919092083e-01 9.159832331268837891e-01
9.136796755225212729e-01 9.303025459885593262e-01 9.047651249849053556e-01 9.160380032437744902e-01
9.146111898154436481e-01 9.305430945888306660e-01 9.046636879603914272e-01 9.160686195097852424e-01
9.144753439810592299e-01 9.303930591898510460e-01 9.053930684699915687e-01 9.166518452653897864e-01
9.136990820702904914e-01 9.298241727706575421e-01 9.054317111459968537e-01 9.168653673249171909e-01
9.141260261212132976e-01 9.303011716513421847e-01 9.053592561284868889e-01 9.167109869464555860e-01
9.150575404141356728e-01 9.310562579862815547e-01 9.058809322545585685e-01 9.169737243055733344e-01
9.148246618409050512e-01 9.311164018154882704e-01 9.049341866924285327e-01 9.163595675451582379e-01
9.144947505288283374e-01 9.307717899121711325e-01 9.052384977659704290e-01 9.162593914327066269e-01
9.140872130256747496e-01 9.306435957642735790e-01 9.047602946504045285e-01 9.158040966552404294e-01
9.122047778920607808e-01 9.291279968179143589e-01 9.042337881898323548e-01 9.157041975010734580e-01
9.119718993188300482e-01 9.287764748356606148e-01 9.050935877309502775e-01 9.163716464441877818e-01
9.147664421975973958e-01 9.307493476061510229e-01 9.055379785050114982e-01 9.167495245963026562e-01
9.153292320829047313e-01 9.310896224323712556e-01 9.056635672020287853e-01 9.167431403417634073e-01
9.162219332802886695e-01 9.316200493261059812e-01 9.055524695085134246e-01 9.165929163199885155e-01
9.150963535096741097e-01 9.313053764746582752e-01 9.053206134524816040e-01 9.164682711972633733e-01
9.140872130256748607e-01 9.303959841757751814e-01 9.053012921144787395e-01 9.165422749961323889e-01
9.160278678025965959e-01 9.312787772711708101e-01 9.062335466731071820e-01 9.173407361624439371e-01
9.175609850763646325e-01 9.322337250893690808e-01 9.072913899287525785e-01 9.178965445531314105e-01
9.176968309107492727e-01 9.325928119041406728e-01 9.069870788552107932e-01 9.179851005805287345e-01
9.148828814842125956e-01 9.307711557801573443e-01 9.056249245260235003e-01 9.170454392059209647e-01
9.137378951658288173e-01 9.300454018655370803e-01 9.048182586644124559e-01 9.164287922212994708e-01
9.144850472549438392e-01 9.303461391149295823e-01 9.051660427484604643e-01 9.165951213519704099e-01
9.151739797007510946e-01 9.308661872848243979e-01 9.054365414804976808e-01 9.165917418093711966e-01
9.162995594713656544e-01 9.319642739679423471e-01 9.057939862335467884e-01 9.169672489682066940e-01
9.184342797259794633e-01 9.335305696310640666e-01 9.058326289095519623e-01 9.168933360685328493e-01
9.188030041335945031e-01 9.338229144502609991e-01 9.054365414804974588e-01 9.161969152495117452e-01
9.178908963884414574e-01 9.331862916570444755e-01 9.051805337519622796e-01 9.161827095073827865e-01
9.170952279299033894e-01 9.326485533043056275e-01 9.046781789638932425e-01 9.159552270889648184e-01
9.149216945797511436e-01 9.310140626866045821e-01 9.051032483999517098e-01 9.164336553598744217e-01
9.147082225542897405e-01 9.305662719771257141e-01 9.045284385943725969e-01 9.160487092563955880e-01
9.152904189873662943e-01 9.308605267273817319e-01 9.041323511653182043e-01 9.158091364780265309e-01
9.162607463758271065e-01 9.317683416098926363e-01 9.041999758483274530e-01 9.158219363657580381e-01
9.171922606687495927e-01 9.325237689398191421e-01 9.055572998430140297e-01 9.166538380356767934e-01
9.179491160317492238e-01 9.333695390160845484e-01 9.069532665137061134e-01 9.172953545572638534e-01
9.166488773312114757e-01 9.323492507265924711e-01 9.072092742422411815e-01 9.177430357046877374e-01
9.155427041083661344e-01 9.313978766992276892e-01 9.067117497886729716e-01 9.174734439691845100e-01
9.148440683886743807e-01 9.305500858790398677e-01 9.053978988044921739e-01 9.165336557474617063e-01
9.158726154204428482e-01 9.315960614207265955e-01 9.044511532423620270e-01 9.160272946577360242e-01
9.162801529235964360e-01 9.324387310889934444e-01 9.041275208308174882e-01 9.157831583368409856e-01
9.158920219682119557e-01 9.314598909744449262e-01 9.055331481705108931e-01 9.170310357869767559e-01
9.156397368472122267e-01 9.311079060288709464e-01 9.060693153000844990e-01 9.174154410497059597e-01
9.152904189873664054e-01 9.311593815779298788e-01 9.047216519743992436e-01 9.165356522253518268e-01
9.161249005414425772e-01 9.317586024914084053e-01 9.040502354788069184e-01 9.159745563826562353e-01
9.166294707834422573e-01 9.319892581337707593e-01 9.050211327134404238e-01 9.165002555487492542e-01
9.157367695860583190e-01 9.316585508763199908e-01 9.062383770076076761e-01 9.172096340182520624e-01
9.165130314968269465e-01 9.323638016676538687e-01 9.067165801231734656e-01 9.176452664362999556e-01
9.175609850763646325e-01 9.330333432714199571e-01 9.073638449462625433e-01 9.180387461057237797e-01
9.180461487705952051e-01 9.332042449478492596e-01 9.078420480618282218e-01 9.183562124367962154e-01
9.167653166178267865e-01 9.321009686035772734e-01 9.075957010022943638e-01 9.182135114474995197e-01
9.170176017388266265e-01 9.323209710357784896e-01 9.073155416012559371e-01 9.181084226158133799e-01
9.174639523375186512e-01 9.328956561180703488e-01 9.069580968482067185e-01 9.178999961542062547e-01
9.182984338915949341e-01 9.334692906766822729e-01 9.065813307571549684e-01 9.176407162996225164e-01
9.184342797259794633e-01 9.335376332602730587e-01 9.077116290303103296e-01 9.183695371535677276e-01
9.175415785285955250e-01 9.327761205466731376e-01 9.074459606327738292e-01 9.180640284077719038e-01
9.179879291272874386e-01 9.330801009251296074e-01 9.071368192247313278e-01 9.176041626734998680e-01
9.180461487705952051e-01 9.329012643353501444e-01 9.067310711266755030e-01 9.172190478705951611e-01
9.180073356750567681e-01 9.327649227032809298e-01 9.066054824296583270e-01 9.172431468408163147e-01
9.194046071144403864e-01 9.338380355358598672e-01 9.054606931530009284e-01 9.167457449415417070e-01
