8.368777920744843168e-01 8.654587838721260473e-01 8.431312538481756658e-01 8.658089180277650510e-01
8.379331781578454041e-01 8.663357874017461047e-01 8.438333771410260198e-01 8.664070266058860881e-01
8.393644551750062410e-01 8.676855604127352573e-01 8.448631579705396799e-01 8.672646613999914766e-01
8.412294525003976009e-01 8.693008189839798172e-01 8.463862254211840241e-01 8.684385791039668234e-01
8.421836371785048625e-01 8.699028121705160155e-01 8.474916195283890286e-01 8.692422494305173108e-01
8.430510777949660195e-01 8.706426080486309171e-01 8.480281137367722266e-01 8.697277261141259652e-01
8.437594876317426884e-01 8.713137431095174801e-01 8.481325320726320616e-01 8.695912812212936993e-01
8.447425869970651702e-01 8.723611690029676735e-01 8.487086332359962126e-01 8.696986511144200183e-01
8.466220416660643622e-01 8.741847086790839327e-01 8.498536342981827252e-01 8.703963680741746423e-01
8.489352166432939661e-01 8.761979784483320266e-01 8.511858682384626507e-01 8.715764920120470105e-01
8.510893608408393041e-01 8.778962571839286078e-01 8.518087776213502105e-01 8.719779114286271282e-01
8.537350547210456053e-01 8.806265823711625362e-01 8.525901148241630256e-01 8.727898811918827215e-01
8.557157107952985120e-01 8.824208252177048184e-01 8.535586849050693647e-01 8.735557490921599388e-01
8.588818690453816629e-01 8.849977171618941263e-01 8.547612960835921925e-01 8.744995574123868298e-01
8.603998901241884933e-01 8.862361588351200803e-01 8.557550705903956834e-01 8.754614818379795604e-01
8.628576385374950863e-01 8.883882953166370999e-01 8.571737197051803037e-01 8.768999605776699457e-01
8.639997686825022782e-01 8.893380329991587008e-01 8.572457323506007532e-01 8.769482659143259529e-01
8.646069771140251214e-01 8.906189865472324829e-01 8.574185626996100318e-01 8.767452223157934377e-01
8.655611617921323830e-01 8.916399138188533247e-01 8.583547270900770965e-01 8.773561125413498196e-01
8.660093394439706271e-01 8.925682691087818421e-01 8.579730600693481479e-01 8.773717818710227156e-01
8.680911969234773595e-01 8.939325105748171518e-01 8.587724004335162142e-01 8.781311297733086496e-01
8.690598389451922312e-01 8.950377634488588807e-01 8.592692876869179042e-01 8.787978720814244582e-01
8.692188697248768303e-01 8.955477132280305064e-01 8.597337692498803197e-01 8.792845384181214863e-01
8.689008081655076321e-01 8.963187923862190321e-01 8.597913793662167459e-01 8.789271955972584038e-01
8.689586375399385165e-01 8.962851149952838492e-01 8.599210021279736216e-01 8.789517625292714298e-01
8.691465830068383358e-01 8.961497767502158984e-01 8.599065995988895983e-01 8.787938926826330821e-01
8.673249577122701393e-01 8.946085430149375295e-01 8.593557028614224880e-01 8.782476391528019066e-01
8.665442611574549758e-01 8.938072873457931777e-01 8.589596333116095161e-01 8.780193852865673110e-01
8.660237967875782372e-01 8.926586803757502464e-01 8.585599631295256495e-01 8.778623197443825577e-01
8.657057352282091500e-01 8.917636957980861201e-01 8.578578398366752955e-01 8.778122955874066990e-01
8.666454625627086905e-01 8.923315169397081359e-01 8.581026828311051347e-01 8.781231060378158482e-01
8.663996877213779868e-01 8.920939877450291267e-01 8.579046480561985932e-01 8.776139802864086903e-01
8.658358513206783069e-01 8.916043406510705260e-01 8.576273993713297017e-01 8.773714897219994091e-01
8.674261591175237429e-01 8.930149718716625662e-01 8.575877924163483046e-01 8.771917072664314752e-01
8.692188697248768303e-01 8.949132585613923663e-01 8.576346006358717133e-01 8.772924360645064645e-01
8.698983648744380570e-01 8.957155783978025809e-01 8.564499926187039147e-01 8.758862444801323033e-01
8.705055733059607892e-01 8.965527186923510916e-01 8.556146459318256792e-01 8.752795138918616491e-01
8.705778600239991727e-01 8.965454267417783951e-01 8.553914067310219860e-01 8.748320270123315368e-01
8.697537914383610680e-01 8.961056423919137037e-01 8.552185763820125963e-01 8.744485856591284190e-01
8.692188697248768303e-01 8.955873173849254743e-01 8.545452581473307330e-01 8.737832785209775910e-01
8.687273200422155339e-01 8.955148254371440020e-01 8.541851949202280414e-01 8.735151959162021917e-01
8.678887941129695971e-01 8.953041055628614409e-01 8.535262792146298683e-01 8.728435491458591544e-01
8.675851898972082310e-01 8.952932948414056291e-01 8.539331506612561906e-01 8.726650511422322509e-01
8.671586982607816241e-01 8.954561470727590011e-01 8.548441106258259925e-01 8.727973926219165790e-01
8.664864317830242024e-01 8.961205691511642257e-01 8.553157934533304196e-01 8.727540716820341160e-01
8.674406164611314640e-01 8.973098153958886103e-01 8.557442686935825549e-01 8.730198608343329170e-01
8.680044528618313660e-01 8.976581850798639461e-01 8.557982781776478642e-01 8.730193496993581270e-01
8.674695311483469062e-01 8.971363155958022029e-01 8.554094098923771261e-01 8.729240688149453309e-01
8.672092989634085924e-01 8.970556261414236454e-01 8.551573656334050533e-01 8.727232409697882609e-01
8.658358513206784179e-01 8.952768207826697910e-01 8.544984499278072132e-01 8.722958208515529943e-01
8.658936806951090803e-01 8.950598208469694450e-01 8.534542665692096408e-01 8.714803801771688896e-01
8.665876331882780281e-01 8.955296929132368078e-01 8.511138555930422012e-01 8.698163672374776834e-01
8.662261995980857776e-01 8.950514686662168762e-01 8.498176279754725559e-01 8.689785623525219105e-01
8.652575575763709059e-01 8.941539291851375859e-01 8.482441516730336861e-01 8.682108738383184088e-01
8.662840289725166620e-01 8.951842345327725159e-01 8.485790104742392259e-01 8.686656953614645404e-01
8.656768205409937078e-01 8.951835006079951196e-01 8.480425162658562499e-01 8.683131797415736264e-01
8.654888750740938885e-01 8.955812067440996893e-01 8.490218882435756065e-01 8.689728179305022948e-01
8.636527924359178598e-01 8.943939960301362513e-01 8.489642781272391803e-01 8.683875449089567544e-01
8.618889965157802147e-01 8.929587622357304522e-01 8.497096090073417152e-01 8.684903594894297640e-01
8.608336104324192384e-01 8.920973706948424065e-01 8.505593582233039740e-01 8.689907485249565022e-01
8.603565180933654410e-01 8.921223973388094919e-01 8.501344836153228446e-01 8.686234773561245515e-01
8.594890774769045061e-01 8.919508838128032968e-01 8.494503634838278527e-01 8.683873444666128094e-01
8.602553166881117264e-01 8.922581114603514996e-01 8.487554414555196214e-01 8.681318801389410478e-01
8.604143474677963255e-01 8.917937573412864083e-01 8.482135462987300256e-01 8.679807266867474169e-01
8.613107027714728137e-01 8.918698685476218468e-01 8.479272960331833975e-01 8.681229846998280708e-01
8.617299657360957266e-01 8.922260616589263726e-01 8.481865415566973709e-01 8.684029235730400531e-01
8.613107027714729247e-01 8.920258748825375950e-01 8.476140410256041147e-01 8.680469749952457459e-01
8.603854327805808833e-01 8.910437327231359728e-01 8.473439936052770127e-01 8.677670909739153560e-01
8.608336104324192384e-01 8.910875753920419751e-01 8.471135531399313079e-01 8.674826579536397686e-01
8.597348523182350988e-01 8.903533868955308961e-01 8.465626564024641976e-01 8.669564609824038648e-01
8.596914802874120465e-01 8.903674046839424872e-01 8.460729704136046303e-01 8.664448123830699178e-01
8.594890774769043951e-01 8.901738825211471529e-01 8.461701874849223426e-01 8.667369117195681261e-01
8.581590018649972729e-01 8.889136690950226738e-01 8.455976869538290863e-01 8.660299378565308182e-01
8.579855137417052857e-01 8.890193875532230727e-01 8.455436774697637770e-01 8.660664365043748703e-01
8.593011320100045758e-01 8.905513303998435770e-01 8.459397470195766378e-01 8.665904626307656677e-01
8.601685726264656218e-01 8.912136075103986865e-01 8.463862254211839131e-01 8.669571744341699748e-01
8.616143069872341798e-01 8.926054882833952542e-01 8.459181432259503808e-01 8.668116737252908877e-01
8.614986482383727440e-01 8.919543037224998416e-01 8.458677343741560772e-01 8.667056884927932803e-01
8.611082999609651623e-01 8.912706223154692742e-01 8.461017754717727879e-01 8.666609380619668679e-01
8.608769824632422907e-01 8.912075174363329744e-01 8.474412106765947250e-01 8.673657766958851045e-01
8.610215558993190577e-01 8.914806322191302090e-01 8.480857238531087638e-01 8.678582938449845852e-01
8.608480677760268485e-01 8.917048006458669906e-01 8.481217301758188221e-01 8.678150292569297708e-01
8.594312481024736217e-01 8.908586292803590823e-01 8.476176416578751205e-01 8.674433265409640104e-01
8.593300466972199070e-01 8.911393915842860114e-01 8.477976732714265218e-01 8.674603132017787432e-01
8.581300871777819417e-01 8.903828021889725886e-01 8.473727986634451703e-01 8.672076179497942849e-01
8.589830704506353776e-01 8.906546619796895659e-01 8.473655973989032697e-01 8.669773043039248339e-01
8.599372551287426392e-01 8.909953333737843373e-01 8.472467765339593004e-01 8.667772620439972986e-01
8.613396174586880338e-01 8.919407423723497708e-01 8.481433339694451901e-01 8.675402622800374441e-01
8.615564776128032953e-01 8.924466213518315039e-01 8.478624846523049596e-01 8.676694231881594277e-01
8.613829894895111972e-01 8.920181317007629396e-01 8.478678856007113573e-01 8.680201229925625928e-01
8.592288452919660813e-01 8.905026299628979736e-01 8.472503771662304173e-01 8.676687040570797427e-01
8.579710563980974536e-01 8.895486397690446356e-01 8.472611790630435458e-01 8.673431173624670532e-01
8.579855137417051747e-01 8.894955702491538219e-01 8.462385994980718973e-01 8.665368555741785883e-01
8.576963668695514187e-01 8.888579897186162926e-01 8.470451411267818642e-01 8.668590085081440133e-01
8.575084214026513774e-01 8.886568199237009358e-01 8.479705036204358004e-01 8.673382647424834335e-01
8.557301681389062331e-01 8.872045429032312525e-01 8.470739461849501328e-01 8.665199740819664598e-01
8.562217178215674185e-01 8.879044767729916687e-01 8.464798418602306196e-01 8.665241352649146744e-01
8.586071795168357390e-01 8.902580794280584575e-01 8.464906437570437481e-01 8.666696574394099351e-01
8.602842313753271686e-01 8.923079481364848409e-01 8.474160062506976843e-01 8.675481023097936228e-01
8.618745391721724936e-01 8.935599280785422316e-01 8.493063381929867317e-01 8.689650422637841265e-01
8.625829490089491625e-01 8.936864585152877183e-01 8.498968418854351281e-01 8.694390119650686755e-01
8.613829894895111972e-01 8.922685591091019663e-01 8.493063381929867317e-01 8.689158986235778759e-01
8.600818285648195172e-01 8.911986809872970428e-01 8.476860536710246752e-01 8.678753888305241748e-01
8.608625251196344585e-01 8.916390775084471754e-01 8.474016037216135500e-01 8.677917110692615621e-01
8.606745796527346393e-01 8.913774791690225463e-01 8.465734582992774371e-01 8.668047659791985327e-01
8.604721768422269879e-01 8.914098216564615429e-01 8.477760694778002648e-01 8.674206218389488576e-01
8.598215963798812034e-01 8.910938658851391692e-01 8.480497175303982615e-01 8.674723344155707005e-01
8.588818690453816629e-01 8.903315650311414142e-01 8.477400631550900956e-01 8.672883650844264158e-01
8.591854732611429180e-01 8.906375338882488446e-01 8.478480821232208253e-01 8.678087755556158633e-01
8.596047362257659419e-01 8.909585232725419912e-01 8.473223898116508668e-01 8.676606718734846124e-01
8.594167907588661226e-01 8.906311441313718991e-01 8.472647796953145516e-01 8.674834973613552158e-01
8.590842718558892033e-01 8.905708365043922825e-01 8.464942443893148649e-01 8.665864405853060948e-01
8.580288857725282270e-01 8.895276315332067973e-01 8.468147006614361594e-01 8.667933075973980328e-01
8.587083809220892316e-01 8.898172482327249000e-01 8.477472644196321072e-01 8.677468966084120883e-01
8.601974873136810640e-01 8.910604986328738431e-01 8.482621548343889373e-01 8.680767293624732650e-01
8.614552762075495806e-01 8.920964818821548459e-01 8.480497175303984836e-01 8.676456682592023073e-01
8.608914398068499008e-01 8.919821461049769473e-01 8.475564309092675774e-01 8.675339666778848491e-01
8.609203544940653430e-01 8.915855692731100568e-01 8.487662433523326388e-01 8.685006842191613785e-01
8.607613237143808549e-01 8.915430063430751506e-01 8.495979894069398686e-01 8.690862967024941543e-01
8.588963263889892730e-01 8.905089965101713467e-01 8.494359609547436074e-01 8.687051687120588284e-01
8.599950845031734126e-01 8.914043141813641213e-01 8.488670610559213570e-01 8.680493386534260392e-01
8.616721363616648421e-01 8.923237752649547661e-01 8.480389156335852441e-01 8.676523072520462287e-01
8.625251196345186111e-01 8.932104342371074424e-01 8.475564309092677995e-01 8.672248586608706233e-01
8.629443825991413020e-01 8.933506740471097718e-01 8.479308966654546253e-01 8.677322798827915573e-01
8.618167097977418312e-01 8.922416428040571557e-01 8.483449693766225153e-01 8.680530441524714202e-01
8.597203949746273777e-01 8.902173058147035967e-01 8.483773750670617897e-01 8.681900849899448769e-01
8.586071795168357390e-01 8.893407954810763627e-01 8.481613371308001081e-01 8.677288974920985831e-01
8.586505515476585693e-01 8.900569021202016096e-01 8.479452991945384266e-01 8.675927517313001269e-01
8.590987291994968134e-01 8.909753257759592815e-01 8.481937428212396046e-01 8.679412743811454334e-01
8.593155893536121859e-01 8.914980443314726166e-01 8.480641200594825069e-01 8.678321439058824804e-01
8.591710159175353079e-01 8.916418161659359631e-01 8.480245131045012208e-01 8.678713269892367466e-01
8.611372146481806045e-01 8.929002136266641632e-01 8.482441516730337971e-01 8.677760067919626508e-01
8.610070985557114476e-01 8.926241103673623334e-01 8.476356448192301496e-01 8.671352924547723884e-01
8.598215963798812034e-01 8.909023025423927766e-01 8.473944024570714273e-01 8.668987053295078571e-01
8.590408998250662620e-01 8.902019209816856016e-01 8.467210842223894529e-01 8.665836832645033017e-01
8.593589613844351272e-01 8.906808078132615325e-01 8.463142127757634636e-01 8.665374903229099424e-01
8.607468663707731338e-01 8.917748863628253142e-01 8.468038987646231419e-01 8.671031839965978039e-01
8.609058971504576219e-01 8.922591723549866405e-01 8.481469346017160849e-01 8.682212725599880443e-01
8.601974873136810640e-01 8.918517434466859406e-01 8.482945605248281007e-01 8.682044279434315559e-01
8.599661698159580814e-01 8.915694994649103755e-01 8.482837586280150832e-01 8.680628300061243863e-01
8.597637670054505410e-01 8.917016262388457459e-01 8.488670610559214680e-01 8.682420180854314440e-01
8.603276034061502209e-01 8.920907425907219634e-01 8.492919356639025974e-01 8.684067200179835799e-01
8.613251601150805348e-01 8.928671615086312130e-01 8.491479103730614764e-01 8.683723015358939534e-01
8.615853923000188486e-01 8.928474340467037473e-01 8.493243413543418718e-01 8.687249445497932099e-01
8.606167502783038659e-01 8.920463390340909182e-01 8.479092928718282574e-01 8.676761069652845215e-01
8.603420607497579420e-01 8.917582280069626943e-01 8.481505352339870907e-01 8.678070260076040654e-01
8.607034943399499705e-01 8.921129569950649874e-01 8.472215721080621487e-01 8.671211911101983638e-01
8.586216368604432381e-01 8.901441324221256446e-01 8.456913033928759038e-01 8.660510614475176450e-01
8.585204354551894124e-01 8.897488925943566329e-01 8.471027512431184014e-01 8.670903421147755363e-01
8.588095823273431684e-01 8.899913973389900201e-01 8.474988207929312622e-01 8.672939777949516538e-01
8.595613641949427786e-01 8.910289011265537518e-01 8.478480821232208253e-01 8.674024189704307997e-01
8.599806271595656915e-01 8.916957606862572216e-01 8.475204245865575192e-01 8.675549678395280129e-01
8.594890774769043951e-01 8.916739847765546845e-01 8.472323740048751661e-01 8.673399004064463735e-01
8.576674521823359765e-01 8.901520915271092793e-01 8.469011158359407432e-01 8.670056429514597651e-01
8.572915612485361159e-01 8.894635962067736212e-01 8.473908018248004215e-01 8.672067716712927865e-01
8.572337318741055645e-01 8.897375902903966738e-01 8.473619967666321529e-01 8.671545702862766269e-01
8.574795067154361572e-01 8.894864763415610831e-01 8.474376100443238302e-01 8.673648792039105881e-01
8.591131865431045345e-01 8.906495569938497336e-01 8.479597017236225609e-01 8.678149567320353475e-01
8.598649684107042557e-01 8.911467940597604942e-01 8.479272960331835085e-01 8.680820670364051139e-01
8.599950845031734126e-01 8.908668858088995002e-01 8.477760694778002648e-01 8.680494456481332444e-01
8.606890369963422494e-01 8.914075699867481939e-01 8.476608492451274124e-01 8.678009901349739152e-01
8.577397389003744710e-01 8.893034357577774829e-01 8.461305805299410565e-01 8.664985108385663271e-01
8.578553976492359068e-01 8.899851565495210393e-01 8.460117596649971983e-01 8.665872827134678547e-01
8.575662507770821508e-01 8.895486792095378403e-01 8.471837654692164765e-01 8.671627459235651258e-01
8.578553976492359068e-01 8.899682330347324921e-01 8.477796701100712706e-01 8.675481259208797091e-01
8.577686535875899132e-01 8.893611078005321247e-01 8.477796701100712706e-01 8.674820827362295095e-01
8.563662912576442965e-01 8.876842287952400046e-01 8.475312264833704257e-01 8.676551281584800046e-01
8.558024548569445056e-01 8.875742708822710325e-01 8.478228776973236736e-01 8.680224417333602949e-01
8.573927626537899416e-01 8.894329754099038476e-01 8.473763992957163982e-01 8.677675346549248436e-01
8.596625656001968263e-01 8.913057231991701190e-01 8.481397333371740732e-01 8.681577416940308156e-01
8.604432621550117677e-01 8.919349344010920611e-01 8.487086332359963237e-01 8.681967001821994101e-01
8.611227573045728834e-01 8.921886543700882077e-01 8.490398914049307466e-01 8.686542486815489461e-01
8.612384160534343192e-01 8.922169019426177128e-01 8.488202528363980592e-01 8.687531630321219112e-01
8.602553166881117264e-01 8.912937705032020208e-01 8.486510231196597864e-01 8.684367145362298368e-01
8.611516719917882146e-01 8.924556578225328884e-01 8.493207407220708660e-01 8.687426479389870337e-01
8.604432621550117677e-01 8.917150191795073511e-01 8.491587122698747159e-01 8.686120033629827208e-01
8.604143474677963255e-01 8.917705925618109042e-01 8.486150167969497282e-01 8.682783944359548922e-01
8.597348523182350988e-01 8.914495055245668098e-01 8.486222180614916288e-01 8.682641229845008413e-01
8.581445445213896628e-01 8.900940065203306606e-01 8.482747570473374576e-01 8.682194103149913911e-01
8.584770634243663601e-01 8.902840930465028002e-01 8.483701738025197781e-01 8.682416149764999869e-01
8.579855137417051747e-01 8.898544904939921230e-01 8.474664151024919878e-01 8.675237389500959351e-01
8.582891179574665408e-01 8.901353839487943231e-01 8.480857238531086528e-01 8.680026303522389020e-01
8.601107432520348484e-01 8.917062900544309167e-01 8.487086332359963237e-01 8.682267054874133194e-01
8.616865937052726743e-01 8.930369579296454363e-01 8.491011021535381786e-01 8.685661587654693871e-01
8.613107027714728137e-01 8.926792615143379628e-01 8.486618250164728039e-01 8.681252346342036574e-01
8.600962859084271273e-01 8.920480404317121526e-01 8.481433339694449680e-01 8.676557955963033475e-01
8.605010915294422080e-01 8.927950696168990286e-01 8.487266363973514638e-01 8.681681024595063745e-01
8.594312481024736217e-01 8.920732735130167956e-01 8.490794983599120327e-01 8.686891911058602922e-01
8.582457459266433775e-01 8.912254218299719977e-01 8.484205826543141926e-01 8.683253450890650038e-01
8.578843123364512380e-01 8.908567723528313387e-01 8.484493877124822392e-01 8.681812251050368134e-01
8.586216368604431270e-01 8.915274267360012717e-01 8.485502054160710683e-01 8.678495432811449417e-01
8.597782243490581511e-01 8.922688227086176260e-01 8.483269662152673751e-01 8.674975827369371117e-01
8.596047362257658309e-01 8.923163390706885245e-01 8.478570837038983399e-01 8.669322902286265009e-01
8.589541557634200464e-01 8.913897753936654844e-01 8.470343392299686247e-01 8.662338834034792878e-01
8.600962859084272383e-01 8.921744974173952958e-01 8.469443234231930351e-01 8.667177437292524766e-01
8.588963263889892730e-01 8.910235629118314904e-01 8.466868782158147866e-01 8.671905010973283146e-01
8.585638074860125757e-01 8.907108142413404650e-01 8.475240252188283030e-01 8.682215460668617490e-01
8.579565990544898435e-01 8.898080364902180017e-01 8.488886648495475029e-01 8.689602967801348665e-01
8.586505515476585693e-01 8.902970784401820215e-01 8.498536342981828362e-01 8.694439086850095366e-01
8.590119851378507088e-01 8.905111097920268559e-01 8.497132096396126100e-01 8.690667101057008015e-01
8.604288048114038245e-01 8.916013699139864190e-01 8.496988071105285867e-01 8.690915236620375683e-01
8.601541152828577896e-01 8.913606258246389302e-01 8.494035552643044440e-01 8.690543074889297559e-01
8.587372956093046739e-01 8.900464909943716085e-01 8.498212286077435618e-01 8.693965832851450193e-01
8.581445445213895518e-01 8.895761130322963339e-01 8.496808039491735576e-01 8.692325566379868196e-01
8.587951249837355583e-01 8.903714302313483486e-01 8.488058503073140360e-01 8.686742916890968225e-01
8.596481082565889942e-01 8.908367767763830658e-01 8.482765573634729606e-01 8.684774336436738018e-01
8.600529138776040750e-01 8.914165619044840394e-01 8.481973434535103884e-01 8.684645002098076993e-01
8.593445040408276281e-01 8.907997104444410619e-01 8.483521706411645269e-01 8.680062261667870205e-01
8.581734592086049940e-01 8.899954082822534307e-01 8.487194351328093411e-01 8.681465225091611337e-01
8.584336913935433078e-01 8.901169640585476772e-01 8.488490578945663279e-01 8.683040112199688076e-01
8.583614046755048133e-01 8.901608430215124379e-01 8.488814635850054913e-01 8.686403157262492236e-01
8.580433431161358371e-01 8.898835148682096019e-01 8.488022496750430301e-01 8.687971015027657895e-01
8.575951654642977040e-01 8.893549915737725131e-01 8.477292612582769671e-01 8.681902686617614107e-01
8.578264829620205756e-01 8.895935732105491045e-01 8.471387575658284597e-01 8.676858797396550527e-01
8.600962859084272383e-01 8.911907620407572006e-01 8.487302370296224696e-01 8.688339678798484567e-01
8.608769824632422907e-01 8.917109458849004078e-01 8.505521569587619624e-01 8.700581078898028675e-01
8.614552762075495806e-01 8.923776059780935688e-01 8.509482265085749342e-01 8.704997728869086071e-01
8.612962454278649815e-01 8.923576763849050408e-01 8.499328482081454084e-01 8.694640995952718221e-01
8.598794257543117547e-01 8.913820317593361686e-01 8.492775331348184631e-01 8.688437956188170830e-01
8.605300062166576502e-01 8.917908918063638390e-01 8.482945605248282117e-01 8.681354804821458382e-01
8.620335699518570927e-01 8.932757272610866162e-01 8.492631306057343288e-01 8.690422011810877700e-01
8.613251601150803127e-01 8.929785958553656533e-01 8.499652538985846828e-01 8.697524419792448391e-01
8.609058971504576219e-01 8.926157317369414201e-01 8.507105847786871067e-01 8.699810442999025284e-01
8.595035348205120052e-01 8.917583355984837201e-01 8.496051906714818802e-01 8.688477052648626575e-01
8.585059781115818023e-01 8.908892199181934757e-01 8.493351432511548893e-01 8.685520113779424678e-01
8.592866746663967437e-01 8.913954244661543846e-01 8.495439799228744482e-01 8.688398319203494147e-01
8.610070985557114476e-01 8.924319185905045249e-01 8.506745784559768264e-01 8.694531552362322335e-01
8.625540343217337202e-01 8.934118094852047109e-01 8.510850505348739325e-01 8.697711489934973894e-01
8.627275224450260405e-01 8.934000805854512839e-01 8.509086195535936481e-01 8.698301219136466145e-01
8.616576790180572321e-01 8.924206080629751847e-01 8.498212286077434507e-01 8.690139957889990718e-01
8.605083202012462351e-01 8.918280452912628053e-01 8.495043729678931621e-01 8.690635236560011467e-01
8.592866746663967437e-01 8.914752796274096891e-01 8.490470926694727583e-01 8.688676810490996161e-01
8.601830299700732319e-01 8.922293295896319698e-01 8.493315426188838835e-01 8.690494826297032738e-01
8.602119446572886741e-01 8.919559355799948630e-01 8.492631306057343288e-01 8.689794340959006158e-01
8.605444635602652603e-01 8.918246234814324325e-01 8.501020779248835701e-01 8.693564448966577540e-01
8.608769824632422907e-01 8.920979485641453710e-01 8.503793266097526837e-01 8.693600979526618922e-01
8.606890369963423604e-01 8.921511614518986555e-01 8.502281000543694400e-01 8.693347031690983329e-01
8.602842313753271686e-01 8.917824073608866531e-01 8.503577228161265378e-01 8.697612901001557928e-01
8.615564776128034064e-01 8.926397758478397115e-01 8.500948766603415585e-01 8.697743596866591709e-01
8.605444635602652603e-01 8.923018239054778533e-01 8.491551116376034880e-01 8.692286218940252773e-01
8.592143879483584712e-01 8.917007091181438083e-01 8.481217301758189331e-01 8.683220443730448324e-01
8.591421012303198657e-01 8.915663357186272009e-01 8.486042149001363777e-01 8.685441952369933327e-01
8.605589209038730925e-01 8.920461943014577066e-01 8.499112444145191514e-01 8.693553643034069855e-01
8.617877951105263890e-01 8.927500078214591905e-01 8.496736026846314349e-01 8.691712402465132659e-01
8.614697335511574128e-01 8.926500299173849573e-01 8.490975015212671728e-01 8.688110413781343633e-01
8.606167502783038659e-01 8.917745142166801919e-01 8.491731147989586281e-01 8.686284484665351968e-01
8.606456649655191971e-01 8.914354052852542232e-01 8.495547818196875767e-01 8.689503063596861754e-01
8.608191530888114062e-01 8.916879310309072659e-01 8.486618250164728039e-01 8.684865586347811917e-01
8.595758215385504997e-01 8.911012020192904393e-01 8.484529883447533560e-01 8.683664439861682460e-01
8.578120256184127435e-01 8.901525317980850671e-01 8.481721390276132366e-01 8.680753119946229557e-01
8.577108242131591398e-01 8.894259337482208760e-01 8.484961959320056479e-01 8.681713035685436619e-01
8.589541557634200464e-01 8.903019822179387699e-01 8.496123919360238919e-01 8.690612806489135256e-01
8.600962859084272383e-01 8.909748175621904354e-01 8.504441379906312326e-01 8.699458549193839207e-01
8.612095013662189880e-01 8.913249841283661379e-01 8.510562454767056639e-01 8.706533805184408781e-01
8.608769824632422907e-01 8.914283402984194415e-01 8.495079736001641679e-01 8.696968910889825155e-01
8.604143474677963255e-01 8.914207771168878303e-01 8.488526585268372227e-01 8.690428883379670566e-01
8.604432621550116567e-01 8.915388024566072156e-01 8.487626427200617441e-01 8.688289186525350871e-01
8.603131460625423887e-01 8.915834584239831218e-01 8.496628007878184174e-01 8.692363893011655351e-01
8.605878355910884236e-01 8.918243116840456342e-01 8.508870157599676132e-01 8.698292386462060932e-01
8.618745391721726046e-01 8.925879147453466000e-01 8.510490442121637633e-01 8.697354473671011776e-01
8.634793043126256507e-01 8.940887895097244797e-01 8.513082897356776257e-01 8.700554820751120744e-01
8.628865532247104175e-01 8.937850777115549095e-01 8.511570631802946041e-01 8.701638407813779841e-01
8.605010915294424301e-01 8.920132163453654561e-01 8.501524867766778737e-01 8.698454195077278683e-01
8.591131865431046455e-01 8.909304483329454349e-01 8.490866996244541554e-01 8.694470105931784154e-01
8.595613641949426675e-01 8.910489496857599834e-01 8.501488861444069789e-01 8.701066831324713036e-01
8.594312481024737327e-01 8.912162239672409836e-01 8.497456153300519954e-01 8.695516178645157357e-01
8.588240396709510005e-01 8.911181094977471684e-01 8.489678787595102971e-01 8.688816289330001386e-01
8.587951249837354473e-01 8.912958193699804799e-01 8.496339957296499268e-01 8.695953684485412394e-01
8.593011320100044648e-01 8.912954021945144190e-01 8.503541221838555320e-01 8.705013104510010979e-01
8.598215963798812034e-01 8.915162305972916812e-01 8.507969999531918015e-01 8.706951320404306971e-01
8.599372551287426392e-01 8.912749251653779847e-01 8.501776912025751365e-01 8.701318995547179247e-01
8.595324495077275584e-01 8.903180132481947062e-01 8.497924235495752932e-01 8.697543828248018860e-01
8.598505110670965346e-01 8.908270106973132929e-01 8.496628007878184174e-01 8.694789739758195246e-01
8.602119446572886741e-01 8.916169173801002934e-01 8.490254888758466123e-01 8.690312947607733429e-01
8.610649279301422210e-01 8.923774997422260213e-01 8.499472507372295427e-01 8.697807193794142577e-01
8.607179516835576916e-01 8.920950724049141467e-01 8.502821095384349714e-01 8.702296092678949435e-01
8.594023334152582905e-01 8.909074394891107751e-01 8.501272823507808329e-01 8.701249591761649471e-01
8.588963263889892730e-01 8.905323347881171081e-01 8.486726269132859324e-01 8.691564766427282152e-01
8.599083404415274190e-01 8.914802232420149242e-01 8.488238534686690651e-01 8.691968676925145854e-01
8.606022929346961448e-01 8.919741294572939294e-01 8.493891527352203097e-01 8.691539659876961199e-01
8.611950440226111558e-01 8.927516885774801070e-01 8.495223761292483022e-01 8.693340092294099541e-01
8.605155488730500402e-01 8.922627608234308116e-01 8.509626290376588464e-01 8.704485748472626794e-01
8.610504705865343889e-01 8.923131555111725177e-01 8.515747365237334998e-01 8.709986072363797849e-01
8.602842313753270576e-01 8.915151783445129929e-01 8.511030536962290727e-01 8.708401612602629793e-01
8.596191935693735520e-01 8.909533006886920514e-01 8.505269525328646996e-01 8.703887918375694532e-01
8.595324495077274474e-01 8.911829261814427916e-01 8.509446258763038173e-01 8.705326249911256031e-01
8.600673712212119071e-01 8.920022263159791409e-01 8.504657417842572675e-01 8.701179850464711985e-01
8.609058971504576219e-01 8.925452068703434438e-01 8.513983055424533264e-01 8.710456655610461230e-01
8.622648874495800753e-01 8.928840452973410002e-01 8.520608218803221723e-01 8.716009682205887454e-01
8.618456244849572734e-01 8.928446017921676248e-01 8.510922517994159442e-01 8.709705431829163347e-01
8.612095013662190990e-01 8.925215585861842049e-01 8.504117323001918471e-01 8.705226267685965968e-01
8.617444230797033367e-01 8.925155554175381312e-01 8.510598461089767808e-01 8.708870626838784990e-01
8.609348118376731751e-01 8.920899416498021539e-01 8.505485563264909565e-01 8.702492942992710034e-01
8.598794257543118658e-01 8.909562470575400628e-01 8.497528165945940071e-01 8.695650301654112013e-01
8.595035348205121162e-01 8.903870324059611763e-01 8.489984841338139576e-01 8.689798073912158305e-01
8.594023334152582905e-01 8.897077211052348833e-01 8.497420146977809896e-01 8.695053268300294569e-01
8.609348118376729531e-01 8.911796372617718509e-01 8.502749082738928488e-01 8.699654595998693729e-01
8.622793447931879074e-01 8.924089547401151679e-01 8.516467491691542824e-01 8.708938912384562858e-01
8.621636860443262496e-01 8.922005590797046359e-01 8.517007586532194807e-01 8.709625204329302095e-01
8.614986482383726329e-01 8.920987941555551526e-01 8.508834151276964963e-01 8.705274291769520278e-01
