8.578409403056282967e-01 8.950602972062020601e-01 8.544696448696391666e-01 8.704336808456347718e-01
8.609637265248882843e-01 8.969863383248074529e-01 8.565364077932084985e-01 8.722174644906914853e-01
8.632479868149026681e-01 8.985551068639561212e-01 8.582971169737405592e-01 8.736221358710000162e-01
8.657491072590322023e-01 9.003008298568968559e-01 8.594745237263663462e-01 8.748247928763790426e-01
8.674550738047390741e-01 9.013731154129401846e-01 8.605655153044875494e-01 8.757163414125901379e-01
8.695224739406381964e-01 9.025495462796961910e-01 8.623982371304401706e-01 8.770663615032758820e-01
8.722404545388831032e-01 9.042733756237337772e-01 8.639069020520003805e-01 8.784217607304986020e-01
8.739897931154130273e-01 9.055119245650058435e-01 8.652175321986540490e-01 8.795074328330311220e-01
8.755367288814354110e-01 9.065720880393961512e-01 8.675327387489242259e-01 8.808977845432077736e-01
8.766788590264424919e-01 9.072587358068047170e-01 8.686057271656902889e-01 8.817390575040593426e-01
8.780667640127803875e-01 9.082554363667467712e-01 8.700531813386430668e-01 8.830310187763374952e-01
8.801775361795023400e-01 9.093359043500924832e-01 8.717994879900909933e-01 8.844867748633726823e-01
8.821003628793244733e-01 9.106155816925142199e-01 8.741182951726322869e-01 8.864833107335245987e-01
8.835171825528778111e-01 9.114489273630271837e-01 8.751264722085198011e-01 8.876842077843869472e-01
8.843990805129464672e-01 9.119697900226952925e-01 8.759006081467903826e-01 8.883670225198923021e-01
8.857146987812458683e-01 9.127370693673744206e-01 8.768727788599678385e-01 8.893235578806750752e-01
8.866977981465686831e-01 9.133237895001038442e-01 8.779421666444626737e-01 8.900237062444090741e-01
8.878543856351834851e-01 9.139556510304334136e-01 8.783922456783410659e-01 8.904635215958089933e-01
8.896470962425362394e-01 9.149047630702152878e-01 8.789539443126213047e-01 8.912733293793813072e-01
8.913241481010278910e-01 9.157343395613883885e-01 8.792599980556586869e-01 8.918445034029095497e-01
8.925819369948966298e-01 9.162113462029684019e-01 8.803653921628639134e-01 8.925796130181640198e-01
8.933481762061039611e-01 9.161568435135054589e-01 8.810495122943589053e-01 8.933629181668948371e-01
8.937385244835114317e-01 9.157629913017737433e-01 8.815283963864053440e-01 8.939718605056655720e-01
8.943891049458572162e-01 9.159336969139937334e-01 8.814671856377979120e-01 8.942370112890614120e-01
8.942734461969957804e-01 9.154584345075106322e-01 8.816040096640970214e-01 8.945327047321451897e-01
8.942300741661727281e-01 9.151046277743815072e-01 8.820540886979754136e-01 8.949355782917244317e-01
8.950252280645953906e-01 9.154148540101612053e-01 8.832314954506010896e-01 8.955013270329845732e-01
8.960661568043486458e-01 9.159466321930761490e-01 8.848985881920865548e-01 8.962387704069828542e-01
8.966010785178331055e-01 9.159695881553344687e-01 8.865692815658430259e-01 8.972596857936148140e-01
8.962685596148561862e-01 9.152621259033255630e-01 8.871705871551044398e-01 8.976385757413505306e-01
8.969191400772023037e-01 9.153690466093916678e-01 8.875594554403754000e-01 8.981479366057361080e-01
8.975769492113518933e-01 9.160705632251361363e-01 8.870733700837867275e-01 8.980350884160728242e-01
8.972805736673943322e-01 9.158540917814033122e-01 8.880023332097115585e-01 8.985543977007932614e-01
8.968323960155561991e-01 9.155661330223489047e-01 8.885604312117207915e-01 8.991033390332374697e-01
8.959504980554873210e-01 9.151373035315039095e-01 8.885820350053470484e-01 8.992781967333313142e-01
8.966878225794792101e-01 9.158832877504388126e-01 8.880275376356088213e-01 8.993664051874767917e-01
8.968323960155561991e-01 9.159656865144467641e-01 8.882867831591227947e-01 8.994427960680038137e-01
8.970203414824559074e-01 9.162467141150154593e-01 8.883984027595245303e-01 8.996412619335475425e-01
8.965577064870100532e-01 9.158326109095955569e-01 8.874514364722445592e-01 8.987653589385296016e-01
8.959360407118797109e-01 9.151876069885137577e-01 8.865116714495064887e-01 8.981885691715708608e-01
8.942734461969956694e-01 9.138041309010969115e-01 8.864468600686280508e-01 8.983150823812513508e-01
8.944180196330726584e-01 9.138943632849351184e-01 8.865512784044876637e-01 8.985356958788062176e-01
8.948083679104802401e-01 9.140831509338819272e-01 8.864036524813757589e-01 8.984622245278300889e-01
8.944613916638955997e-01 9.139510542444303498e-01 8.863028347777869298e-01 8.987134578184716727e-01
8.931457733955963096e-01 9.132296211971890898e-01 8.867061055921421353e-01 8.989249150186243709e-01
8.933337188624962399e-01 9.133449018291630583e-01 8.863208379391420699e-01 8.986423329512480684e-01
8.932758894880654665e-01 9.132928213874984547e-01 8.864108537459178816e-01 8.985314137682550717e-01
8.936517804218652161e-01 9.132596346127271891e-01 8.860939981060674819e-01 8.983177379115294681e-01
8.943168182278189438e-01 9.132869029461245791e-01 8.852442488901051121e-01 8.977613167413253104e-01
8.935505790166116125e-01 9.125228546009682695e-01 8.848409780757501286e-01 8.973776736973123613e-01
8.933048041752809088e-01 9.122251396254960065e-01 8.849129907211706891e-01 8.971633989279788057e-01
8.919891859069815077e-01 9.113981950655017927e-01 8.842792794414698898e-01 8.968623195690120786e-01
8.900808165507669845e-01 9.101529284752231108e-01 8.839588231693484843e-01 8.968853034205788166e-01
8.894157787448134789e-01 9.098631660591161019e-01 8.833755207414422106e-01 8.964497446113978141e-01
8.894013214012058688e-01 9.103085406209472374e-01 8.831486809083675116e-01 8.959982715027100530e-01
8.899796151455130477e-01 9.109693174151246575e-01 8.834079264318814850e-01 8.961107592559415247e-01
8.908759704491896469e-01 9.115038678459636001e-01 8.825401740545639750e-01 8.952933782768567328e-01
8.909193424800128103e-01 9.115926024796336957e-01 8.813447641405830479e-01 8.946315440494663207e-01
8.918301551272969085e-01 9.119855583194308446e-01 8.817264311613118855e-01 8.948641885668261464e-01
8.914542641934970479e-01 9.112560294345442014e-01 8.813339622437700305e-01 8.948379457378182744e-01
8.907747690439358212e-01 9.099811144267907492e-01 8.808802825776206324e-01 8.945843640597795909e-01
8.905723662334282809e-01 9.099519978903773954e-01 8.818092457035454634e-01 8.953817184396495321e-01
8.920759299686276123e-01 9.114997551171905021e-01 8.820144817429940165e-01 8.954737259878622346e-01
8.919602712197660654e-01 9.120250227319867120e-01 8.812655502306204758e-01 8.952454374992850905e-01
8.918012404400816884e-01 9.123698704716673991e-01 8.808190718290132004e-01 8.948377731041682326e-01
8.908759704491897580e-01 9.118291406157635892e-01 8.806678452736300677e-01 8.946751223929143571e-01
8.906735676386821066e-01 9.113844078795068082e-01 8.814095755214614858e-01 8.951451998833798163e-01
8.902832193612746359e-01 9.109085015620212999e-01 8.818920602457791524e-01 8.952488837258085752e-01
8.906735676386821066e-01 9.109853989763601056e-01 8.819856766848258589e-01 8.953492062550375552e-01
8.916277523167892571e-01 9.114139044601110573e-01 8.817642378001577796e-01 8.951957222738234909e-01
8.916132949731815360e-01 9.115945639604655648e-01 8.820144817429941275e-01 8.954953553597531091e-01
8.918012404400816884e-01 9.117720930904045229e-01 8.823457399119285505e-01 8.959472830336918658e-01
8.915843802859663159e-01 9.117850924052058881e-01 8.818884596135081466e-01 8.957753915313486637e-01
8.907313970131129910e-01 9.111216496931233699e-01 8.810459116620878994e-01 8.954151180739911009e-01
8.910350012288742461e-01 9.108777329625811214e-01 8.808820828937560243e-01 8.950974966334822591e-01
8.927409677745810068e-01 9.119868560887296471e-01 8.806570433768170503e-01 8.947171668186895133e-01
8.940999580737034602e-01 9.130104683514665975e-01 8.812799527597046101e-01 8.947515568893966709e-01
8.929867426159117105e-01 9.123554704735736820e-01 8.805814300991252619e-01 8.943851709194123867e-01
8.924373635588197518e-01 9.116686347178322158e-01 8.803365871046956448e-01 8.941290375910977417e-01
8.922060460610967692e-01 9.112362485409020163e-01 8.800125302003032335e-01 8.937746743667011051e-01
8.916711243476123094e-01 9.111735273684750114e-01 8.804770117632656490e-01 8.943663301047877212e-01
8.908470557619743158e-01 9.105095707540858951e-01 8.811323268365925943e-01 8.950827187810354024e-01
8.911506599777356818e-01 9.105485835582295406e-01 8.818200476003585919e-01 8.954495647330853458e-01
8.918301551272969085e-01 9.112964497085603854e-01 8.815031919605083033e-01 8.953580892946797487e-01
8.914687215371047690e-01 9.108610647707321428e-01 8.811503299979475123e-01 8.952655844307720878e-01
8.906301956078590543e-01 9.101895862218468691e-01 8.805598263054992270e-01 8.948475825921061722e-01
8.914542641934971590e-01 9.109690019544923745e-01 8.813231603469569020e-01 8.950647175797631361e-01
8.925819369948966298e-01 9.123400562104138078e-01 8.827238063003862711e-01 8.960665956906656016e-01
8.938108112015498152e-01 9.136644701131848567e-01 8.829146398107506899e-01 8.961097460052256380e-01
8.928710838670502747e-01 9.125695579860321205e-01 8.814167767860034974e-01 8.951874614270853847e-01
8.914687215371048801e-01 9.114447479878315939e-01 8.795912562245931099e-01 8.940013787577910653e-01
8.911651173213432919e-01 9.109275526654456723e-01 8.793176081719951132e-01 8.938988935003701064e-01
8.908325984183664836e-01 9.107782797548515941e-01 8.801637567556863662e-01 8.944785190692551291e-01
8.916566670040046994e-01 9.113625409389370935e-01 8.821549064015640207e-01 8.954347727719653705e-01
8.920903873122352223e-01 9.117356196718744421e-01 8.831270771147414766e-01 8.959723229012662715e-01
8.919313565325506232e-01 9.114376543045550338e-01 8.824141519250781052e-01 8.953996637958864246e-01
8.922349607483119893e-01 9.116515729800321877e-01 8.816472172513493133e-01 8.947094461618692041e-01
8.928277118362271114e-01 9.120383051115968920e-01 8.808982857389757726e-01 8.943694757131827044e-01
8.926108516821118499e-01 9.120089877293464653e-01 8.805562256732282211e-01 8.946489524665053317e-01
8.928132544926195013e-01 9.124903552462535483e-01 8.797568853090602659e-01 8.940351363750063118e-01
8.935939510474346648e-01 9.128515026741252925e-01 8.806030338927516299e-01 8.945704247342027848e-01
8.939409272940190831e-01 9.130474466099663955e-01 8.801313510652470917e-01 8.944523239732424802e-01
8.941722447917419547e-01 9.132777799703727384e-01 8.798000928963127798e-01 8.943056439318466388e-01
8.928421691798349435e-01 9.125374719913059707e-01 8.801889611815836290e-01 8.941707654414983164e-01
8.906735676386821066e-01 9.110285557745194662e-01 8.815283963864055661e-01 8.950393391809770005e-01
8.895169801500673046e-01 9.098332014355470232e-01 8.816364153545361848e-01 8.952658549068288618e-01
8.919891859069815077e-01 9.119331324177321063e-01 8.806966503317983364e-01 8.948031522056926201e-01
8.926108516821119609e-01 9.120675263394326659e-01 8.806246376863777758e-01 8.948925901098413460e-01
8.925674796512890197e-01 9.121098580407058787e-01 8.815247957541344492e-01 8.954145075594767134e-01
8.921915887174890480e-01 9.118908280440667369e-01 8.827562119908256566e-01 8.957422760521253080e-01
8.911651173213434030e-01 9.109707958806929629e-01 8.836167631036009329e-01 8.961473720841636181e-01
8.899940724891208799e-01 9.103706247272325136e-01 8.829974543529843789e-01 8.959217705489559425e-01
8.893145773395596532e-01 9.100504152154557103e-01 8.822341203115267039e-01 8.956612918809685464e-01
8.902832193612745249e-01 9.105282030936927562e-01 8.821405038724799974e-01 8.956363398347318983e-01
8.908470557619743158e-01 9.106919898280870784e-01 8.821044975497697171e-01 8.957665124340405960e-01
8.916566670040046994e-01 9.109907163252561890e-01 8.819604722589287071e-01 8.958118644622785620e-01
8.910783732596972984e-01 9.107770728054227494e-01 8.814059748891905910e-01 8.953961101131058253e-01
8.899073284274746642e-01 9.101953533478311931e-01 8.815824058704709865e-01 8.953804885284606385e-01
8.900519018635515422e-01 9.103711828891901670e-01 8.822845291633211184e-01 8.957594734412565041e-01
8.902109326432362524e-01 9.101092993489028338e-01 8.822269190469845812e-01 8.957783187078501852e-01
8.913386054446355011e-01 9.106558011214961335e-01 8.815103932250503149e-01 8.955588576158368674e-01
8.913819774754586645e-01 9.108288867342331230e-01 8.807290560222376108e-01 8.951957847293553483e-01
8.910783732596971873e-01 9.106477957991961913e-01 8.805814300991254839e-01 8.951649905291096943e-01
8.906157382642513332e-01 9.103341493788408290e-01 8.805778294668543671e-01 8.951162934367336010e-01
8.901531032688053680e-01 9.100454130036450540e-01 8.801889611815835179e-01 8.948901540790106246e-01
8.901097312379824267e-01 9.103775193080172468e-01 8.810855186170690745e-01 8.952872009238593831e-01
8.902832193612746359e-01 9.102359707293402602e-01 8.819892773170969758e-01 8.955342908152925663e-01
8.910350012288741350e-01 9.105691008271888931e-01 8.819100634071342926e-01 8.954081224438014130e-01
8.910783732596972984e-01 9.108061589802284308e-01 8.813663679342093049e-01 8.952788692280488902e-01
8.907458543567206011e-01 9.106629967928004943e-01 8.819460697298444618e-01 8.959102615058162078e-01
8.902976767048822460e-01 9.105759370653245810e-01 8.817012267354147337e-01 8.959505638795994820e-01
8.904567074845668451e-01 9.107755092958296217e-01 8.817984438067323349e-01 8.957890667276775520e-01
8.917723257528661351e-01 9.116399562454362560e-01 8.826589949195078333e-01 8.962874177595723246e-01
8.932614321444578565e-01 9.126845509094271280e-01 8.839336187434512215e-01 8.971699956475333027e-01
8.938397258887651464e-01 9.129700451670134109e-01 8.840308358147690448e-01 8.971530867936436948e-01
8.937240671399037106e-01 9.130380892272009774e-01 8.829218410752930346e-01 8.963891030186464937e-01
8.930301146467347628e-01 9.127188547725768597e-01 8.831846872310777918e-01 8.965291685739666949e-01
8.912374040393817864e-01 9.111768142264098369e-01 8.825761803772742553e-01 8.962185732393636028e-01
8.911362026341279607e-01 9.109687185518738906e-01 8.822701266342369841e-01 8.960997939612233010e-01
8.913675201318509433e-01 9.113328987613351639e-01 8.808694806808076150e-01 8.951582834448044146e-01
8.913096907574202810e-01 9.109987889616790735e-01 8.791699822488829863e-01 8.941679572708001178e-01
8.908325984183667057e-01 9.104726631114685720e-01 8.795012404178174092e-01 8.944843045033049611e-01
8.907024823258974378e-01 9.105492879976705423e-01 8.805670275700412386e-01 8.947885536121477079e-01
8.902253899868437514e-01 9.105116504083388129e-01 8.815608020768446185e-01 8.953040778677632261e-01
8.922494180919198214e-01 9.119548207923571237e-01 8.827742151521806857e-01 8.960908434489465169e-01
8.916422096603969782e-01 9.111251412788361481e-01 8.823493405441996673e-01 8.959441501457202639e-01
8.915265509115355425e-01 9.109081954442472817e-01 8.824645607768724087e-01 8.961416336597205490e-01
8.910060865416588038e-01 9.106612615435915048e-01 8.830010549852554957e-01 8.965929061378214993e-01
8.909193424800129213e-01 9.105301332906832190e-01 8.831306777470123714e-01 8.964956017659322374e-01
8.910350012288743571e-01 9.105015620872621840e-01 8.826805987131340903e-01 8.962919514915528296e-01
8.921337593430584967e-01 9.115753060424943710e-01 8.822485228406107272e-01 8.961070007494853495e-01
8.925096502768581352e-01 9.120892476305311192e-01 8.817408336903961308e-01 8.960784724963144487e-01
8.920325579378045600e-01 9.117288032165119516e-01 8.817804406453773058e-01 8.961217662950532459e-01
8.911506599777357929e-01 9.109261979664888820e-01 8.816436166190784185e-01 8.958319887269453607e-01
8.898928710838671652e-01 9.102453659034649425e-01 8.817732393808352942e-01 8.955641479135486582e-01
8.902109326432361414e-01 9.105239200863518567e-01 8.818092457035454634e-01 8.956232731578355200e-01
8.909771718544434727e-01 9.111763233706600129e-01 8.828030202103489543e-01 8.963112280684594202e-01
8.911217452905202396e-01 9.112172772402441501e-01 8.831792862826712831e-01 8.966193831573248119e-01
8.909337998236203093e-01 9.112317074086460078e-01 8.834763384450309287e-01 8.967480092544912740e-01
8.916855816912201416e-01 9.115897955158628330e-01 8.835375491936383607e-01 8.968141334970262113e-01
8.916422096603969782e-01 9.113723776205838734e-01 8.832386967151432122e-01 8.965429933021166198e-01
8.910060865416589149e-01 9.105059736937770598e-01 8.827418094617414113e-01 8.963757730858712414e-01
8.914108921626741067e-01 9.109995944114395172e-01 8.823853468669098365e-01 8.963322598909450045e-01
8.901097312379824267e-01 9.104680430242719780e-01 8.821765101951902777e-01 8.961807407275645954e-01
8.893868640575981477e-01 9.099478929454318799e-01 8.825581772159190042e-01 8.964917525690989653e-01
8.888230276568984678e-01 9.093165963878943048e-01 8.830406619402366708e-01 8.967663344205368814e-01
8.897916696786132285e-01 9.102461085280776354e-01 8.832530992442273465e-01 8.969843156250201233e-01
8.915988376295739259e-01 9.115942078705314700e-01 8.838472035689467488e-01 8.971867784842859628e-01
8.918012404400814663e-01 9.115780609993093808e-01 8.845673300231520209e-01 8.973829217969174765e-01
8.907892263875436534e-01 9.103294319494392717e-01 8.839480212725354669e-01 8.968665195056380046e-01
8.896037242117134092e-01 9.092454889325970457e-01 8.833251118896476850e-01 8.964221249401560510e-01
8.886639968772137577e-01 9.087281950706322942e-01 8.827166050358441485e-01 8.961294635012178045e-01
8.882591912561986769e-01 9.088309107468777182e-01 8.816652204127044534e-01 8.954403500716486830e-01
8.883748500050601127e-01 9.087741199018873894e-01 8.821477051370221201e-01 8.956913149188681089e-01
8.888085703132907467e-01 9.094718382046058647e-01 8.826157873322555414e-01 8.959180062420114554e-01
8.902543046740591937e-01 9.105145311309923439e-01 8.824789633059566540e-01 8.959468982166959306e-01
8.906446529514667754e-01 9.106505746284310199e-01 8.825473753191059867e-01 8.961044145903049873e-01
8.912807760702048387e-01 9.111110146674614718e-01 8.829434448689188475e-01 8.963044708032757990e-01
8.917000390348276406e-01 9.115230648324732510e-01 8.834655365482178002e-01 8.965276857532451515e-01
8.910783732596971873e-01 9.109344327137909314e-01 8.835663542518066293e-01 8.967015902707906605e-01
8.915843802859663159e-01 9.109304811153779990e-01 8.821585070338350265e-01 8.959247624319910397e-01
8.920036432505891177e-01 9.111182511403149720e-01 8.816796229417885877e-01 8.956427475828225848e-01
8.923795341843889783e-01 9.114639940312757593e-01 8.819568716266577013e-01 8.958506054694793663e-01
8.916422096603969782e-01 9.112347793453082767e-01 8.824465576155171576e-01 8.960459688868548378e-01
8.913096907574201699e-01 9.111581006473128408e-01 8.816004090318259045e-01 8.954669749233156173e-01
8.919168991889431242e-01 9.119549060172527088e-01 8.826769980808630844e-01 8.962359533944804779e-01
8.915843802859663159e-01 9.115179424168227129e-01 8.826157873322556524e-01 8.962316392919675856e-01
8.913675201318508323e-01 9.114129665677206393e-01 8.827670138876386741e-01 8.964674763957192205e-01
8.912084893521663442e-01 9.113580113803775307e-01 8.841568579442549147e-01 8.971172383148569018e-01
8.915554655987507626e-01 9.113310253062859578e-01 8.852406482578341063e-01 8.977153046184378482e-01
8.911940320085588452e-01 9.106369721745550816e-01 8.844917167454604545e-01 8.971929589987128750e-01
8.918012404400815774e-01 9.109633925101188190e-01 8.822269190469844702e-01 8.955552037154899114e-01
8.901241885815900368e-01 9.100058494974589962e-01 8.803581908983217907e-01 8.945508654957707861e-01
8.903410487357052983e-01 9.106715922532652163e-01 8.800593384198265312e-01 8.945711652290350147e-01
8.902687620176669148e-01 9.109227694548414078e-01 8.807830655063029202e-01 8.951466173033102436e-01
8.915265509115354314e-01 9.117557351189528037e-01 8.829938537207132621e-01 8.964601580640153555e-01
8.924229062152119196e-01 9.121412275610679687e-01 8.843944996741428533e-01 8.974011610137526684e-01
8.919024418453352920e-01 9.118629518920172705e-01 8.836563700585823300e-01 8.970270894116524341e-01
8.913675201318510544e-01 9.113636516849635827e-01 8.830190581466105249e-01 8.967190370488776763e-01
8.915699229423585948e-01 9.115050563981522691e-01 8.830082562497975074e-01 8.967415820661644998e-01
8.910350012288741350e-01 9.107381296483496591e-01 8.844953173777315714e-01 8.976082249608439145e-01
8.900519018635515422e-01 9.098037702973044150e-01 8.843476914546193335e-01 8.976349776981366047e-01
8.901675606124129780e-01 9.098738838502073989e-01 8.845745312876941435e-01 8.975172830109775512e-01
8.908759704491897580e-01 9.107108726967132473e-01 8.845313237004417406e-01 8.973410643748933602e-01
8.912807760702048387e-01 9.113233260632256361e-01 8.849742014697781212e-01 8.977217226337205203e-01
8.928566265234425536e-01 9.122128371078355169e-01 8.844809148486474371e-01 8.975073826568330526e-01
8.930011999595194316e-01 9.121311220076695481e-01 8.837355839685447911e-01 8.969609036696891691e-01
8.923795341843888673e-01 9.116392989841626271e-01 8.830334606756947702e-01 8.965456404028855353e-01
8.921626740302737169e-01 9.117661486582540054e-01 8.828030202103489543e-01 8.961844315442908382e-01
8.910928306033050195e-01 9.106397768492507927e-01 8.822053152533584353e-01 8.959621277666848238e-01
8.912229466957741764e-01 9.111318070213296760e-01 8.827058031390312420e-01 8.965164242230563296e-01
8.907892263875436534e-01 9.111015718517444517e-01 8.833827220059843333e-01 8.969784171207487722e-01
8.913675201318509433e-01 9.113581000047302760e-01 8.842612762801147497e-01 8.975939463534328144e-01
8.927554251181888390e-01 9.117715467492517600e-01 8.850246103215724247e-01 8.980683479008775283e-01
8.940421286992727978e-01 9.126610006047314316e-01 8.852694533160023749e-01 8.979719816114727360e-01
8.929867426159117105e-01 9.116073551315164725e-01 8.848193742821240937e-01 8.975015471345695328e-01
8.924373635588198628e-01 9.115565576154105454e-01 8.842216693251334636e-01 8.970704441596872858e-01
8.921482166866658847e-01 9.114954905489891512e-01 8.836527694263112132e-01 8.967361193924515694e-01
8.930445719903425950e-01 9.123917576478188796e-01 8.841172509892736286e-01 8.970911211504328797e-01
8.931746880828117519e-01 9.123826089921880378e-01 8.837787915557971941e-01 8.970434092684095306e-01
8.927409677745811178e-01 9.118553676670644315e-01 8.834655365482179112e-01 8.968073505188779437e-01
8.928277118362272224e-01 9.120269970380199265e-01 8.834799390773019345e-01 8.968255714963675462e-01
8.916566670040045883e-01 9.115986595653029489e-01 8.838364016721336203e-01 8.969173083012169645e-01
8.917144963784354728e-01 9.115360702140613558e-01 8.845529274940679976e-01 8.974741374466315147e-01
8.915265509115354314e-01 9.111719684268730912e-01 8.852262457287500830e-01 8.979638570145785925e-01
8.926397663693274032e-01 9.120161048613693033e-01 8.863748474232073793e-01 8.989838284535183188e-01
8.917000390348277516e-01 9.113876282153837716e-01 8.861732120160299431e-01 8.986343198635251550e-01
8.919602712197660654e-01 9.116038870670434280e-01 8.863280392036843036e-01 8.985662080861775980e-01
8.922205034047043792e-01 9.117595075092082002e-01 8.861804132805720657e-01 8.985538504948593630e-01
8.927554251181888390e-01 9.116719970172979526e-01 8.849778021020491270e-01 8.978328520407744540e-01
8.934782922985731179e-01 9.122485788433489784e-01 8.840164332856850216e-01 8.974893940855876995e-01
8.939120126068036409e-01 9.127362444498108296e-01 8.842684775446568723e-01 8.979163342670113401e-01
8.931313160519886996e-01 9.124162412489562612e-01 8.845241224358997290e-01 8.978872182202528585e-01
8.916566670040046994e-01 9.113432682032431842e-01 8.845205218036288342e-01 8.977814484547619323e-01
8.921482166866659957e-01 9.120306170789396205e-01 8.848229749143949885e-01 8.980401862536048219e-01
8.928566265234425536e-01 9.126504481742722108e-01 8.859823785056655243e-01 8.985310854629379174e-01
8.940421286992727978e-01 9.132881698151102956e-01 8.864360581718149223e-01 8.987473975077857613e-01
8.928999985542656059e-01 9.125623952766562796e-01 8.867259090696326673e-01 8.986759337658724034e-01
8.933626335497115711e-01 9.131785887838337334e-01 8.866232910499083353e-01 8.987354201600689096e-01
8.938686405759806997e-01 9.133534193953181113e-01 8.854206798713853965e-01 8.983279529530143748e-01
8.939264699504113620e-01 9.133043477518175690e-01 8.848301761789370001e-01 8.982690192535840445e-01
8.933048041752809088e-01 9.128659506317549077e-01 8.845241224358998400e-01 8.980411398339843698e-01
8.924373635588196407e-01 9.120420404620835919e-01 8.846105376104044238e-01 8.979771337157401723e-01
8.934927496421807280e-01 9.128922811628569223e-01 8.842216693251334636e-01 8.977334796228246816e-01
8.927265104309733967e-01 9.124124639145287929e-01 8.846825502558249843e-01 8.978374369837698321e-01
8.925819369948966298e-01 9.123689786244318922e-01 8.851182267606192422e-01 8.979346567257213696e-01
8.919747285633737865e-01 9.117489963620585280e-01 8.850750191733668393e-01 8.978654268758541335e-01
8.914831788807126012e-01 9.111041563707804603e-01 8.845025186422736940e-01 8.978384116204055632e-01
8.911072879469126296e-01 9.109522663348452731e-01 8.851542330833294114e-01 8.985975602816369534e-01
8.917144963784353617e-01 9.113505371245715914e-01 8.851866387737686859e-01 8.987200043163554586e-01
8.924951929332505252e-01 9.120725191047667213e-01 8.858419538470955201e-01 8.992075770294705173e-01
8.933048041752806867e-01 9.123682843492083583e-01 8.855935102203946752e-01 8.987565154183194682e-01
8.937818965143344840e-01 9.125289171713061309e-01 8.849633995729649927e-01 8.983692293743039681e-01
8.938686405759805886e-01 9.125595205013929956e-01 8.836995776458345109e-01 8.976306991084257447e-01
8.930011999595194316e-01 9.122069133392783913e-01 8.837499864976288144e-01 8.977382621288862996e-01
8.926108516821118499e-01 9.121984328937197128e-01 8.847653647980585623e-01 8.982446567873595411e-01
8.922927901227429848e-01 9.121820263544823115e-01 8.854170792391143907e-01 8.987364831218354055e-01
8.922205034047043792e-01 9.117319379374078103e-01 8.859211677570579813e-01 8.989527990637418142e-01
8.918301551272969085e-01 9.115615320943920574e-01 8.851722362446846626e-01 8.983349265407055695e-01
8.926397663693271811e-01 9.118763923453973019e-01 8.852838558450863982e-01 8.985881253875931396e-01
8.927409677745810068e-01 9.118973550430770070e-01 8.839732256984327297e-01 8.979214864782218974e-01
8.933770908933191812e-01 9.125154493127778377e-01 8.838904111561989296e-01 8.975728469780932528e-01
8.943457329150342749e-01 9.134723496485721572e-01 8.848049717530397373e-01 8.979411191573434259e-01
8.944758490075034318e-01 9.134051855227478534e-01 8.858419538470955201e-01 8.986005437837231158e-01
8.943457329150341639e-01 9.134358383069576259e-01 8.867277093857681702e-01 8.991619125323248030e-01
8.936951524526883794e-01 9.127884424607651814e-01 8.873902257236370161e-01 8.997925745738409864e-01
8.932469748008502464e-01 9.125554070751813462e-01 8.860687936801701081e-01 8.989568611142304544e-01
8.913964348190663856e-01 9.115541657486134763e-01 8.837931940848812173e-01 8.972388171304499505e-01
8.905723662334283919e-01 9.111097621620991571e-01 8.823205354860312877e-01 8.966806849789749068e-01
8.913675201318509433e-01 9.120062150794003841e-01 8.822593247374239667e-01 8.966815688525333616e-01
8.924807355896426930e-01 9.125949640318237188e-01 8.832819043023956151e-01 8.974947764793756999e-01
8.942879035406033905e-01 9.135017414351636056e-01 8.854386830327406477e-01 8.988187117938499782e-01
8.949095693157339548e-01 9.137749948491156182e-01 8.864612625977121851e-01 8.993371202178852553e-01
8.944903063511109309e-01 9.132914323178998872e-01 8.856727241303573583e-01 8.986531937598171149e-01
8.925096502768581352e-01 9.119514032276865301e-01 8.848841856630023095e-01 8.982584962269581919e-01
8.924951929332505252e-01 9.118732216971473514e-01 8.845349243327128574e-01 8.980281033024182236e-01
8.931313160519886996e-01 9.127328470585738263e-01 8.843692952482457015e-01 8.979469391250818333e-01
8.926975957437579545e-01 9.127203200236192471e-01 8.851326292897032655e-01 8.984392928644446830e-01
8.928710838670502747e-01 9.127638888203695178e-01 8.857375355112357962e-01 8.989007503885637629e-01
8.940710433864882400e-01 9.131812660569856854e-01 8.863748474232073793e-01 8.990812569006532140e-01
8.946637944744033621e-01 9.134175967911135618e-01 8.854674880909088053e-01 8.987082737109222119e-01
8.944903063511111529e-01 9.132566561319709342e-01 8.846285407717595639e-01 8.984052942881388670e-01
8.950396854082032227e-01 9.137961469013153870e-01 8.849129907211706891e-01 8.984547020783371085e-01
8.939553846376268043e-01 9.131005845695973067e-01 8.857267336144225567e-01 8.989873813308514316e-01
8.925819369948966298e-01 9.122727077908474591e-01 8.841388547828998856e-01 8.978153125650117916e-01
8.924373635588197518e-01 9.117605337986317560e-01 8.846393426685725814e-01 8.981695354468346437e-01
8.927409677745811178e-01 9.120628545740379067e-01 8.837175808071897620e-01 8.974767505923736399e-01
8.938830979195881987e-01 9.129756169194849225e-01 8.843332889255353102e-01 8.978158779768654618e-01
8.942734461969956694e-01 9.132634289672479921e-01 8.868177251925437599e-01 8.995146899502795002e-01
8.938108112015499263e-01 9.131278295720515192e-01 8.874802415304126058e-01 9.001033939495699521e-01
8.934493776113576757e-01 9.127043238386859381e-01 8.871561846260203055e-01 9.000969954862978462e-01
8.943312755714265538e-01 9.131916478330256437e-01 8.865980866240112945e-01 8.996447314072562040e-01
8.938541832323729786e-01 9.131537989349394202e-01 8.863892499522916246e-01 8.994475693416646989e-01
8.942734461969957804e-01 9.135347263654828298e-01 8.860651930478992133e-01 8.990042585692732402e-01
8.938108112015499263e-01 9.131965927194566346e-01 8.862920328809739123e-01 8.990247065571135288e-01
8.937529818271190418e-01 9.129437143645473540e-01 8.849994058956752729e-01 8.982332250590638889e-01
8.927120530873657867e-01 9.120982861594337798e-01 8.851758368769555574e-01 8.981178555375926020e-01
8.922060460610967692e-01 9.121697318375848740e-01 8.849345945147967241e-01 8.979107228439699995e-01
8.930879440211656473e-01 9.129463648241690210e-01 8.848265755466659943e-01 8.979790750894989237e-01
8.935939510474345537e-01 9.132917625936382011e-01 8.850246103215724247e-01 8.983299717790748096e-01
