8.699417369052609983e-01 8.991906597955582336e-01 8.794364290369389714e-01 9.012466468849822387e-01
8.703465425262761901e-01 8.995326142533158764e-01 8.792383942620323189e-01 9.012159243347943605e-01
8.714597579840679398e-01 9.006490101847719476e-01 8.797784891026865228e-01 9.018127948295605600e-01
8.723416559441369289e-01 9.013847218358880253e-01 8.799729232453219474e-01 9.019627544970381106e-01
8.732669259350287483e-01 9.019974036519333715e-01 8.811647325270317577e-01 9.030013956518905260e-01
8.741343665514899053e-01 9.025037322414639629e-01 8.821621076661061434e-01 9.036601141704890816e-01
8.766354869956194396e-01 9.041909083945988135e-01 8.836743732199374701e-01 9.047903499270419925e-01
8.777920744842342415e-01 9.047599990125612113e-01 8.846501445653855988e-01 9.055661863918618160e-01
8.799895907126024097e-01 9.062220178671243076e-01 8.866953036953288958e-01 9.072368471108254173e-01
8.828376874033165844e-01 9.079885564495402406e-01 8.886648495475804044e-01 9.086148682474378679e-01
8.855990400323844325e-01 9.097409585568697610e-01 8.903679486117761499e-01 9.098879313936953928e-01
8.861773337766919445e-01 9.098504800925339975e-01 8.916065661130094799e-01 9.108394897444351823e-01
8.881869045381600714e-01 9.110369718088130453e-01 8.930432183891491293e-01 9.119661593302292868e-01
8.902976767048822460e-01 9.125423086843552634e-01 8.945014744589149247e-01 9.130148193345931640e-01
8.916349809885932842e-01 9.136617046580662871e-01 8.954124344234846156e-01 9.137612752909883840e-01
8.935072069857884491e-01 9.151051611822851317e-01 8.970903290617833203e-01 9.149995531557264528e-01
8.949384840029492860e-01 9.161675972722375105e-01 8.989878622686144904e-01 9.162569854658186852e-01
8.968323960155561991e-01 9.174934301452900565e-01 9.011122353085201375e-01 9.176883488293777758e-01
8.985383625612629599e-01 9.185443873013183769e-01 9.028333375340709122e-01 9.189630573259183199e-01
8.992467723980397398e-01 9.190758848189348740e-01 9.046624587277526386e-01 9.200494527402892642e-01
9.003889025430469317e-01 9.199464923249056625e-01 9.062107306042941346e-01 9.208914812841857422e-01
9.011985137850770933e-01 9.203319255361417373e-01 9.072441120660788005e-01 9.213605644152025320e-01
9.033671153262299303e-01 9.217989796656864687e-01 9.081910783533588827e-01 9.219468082133637221e-01
9.049429657794677562e-01 9.226235591497922162e-01 9.094080920609659557e-01 9.226273657281307550e-01
9.056513756162444251e-01 9.228718704651948102e-01 9.095305135581807088e-01 9.221567442737528264e-01
9.067067616996052903e-01 9.236878704579003507e-01 9.100454039729375388e-01 9.223552483897873300e-01
9.064899015454900288e-01 9.233918394804729868e-01 9.102686431737413431e-01 9.225139521873760851e-01
9.063597854530207609e-01 9.231528235062604892e-01 9.100093976502273696e-01 9.224784909828127599e-01
9.056802903034596453e-01 9.226183330713034758e-01 9.096889413781060751e-01 9.221060946364192379e-01
9.054345154621290526e-01 9.227346433225824818e-01 9.096817401135638415e-01 9.219686453362880840e-01
9.054200581185213315e-01 9.225661245025029711e-01 9.098329666689469741e-01 9.214805047111156444e-01
9.054345154621290526e-01 9.223892695335877967e-01 9.100670077665637958e-01 9.211459494994007624e-01
9.066344749815667958e-01 9.234302779274512485e-01 9.101174166183582104e-01 9.208934282817344830e-01
9.073284274747358547e-01 9.240723176686157503e-01 9.098977780498256340e-01 9.203833678990972489e-01
9.083548988708814997e-01 9.250368748283217535e-01 9.104234703613953705e-01 9.207019242493801325e-01
9.087741618355044126e-01 9.258534295564470051e-01 9.107727316916850446e-01 9.210496080792945905e-01
9.088464485535426851e-01 9.260092681953013827e-01 9.106395082976570521e-01 9.211583099895834792e-01
9.087018751174658071e-01 9.259060789029112115e-01 9.101930298960497767e-01 9.209095673414718908e-01
9.073862568491666281e-01 9.249184675968387115e-01 9.090228244079661124e-01 9.204362936942552809e-01
9.063597854530207609e-01 9.240395825018739018e-01 9.083134998505737467e-01 9.200339133509027878e-01
9.057814917087134710e-01 9.240431033271313543e-01 9.076941910999571927e-01 9.197593879102988756e-01
9.056658329598519241e-01 9.242668657831638601e-01 9.077734050099196539e-01 9.199116333323307249e-01
9.063742427966284820e-01 9.246816241323563279e-01 9.071468949947609772e-01 9.193703407748409218e-01
9.062007546733363839e-01 9.243984070235501393e-01 9.070172722330041015e-01 9.192268058162441635e-01
9.067212190432130114e-01 9.249503816034113646e-01 9.074925556927797565e-01 9.195514457020810273e-01
9.063597854530207609e-01 9.246621177801724878e-01 9.068336399871816944e-01 9.190921807257163012e-01
9.047405629689599937e-01 9.235379741451440472e-01 9.059982933003034589e-01 9.184396599630015867e-01
9.034538593878760349e-01 9.223050609498361085e-01 9.050585282775653884e-01 9.178796784642387907e-01
9.020081250271075879e-01 9.206914110557382624e-01 9.049433080448926470e-01 9.178017427972414710e-01
9.013864592519769126e-01 9.202656748073220205e-01 9.047776789604253800e-01 9.176739752595635125e-01
9.010250256617851061e-01 9.199502297033261833e-01 9.039207284799211095e-01 9.168077992524418240e-01
9.012997151903309190e-01 9.204589675826204687e-01 9.030493754703323717e-01 9.161797854125099949e-01
9.011406844106463199e-01 9.204096746096187553e-01 9.026371030752999847e-01 9.158658222898437007e-01
9.001864997325391693e-01 9.196965092765165828e-01 9.027505229918373342e-01 9.160431526689262194e-01
9.002154144197545005e-01 9.197674204504487916e-01 9.033374260520147248e-01 9.165701710774836197e-01
9.000997556708930647e-01 9.195471254277678419e-01 9.034814513428559568e-01 9.164672312399253506e-01
8.999696395784237968e-01 9.193822509202852489e-01 9.035354608269212662e-01 9.164850727488500493e-01
8.990299122439242563e-01 9.191679529583739461e-01 9.032798159356781875e-01 9.161523444279131567e-01
8.981769289710708204e-01 9.188055955725015211e-01 9.034958538719397581e-01 9.162342142477388762e-01
8.988275094334166049e-01 9.194449963024037276e-01 9.041223638870987678e-01 9.167396103605366386e-01
8.992901444288625701e-01 9.193509490839292253e-01 9.041655714743509487e-01 9.167647085468643153e-01
9.002443291069699427e-01 9.197170458539893900e-01 9.045040309078272722e-01 9.169510199712519460e-01
9.011117697234310997e-01 9.199831159382747536e-01 9.039567348026312787e-01 9.166634525652798127e-01
9.015454900316616227e-01 9.199802156827029398e-01 9.038271120408742920e-01 9.168477134717067933e-01
9.015744047188769539e-01 9.197518548981048481e-01 9.038523164667715548e-01 9.170075116931133419e-01
9.013430872211540823e-01 9.195881449614677905e-01 9.026353027591644818e-01 9.162998653184446507e-01
9.021382411195767448e-01 9.205270716463359593e-01 9.028477400631550465e-01 9.163957486565668109e-01
9.007214214460235180e-01 9.196905402571204924e-01 9.025056799974076061e-01 9.162633911742960047e-01
8.999262675476007445e-01 9.195196000598864217e-01 9.020808053894263656e-01 9.159828397913921672e-01
9.002877011377928840e-01 9.202098070180789735e-01 9.023508528097533565e-01 9.160548341125566152e-01
8.997961514551315876e-01 9.197651578451203624e-01 9.019295788340431219e-01 9.156707943785267201e-01
9.014298312828000759e-01 9.208217676085643788e-01 9.021132110798657511e-01 9.155705806739666830e-01
9.029044803307839651e-01 9.215770279895819650e-01 9.033878349038090283e-01 9.163090018501758305e-01
9.038586650088913377e-01 9.215611968818635535e-01 9.039711373317156351e-01 9.168171079910701904e-01
9.024129306481226687e-01 9.203198207752869564e-01 9.033482279488278532e-01 9.163351036498802449e-01
9.014009165955847447e-01 9.194243616063343394e-01 9.022680382675197786e-01 9.156322781708750025e-01
8.999118102039932454e-01 9.187327471734214601e-01 9.022356325770805041e-01 9.154451072525655597e-01
8.997238647370930931e-01 9.186576081769394220e-01 9.022680382675197786e-01 9.153102910724104646e-01
9.001431277017161170e-01 9.189982103240126321e-01 9.023976610292767653e-01 9.154805747161168794e-01
9.005479333227313088e-01 9.192777578929055560e-01 9.028333375340710232e-01 9.156906214786239007e-01
9.005623906663391409e-01 9.191481612869030204e-01 9.030025672508092960e-01 9.159698946329710711e-01
9.010683976926079364e-01 9.194374939022365023e-01 9.026569065527905167e-01 9.158054779465750750e-01
9.013720019083693025e-01 9.194776744282527892e-01 9.021924249898282122e-01 9.154475893835121170e-01
9.002587864505775528e-01 9.189320305099768493e-01 9.013354745093238307e-01 9.151244716426830683e-01
8.993335164596857334e-01 9.185118486109583591e-01 9.014831004324359576e-01 9.151381773029081401e-01
8.979022394425247855e-01 9.176432498995280573e-01 9.008025809332117495e-01 9.146534285429397393e-01
8.991166563055704719e-01 9.182823251550124022e-01 9.015119054906042262e-01 9.150924519322962691e-01
8.987552227153783324e-01 9.179649814101548122e-01 9.005505366742400097e-01 9.145642520913471740e-01
8.998828955167778032e-01 9.186000769116401399e-01 9.007413701846045395e-01 9.147179601311882235e-01
8.993913458341165068e-01 9.186898203551991937e-01 9.008781942109034269e-01 9.149545504257792228e-01
9.002877011377929950e-01 9.189364794825543026e-01 9.020592015958002197e-01 9.157337407591272793e-01
9.017912648729922154e-01 9.202122233746349300e-01 9.022212300479963698e-01 9.158479520599188684e-01
9.024273879917303898e-01 9.207317884767967087e-01 9.023940603970057595e-01 9.159673720569208033e-01
9.023984733045150586e-01 9.206651777671560621e-01 9.020736041248843540e-01 9.157311950666920941e-01
9.027743642383149192e-01 9.211505797847935328e-01 9.024156641906320164e-01 9.159215706374732591e-01
9.022249851812229604e-01 9.206570706554325634e-01 9.016307263555480844e-01 9.151938276948621276e-01
9.019502956526767035e-01 9.205438457660268803e-01 9.020844060216974825e-01 9.155068477361875123e-01
9.031647125157222789e-01 9.213529044496741038e-01 9.026245008623514643e-01 9.156416693175448707e-01
9.021960704940074072e-01 9.202665078594411963e-01 9.024840762037814601e-01 9.155101934232172667e-01
9.015021180008384594e-01 9.200113025492424601e-01 9.021960256220992180e-01 9.155558123235486567e-01
9.002009570761468904e-01 9.192860523727491850e-01 9.004065113833989997e-01 9.144938722945383791e-01
8.999985542656393500e-01 9.193830352640164350e-01 9.008529897850061641e-01 9.149967677211905404e-01
9.000419262964622913e-01 9.191149345537726889e-01 9.011302384698752777e-01 9.152389670476686057e-01
8.997094073934854830e-01 9.187674293107445100e-01 9.003921088543147544e-01 9.146808567281512481e-01
8.993190591160781233e-01 9.187723006178183383e-01 9.005685398355951499e-01 9.146164767516651306e-01
8.995214619265855527e-01 9.190186344167013965e-01 9.007773765073145977e-01 9.149112488523113429e-01
9.004033598866543198e-01 9.197115351821729679e-01 9.022500351061646384e-01 9.160074815009628946e-01
9.005768480099466400e-01 9.197995814340560461e-01 9.029557590312859983e-01 9.164052194283427433e-01
9.009671962873541107e-01 9.196128599851874919e-01 9.027865293145476144e-01 9.162095499326585735e-01
9.010973123798233786e-01 9.191874583821210143e-01 9.024192648229028002e-01 9.156392533608473938e-01
9.022972718992612329e-01 9.200416318646434943e-01 9.023652553388376019e-01 9.157182406191686219e-01
9.027020775202765357e-01 9.204572332620502007e-01 9.026749097141457678e-01 9.159154989781019829e-01
9.013141725339386401e-01 9.194953606395835921e-01 9.015839181360246757e-01 9.152308202983279184e-01
9.009671962873542217e-01 9.197882065300408971e-01 9.010942321471651084e-01 9.149155150349512766e-01
9.013430872211540823e-01 9.204080402887167001e-01 9.021024091830526226e-01 9.154665320443394760e-01
9.009093669129235593e-01 9.198410014760358688e-01 9.025488875846598980e-01 9.159185241265115351e-01
9.002877011377928840e-01 9.188782249794387180e-01 9.021348148734917860e-01 9.155780226386498466e-01
9.005623906663390299e-01 9.193912548766322024e-01 9.019403807308562504e-01 9.153247244877348310e-01
9.005045612919083675e-01 9.194890496991945383e-01 9.018395630272675323e-01 9.152021227028777073e-01
9.002298717633621106e-01 9.194616767865274598e-01 9.015947200328378042e-01 9.151324687020426785e-01
9.009093669129234483e-01 9.200094624945149846e-01 9.019763870535666417e-01 9.153463359845852576e-01
9.021960704940075182e-01 9.209076455339955114e-01 9.028225356372578947e-01 9.160741368603344537e-01
9.040032384449681047e-01 9.219393896638243824e-01 9.032726146711361759e-01 9.166328854983667451e-01
9.026153334586304311e-01 9.210480574910200335e-01 9.025560888492019096e-01 9.163522014024232387e-01
9.012997151903308080e-01 9.198469170776392145e-01 9.023292490161272106e-01 9.162348704591891657e-01
9.016900634677385007e-01 9.198811499047367946e-01 9.026749097141458789e-01 9.164265171125002274e-01
9.026587054894534834e-01 9.204942568709694184e-01 9.031141868512109205e-01 9.165648732924740472e-01
9.035406034495222505e-01 9.211221161983634831e-01 9.027073154045850423e-01 9.162533111123423168e-01
9.036128901675606340e-01 9.216965424506169402e-01 9.021708211962019552e-01 9.158541205831236542e-01
9.034394020442684248e-01 9.216776840433260620e-01 9.024732743069683316e-01 9.158363594059264479e-01
9.034104873570528715e-01 9.217817457391878078e-01 9.019115756726880928e-01 9.154044008212400829e-01
9.017189781549539429e-01 9.205497324892759625e-01 9.018791699822489294e-01 9.153735971278725847e-01
9.017912648729922154e-01 9.206735997414912109e-01 9.011374397344172893e-01 9.152130817021375542e-01
9.027888215819226403e-01 9.213161115092054487e-01 9.015083048583329983e-01 9.154431860911975694e-01
9.032080845465455532e-01 9.211685061774756988e-01 9.020556009635292138e-01 9.157417640533819236e-01
9.024707600225534421e-01 9.209129747648681086e-01 9.020952079185103889e-01 9.156238001148369055e-01
9.022538998684382916e-01 9.208604772087075618e-01 9.022500351061646384e-01 9.156934035669851424e-01
9.010828550362155465e-01 9.199391449609087834e-01 9.015443111810435006e-01 9.149845383794297238e-01
9.005768480099465290e-01 9.196690014641536459e-01 9.011158359407911433e-01 9.147450160968730870e-01
9.019792103398922567e-01 9.209554406999930221e-01 9.010330213985575654e-01 9.148791088239915936e-01
9.021671558067920760e-01 9.211301605841416551e-01 9.022968433256879361e-01 9.160499673393541764e-01
9.032080845465453312e-01 9.216622944003152185e-01 9.033122216261175730e-01 9.167316027501739573e-01
9.029189376743917972e-01 9.212169712963561574e-01 9.032978190970333277e-01 9.166228818369508424e-01
9.037574636036375120e-01 9.220216217132515268e-01 9.030889824253137688e-01 9.165047404818705834e-01
9.032369992337607734e-01 9.218135759057454193e-01 9.026461046559774992e-01 9.163562346250027080e-01
9.028032789255301394e-01 9.214341180039041790e-01 9.019475819953983731e-01 9.159103458975749179e-01
9.026153334586304311e-01 9.212486843622862409e-01 9.026641078173327504e-01 9.162486399224286648e-01
9.028032789255302504e-01 9.209696387483209401e-01 9.028081331081738714e-01 9.160230288730739634e-01
9.030490537668608431e-01 9.209862106521216063e-01 9.026209002300804585e-01 9.159933838078422319e-01
9.033092859517991569e-01 9.213425106184334190e-01 9.025272837910336410e-01 9.159452282755691233e-01
9.028321936127456926e-01 9.209873940999313557e-01 9.018431636595386491e-01 9.154097880328062597e-01
9.027165348638840348e-01 9.210924367296638993e-01 9.020772047571553598e-01 9.155846560016548397e-01
9.034249447006608147e-01 9.215215848781955765e-01 9.024948781005943665e-01 9.159960025740573331e-01
9.031357978285070587e-01 9.211029748025044706e-01 9.021672205639309494e-01 9.157425384554237491e-01
9.032514565773686055e-01 9.212234856705980857e-01 9.022320319448093873e-01 9.159577482685525851e-01
9.033526579826223202e-01 9.213709805890457627e-01 9.021240129766787685e-01 9.158491015215007858e-01
9.022683572120459017e-01 9.210621520203481349e-01 9.022320319448093873e-01 9.159540992893356881e-01
9.017912648729922154e-01 9.211888021136074300e-01 9.018431636595385381e-01 9.157094977852239248e-01
9.025430467405918256e-01 9.215752212970493851e-01 9.025056799974076061e-01 9.162891970446777057e-01
9.022683572120457907e-01 9.210946558084588398e-01 9.020736041248842429e-01 9.159859433733532619e-01
9.023695586172997274e-01 9.209913839730700102e-01 9.016595314137161310e-01 9.155806958553014407e-01
9.030201390796454008e-01 9.210102822229460084e-01 9.021492174025759203e-01 9.157582734110505385e-01
9.043791293787679653e-01 9.219687203961210997e-01 9.032402089806970125e-01 9.163975120792137163e-01
9.056658329598518131e-01 9.230320408058407811e-01 9.039279297444631212e-01 9.171106533565662744e-01
9.057381196778904187e-01 9.234132641138591557e-01 9.032330077161550008e-01 9.166610966197330512e-01
9.041767265682604249e-01 9.222548397952022858e-01 9.027361204627533109e-01 9.163543356376615545e-01
9.034249447006607037e-01 9.217098818425096818e-01 9.030637779994167280e-01 9.165472169051522844e-01
9.034827740750914771e-01 9.216869666037097453e-01 9.033806336392670167e-01 9.165873127530589359e-01
9.032803712645838257e-01 9.215503384796318587e-01 9.027613248886504627e-01 9.162212881501292649e-01
9.034249447006608147e-01 9.216816084959547073e-01 9.025812932750990614e-01 9.161379645056396681e-01
9.038442076652835055e-01 9.219419829530350885e-01 9.027289191982110772e-01 9.162662271375964229e-01
9.039887811013604946e-01 9.221501620961093382e-01 9.029089508117624785e-01 9.163524499953217273e-01
9.036562621983835752e-01 9.215051055627503374e-01 9.030781805285007513e-01 9.165593312798312464e-01
9.031213404848992266e-01 9.209054025564477053e-01 9.027973312113607429e-01 9.164843819638804900e-01
9.033815726698377624e-01 9.213149651647213334e-01 9.030781805285008623e-01 9.166567839028715303e-01
9.042634706299065295e-01 9.218411778016113445e-01 9.030025672508092960e-01 9.165590417242583943e-01
9.055212595237751572e-01 9.229364482868811503e-01 9.035426620914632778e-01 9.170675900415674597e-01
9.065477309199206912e-01 9.236406243435985042e-01 9.039459329058181503e-01 9.172584610194773891e-01
9.065188162327053600e-01 9.235982590382736390e-01 9.040683544030332364e-01 9.170059579382688897e-01
9.063453281094132619e-01 9.238538787904472249e-01 9.038091088795192629e-01 9.167477099602805435e-01
9.062441267041594362e-01 9.240201653631497924e-01 9.039639360671734014e-01 9.168461170452137932e-01
9.064176148274515343e-01 9.241009916597355822e-01 9.036686842209491477e-01 9.166310631889729166e-01
9.055501742109905994e-01 9.233466658763839208e-01 9.029629602958277879e-01 9.161156983647118501e-01
9.043935867223755753e-01 9.225081345272740929e-01 9.025380856878466584e-01 9.158515264804092393e-01
9.034972314186990872e-01 9.213158309431149773e-01 9.020123933762768109e-01 9.155735372460874766e-01
9.031647125157225009e-01 9.209913705753967061e-01 9.018143586013703805e-01 9.153603479693874778e-01
9.029623097052147385e-01 9.208281825142413668e-01 9.020628022280713365e-01 9.155335716799171131e-01
9.041622692246525927e-01 9.217867193320337105e-01 9.027217179336691766e-01 9.161460232094978950e-01
9.047550203125678259e-01 9.225125077218337966e-01 9.036830867500332820e-01 9.167851543287433014e-01
9.050586245283291920e-01 9.227517263231104216e-01 9.035462627237342836e-01 9.169212980494794163e-01
9.043935867223755753e-01 9.220528180549389941e-01 9.030997843221268973e-01 9.167301209631708581e-01
9.046682762509217213e-01 9.224838382189507469e-01 9.035462627237342836e-01 9.170487112934256890e-01
9.053622287440905581e-01 9.232139720243645042e-01 9.035246589301081377e-01 9.170680306350399436e-01
9.057092049906751985e-01 9.232117910026093055e-01 9.032528111936457549e-01 9.168073767700762877e-01
9.056947476470673664e-01 9.232475505607495858e-01 9.034778507105848400e-01 9.167671588311137043e-01
9.053333140568751158e-01 9.230040922616349341e-01 9.035930709432575814e-01 9.168154296556529914e-01
9.048417643742139305e-01 9.224555393979951834e-01 9.038379139376875315e-01 9.170015116050785897e-01
9.034972314186990872e-01 9.212653017177228065e-01 9.028369381663420290e-01 9.163585198199365456e-01
9.026587054894534834e-01 9.209678195050823302e-01 9.026569065527907387e-01 9.163918144309689540e-01
9.034972314186991982e-01 9.216888397539848565e-01 9.030889824253138798e-01 9.166653799881919751e-01
9.049574231230753663e-01 9.230861736003187490e-01 9.044572226883040855e-01 9.175005369842095249e-01
9.064031574838439242e-01 9.238775777659360422e-01 9.044824271142011263e-01 9.173208713328587782e-01
9.060850959244748370e-01 9.236896103332307151e-01 9.040395493448649678e-01 9.170101578193352587e-01
9.046104468764908368e-01 9.225478446867886317e-01 9.034382437556035539e-01 9.168061635146868005e-01
9.040032384449681047e-01 9.219432995743296333e-01 9.030493754703325937e-01 9.167031522423145784e-01
9.042490132862988084e-01 9.218443910484934722e-01 9.032006020257157264e-01 9.168372597271348123e-01
9.059549798320056802e-01 9.230564021712168721e-01 9.037118918082014396e-01 9.170003232756306355e-01
9.063308707658054297e-01 9.231610975245380102e-01 9.040791562998462538e-01 9.170946855050470248e-01
9.045815321892755057e-01 9.218904145791315674e-01 9.033950361683511510e-01 9.167381848697599978e-01
9.040176957885757147e-01 9.216901717853995812e-01 9.031861994966315921e-01 9.165488610229066690e-01
9.033382006390145991e-01 9.213778270579529028e-01 9.020123933762769219e-01 9.159545491484601953e-01
9.039309517269294991e-01 9.213040656664028827e-01 9.021708211962020663e-01 9.160177317509617945e-01
9.050875392155445232e-01 9.220342763732920499e-01 9.025272837910336410e-01 9.164035360483319126e-01
9.051164539027598543e-01 9.222691758209784485e-01 9.030385735735194652e-01 9.168087523009714745e-01
9.034827740750914771e-01 9.212408779346048515e-01 9.029521583990149924e-01 9.167004521692795338e-01
9.034394020442683138e-01 9.215393035225639684e-01 9.032726146711362869e-01 9.167232451823643657e-01
9.039598664141450524e-01 9.219630242969566458e-01 9.036038728400705988e-01 9.167818831159555426e-01
9.042779279735141396e-01 9.222769224183159364e-01 9.034346431233324370e-01 9.166732518376223826e-01
9.045815321892756167e-01 9.224953163627405139e-01 9.033626304779118765e-01 9.168056390213392692e-01
9.055068021801675471e-01 9.231074589543788456e-01 9.034238412265194196e-01 9.168269184934307869e-01
9.048995937486444818e-01 9.225508216860065502e-01 9.031249887480240490e-01 9.164252356093610663e-01
9.040755251630064881e-01 9.216868379778444531e-01 9.029953659862671733e-01 9.162193077458186119e-01
9.045959895328831157e-01 9.219463860872607608e-01 9.037623006599957431e-01 9.168760485130046378e-01
9.061429252989056105e-01 9.228051933431735687e-01 9.046480561986683933e-01 9.173599332078511415e-01
9.063742427966285931e-01 9.232677420539470159e-01 9.047200688440890648e-01 9.174034507300961039e-01
9.069814512281513252e-01 9.240200435996502870e-01 9.046336536695842589e-01 9.173732346874313714e-01
9.062730413913746563e-01 9.233219698659598240e-01 9.042123796938742464e-01 9.169657818349340461e-01
9.064031574838439242e-01 9.233399300349852679e-01 9.047200688440890648e-01 9.174180950679906577e-01
9.052754846824444535e-01 9.224252586625476535e-01 9.037659012922671931e-01 9.168578484340532686e-01
9.039020370397141679e-01 9.215318283987545822e-01 9.032978190970334387e-01 9.166816591721332896e-01
9.052031979644059589e-01 9.225931902196485845e-01 9.039531341703603839e-01 9.169851557578322376e-01
9.045092454712370111e-01 9.224321586535483286e-01 9.037947063504351286e-01 9.169768087021542557e-01
9.039164943833220001e-01 9.220346870023968799e-01 9.032438096129680183e-01 9.165255231089552979e-01
9.034249447006607037e-01 9.216860349150077791e-01 9.033266241552015963e-01 9.167785857388858206e-01
9.047694776561756580e-01 9.224494233168420987e-01 9.039675366994445183e-01 9.172606656514736834e-01
9.059549798320056802e-01 9.232669317806190268e-01 9.043312005588182156e-01 9.178066065282711739e-01
9.059260651447902379e-01 9.230961408332383211e-01 9.042015777970611179e-01 9.176196481808978067e-01
9.050586245283291920e-01 9.224127710026955862e-01 9.040611531384910027e-01 9.174277913949226981e-01
9.058826931139671856e-01 9.229861852943048728e-01 9.045580403918928036e-01 9.175286540980847061e-01
9.051164539027598543e-01 9.221082302385095186e-01 9.043203986620049761e-01 9.172552953836734524e-01
9.059983518628287325e-01 9.226914225422934157e-01 9.044500214237620739e-01 9.173061218597303723e-01
9.059694371756132902e-01 9.230487684081455368e-01 9.045652416564349263e-01 9.174724811050298801e-01
9.053622287440905581e-01 9.227879191642500700e-01 9.043744081460705075e-01 9.174801761510782416e-01
9.054056007749136104e-01 9.228058526509561599e-01 9.038595177313135665e-01 9.170030210355222255e-01
9.055212595237749351e-01 9.229695537590751897e-01 9.033878349038091393e-01 9.168477769141406553e-01
9.055790888982058195e-01 9.229371853564799499e-01 9.035318601946501493e-01 9.168437258798540768e-01
9.055646315545980984e-01 9.231504928012398414e-01 9.036686842209491477e-01 9.167915297232164251e-01
9.053043993696598957e-01 9.228280834835069779e-01 9.035678665173605406e-01 9.166666772605658320e-01
9.050297098411137497e-01 9.226211090156790640e-01 9.043996125719677703e-01 9.172310762215248880e-01
9.056802903034595342e-01 9.229118676866503446e-01 9.051305409229860599e-01 9.178103101337139469e-01
9.068079631048591160e-01 9.237362720187726195e-01 9.058470667449204372e-01 9.183415340926762704e-01
9.069959085717590463e-01 9.238935870071800505e-01 9.049649118385187929e-01 9.179158353402600001e-01
9.072705981003050812e-01 9.240373262276484478e-01 9.037046905436594280e-01 9.170087615003217341e-01
9.062152120169439939e-01 9.232042688918306039e-01 9.025236831587626352e-01 9.160930974021879170e-01
9.063308707658055408e-01 9.232123559085112507e-01 9.030961836898560025e-01 9.164002821722614378e-01
9.055501742109905994e-01 9.229114803691612634e-01 9.042627885456686609e-01 9.172623022499084566e-01
9.053911434313058892e-01 9.229673905277023804e-01 9.043996125719675483e-01 9.174267495141001927e-01
9.048128496869984883e-01 9.227968018080575652e-01 9.045760435532480548e-01 9.175808455285479059e-01
9.059983518628287325e-01 9.236572602568703383e-01 9.045112321723695059e-01 9.175393699352099031e-01
9.060128092064364536e-01 9.236016774671543805e-01 9.038955240540238467e-01 9.170542470907605548e-01
9.054634301493442727e-01 9.232644875281906804e-01 9.045076315400983891e-01 9.175134127143529383e-01
9.052899420260520635e-01 9.228626767584316992e-01 9.048100846508647654e-01 9.177267787091728524e-01
9.054056007749136104e-01 9.227209233536119992e-01 9.047308707409020823e-01 9.177594717100532318e-01
9.055357168673827672e-01 9.229439313895879682e-01 9.047452732699862166e-01 9.178536116426732061e-01
9.064031574838438132e-01 9.236158952679620615e-01 9.049289055158085127e-01 9.178399445932452494e-01
9.068368777920745583e-01 9.237592608885288881e-01 9.050585282775653884e-01 9.178909320959613982e-01
9.068657924792897784e-01 9.238211687677719830e-01 9.048172859154067771e-01 9.176965634365842339e-01
9.065766456071362445e-01 9.235693476996691409e-01 9.050369244839393534e-01 9.178658409810931396e-01
9.063597854530208719e-01 9.231014131543439083e-01 9.056346294409297615e-01 9.182003898577928425e-01
9.055357168673828783e-01 9.224312368210649815e-01 9.058074597899390401e-01 9.183303636042792206e-01
9.047983923433907671e-01 9.221969656854219766e-01 9.052241573620327664e-01 9.178390114678668388e-01
9.054200581185213315e-01 9.227913062680126455e-01 9.048784966640142091e-01 9.175637612519892405e-01
9.058393210831441333e-01 9.231611841807172425e-01 9.044752258496591146e-01 9.172149479650884007e-01
9.063453281094131508e-01 9.234807644528676418e-01 9.048028833863226428e-01 9.174612580498918701e-01
9.068224204484668372e-01 9.238875414697733657e-01 9.044968296432853716e-01 9.172923130068338926e-01
9.064754442018823077e-01 9.234037175284237620e-01 9.044392195269489454e-01 9.172283570338904957e-01
9.058104063959288021e-01 9.227826039819015946e-01 9.042231815906872638e-01 9.169835246822297670e-01
9.071983113822665867e-01 9.240616957933649456e-01 9.051341415552571767e-01 9.177676417818888543e-01
9.066344749815667958e-01 9.236435186038629563e-01 9.052673649492850583e-01 9.180151823829704183e-01
9.064176148274516454e-01 9.234713648698626987e-01 9.053501794915186363e-01 9.181281286155719146e-01
9.059405224883978480e-01 9.232551018931038911e-01 9.053465788592475194e-01 9.182523734129670601e-01
9.063164134221979307e-01 9.233329600394831749e-01 9.056202269118457382e-01 9.183889935184162967e-01
9.063742427966285931e-01 9.232570968315451099e-01 9.052673649492850583e-01 9.180435136369156091e-01
9.070681952897973188e-01 9.238174445365611165e-01 9.052637643170140525e-01 9.180464194400507205e-01
9.069814512281513252e-01 9.236290017101517202e-01 9.048604935026590690e-01 9.176338590671875295e-01
9.068079631048591160e-01 9.234539776329627747e-01 9.045580403918929147e-01 9.173780245903987440e-01
9.059260651447902379e-01 9.228533156435098084e-01 9.041475683129958085e-01 9.169352805171833154e-01
9.066200176379592968e-01 9.233997026591026502e-01 9.044968296432853716e-01 9.171086623860333908e-01
9.073428848183434647e-01 9.239390944756358248e-01 9.049217042512665010e-01 9.175410844596312288e-01
9.074007141927742381e-01 9.238837568828105473e-01 9.052205567297617606e-01 9.177155388108282352e-01
9.074874582544203427e-01 9.242747098403264472e-01 9.056022237504904870e-01 9.183057824326792407e-01
9.068513351356821683e-01 9.237593875747514005e-01 9.052601636847430466e-01 9.182986093326003241e-01
9.071838540386589766e-01 9.237248133643032322e-01 9.055518148986962945e-01 9.186315142257341915e-01
9.074585435672049005e-01 9.236084515583816712e-01 9.054581984596495881e-01 9.185029660755750225e-01
9.074874582544203427e-01 9.234555971127047513e-01 9.049181036189954952e-01 9.181351122253462727e-01
9.067501337304283426e-01 9.229420308032096898e-01 9.049865156321449389e-01 9.179604856209117036e-01
9.061284679552978893e-01 9.227337640487874859e-01 9.052169560974907547e-01 9.178655164293156865e-01
9.057236623342825865e-01 9.226230727113537977e-01 9.050441257484813651e-01 9.177634686670962383e-01
9.054200581185213315e-01 9.222190217891955699e-01 9.048172859154067771e-01 9.178481985309516755e-01
9.043646720351601331e-01 9.213262833471875801e-01 9.041799740034350830e-01 9.173021188924770364e-01
