6.816926657895876485e-01 7.132234516839459637e-01 6.820137616165398153e-01 7.067889727748283279e-01
6.833841749916871322e-01 7.138569913679279066e-01 6.823702242113715011e-01 7.073778546026044944e-01
6.825456490624413064e-01 7.139259935376588428e-01 6.828275045097920160e-01 7.081204389813582356e-01
6.818661539128800797e-01 7.142695148739386379e-01 6.832955867050254373e-01 7.086651909035499575e-01
6.813023175121802888e-01 7.144184211719299959e-01 6.837276625775485783e-01 7.088902690650936700e-01
6.792349173762812775e-01 7.130017038681256691e-01 6.838644866038476877e-01 7.091265860780020525e-01
6.782951900417817370e-01 7.125313005215192508e-01 6.837996752229692499e-01 7.094567322719267377e-01
6.787433676936199811e-01 7.128427019457277414e-01 6.841165308628195385e-01 7.097303712719091884e-01
6.799144125258425042e-01 7.133615797249671653e-01 6.841921441405109938e-01 7.096972643127286151e-01
6.793361187815352142e-01 7.126818003279467018e-01 6.842137479341371398e-01 7.097015237073158733e-01
6.795529789356503647e-01 7.131537417165711989e-01 6.840157131592308204e-01 7.095681749090881896e-01
6.802035593979962602e-01 7.135586177805199881e-01 6.842677574182025602e-01 7.096783542820057633e-01
6.789891425349505738e-01 7.133294682459681013e-01 6.836160429771467317e-01 7.095136981314035252e-01
6.787867397244429224e-01 7.133519912003354335e-01 6.832271746918758826e-01 7.092005530830292059e-01
6.804493342393268529e-01 7.143042761632506510e-01 6.828275045097919049e-01 7.088119172952768166e-01
6.823143315647183238e-01 7.154421314208394556e-01 6.829823316974459324e-01 7.090882061767065370e-01
6.829793693706718294e-01 7.157521737338962131e-01 6.833279923954646007e-01 7.099066673520721960e-01
6.845263051366941021e-01 7.166077628424188939e-01 6.833639987181749920e-01 7.103353313005282832e-01
6.867961080831007648e-01 7.174173852969379928e-01 6.827086836448480467e-01 7.103116367725562652e-01
6.868394801139239281e-01 7.171699105276729824e-01 6.825124491860770082e-01 7.105248764162972464e-01
6.864491318365163464e-01 7.171314520551504978e-01 6.829211209488385004e-01 7.107788258809282222e-01
6.866659919906317189e-01 7.173511124807402384e-01 6.832703822791281745e-01 7.111693124544984368e-01
6.865937052725932244e-01 7.172522329015084130e-01 6.829895329619881661e-01 7.109071942458240478e-01
6.878948661972849044e-01 7.180572963434701528e-01 6.833279923954647117e-01 7.114111652794704588e-01
6.883141291619077062e-01 7.182023102747188137e-01 6.833892031440721437e-01 7.116670363391913723e-01
6.890080816550766540e-01 7.186010361720192030e-01 6.837348638420905900e-01 7.120207396037886438e-01
6.888490508753921659e-01 7.183345260577271851e-01 6.837492663711748353e-01 7.118710567702064562e-01
6.889213375934305494e-01 7.186685227228879480e-01 6.832451778532310227e-01 7.116765546653642804e-01
6.867816507394931547e-01 7.168453589300535223e-01 6.828347057743340276e-01 7.117088556911139730e-01
6.860298688718935445e-01 7.158271729980455467e-01 6.826978817480349182e-01 7.119127541721537167e-01
6.849166534141016838e-01 7.151407025789470184e-01 6.826222684703433519e-01 7.121210579510356409e-01
6.858852954358167775e-01 7.158345241815808890e-01 6.826258691026143577e-01 7.118328707730225968e-01
6.862756437132240261e-01 7.159979478821072441e-01 6.823594223145584836e-01 7.115835593561716799e-01
6.853792884095476490e-01 7.151357579230910311e-01 6.818013243125491396e-01 7.109309622061994460e-01
6.832829735864333065e-01 7.137084384286516148e-01 6.817113085057735500e-01 7.105186070383201491e-01
6.821263860978183935e-01 7.130677375392042716e-01 6.818373306352595309e-01 7.100803636174350952e-01
6.819384406309183522e-01 7.129125208794042656e-01 6.816969059766894157e-01 7.097602112026570875e-01
6.829649120270642193e-01 7.139542166284460478e-01 6.816284939635399720e-01 7.092575279922621601e-01
6.843817317006172241e-01 7.150447992060753322e-01 6.819561515002033891e-01 7.096976495380135086e-01
6.851190562246093352e-01 7.150414926966384144e-01 6.822370008173435085e-01 7.100659412600398568e-01
6.866949066778469390e-01 7.159475678248177211e-01 6.822622052432407713e-01 7.099756389364377807e-01
6.874033165146236080e-01 7.159988645122467021e-01 6.829571272715488917e-01 7.104879395127883246e-01
6.880105249461463401e-01 7.168285814102508535e-01 6.832739829113992913e-01 7.105697036194009719e-01
6.884297879107692530e-01 7.168463142934508037e-01 6.835440303317262822e-01 7.102338005496162676e-01
6.897887782098918175e-01 7.175333586365125749e-01 6.838716878683896994e-01 7.099063426915553920e-01
6.902658705489453927e-01 7.178052291739035473e-01 6.840409175851278611e-01 7.097145839057311667e-01
6.907718775752145213e-01 7.184752165865362361e-01 6.835836372867075683e-01 7.092379955553304027e-01
6.903526146105914973e-01 7.181081706133711773e-01 6.833928037763430385e-01 7.090266490977898961e-01
6.896008327429917761e-01 7.176946639759674840e-01 6.833567974536328693e-01 7.092300694699223973e-01
6.896008327429917761e-01 7.178830489337282295e-01 6.837888733261560104e-01 7.093827493862894240e-01
6.895140886813457826e-01 7.177621434246497234e-01 6.841885435082399880e-01 7.097760579420100413e-01
6.908007922624297414e-01 7.190488192980433180e-01 6.844477890317538504e-01 7.098034946204666573e-01
6.908730789804680139e-01 7.185807481201337277e-01 6.845630092644268139e-01 7.097462628828757891e-01
6.916682328788908984e-01 7.189722640443519941e-01 6.845540076837492993e-01 7.097180673177214683e-01
6.923188133412365719e-01 7.194570415991017320e-01 6.848942674333613478e-01 7.098521331417280145e-01
6.923188133412365719e-01 7.204072210171724722e-01 6.843685751217913893e-01 7.093065666782111256e-01
6.928392777111134215e-01 7.208003890780848577e-01 6.841633390823429473e-01 7.090130944259802614e-01
6.923766427156674563e-01 7.204796881867491232e-01 6.841705403468848479e-01 7.092052573490054135e-01
6.928681923983288637e-01 7.207692383060857466e-01 6.842137479341372508e-01 7.088441176271617072e-01
6.918995503766137700e-01 7.205492642968797101e-01 6.841561378178008246e-01 7.088367060642197792e-01
6.923188133412365719e-01 7.211364816446040882e-01 6.845630092644268139e-01 7.089704966466156000e-01
6.933452847373823280e-01 7.214965984317058822e-01 6.847826478329593902e-01 7.091746056836545353e-01
6.935332302042822583e-01 7.213621686748538098e-01 6.853731515254077866e-01 7.096060164079318611e-01
6.931573392704823977e-01 7.211823938472838869e-01 6.850562958855574980e-01 7.092418845422447937e-01
6.932007113013054500e-01 7.208101000675146697e-01 6.851625145375527248e-01 7.088141795952893620e-01
6.944151281643511364e-01 7.219120943585639605e-01 6.857116109588843322e-01 7.093080459529573778e-01
6.951090806575199732e-01 7.221052377106309539e-01 6.867737974788372668e-01 7.103388260764436080e-01
6.952970261244199035e-01 7.231143364969170317e-01 6.877459681920145007e-01 7.113976384797391361e-01
6.962801254897424963e-01 7.243461789282592544e-01 6.883112674585657453e-01 7.112760520442165113e-01
6.966849311107576881e-01 7.249975235251986394e-01 6.877207637661173489e-01 7.103913614655981146e-01
6.959476065867657990e-01 7.248691075951252394e-01 6.883868807362572007e-01 7.107678799906222977e-01
6.951379953447354154e-01 7.246905245663531892e-01 6.890133907514159883e-01 7.113013682656025294e-01
6.943428414463127529e-01 7.234875673516729666e-01 6.888873686219300074e-01 7.114010271547135389e-01
6.931717966140901188e-01 7.230542210929414848e-01 6.881996478581638987e-01 7.110600813335130610e-01
6.924923014645288921e-01 7.226626132088742605e-01 6.881132326836593149e-01 7.109633618279264100e-01
6.930272231780132408e-01 7.229348211114922096e-01 6.881168333159302097e-01 7.108456030884588994e-01
6.938802064508667877e-01 7.228609616613674849e-01 6.874039081262670603e-01 7.106782249630345660e-01
6.942127253538434850e-01 7.225472482712127498e-01 6.870582474282485030e-01 7.105312165126415058e-01
6.939958651997281125e-01 7.218094465818853944e-01 6.864011320387859438e-01 7.097141773245669860e-01
6.934609434862438748e-01 7.222940689200251230e-01 6.864785456326130131e-01 7.096737140202287186e-01
6.939524931689051712e-01 7.229626487487015307e-01 6.870366436346222461e-01 7.103507559726793819e-01
6.942127253538435960e-01 7.225394288698496759e-01 6.870978543832297891e-01 7.106411112555551801e-01
6.947621044109354438e-01 7.229674267860852765e-01 6.871950714545473904e-01 7.105278422999599108e-01
6.950657086266969209e-01 7.232087439486106772e-01 6.878287827342480787e-01 7.108813947096521701e-01
6.951524526883430255e-01 7.227263763946211172e-01 6.871554644995661043e-01 7.106028618171084110e-01
6.951524526883430255e-01 7.224062957315304789e-01 6.862913127545198222e-01 7.099052051503498273e-01
6.947910190981508860e-01 7.221020866614058509e-01 6.862553064318095419e-01 7.100783340246129560e-01
6.934320287990285436e-01 7.222942635254328003e-01 6.870510461637062694e-01 7.102480662163939140e-01
6.927091616186442646e-01 7.222263003850675211e-01 6.876343485916127651e-01 7.096945050612278871e-01
6.927669909930749270e-01 7.225624567082290506e-01 6.880754260448134207e-01 7.102301301596153360e-01
6.930561378652286830e-01 7.223831965897782315e-01 6.883868807362572007e-01 7.101648079245801437e-01
6.939091211380820079e-01 7.224177193950462872e-01 6.882572579745004360e-01 7.103899290470720995e-01
6.932440833321285023e-01 7.219702082115441177e-01 6.885957174079768706e-01 7.109829253880782796e-01
6.934031141118131014e-01 7.222160273702213917e-01 6.884372895880517262e-01 7.111002303516661405e-01
6.940103225433358336e-01 7.228478671215263773e-01 6.886929344792945829e-01 7.107669899306774397e-01
6.949789645650508163e-01 7.233168636012302644e-01 6.886569281565841916e-01 7.108865948989178118e-01
6.954849715913198338e-01 7.231423701246295632e-01 6.885309060270984327e-01 7.110814417051507519e-01
6.964391562694270954e-01 7.237306269888026389e-01 6.883364718844628971e-01 7.110926383644201598e-01
6.962367534589195550e-01 7.241317968181474329e-01 6.883148680908366401e-01 7.113474741951095748e-01
6.958319478379042522e-01 7.245241339513448509e-01 6.880700250964069120e-01 7.111687375924897747e-01
6.968439618904422872e-01 7.261843334068618372e-01 6.884840978075750240e-01 7.111759928898799821e-01
6.980150067226646993e-01 7.266013084703253355e-01 6.886641294211263142e-01 7.110873952342442461e-01
6.979716346918416470e-01 7.270506375822982648e-01 6.888729660928459841e-01 7.110997045291559404e-01
6.974945423527880717e-01 7.269272354279523451e-01 6.889917869577897314e-01 7.113580740097962263e-01
6.966560164235422459e-01 7.259787751434273462e-01 6.889881863255187255e-01 7.113962291748472389e-01
6.963234975205656596e-01 7.250179599957448096e-01 6.884552927494067553e-01 7.106443231980635877e-01
6.956440023710043219e-01 7.242208701034484886e-01 6.879043960119397561e-01 7.110598869433566449e-01
6.959476065867657990e-01 7.243087952273395969e-01 6.880268175091546201e-01 7.114343888917160630e-01
6.964246989258193743e-01 7.254448801789650236e-01 6.880628238318647893e-01 7.114945863590241837e-01
6.965114429874654789e-01 7.257124050499934587e-01 6.881384371095564667e-01 7.114193668964634565e-01
6.967427604851883505e-01 7.258580003001957603e-01 6.873246942163044881e-01 7.109071170846480436e-01
6.952102820627737989e-01 7.252722568135860914e-01 6.866477753493513969e-01 7.103595973858414236e-01
6.952102820627737989e-01 7.249814065887514314e-01 6.868458101242578273e-01 7.100623259867764325e-01
6.953114834680276246e-01 7.248171359337056696e-01 6.868026025370055354e-01 7.103955112760670376e-01
6.957596611198657577e-01 7.248453265633209019e-01 6.879872105541733340e-01 7.109064964139433229e-01
6.941693533230204327e-01 7.240795064613558818e-01 6.880304181414256259e-01 7.110151091812737523e-01
6.939380358252973391e-01 7.241666815818053049e-01 6.883724782071731774e-01 7.112686242007919546e-01
6.944729575387817988e-01 7.240762717158988337e-01 6.888117553442384411e-01 7.113455216399324765e-01
6.956440023710044329e-01 7.245265650569976401e-01 6.887793496537992777e-01 7.114046589274556354e-01
6.968728765776575074e-01 7.254796794418139072e-01 6.883832801039861948e-01 7.114043286803769517e-01
6.976535731324725598e-01 7.255085437060949660e-01 6.882644592390423366e-01 7.113396668084988050e-01
6.976102011016496185e-01 7.258053689853896095e-01 6.885849155111637421e-01 7.115894014957104829e-01
6.968005898596192349e-01 7.256884157139795732e-01 6.887829502860702835e-01 7.116623096729366438e-01
6.956873744018273742e-01 7.241865643338779579e-01 6.884408902203227321e-01 7.114177676155477581e-01
6.947765617545431649e-01 7.230938992433221246e-01 6.884660946462198838e-01 7.114645508324349832e-01
6.946319883184663979e-01 7.234949965583409304e-01 6.885237047625561990e-01 7.112702404033672821e-01
6.934175714554208225e-01 7.231128802198238947e-01 6.882032484904349046e-01 7.108482867423440155e-01
6.934898581734592060e-01 7.236756132542074837e-01 6.879674070766825800e-01 7.104414775938603377e-01
6.938223770764360143e-01 7.243677098710117335e-01 6.875317305718884331e-01 7.102904962819807100e-01
6.945452442568202933e-01 7.242254784352220032e-01 6.875047258298556674e-01 7.102775138673506072e-01
6.951958247191660778e-01 7.245195702014626260e-01 6.874795214039585156e-01 7.104963246348519057e-01
6.951669100319507466e-01 7.245747176314464300e-01 6.871338607059398473e-01 7.104204218919945024e-01
6.948633058161892695e-01 7.243781253284965471e-01 6.878179808374349502e-01 7.109673812150150152e-01
6.941982680102358749e-01 7.243330691175594582e-01 6.881924465936217761e-01 7.113921065982393710e-01
6.938657491072590666e-01 7.238975124128708138e-01 6.877279650306593606e-01 7.109944453550179899e-01
6.942705547282741474e-01 7.243227379302727975e-01 6.877837748308602839e-01 7.107348095533478904e-01
6.947765617545431649e-01 7.247220514363648114e-01 6.876883580756780745e-01 7.107204348733775490e-01
6.964825283002500367e-01 7.262183716676687828e-01 6.875227289912109185e-01 7.107587995523345636e-01
6.967427604851884615e-01 7.264576191968377117e-01 6.879764086573603166e-01 7.109752045772914641e-01
6.977547745377263855e-01 7.266602631148122438e-01 6.886893338470234660e-01 7.112461653268604689e-01
6.963090401769578275e-01 7.260590240957726094e-01 6.890637996032102919e-01 7.120461866884244539e-01
6.956584597146120430e-01 7.256669818461766175e-01 6.887145382729207288e-01 7.118794130579089163e-01
6.958608625251195834e-01 7.261487579526174629e-01 6.886389249952291625e-01 7.118071877914755596e-01
6.955861729965735485e-01 7.261820364188474874e-01 6.880196162446126085e-01 7.114664959275920353e-01
6.960921800228425660e-01 7.264825752219862265e-01 6.880376194059676376e-01 7.113624931984541266e-01
6.971620234498112634e-01 7.264936723562868126e-01 6.877999776760799211e-01 7.110838334655680271e-01
6.966415590799346358e-01 7.260610067304424931e-01 6.873498986422015289e-01 7.106997024828864973e-01
6.953548554988506769e-01 7.257884951834490117e-01 6.869358259310335280e-01 7.104513149914997161e-01
6.943572987899202520e-01 7.252221073014646358e-01 6.874867226685006383e-01 7.111268676485310580e-01
6.940826092613743281e-01 7.253387884127167062e-01 6.877711726179117635e-01 7.114450712295510293e-01
6.947042750365047814e-01 7.254023194605069280e-01 6.882392548131452958e-01 7.116788509181953826e-01
6.950223365958738686e-01 7.245662187826551470e-01 6.881996478581637877e-01 7.116057150532083542e-01
6.957162890890428164e-01 7.247378011926577379e-01 6.885561104529954735e-01 7.116656395720795114e-01
6.951813673755584677e-01 7.249290336579113925e-01 6.877603707210986350e-01 7.110743585758277918e-01
6.955283436221428861e-01 7.252489438649849518e-01 6.875623359461920936e-01 7.110934361529136494e-01
6.958608625251196944e-01 7.255177897793426700e-01 6.870978543832296781e-01 7.106431149215916010e-01
6.960921800228425660e-01 7.256051697643919329e-01 6.874219112876220894e-01 7.105221885872817777e-01
6.956295450273966008e-01 7.255216707463351122e-01 6.875317305718884331e-01 7.104704208568205503e-01
6.954705142477121127e-01 7.264827807153662054e-01 6.881888459613507703e-01 7.110999739759821248e-01
6.950512512830893108e-01 7.260244924915263409e-01 6.887073370083787172e-01 7.115500881833953795e-01
6.948922205034047117e-01 7.265663796195136470e-01 6.890241926482290058e-01 7.118590170958716268e-01
6.950223365958738686e-01 7.269198246308270495e-01 6.885597110852665903e-01 7.117960834580902008e-01
6.951235380011275833e-01 7.265002213967813871e-01 6.884372895880517262e-01 7.119022352308612689e-01
6.953114834680276246e-01 7.262341252927668744e-01 6.879476035991920480e-01 7.115253642781333987e-01
6.959765212739812412e-01 7.263688313470575419e-01 6.875227289912108075e-01 7.107942972515399749e-01
6.969017912648729496e-01 7.268406323703104910e-01 6.874075087585380661e-01 7.109572856686712239e-01
6.956440023710044329e-01 7.264504009125747341e-01 6.872274771449866648e-01 7.109364231232015996e-01
6.948777631597971016e-01 7.260877720589286044e-01 6.866657785107065370e-01 7.103881785004959593e-01
6.949066778470124328e-01 7.253230817546914011e-01 6.863165171804168629e-01 7.100107669969442092e-01
6.967283031415807404e-01 7.267292659930885135e-01 6.861976963154730047e-01 7.098849342439295107e-01
6.968295045468344551e-01 7.273555266027171839e-01 6.861364855668655727e-01 7.099450272275897866e-01
6.971620234498112634e-01 7.277722677398938966e-01 6.872238765127156590e-01 7.107433904693932769e-01
6.970174500137344964e-01 7.272735376468075774e-01 6.876811568111360629e-01 7.107704886080480344e-01
6.980728360970955837e-01 7.282608308672662289e-01 6.880196162446126085e-01 7.105362589002903739e-01
6.978126039121572699e-01 7.279623728404907013e-01 6.877999776760798101e-01 7.105869372822850583e-01
6.973065968858882524e-01 7.280456728412673106e-01 6.875515340493790761e-01 7.105587123425328722e-01
6.964825283002500367e-01 7.273268476040961605e-01 6.879692073928181939e-01 7.108576869839610124e-01
6.966560164235423569e-01 7.275854830196806233e-01 6.879980124509863515e-01 7.107317153315033664e-01
6.974945423527880717e-01 7.273072855674447279e-01 6.876883580756780745e-01 7.105677184398728752e-01
6.984920990617184966e-01 7.279269756755459841e-01 6.880124149800704858e-01 7.109023041653487196e-01
6.985065564053261067e-01 7.278728505937721582e-01 6.879584054960051764e-01 7.111969944695093471e-01
6.987523312466566994e-01 7.286670165444708580e-01 6.880196162446126085e-01 7.115007323425470709e-01
6.995908571759024142e-01 7.292750734577255756e-01 6.878359839987902014e-01 7.114091465726737340e-01
6.989691914007719609e-01 7.285891420306080946e-01 6.870870524864166606e-01 7.106721866682077504e-01
6.998800040480563922e-01 7.290780602593863735e-01 6.872022727190894020e-01 7.108396128538629899e-01
7.005305845104020657e-01 7.296800978011763750e-01 6.870474455314352635e-01 7.103915645801803791e-01
7.000390348277407693e-01 7.297220139535079975e-01 6.870438448991642577e-01 7.105182146361020967e-01
6.999522907660946647e-01 7.297135360034875395e-01 6.872706847322389567e-01 7.108951440242687880e-01
6.996053145195101353e-01 7.296592912064359115e-01 6.874291125521641010e-01 7.111026059613668737e-01
6.982029521895647406e-01 7.293794238578410472e-01 6.868566120210708448e-01 7.108321098073610012e-01
6.975668290708264552e-01 7.293265214277379060e-01 6.865721620716597196e-01 7.106061928536770989e-01
6.968295045468346771e-01 7.286270432678743081e-01 6.865793633362018422e-01 7.105124220560237180e-01
6.964102415822117642e-01 7.282001526735868424e-01 6.865793633362018422e-01 7.107239127348182750e-01
6.970029926701267753e-01 7.286641290796603831e-01 6.868314075951738040e-01 7.107373271714753082e-01
6.968439618904422872e-01 7.282858561526747154e-01 6.866693791429776539e-01 7.106421385160511806e-01
6.965403576746809211e-01 7.277284097891600911e-01 6.867125867302298348e-01 7.107992267742643255e-01
6.972343101678497579e-01 7.274651278951540512e-01 6.864785456326130131e-01 7.103942601928714407e-01
6.970319073573421065e-01 7.271851382736346237e-01 6.862805108577065827e-01 7.101963901524509515e-01
6.981162081279185250e-01 7.278762546608419370e-01 6.862193001090991507e-01 7.101895872344802241e-01
6.975957437580420084e-01 7.280922988372655613e-01 6.867161873625009516e-01 7.102955343425777501e-01
6.975089996963959038e-01 7.279806682405809415e-01 6.868818164469681076e-01 7.104970368851291074e-01
6.973644262603190258e-01 7.276899124619400361e-01 6.873246942163044881e-01 7.109781498953493539e-01
6.972198528242420368e-01 7.270004089217738663e-01 6.877027606047622088e-01 7.115330425488350929e-01
6.969451632956960019e-01 7.261797680804946697e-01 6.873210935840332603e-01 7.115468541154552629e-01
6.971331087625959322e-01 7.261884029454213074e-01 6.866045677620991050e-01 7.108756312816058021e-01
6.966560164235422459e-01 7.262735306331442597e-01 6.859960609082955685e-01 7.105769927591183421e-01
6.954415995604967815e-01 7.258051630321404879e-01 6.856107932552957251e-01 7.103178399497785955e-01
6.944874148823895199e-01 7.257675949749315958e-01 6.852111230732117475e-01 7.096686627453137053e-01
6.949500498778355961e-01 7.266686831072912689e-01 6.853947553190340436e-01 7.097917079167269661e-01
6.961066373664502871e-01 7.273358718734610484e-01 6.859492526887720487e-01 7.100930209718502306e-01
6.965981870491116945e-01 7.274263640027449629e-01 6.865577595425756963e-01 7.105841911508092856e-01
6.977403171941187754e-01 7.279648485520167078e-01 6.868206056983605645e-01 7.105964526040630114e-01
6.981162081279185250e-01 7.283149550303298359e-01 6.868062031692765412e-01 7.106573674635385807e-01
6.980583787534878626e-01 7.276318485927073532e-01 6.868314075951738040e-01 7.112059305487080652e-01
6.977547745377264965e-01 7.273490369869476391e-01 6.870366436346222461e-01 7.116618926908580001e-01
6.970174500137344964e-01 7.268592275551200022e-01 6.864029323549215578e-01 7.112893756469296225e-01
6.962801254897426073e-01 7.266264174183998392e-01 6.856107932552957251e-01 7.102299943709236008e-01
6.960343506484119036e-01 7.264444788368105144e-01 6.861598896766272215e-01 7.104764414458738520e-01
6.955138862785352760e-01 7.266207520810705756e-01 6.863021146513328397e-01 7.103398770676224716e-01
6.962945828333502174e-01 7.264378389525757429e-01 6.862337026381832850e-01 7.104505508759733079e-01
6.980150067226646993e-01 7.271299683423004812e-01 6.864353380453607212e-01 7.107243123125477346e-01
6.986655871850107058e-01 7.274656661929352897e-01 6.869538290923885571e-01 7.111676066359398085e-01
6.979427200046264268e-01 7.276825822948838063e-01 6.866297721879961458e-01 7.108503399912052823e-01
6.967283031415809624e-01 7.274552979039408118e-01 6.862949133867907170e-01 7.106700600627859910e-01
6.969885353265192762e-01 7.279431177797742736e-01 6.867449924206688872e-01 7.108244440953358501e-01
6.978559759429802112e-01 7.288432431160447589e-01 6.872310777772577817e-01 7.107773085992248330e-01
6.984053550000722810e-01 7.288196423268002988e-01 6.865469576457625678e-01 7.100745817786058289e-01
6.974800850091804616e-01 7.275993626650958390e-01 6.861868944186599872e-01 7.100649934677796260e-01
6.974656276655726295e-01 7.277618647981176636e-01 6.856792052684451688e-01 7.097930206440155043e-01
6.973065968858882524e-01 7.275766048847414069e-01 6.856900071652582973e-01 7.099548225090230869e-01
6.976102011016496185e-01 7.276115251668021644e-01 6.854487648030995750e-01 7.099404101136792544e-01
6.981451228151339672e-01 7.277109982100533614e-01 6.854847711258096332e-01 7.101961822147426773e-01
6.976897164914919180e-01 7.272655685321010033e-01 6.855099755517068960e-01 7.101602821230941220e-01
6.983475256256416186e-01 7.283847031442505227e-01 6.856107932552956141e-01 7.100186600402972337e-01
6.980150067226646993e-01 7.290683904724569731e-01 6.863345203417718920e-01 7.101015178045817500e-01
6.975523717272188451e-01 7.292973958872607243e-01 6.863309197095009973e-01 7.099954479645264049e-01
6.976535731324725598e-01 7.293045637267560055e-01 6.861868944186598762e-01 7.099954635120737656e-01
6.963957842386040431e-01 7.284104031915645816e-01 6.860536710246318837e-01 7.099313923021948192e-01
6.964391562694269844e-01 7.282003426038301530e-01 6.865793633362018422e-01 7.102345798732867532e-01
6.970608220445575487e-01 7.283435644119774510e-01 6.862084982122861332e-01 7.102736542930929708e-01
6.975089996963956818e-01 7.283793858130280796e-01 6.860068628051085859e-01 7.099232340508350170e-01
6.980872934407031938e-01 7.279807185055724439e-01 6.863813285612954118e-01 7.102301752257846879e-01
6.980872934407033048e-01 7.274981918945593318e-01 6.870942537509585613e-01 7.108621947275881592e-01
6.966560164235423569e-01 7.265964545839468380e-01 6.873679018035567800e-01 7.113567317774011078e-01
6.967138457979731303e-01 7.264255103858037188e-01 6.874003074939958324e-01 7.112776973224672616e-01
6.968005898596192349e-01 7.261028160135352127e-01 6.869106215051362652e-01 7.111261304708943465e-01
6.967427604851885725e-01 7.261198619197947179e-01 6.864209355162766979e-01 7.109167060711141239e-01
6.972632248550650891e-01 7.263635976204841915e-01 6.861472874636787012e-01 7.106537531465868529e-01
6.967572178287961826e-01 7.262640216915201563e-01 6.863741272967532892e-01 7.111545501631817423e-01
6.968295045468346771e-01 7.273562211682382816e-01 6.863957310903794351e-01 7.107019817623916325e-01
6.983475256256415076e-01 7.287392458517094607e-01 6.866153696589121225e-01 7.105594381987965225e-01
6.989691914007719609e-01 7.290589811744463411e-01 6.868116041176830500e-01 7.107853928466735249e-01
6.991137648368489499e-01 7.295395791376687589e-01 6.862427042188607995e-01 7.103552627046552104e-01
6.987089592158337581e-01 7.288454590494652940e-01 6.862409039027254076e-01 7.102462422704491907e-01
6.979716346918416470e-01 7.284870201193650585e-01 6.867557943174820156e-01 7.106994659177046092e-01
6.977692318813339956e-01 7.280073165395994916e-01 6.872058733513604079e-01 7.107381600795353860e-01
6.980150067226648103e-01 7.277641878602953973e-01 6.866441747170802801e-01 7.105396241464958518e-01
6.983041535948185663e-01 7.280740289408165200e-01 6.865325551166785445e-01 7.105079774196154663e-01
6.981162081279186360e-01 7.278739427390505945e-01 6.863813285612953008e-01 7.103084469031814008e-01
6.978993479738032635e-01 7.275035863252321544e-01 6.865757627039308364e-01 7.102065890703519457e-01
6.973933409475343570e-01 7.275565898736481296e-01 6.863669260322112775e-01 7.103408624355624923e-01
6.975089996963956818e-01 7.271068133212659212e-01 6.863273190772298804e-01 7.107101246238636261e-01
6.974511703219651304e-01 7.274783750676332428e-01 6.869142221374073820e-01 7.110201758499955504e-01
6.970608220445575487e-01 7.278761982717685264e-01 6.872994897904072253e-01 7.111995416208577447e-01
6.965403576746809211e-01 7.275441439444552127e-01 6.871878701900053787e-01 7.110875434654494454e-01
6.965259003310730890e-01 7.272954613808642055e-01 6.867125867302298348e-01 7.105625221776581402e-01
6.960488079920195137e-01 7.259547407612018111e-01 6.861004792441552924e-01 7.102490046048324235e-01
6.962078387717041128e-01 7.254857934536484976e-01 6.857044096943423206e-01 7.102447939301799185e-01
6.962222961153118339e-01 7.259924662442842624e-01 6.855999913584824856e-01 7.099952045068828044e-01
6.961789240844886706e-01 7.265219456017725230e-01 6.857872242365758986e-01 7.103002393764910050e-01
6.951669100319507466e-01 7.254690402189735154e-01 6.857260134879684665e-01 7.103863157453942367e-01
6.957596611198659797e-01 7.256521579681407541e-01 6.860968786118842866e-01 7.106696378815389181e-01
6.966849311107577991e-01 7.261085128177349191e-01 6.862156994768281448e-01 7.105197684736468400e-01
6.963379548641733807e-01 7.256055215114871615e-01 6.858556362497254533e-01 7.102889367667311049e-01
6.951090806575199732e-01 7.245285422037314182e-01 6.849914845046790601e-01 7.098822375844509036e-01
6.953331694834391508e-01 7.251163122324867372e-01 6.849770819755949258e-01 7.097893330547683233e-01
6.957596611198658687e-01 7.256639876370403197e-01 6.849554781819686688e-01 7.095307210384436125e-01
6.961789240844887816e-01 7.266537884093896560e-01 6.850526952532864922e-01 7.091464072490001325e-01
6.960921800228427880e-01 7.266048504184204893e-01 6.856359976811927659e-01 7.095090070104124180e-01
6.967861325160116248e-01 7.268989939006567091e-01 6.858556362497253422e-01 7.096969283079396229e-01
6.956006303401813806e-01 7.256158387312683367e-01 6.855567837712301937e-01 7.095629885117515911e-01
6.947765617545433869e-01 7.244034547246216427e-01 6.852111230732116365e-01 7.095958073260733023e-01
6.951379953447353044e-01 7.240784615293143212e-01 6.848222547879407873e-01 7.096208879354987120e-01
6.947621044109355548e-01 7.236406724504055310e-01 6.844513896640249673e-01 7.094533646295414497e-01
6.953114834680276246e-01 7.245737853099381010e-01 6.844963975674127621e-01 7.095119702503343007e-01
6.954415995604967815e-01 7.252029845423859644e-01 6.847430408779782152e-01 7.093011526474186645e-01
6.957741184634735898e-01 7.254360159473767222e-01 6.849050693301743653e-01 7.093872270867970231e-01
6.959476065867657990e-01 7.260103908658788185e-01 6.855387806098751646e-01 7.095906723802489768e-01
6.962656681461348862e-01 7.272111958504485774e-01 6.860320672310057377e-01 7.096047132138938451e-01
6.972053954806344267e-01 7.278643452086799304e-01 6.862751099093000740e-01 7.097192800251184153e-01
6.972704535268688941e-01 7.280957288927886184e-01 6.866081683943701108e-01 7.098456876615347744e-01
6.978270612557648800e-01 7.275555231364487785e-01 6.866045677620988830e-01 7.100560568657851013e-01
6.986366724977952636e-01 7.280638724073718038e-01 6.863921304581084293e-01 7.100139748633598202e-01
6.968295045468346771e-01 7.273450108490405741e-01 6.863669260322112775e-01 7.101729655115947004e-01
6.952102820627737989e-01 7.269132985012298764e-01 6.857296141202394724e-01 7.098333407368637715e-01
6.944585001951741887e-01 7.264754061167665311e-01 6.856612021070900287e-01 7.096741161439709122e-01
6.945886162876433456e-01 7.265014442481055879e-01 6.855135761839779018e-01 7.094341335435596640e-01
6.954126848732813393e-01 7.257309431049819848e-01 6.846026162194081000e-01 7.085435356369846893e-01
6.957596611198657577e-01 7.256190569238107901e-01 6.842713580504735660e-01 7.083119869838082616e-01
6.967283031415807404e-01 7.260715760763298832e-01 6.846062168516792168e-01 7.089454368573072651e-01
