7.455941245355578451e-01 7.732565677528585590e-01 7.719395525854340079e-01 7.963184606449884573e-01
7.451748615709350432e-01 7.731088017501196452e-01 7.724256379420226803e-01 7.968224651207909126e-01
7.448134279807427927e-01 7.727885598801468303e-01 7.718279329850322723e-01 7.963306905817386649e-01
7.455507525047349038e-01 7.737268920657525140e-01 7.728145062272935295e-01 7.971632753011334005e-01
7.454350937558733570e-01 7.738764560097984857e-01 7.727352923173309573e-01 7.969351478929310728e-01
7.458688140641037689e-01 7.739109247179084550e-01 7.721231848312564150e-01 7.965670593143849842e-01
7.461796469516689401e-01 7.738983295841967980e-01 7.722600088575555244e-01 7.968394242332179633e-01
7.459989301565730369e-01 7.742658836148466062e-01 7.724292385742936862e-01 7.969727818254015439e-01
7.459700154693578167e-01 7.744949247882534360e-01 7.732411811514101618e-01 7.979465939515657524e-01
7.461435035926500259e-01 7.744355507517101112e-01 7.737506706177604832e-01 7.987896797856152142e-01
7.457676126588501653e-01 7.741771510898276532e-01 7.739775104508350712e-01 7.991886206312869279e-01
7.467362546805650370e-01 7.754138831450301250e-01 7.744275894847134634e-01 7.999948569214160310e-01
7.462591623415113506e-01 7.750993207282026454e-01 7.747084388018535828e-01 8.004198095687636849e-01
7.460133875001806469e-01 7.750140837563098684e-01 7.750396969707880057e-01 8.006412672187057655e-01
7.453338923506195313e-01 7.748233476160764077e-01 7.753889583010775688e-01 8.004534737672444056e-01
7.448278853243505138e-01 7.741276857387511257e-01 7.751009077193954377e-01 8.000519146923842362e-01
7.458543567204960478e-01 7.749094693853602056e-01 7.747966542924937805e-01 7.995741357833264784e-01
7.464037357775883397e-01 7.752643691730531916e-01 7.749658840092321643e-01 7.996290724598198452e-01
7.459555581257500956e-01 7.751211703273246378e-01 7.750504988676011342e-01 7.998975653808447772e-01
7.456085818791655662e-01 7.740574133313692373e-01 7.745644135110125728e-01 7.998315291756632472e-01
7.447411412627044092e-01 7.737149321095828647e-01 7.735562364751249476e-01 7.991486435519267184e-01
7.439026153334586944e-01 7.741270870490792877e-01 7.730773523830785088e-01 7.992538676166899281e-01
7.434472090098165342e-01 7.734898889680983380e-01 7.722888139157235710e-01 7.994894121000687415e-01
7.438592433026357531e-01 7.736794746389386024e-01 7.717487190750695891e-01 7.995877264924862171e-01
7.431508334658590842e-01 7.726515633263828509e-01 7.714390646997612011e-01 7.997913949329458205e-01
7.425725397215514612e-01 7.715664294308670623e-01 7.705317053674626271e-01 7.993411946138144764e-01
7.429195159681361016e-01 7.711019440157188543e-01 7.701716421403597135e-01 7.988006849045192759e-01
7.437291272101664852e-01 7.713419643517092084e-01 7.691418613108462754e-01 7.984318375230825549e-01
7.449869161040351129e-01 7.726557353560575825e-01 7.687421911287621867e-01 7.980464995928302496e-01
7.458543567204960478e-01 7.733997633396599847e-01 7.688322069355379984e-01 7.977651215494349080e-01
7.470109442091110719e-01 7.744894716283685643e-01 7.698187801777992556e-01 7.981652122611672118e-01
7.485145079443102922e-01 7.755999852306799669e-01 7.696099435060796967e-01 7.978313967119330385e-01
7.483988491954488564e-01 7.744989905730131907e-01 7.693687011439208634e-01 7.974707007372566769e-01
7.476181526406340261e-01 7.742499332719126048e-01 7.692678834403321453e-01 7.976422433831772407e-01
7.469964868655033507e-01 7.732350750014387319e-01 7.688394082000800100e-01 7.972074418790107142e-01
7.480374156052567169e-01 7.734737371387037097e-01 7.689690309618368858e-01 7.972911076042079603e-01
7.483843918518411353e-01 7.737041573554157559e-01 7.694875220088648327e-01 7.976267783463953931e-01
7.483121051338026408e-01 7.738353047167965126e-01 7.687241879674071576e-01 7.972559353772494806e-01
7.490349723141869198e-01 7.741636699973375446e-01 7.684829456052483243e-01 7.968453803970845239e-01
7.493964059043790593e-01 7.739752877546088872e-01 7.680472691004539554e-01 7.958291606182373856e-01
7.495988087148865997e-01 7.729248697306996263e-01 7.678312311641923849e-01 7.950375969605191218e-01
7.487747401292486060e-01 7.725531480709251220e-01 7.676043913311179079e-01 7.944597609791245185e-01
7.484855932570948500e-01 7.721944637952218304e-01 7.675539824793233823e-01 7.940863859046931594e-01
7.471988896760108911e-01 7.711794842123715910e-01 7.671795167231366674e-01 7.937924604202759582e-01
7.470398588963262920e-01 7.709511332966791919e-01 7.664557896366601675e-01 7.935404129731746803e-01
7.456374965663808974e-01 7.697656737174082275e-01 7.658292796215014908e-01 7.938528139915560500e-01
7.440471887695354614e-01 7.688190316277618841e-01 7.656960562274736093e-01 7.935100058357151820e-01
7.427171131576284502e-01 7.677864680891555160e-01 7.658760878410248996e-01 7.934451009954343048e-01
7.410689759863522408e-01 7.671752418846760069e-01 7.665530067079779908e-01 7.934827910694838282e-01
7.393485520970377589e-01 7.666385237552668652e-01 7.669850825805011318e-01 7.935351674713310155e-01
7.397389003744452296e-01 7.666745002883224025e-01 7.671327085036132587e-01 7.936967728172756864e-01
7.391895213173531598e-01 7.662475488607130014e-01 7.678204292673793674e-01 7.942125961073172036e-01
7.389871185068455084e-01 7.661801544797666175e-01 7.681912943912951874e-01 7.943041021968313409e-01
7.385823128858302056e-01 7.661454774141536195e-01 7.681948950235660822e-01 7.941093096558689002e-01
7.397099856872297874e-01 7.667272105601802279e-01 7.681048792167904926e-01 7.942881873666323145e-01
7.398401017796991663e-01 7.659638181256669398e-01 7.677520172542298127e-01 7.941256923151140956e-01
7.413147508276829445e-01 7.679740573039242069e-01 7.670354914322955464e-01 7.935532605978565801e-01
7.408665731758447004e-01 7.670419685143755606e-01 7.661713396872491533e-01 7.935515119167455556e-01
7.391172345993148873e-01 7.653328906845233703e-01 7.663189656103611691e-01 7.936324000011798496e-01
7.375702988332922816e-01 7.639305257037380947e-01 7.663405694039873151e-01 7.938557386676355909e-01
7.368040596220849503e-01 7.633826908347227658e-01 7.658544840473987536e-01 7.938491600703236895e-01
7.382353366392458982e-01 7.645265958892575320e-01 7.660957264095574759e-01 7.941544755129600341e-01
7.391461492865301075e-01 7.661584226852127255e-01 7.664125820494078756e-01 7.942933554901867588e-01
7.398979311541298287e-01 7.669920227631901177e-01 7.670318908000244296e-01 7.944516194725110836e-01
7.407942864578060949e-01 7.668842417884378371e-01 7.662865599199220057e-01 7.936606032000138589e-01
7.407219997397678224e-01 7.667684258042239964e-01 7.658364808860436135e-01 7.932829041941107384e-01
7.400858766210296480e-01 7.665058525308849902e-01 7.657860720342491989e-01 7.929068207413760838e-01
7.394786681895069158e-01 7.655255944864971518e-01 7.651451594900062769e-01 7.926026643318238030e-01
7.403894808367910141e-01 7.660368323205406504e-01 7.638957400919601515e-01 7.917552421149181008e-01
7.403750234931834040e-01 7.653018404877739433e-01 7.628443554688203454e-01 7.909367627740808704e-01
7.413870375457214390e-01 7.656923507308897037e-01 7.624986947708017881e-01 7.905580649312282659e-01
7.427604851884515025e-01 7.666589484360287754e-01 7.626931289134373237e-01 7.904059153839673169e-01
7.429628879989591539e-01 7.665325948608442408e-01 7.627435377652315163e-01 7.904762769685671486e-01
7.421243620697133281e-01 7.669396365469811627e-01 7.626571225907269325e-01 7.906015520774161143e-01
7.414159522329366592e-01 7.671250833406105807e-01 7.627579402943156506e-01 7.908039331695647656e-01
7.409822319247061362e-01 7.671881231649197996e-01 7.631252047859604648e-01 7.915982355298892825e-01
7.415605256690136482e-01 7.676926759806107503e-01 7.632152205927360544e-01 7.917669196859572489e-01
7.410256039555294105e-01 7.667861443687120637e-01 7.637373122720350072e-01 7.920481582831784273e-01
7.399557605285604911e-01 7.660002519005153498e-01 7.643638222871936838e-01 7.923980222581091803e-01
7.402159927134988049e-01 7.661372596924951317e-01 7.643062121708571466e-01 7.922599497401263680e-01
7.406786277089447701e-01 7.667567309204541548e-01 7.646050646493525171e-01 7.926310710246764479e-01
7.405629689600833343e-01 7.664465964483582194e-01 7.645294513716609508e-01 7.926581165076815871e-01
7.409244025502754738e-01 7.660107582140449622e-01 7.646230678107075462e-01 7.922587788455096591e-01
7.417629284795210776e-01 7.666591858766245160e-01 7.645186494748478223e-01 7.917424118560268953e-01
7.423267648802209795e-01 7.669035109232318348e-01 7.641801900413713877e-01 7.909173094140971028e-01
7.431219187786435310e-01 7.678591838523022295e-01 7.645726589589130207e-01 7.911853742363110786e-01
7.427171131576284502e-01 7.680268092959183779e-01 7.646698760302308440e-01 7.912450059495759191e-01
7.423412222238284786e-01 7.679709111036037150e-01 7.646410709720626864e-01 7.916256039116525978e-01
7.423267648802208685e-01 7.682279975153660789e-01 7.642161963640814459e-01 7.915379039356555957e-01
7.424568809726900254e-01 7.693664213723807599e-01 7.641621868800160255e-01 7.917327869537622576e-01
7.430496320606052585e-01 7.704278823585338776e-01 7.641981932027264168e-01 7.915802772236666396e-01
7.440327314259278513e-01 7.710207508508359897e-01 7.644754418875954194e-01 7.919609637451526796e-01
7.440471887695354614e-01 7.703574838183221418e-01 7.646230678107075462e-01 7.914349500547814831e-01
7.448278853243504027e-01 7.713438046256325675e-01 7.651163544318382304e-01 7.916914246062911609e-01
7.435990111176973283e-01 7.697944691531792838e-01 7.649471247151000686e-01 7.915764812760837099e-01
7.419508739464211189e-01 7.685262282009577284e-01 7.649183196569318000e-01 7.918173459677658732e-01
7.406497130217293279e-01 7.670341710593074902e-01 7.651613623352260252e-01 7.919757134493573547e-01
7.410545186427446307e-01 7.674946265738205042e-01 7.644322343003431275e-01 7.914104352737629799e-01
7.423556795674364217e-01 7.687461356739880847e-01 7.636797021556984699e-01 7.908566079634009593e-01
7.431797481530744154e-01 7.689774646298868088e-01 7.638273280788107078e-01 7.908914378284936930e-01
7.446254825138429734e-01 7.704930171132431393e-01 7.639389476792124434e-01 7.913628055360177882e-01
7.447266839190966881e-01 7.702107250583578590e-01 7.642305988931656913e-01 7.918753655145542858e-01
7.442206768928276706e-01 7.702834729916965273e-01 7.646878791915860951e-01 7.922454040174116141e-01
7.441773048620046183e-01 7.712733052633834463e-01 7.642738064804179832e-01 7.918589004706467760e-01
7.424279662854748052e-01 7.700634778287704929e-01 7.641765894091001599e-01 7.914591095864166315e-01
7.415460683254058161e-01 7.693269237324242837e-01 7.649435240828288407e-01 7.918272429291536296e-01
7.422400208185748749e-01 7.687224638817896638e-01 7.647670931015486673e-01 7.915917150675716440e-01
7.415460683254059271e-01 7.673992673891993910e-01 7.641225799250348505e-01 7.914879737034843377e-01
7.439315300206740256e-01 7.696739339598877017e-01 7.638597337692498712e-01 7.912356149093472402e-01
7.453338923506196423e-01 7.705280860986187808e-01 7.629451731724090635e-01 7.908944911207813622e-01
7.437002125229510430e-01 7.694402426845062815e-01 7.622898580990821182e-01 7.905027290907539195e-01
7.429918026861743741e-01 7.681839786484855326e-01 7.622664539893205804e-01 7.903550141521522576e-01
7.432520348711129099e-01 7.685085454975064678e-01 7.625707074162222376e-01 7.905035282297296906e-01
7.444230797033353220e-01 7.703284517745807580e-01 7.633376420899509185e-01 7.908993504801655750e-01
7.429918026861744851e-01 7.684188112532037707e-01 7.631756136377547683e-01 7.911165809905613688e-01
7.420954473824979969e-01 7.681746771050389500e-01 7.631900161668389027e-01 7.909915479774014546e-01
7.426737411268053979e-01 7.685969313437754913e-01 7.632800319736146033e-01 7.912087330220640702e-01
7.436134684613049384e-01 7.690093621062157325e-01 7.634240572644556133e-01 7.911309088795612787e-01
7.431363761222513631e-01 7.688150201319594590e-01 7.640793723377825586e-01 7.914024835544147818e-01
7.417773858231289097e-01 7.678293660716082325e-01 7.633556452513060586e-01 7.912408771954348996e-01
7.418496725411671822e-01 7.677023287460286172e-01 7.633232395608668952e-01 7.912637680220614422e-01
7.429918026861744851e-01 7.682500385710200330e-01 7.636616989943434408e-01 7.909034781410893000e-01
7.446977692318812458e-01 7.700313136546244053e-01 7.634672648517080162e-01 7.904215826833275171e-01
7.455362951611270717e-01 7.711059258805521566e-01 7.633628465158481813e-01 7.902903813513664222e-01
7.447700559499197404e-01 7.709655124586853869e-01 7.632764313413435975e-01 7.903141168059145683e-01
7.436857551793432108e-01 7.704210853011719262e-01 7.638273280788105968e-01 7.909692176287604903e-01
7.431942054966820255e-01 7.694123780366655119e-01 7.644034292421750809e-01 7.914788476371843462e-01
7.429628879989591539e-01 7.694868567680477334e-01 7.644862437844086589e-01 7.914290959623526689e-01
7.428327719064898860e-01 7.692160299140413660e-01 7.642846083772311117e-01 7.915357731259906604e-01
7.437291272101663742e-01 7.693774698059092643e-01 7.647058823529412352e-01 7.919372042470453898e-01
7.433966083071896769e-01 7.679826041933909275e-01 7.649795304055392320e-01 7.923727687814283716e-01
7.429050586245284915e-01 7.688052111384822140e-01 7.643854260808198298e-01 7.917412156214327368e-01
7.433387789327590145e-01 7.698777363612354652e-01 7.641729887768293761e-01 7.915894425203462426e-01
7.422400208185746528e-01 7.694516132608238967e-01 7.639101426210441748e-01 7.913458657833501997e-01
7.408521158322369793e-01 7.676599854547159207e-01 7.633124376640537667e-01 7.910743956541697042e-01
7.403750234931832930e-01 7.670803115834099462e-01 7.638669350337918829e-01 7.920563884908258245e-01
7.409388598938831949e-01 7.676303023590806962e-01 7.641225799250348505e-01 7.919675855969593448e-01
7.415460683254059271e-01 7.683953952705858681e-01 7.643134134353992692e-01 7.917878998882887931e-01
7.409533172374909160e-01 7.681726836083142551e-01 7.648391057469691168e-01 7.914996880640371435e-01
7.430785467478207007e-01 7.685151774489958898e-01 7.652027696063430362e-01 7.915275960763261676e-01
7.435700964304818861e-01 7.686050579653951331e-01 7.653215904712867834e-01 7.915063849400399976e-01
7.438158712718124788e-01 7.698469621612984426e-01 7.655448296720903656e-01 7.916415885541172592e-01
7.443941650161201018e-01 7.708076895825336505e-01 7.654152069103333789e-01 7.913908424942553976e-01
7.424135089418669731e-01 7.697564849483556904e-01 7.651847664449877851e-01 7.914773007397783999e-01
7.416183550434443106e-01 7.688055782931189075e-01 7.655952385238848912e-01 7.918953154353284285e-01
7.422255634749671538e-01 7.690843811102561212e-01 7.652639803549503572e-01 7.923379279800484287e-01
7.425580823779438511e-01 7.684417358245037022e-01 7.641153786604927278e-01 7.916589355095970948e-01
7.435556390868742760e-01 7.679344387890145729e-01 7.630855978309790677e-01 7.909296284539708566e-01
7.441773048620047293e-01 7.692662987153492393e-01 7.636797021556984699e-01 7.912672951213104433e-01
7.451893189145426533e-01 7.699517702830517285e-01 7.639965577955488696e-01 7.908975189210358803e-01
7.438737006462432522e-01 7.695773222463053731e-01 7.645762595911842485e-01 7.909462896147243516e-01
7.429195159681359906e-01 7.687947620713904140e-01 7.638057242851844508e-01 7.908064579362921176e-01
7.429195159681361016e-01 7.687444725576916271e-01 7.637193091106797560e-01 7.912884426275010874e-01
7.423123075366132584e-01 7.679468503517388189e-01 7.631216041536892369e-01 7.912173825619355227e-01
7.430785467478205897e-01 7.682569869932032169e-01 7.641585862477451307e-01 7.920140375741839822e-01
7.435267243996588338e-01 7.686325137351813774e-01 7.650047348314363838e-01 7.925959367674326739e-01
7.433098642455435723e-01 7.686232236504477733e-01 7.652927854131186258e-01 7.929617383190935564e-01
7.435845537740896072e-01 7.699989519079708522e-01 7.653287917358287951e-01 7.929865358349754700e-01
7.438014139282049797e-01 7.693141675895700526e-01 7.650335398896046524e-01 7.925002090596385829e-01
7.431652908094666943e-01 7.680587813047199397e-01 7.648030994242589475e-01 7.924737110558144337e-01
7.435122670560512237e-01 7.681027027613241964e-01 7.647850962629038074e-01 7.923445947108627152e-01
7.444375370469429321e-01 7.695570668814228910e-01 7.649003164955765488e-01 7.923386908688468955e-01
7.432086628402897466e-01 7.688095005703832197e-01 7.645906621202682718e-01 7.921625419266896673e-01
7.432954069019359622e-01 7.695349761567069624e-01 7.643170140676702751e-01 7.915723365744460338e-01
7.415894403562288684e-01 7.677496002648329654e-01 7.638489318724368538e-01 7.917011512502450943e-01
7.417484711359134675e-01 7.678175002321465659e-01 7.641081773959507162e-01 7.921419911762175303e-01
7.427893998756667227e-01 7.686493498750324171e-01 7.647454893079224103e-01 7.922478393557061960e-01
7.445242811085891477e-01 7.697570119007661749e-01 7.651307569609222536e-01 7.921454554373554835e-01
7.452905203197964790e-01 7.708171175092004557e-01 7.648067000565298423e-01 7.918645859527160269e-01
7.449146293859967294e-01 7.701955942631272256e-01 7.638957400919601515e-01 7.915918825155944250e-01
7.442929636108662761e-01 7.703256907007186571e-01 7.633844503094744383e-01 7.914148147454109772e-01
7.444953664213738165e-01 7.712401436153297762e-01 7.638921394596891457e-01 7.918407147659669576e-01
7.441339328311816770e-01 7.709263598957392105e-01 7.646662753979598381e-01 7.921437810643325861e-01
7.437869565845971476e-01 7.702240970717401103e-01 7.649687285087261035e-01 7.920538489631800960e-01
7.437002125229510430e-01 7.698273256437784262e-01 7.654944208202960620e-01 7.923041434295634566e-01
7.437002125229511540e-01 7.687069270035735702e-01 7.657248612856418779e-01 7.923858001235318804e-01
7.438447859590279210e-01 7.675218668953125434e-01 7.657284619179127727e-01 7.923351366382271888e-01
7.421821914441441015e-01 7.663240318550093022e-01 7.655628328334455057e-01 7.922324349093434748e-01
7.415316109817982060e-01 7.670373556152374483e-01 7.651487601222775048e-01 7.918761190965706298e-01
7.418641298847750143e-01 7.686166623226891037e-01 7.647202848820251475e-01 7.920266604199133198e-01
7.435267243996587228e-01 7.711170067116730475e-01 7.651163544318382304e-01 7.922947360676430018e-01
7.445676531394122000e-01 7.713312588587479812e-01 7.655304271430063423e-01 7.924038623863194353e-01
7.457097832844193919e-01 7.718906603650103060e-01 7.650155367282496233e-01 7.923276884046057678e-01
7.467507120241727581e-01 7.728131280103239797e-01 7.654152069103334899e-01 7.924454031299547063e-01
7.460856742182191415e-01 7.727144113714883300e-01 7.657428644469969070e-01 7.925847995276043001e-01
7.460712168746115314e-01 7.727992063984923110e-01 7.658472827828566309e-01 7.929054865968941934e-01
7.448568000115659560e-01 7.716628392889218757e-01 7.651703639159035397e-01 7.926272579693448561e-01
7.449435440732119496e-01 7.712850051533201023e-01 7.647994987919879417e-01 7.925698264542406779e-01
7.444230797033353220e-01 7.709081761250760056e-01 7.648751120696793970e-01 7.927050823006162039e-01
7.433966083071896769e-01 7.707462776273091842e-01 7.648030994242588365e-01 7.926315378103734322e-01
7.426159117523745135e-01 7.696087343315536344e-01 7.658400815183146193e-01 7.935342504968492250e-01
7.432954069019358512e-01 7.705310010559907052e-01 7.657500657115389187e-01 7.931549872422885006e-01
7.433098642455434613e-01 7.701888124969693550e-01 7.655376284075483539e-01 7.932920274798721527e-01
7.426881984704130080e-01 7.692172193610311570e-01 7.649795304055391210e-01 7.929596789078020569e-01
7.422544781621824850e-01 7.684984816724979018e-01 7.645366526362029624e-01 7.924618361110911113e-01
7.428038572192745548e-01 7.688668329526664458e-01 7.649003164955766598e-01 7.924955440676020313e-01
7.431508334658589732e-01 7.687265216852618988e-01 7.657356631824550064e-01 7.928572758304043289e-01
7.425725397215516832e-01 7.692068336835795606e-01 7.654440119685017585e-01 7.926218800739743831e-01
7.409533172374908050e-01 7.690758077007985305e-01 7.653864018521652213e-01 7.930029053521008287e-01
7.421966487877518226e-01 7.699393430848526787e-01 7.655952385238848912e-01 7.931474574546976131e-01
7.423701369110440318e-01 7.688664689158369869e-01 7.662577548617537371e-01 7.937006967232653754e-01
7.434544376816203393e-01 7.695637409736633128e-01 7.662073460099593225e-01 7.934666031479995496e-01
7.448278853243505138e-01 7.713560725843959798e-01 7.667726452765106782e-01 7.939047858065599872e-01
7.441483901747892871e-01 7.708874581801308246e-01 7.663333681394453034e-01 7.935549117261799790e-01
7.439170726770664155e-01 7.706756260754821231e-01 7.662865599199220057e-01 7.935817755787539785e-01
7.450302881348580541e-01 7.718714870795915228e-01 7.661029276740994876e-01 7.935064797528851299e-01
7.449001720423888973e-01 7.710237772144321600e-01 7.661785409517911649e-01 7.934747518194756877e-01
7.448278853243504027e-01 7.709970134902791594e-01 7.662685567585667545e-01 7.934475186910923128e-01
7.441339328311817880e-01 7.712272611756478824e-01 7.659877074414267462e-01 7.933871900219062745e-01
7.435990111176971062e-01 7.713916957965709642e-01 7.642053944672684285e-01 7.920862818398076710e-01
7.439459873642817467e-01 7.713602038636038216e-01 7.637409129043061240e-01 7.917676424603099505e-01
7.447411412627044092e-01 7.716575339112629051e-01 7.643818254485487129e-01 7.921434099537392193e-01
7.457097832844192808e-01 7.722351616060496582e-01 7.658040751956044501e-01 7.927996956543182927e-01
7.451459468837194899e-01 7.719458987234812941e-01 7.664521890043891617e-01 7.929729750179599357e-01
7.441917622056124504e-01 7.712475247806647172e-01 7.666358212502115688e-01 7.934172536132001463e-01
7.451025748528965487e-01 7.722549845135366908e-01 7.663513713008004435e-01 7.927030231692322459e-01
7.452616056325811478e-01 7.726254548087860829e-01 7.662973618167350232e-01 7.927449005619582323e-01
7.470543162399341242e-01 7.739413608434755343e-01 7.662217485390434568e-01 7.925366243319410531e-01
7.463892784339805075e-01 7.736446189890359149e-01 7.656600499047633290e-01 7.924107270208293752e-01
7.445821104830199211e-01 7.719536384159678688e-01 7.652315746645110828e-01 7.921418590213720190e-01
7.426014544087669034e-01 7.700679766284942440e-01 7.647526905724644219e-01 7.919488700932670877e-01
7.414014948893290491e-01 7.684151908151460875e-01 7.638201268142685851e-01 7.913612027695783313e-01
7.418063005103441299e-01 7.694076875187675357e-01 7.641117780282218330e-01 7.917387130405096896e-01
7.430134887015860112e-01 7.704937039578182434e-01 7.642810077449601058e-01 7.918786944336211331e-01
7.438158712718125898e-01 7.705994805097721168e-01 7.648823133342215197e-01 7.922986994298963914e-01
7.442929636108661651e-01 7.708646146068258709e-01 7.651811658127167792e-01 7.923924578596606150e-01
7.432231201838974677e-01 7.694928047081142086e-01 7.655052227171093016e-01 7.927558268663006391e-01
7.435122670560511127e-01 7.698882482573392583e-01 7.653251911035577892e-01 7.931111928345659923e-01
7.444953664213738165e-01 7.703019727950554119e-01 7.653683986908100811e-01 7.930502527641929422e-01
7.460423021873960892e-01 7.720498185518865908e-01 7.653936031167073439e-01 7.930930665486686237e-01
7.475024938917722572e-01 7.730040177260226741e-01 7.650029345153007698e-01 7.921409102281546932e-01
7.458254420332808277e-01 7.709287499101556973e-01 7.651379582254643763e-01 7.924475294670327852e-01
7.455941245355577340e-01 7.707431897559247069e-01 7.657896726665203158e-01 7.927320268236754952e-01
7.444664517341583743e-01 7.708702690866107154e-01 7.661929434808751882e-01 7.936254254575358935e-01
7.432809495583281301e-01 7.708158581200318382e-01 7.663333681394453034e-01 7.936792402683545689e-01
7.427604851884513915e-01 7.710827914116095139e-01 7.663441700362583209e-01 7.934164800174943188e-01
7.439749020514969668e-01 7.706933723013159598e-01 7.654800182912119277e-01 7.924461845129516790e-01
7.444809090777659843e-01 7.703068343727728085e-01 7.654368107039595248e-01 7.924804725186517240e-01
7.447845132935273504e-01 7.710909145405580034e-01 7.661065283063706044e-01 7.929579409870338713e-01
7.448278853243505138e-01 7.722541066391821474e-01 7.673739508657719810e-01 7.942863369051154088e-01
7.443941650161198798e-01 7.728616774965056946e-01 7.683029139916970340e-01 7.952072232967115628e-01
7.443363356416892174e-01 7.724228522308156375e-01 7.679716558227625001e-01 7.947370204972181718e-01
7.444230797033353220e-01 7.718887526034184932e-01 7.671363091358842645e-01 7.938217254094254161e-01
7.458688140641038800e-01 7.728956000209978860e-01 7.672443281040151053e-01 7.936890447623679012e-01
7.463314490595498452e-01 7.726388209821262176e-01 7.671399097681552703e-01 7.937687472406664835e-01
7.444230797033353220e-01 7.714213655950319382e-01 7.670282901677534237e-01 7.940897911741676696e-01
7.432086628402898576e-01 7.705480271485352084e-01 7.674927717307158392e-01 7.948524572948788558e-01
7.432086628402898576e-01 7.701476668411255666e-01 7.669670794191459917e-01 7.943125366042934621e-01
7.441628475183970082e-01 7.713095104041589600e-01 7.670570952259216924e-01 7.946500441804693615e-01
7.433532362763664025e-01 7.709909993331327538e-01 7.672335262072020878e-01 7.945681636389543279e-01
7.447266839190966881e-01 7.729100735165851388e-01 7.671147053422580075e-01 7.942674826713735925e-01
7.462591623415113506e-01 7.734162584340709135e-01 7.669310730964357115e-01 7.941664169645363813e-01
7.464904798392344443e-01 7.730236936229963884e-01 7.669202711996225830e-01 7.942333534774889126e-01
7.476181526406338040e-01 7.738432356890039276e-01 7.674171584530242729e-01 7.943429383456737103e-01
7.472422617068339434e-01 7.742940633866911559e-01 7.678708381191737820e-01 7.948737038751276796e-01
7.473145484248724379e-01 7.737014265107624578e-01 7.679986605647951547e-01 7.948561013386041818e-01
7.468663707730341939e-01 7.735060053530932178e-01 7.676548001829121004e-01 7.943331429963930157e-01
7.463603637467652874e-01 7.726037069142437375e-01 7.667978497024077189e-01 7.933276196883009002e-01
7.454495510994809671e-01 7.718003859712924131e-01 7.664125820494078756e-01 7.931614927225814071e-01
7.441917622056124504e-01 7.708686119283426619e-01 7.658580846796696484e-01 7.929505036312053390e-01
7.433243215891511824e-01 7.707473152466370880e-01 7.661857422163331766e-01 7.935397172813853928e-01
7.434978097124435026e-01 7.708368122721092064e-01 7.664161826816788814e-01 7.940322990718369223e-01
7.433676936199744567e-01 7.711234827529953595e-01 7.667870478055945904e-01 7.942963074417956904e-01
7.430207173733898163e-01 7.711876063105059798e-01 7.671327085036132587e-01 7.943604266285910764e-01
7.442929636108660540e-01 7.725409474003835930e-01 7.670246895354824179e-01 7.945983231944495628e-01
7.436712978357357118e-01 7.719470009829874080e-01 7.668698623478282794e-01 7.946822195833076474e-01
7.432954069019358512e-01 7.717888775585076688e-01 7.667006326310900066e-01 7.943067600949971219e-01
7.425436250343362410e-01 7.695719685209392313e-01 7.660021099705108805e-01 7.937060763124910157e-01
7.424568809726899143e-01 7.694916410889971470e-01 7.660489181900340672e-01 7.934334285875175308e-01
7.422400208185746528e-01 7.688274076745658103e-01 7.663621731976134610e-01 7.934455451812197913e-01
7.432231201838974677e-01 7.690707951003610265e-01 7.669058686705385597e-01 7.940798890423945711e-01
7.422255634749670428e-01 7.685178968754067252e-01 7.669454756255198458e-01 7.944753873037057046e-01
7.422833928493979272e-01 7.698779231847995286e-01 7.666142174565854228e-01 7.943244642071917161e-01
7.432664922147205200e-01 7.717802107533673350e-01 7.667474408506134154e-01 7.942257837267254761e-01
7.441917622056123394e-01 7.726873613118956374e-01 7.663837769912396070e-01 7.940341266922603669e-01
7.461290462490423048e-01 7.744538291183235001e-01 7.675683850084075166e-01 7.947264941858027676e-01
7.478205554511414554e-01 7.751206022528280837e-01 7.668086515992207364e-01 7.940024724224878927e-01
7.474591218609492049e-01 7.726525993875476006e-01 7.660777232482023358e-01 7.934614065161584850e-01
7.466639679625264314e-01 7.718757365307514773e-01 7.660309150286790381e-01 7.930743085355476119e-01
7.465483092136651067e-01 7.715308627062077429e-01 7.664197833139498872e-01 7.934882508217994124e-01
7.458254420332808277e-01 7.715609864845278665e-01 7.671687148263235390e-01 7.940756987551403911e-01
7.449869161040351129e-01 7.726171924442568617e-01 7.680832754231643467e-01 7.947997701370868029e-01
7.451314895401119909e-01 7.724190026028469047e-01 7.676620014474540010e-01 7.946127506156264175e-01
7.466061385880957690e-01 7.735058163266637088e-01 7.667870478055945904e-01 7.941666375607192574e-01
7.475458659225955316e-01 7.737275790377401430e-01 7.666574250438377147e-01 7.944443628662456458e-01
7.466928826497419847e-01 7.735688215746432395e-01 7.662433523326694917e-01 7.944010172434825545e-01
7.462302476542960195e-01 7.731204590489673123e-01 7.658328802537726077e-01 7.942177633146227933e-01
7.472278043632265554e-01 7.743787565822273233e-01 7.664305852107630157e-01 7.943865552963145227e-01
7.457965273460654965e-01 7.734597046507841744e-01 7.666610256761088316e-01 7.942520365148983963e-01
7.457531553152423331e-01 7.733112106513151396e-01 7.664125820494078756e-01 7.940945946589652582e-01
7.452471482889734267e-01 7.728800654183034524e-01 7.668914661414544254e-01 7.944895470819933747e-01
7.455362951611270717e-01 7.726435417287511598e-01 7.668014503346787247e-01 7.943731626674868096e-01
7.456230392227731762e-01 7.721431446652887720e-01 7.664197833139498872e-01 7.939517567210849780e-01
7.460278448437884791e-01 7.713809850893398323e-01 7.659733049123425008e-01 7.936870970531443303e-01
7.457242406280268909e-01 7.714201601018506604e-01 7.662721573908379824e-01 7.939022179177014360e-01
7.469820295218956296e-01 7.736114267242055753e-01 7.660273143964080322e-01 7.937651741795757054e-01
7.474591218609494270e-01 7.743213572302669601e-01 7.661929434808751882e-01 7.936570120362352876e-01
7.463892784339805075e-01 7.738072747349236113e-01 7.660489181900340672e-01 7.938572318001261285e-01
7.444953664213738165e-01 7.718803037622010699e-01 7.654872195557539394e-01 7.935647812212711649e-01
7.436568404921279907e-01 7.699763036557273344e-01 7.643062121708571466e-01 7.930702196688874661e-01
