7.928118087582587403e-01 8.063548865153569167e-01 7.558339244371310439e-01 7.754712635661216158e-01
7.928407234454740715e-01 8.078464533449121188e-01 7.566980761821776591e-01 7.759888191840400573e-01
7.925949486041434788e-01 8.081553437579764854e-01 7.566224629044859817e-01 7.756549587257646206e-01
7.919443681417976943e-01 8.081863853619815075e-01 7.561327769156264145e-01 7.747264868379363234e-01
7.923202590755973329e-01 8.089190401086591153e-01 7.563416135873458623e-01 7.745421054817036577e-01
7.925949486041433678e-01 8.096351966325827654e-01 7.563524154841589908e-01 7.742179910292317224e-01
7.920166548598359668e-01 8.096165996463339232e-01 7.569987289768083105e-01 7.749723758811765117e-01
7.917275079876823218e-01 8.094920531947522591e-01 7.576414418371866244e-01 7.757010422476023903e-01
7.921467709523051237e-01 8.101632456368638158e-01 7.583291626009528441e-01 7.761963401901705861e-01
7.922913443883821127e-01 8.111811575376332017e-01 7.587432353121208450e-01 7.764874712871923101e-01
7.926094059477510889e-01 8.116506883684799778e-01 7.591429054942049337e-01 7.763559890562258259e-01
7.933178157845278688e-01 8.128802571862815407e-01 7.590204839969898476e-01 7.763832296786954412e-01
7.937659934363660019e-01 8.135132455898502757e-01 7.596866009671299214e-01 7.766311425828532622e-01
7.942575431190272983e-01 8.137108034758565589e-01 7.601942901173446288e-01 7.771933859776676279e-01
7.946912634272579323e-01 8.139961212009885205e-01 7.604535356408586022e-01 7.775687457418534176e-01
7.953707585768190480e-01 8.153086963004583243e-01 7.604751394344847482e-01 7.772514442793576617e-01
7.953707585768190480e-01 8.155949336421065565e-01 7.604391331117744679e-01 7.772074708164056212e-01
7.945611473347886644e-01 8.156067194715225233e-01 7.595497769408308120e-01 7.760895511779709599e-01
7.941563417137734726e-01 8.154583781954686250e-01 7.592725282559618094e-01 7.758690676974648870e-01
7.939973109340889845e-01 8.154061768083278317e-01 7.588116473252703997e-01 7.753368363507771033e-01
7.937081640619352285e-01 8.149649292029619296e-01 7.585235967435881577e-01 7.748917363192784347e-01
7.934045598461738624e-01 8.146580743497089383e-01 7.574938159140744975e-01 7.736000779210434608e-01
7.927684367274355770e-01 8.142148908179343003e-01 7.567160793435327992e-01 7.723165516833316868e-01
7.915540198643900016e-01 8.126987398589227141e-01 7.567628875630560970e-01 7.721453160200015819e-01
7.907010365915366767e-01 8.118360927575557495e-01 7.564748369813738549e-01 7.713315832173879283e-01
7.904841764374213042e-01 8.108708653542161526e-01 7.562083901933178698e-01 7.708428894246478480e-01
7.888649539533604260e-01 8.093033737699809604e-01 7.557367073658134426e-01 7.701972222031432391e-01
7.881276294293686480e-01 8.086683546614945595e-01 7.553406378160004708e-01 7.693510806649270783e-01
7.869132125663229615e-01 8.066302552669404324e-01 7.550345840729631997e-01 7.687398834224089539e-01
7.854963928927698458e-01 8.055679455715216708e-01 7.544908886000381010e-01 7.685887607426490353e-01
7.843687200913703750e-01 8.051524878849358746e-01 7.540516114629729483e-01 7.682159750630681572e-01
7.847301536815626255e-01 8.059317831960479683e-01 7.537707621458328289e-01 7.675742178743021338e-01
7.841663172808628346e-01 8.053294903458138032e-01 7.532486704665337651e-01 7.664148712503603411e-01
7.831398458847171895e-01 8.047169986270557018e-01 7.526761699354407309e-01 7.656385166716670465e-01
7.827928696381326601e-01 8.046610457608789346e-01 7.516679928995532167e-01 7.645084581108640975e-01
7.817085688675562416e-01 8.042597057957669993e-01 7.515203669764412009e-01 7.642165166791221598e-01
7.803062065376108469e-01 8.035162233576853552e-01 7.511747062784224216e-01 7.638876922885210474e-01
7.790050456129191669e-01 8.019597691313340437e-01 7.505283927857733239e-01 7.632854952753088673e-01
7.770677615694892015e-01 8.003661363410642382e-01 7.496768432536753402e-01 7.622684044632648259e-01
7.775593112521506090e-01 8.006760671209940394e-01 7.484202225910869810e-01 7.618359783581845068e-01
7.772557070363892429e-01 8.001518000092113780e-01 7.477829106791151759e-01 7.614887748385699151e-01
7.779930315603811319e-01 8.011569926964792199e-01 7.467891361723119070e-01 7.601925768514884441e-01
7.789183015512729513e-01 8.018498149673214392e-01 7.463282552416204974e-01 7.598537370503978261e-01
7.789616735820960036e-01 8.019502550457002776e-01 7.458601730463869650e-01 7.594216950014596179e-01
7.801616331015339689e-01 8.021616317613180502e-01 7.457017452264618207e-01 7.594972356486593412e-01
7.797423701369110560e-01 8.019275036671585921e-01 7.451796535471628680e-01 7.592990323392835306e-01
7.800604316962801432e-01 8.020760892131392206e-01 7.445675460610884366e-01 7.591185601434836672e-01
7.800604316962802542e-01 8.019076669679132685e-01 7.439662404718268007e-01 7.585570040698532690e-01
7.795399673264036267e-01 8.009866157138733067e-01 7.433901393084625386e-01 7.577298015828206612e-01
7.787303560843730210e-01 8.002292386681688630e-01 7.429580634359393976e-01 7.578098803979025355e-01
7.777761714062658704e-01 7.996349715999351293e-01 7.427852330869302300e-01 7.573793117375859918e-01
7.766774132920817308e-01 7.980869645193802153e-01 7.427456261319488329e-01 7.573665237661579841e-01
7.749714467463747480e-01 7.968965329444858137e-01 7.422163331881077575e-01 7.574258871032512053e-01
7.739883473810520442e-01 7.958515879215120048e-01 7.416690370829116530e-01 7.568876782540049364e-01
7.722823808353451724e-01 7.943113901845261227e-01 7.422523395108180377e-01 7.573968509251205461e-01
7.715450563113532834e-01 7.936035454716621196e-01 7.425187862988742449e-01 7.574347971915091904e-01
7.710968786595151503e-01 7.930647403317100386e-01 7.425475913570422914e-01 7.570506229995797032e-01
7.715305989677456733e-01 7.929468346034939108e-01 7.423207515239675924e-01 7.568061086313692121e-01
7.718486605271148715e-01 7.929005989475699234e-01 7.416438326570145012e-01 7.565870506920786553e-01
7.717908311526838760e-01 7.930509279668103151e-01 7.420867104263508818e-01 7.570371119328817011e-01
7.714149402188842375e-01 7.923651749349338580e-01 7.422775439367153005e-01 7.578613531675082449e-01
7.707643597565383420e-01 7.923007508481111349e-01 7.416474332892856181e-01 7.575701458734585003e-01
7.717330017782532137e-01 7.929832278548175628e-01 7.421443205426873080e-01 7.582814480475934538e-01
7.724558689586376037e-01 7.932192664673107796e-01 7.426124027379208403e-01 7.592367744602075419e-01
7.737859445705446149e-01 7.947377868161508152e-01 7.408949011446409605e-01 7.586299787429857666e-01
7.740895487863059810e-01 7.950421415306638817e-01 7.406752625761082731e-01 7.584814724774195938e-01
7.735112550419985800e-01 7.952630943494257698e-01 7.402791930262954123e-01 7.576610751903296581e-01
7.731498214518064405e-01 7.947882480095266322e-01 7.390225723637070532e-01 7.564996194966517873e-01
7.722823808353452835e-01 7.940252577589829164e-01 7.381152130314082571e-01 7.553658515859469347e-01
7.729185039540834579e-01 7.945014631532082428e-01 7.382088294704549636e-01 7.555665874545788308e-01
7.723112955225606147e-01 7.945131113660387490e-01 7.377191434815952853e-01 7.549246101271134268e-01
7.719498619323685862e-01 7.948773220353468894e-01 7.375067061776048316e-01 7.546902336985683579e-01
7.707065303821076796e-01 7.939334851191454101e-01 7.371250391568757721e-01 7.540907345233289760e-01
7.690005638364005858e-01 7.930245483664964956e-01 7.366317525357453100e-01 7.534247365587267709e-01
7.689427344619699234e-01 7.931148217816523793e-01 7.370134195564741475e-01 7.535211936992407544e-01
7.688270757131084876e-01 7.925943623799700521e-01 7.385220844780343574e-01 7.547962135874474177e-01
7.687981610258931564e-01 7.923358651479096570e-01 7.386913141947725192e-01 7.550071190703672164e-01
7.691306799288699647e-01 7.925676835814481347e-01 7.391305913318377829e-01 7.555358569258470158e-01
7.705619569460308016e-01 7.940018221663444065e-01 7.391053869059407422e-01 7.550081361372611433e-01
7.704318408535615337e-01 7.939397517005248872e-01 7.391449938609219172e-01 7.550836858414682329e-01
7.697234310167848648e-01 7.927367729943756158e-01 7.398147114633328858e-01 7.558777079584106939e-01
7.698101750784310804e-01 7.925920547040535835e-01 7.402755923940242955e-01 7.564107501784982368e-01
7.698101750784310804e-01 7.922978662163440156e-01 7.399515354896318842e-01 7.557370138445173025e-01
7.699547485145079584e-01 7.920008648933740680e-01 7.387741287370062082e-01 7.549964518591271156e-01
7.692897107085543418e-01 7.921647243928318094e-01 7.380468010182588134e-01 7.541052400837762182e-01
7.693764547702005574e-01 7.925822972310185843e-01 7.377407472752215423e-01 7.543219523703115215e-01
7.686246729026009472e-01 7.917361869811183617e-01 7.364913278771750837e-01 7.533926368218135661e-01
7.677427749425320691e-01 7.907832368255879318e-01 7.363148968958950213e-01 7.532541792452573937e-01
7.685090141537394004e-01 7.910251683956621704e-01 7.368225860461097287e-01 7.538901613538594448e-01
7.682487819688010866e-01 7.905687645210628389e-01 7.371322404214180057e-01 7.536529426275340171e-01
7.692752533649467317e-01 7.911829585914162966e-01 7.370962340987077255e-01 7.539969935093157050e-01
7.699547485145079584e-01 7.909805083527816638e-01 7.380504016505298193e-01 7.548896950546856166e-01
7.693041680521620629e-01 7.900061756921958889e-01 7.384968800521369836e-01 7.549365508368235389e-01
7.688704477439316509e-01 7.899344936971839370e-01 7.392134058740715830e-01 7.553112684668609189e-01
7.697668030476079171e-01 7.910484790514498155e-01 7.395590665720901402e-01 7.556199887285047767e-01
7.712703667828073595e-01 7.926112979974497819e-01 7.395410634107348891e-01 7.555793130422663317e-01
7.713715681880611852e-01 7.929709055185951705e-01 7.393898368553517564e-01 7.552676609702750898e-01
7.718342031835070394e-01 7.937941988865799825e-01 7.393394280035574528e-01 7.551426084877244094e-01
7.698535471092542437e-01 7.926332492357954784e-01 7.392170065063424778e-01 7.549872326118192145e-01
7.686825022770316096e-01 7.916205999224026346e-01 7.386985154593146419e-01 7.546013943939335888e-01
7.687547889950701041e-01 7.920427343167393275e-01 7.387561255756511791e-01 7.549240513730272051e-01
7.675837441628474700e-01 7.914560564659609554e-01 7.391701982868191800e-01 7.554143433641087313e-01
7.677283175989243480e-01 7.909002008380270343e-01 7.398219127278750085e-01 7.558970847541336413e-01
7.697957177348233593e-01 7.914867168749424309e-01 7.405456398143513974e-01 7.561157822261783679e-01
7.686969596206392197e-01 7.905325875068989205e-01 7.405060328593701113e-01 7.561428304208039908e-01
7.675692868192399709e-01 7.893827996026362426e-01 7.402863942908375350e-01 7.559577633119267670e-01
7.675692868192398599e-01 7.888724875128151348e-01 7.396310792175104787e-01 7.553008477191631709e-01
7.686969596206392197e-01 7.906683404374970081e-01 7.387525249433799512e-01 7.544982300205697046e-01
7.684222700920932958e-01 7.906130440594612008e-01 7.380179959600905448e-01 7.543400889870132131e-01
7.686680449334239995e-01 7.908435762504303357e-01 7.376327283070907015e-01 7.545174035862304285e-01
7.691885093033006271e-01 7.917227900353343006e-01 7.375517140809926264e-01 7.541089157471176918e-01
7.693403114111814212e-01 7.919523060937467829e-01 7.381800244122866950e-01 7.544201078882204481e-01
7.692463386777312895e-01 7.920452325242051117e-01 7.382556376899782613e-01 7.547218288886334836e-01
7.688415330567162087e-01 7.914372806931522231e-01 7.381800244122869170e-01 7.543920590944961369e-01
7.685234714973470105e-01 7.906958747776798857e-01 7.381584206186606600e-01 7.544297998945965755e-01
7.692607960213390106e-01 7.910970740085977448e-01 7.382448357931653549e-01 7.544376965681058866e-01
7.713137388136304118e-01 7.927371878668336702e-01 7.385436882716605034e-01 7.546223443255789531e-01
7.700270352325464529e-01 7.921272383817887786e-01 7.387921318983612373e-01 7.548661763178373674e-01
7.682054099379780343e-01 7.906489928796496258e-01 7.383564553935670904e-01 7.546640115602230026e-01
7.683933554048778536e-01 7.910256753813453834e-01 7.385040813166792173e-01 7.551075079190212591e-01
7.690294785236160280e-01 7.922982392312278854e-01 7.385256851103053632e-01 7.551318188316670232e-01
7.688704477439316509e-01 7.920579386778138220e-01 7.387381224142959280e-01 7.552136301478262759e-01
7.694776561754543831e-01 7.925806612366685933e-01 7.390585786864174445e-01 7.555395429021660725e-01
7.693619974265929473e-01 7.919656213322711080e-01 7.389577609828286153e-01 7.548775899281258139e-01
7.688270757131083766e-01 7.914725915807226952e-01 7.387525249433800623e-01 7.547004576339324533e-01
7.698680044528619648e-01 7.920680701593237893e-01 7.388893489696789496e-01 7.550215816128976742e-01
7.701571513250156098e-01 7.915986514616195624e-01 7.387309211497540273e-01 7.552762235115790812e-01
7.686969596206392197e-01 7.904004211424446869e-01 7.384752762585109487e-01 7.552998503304296785e-01
7.689716491491853656e-01 7.911358212031519566e-01 7.383240497031278160e-01 7.549421136667668897e-01
7.702728100738771566e-01 7.925022347122103739e-01 7.385508895362025150e-01 7.550848088579595885e-01
7.704607555407768649e-01 7.927036743706141753e-01 7.386805122979595017e-01 7.548458897300233117e-01
7.713426535008457430e-01 7.930610502576287413e-01 7.390369748927911875e-01 7.548904332386612293e-01
7.714004828752765164e-01 7.925191806582019272e-01 7.399263310637347324e-01 7.552315067578074803e-01
7.709378478798305512e-01 7.916926254186118506e-01 7.397174943920151735e-01 7.551436379084118800e-01
7.710390492850844879e-01 7.920974696823357419e-01 7.390297736282490648e-01 7.543144240855741423e-01
7.706197863204613530e-01 7.922447003942649779e-01 7.380432003859878076e-01 7.541477583243532123e-01
7.700993219505848364e-01 7.917003806821780731e-01 7.373122720349694070e-01 7.536098387167265988e-01
7.714004828752765164e-01 7.929872408743471324e-01 7.374454954289972886e-01 7.543699029144750323e-01
7.715450563113532834e-01 7.932443744949427833e-01 7.383204490708566992e-01 7.554330780828137915e-01
7.713860255316687953e-01 7.932948271360423798e-01 7.385868958589127953e-01 7.556311697208278888e-01
7.703306394483078190e-01 7.921641510309198608e-01 7.388749464405950373e-01 7.558079713481481443e-01
7.697378883603926969e-01 7.915555898692514525e-01 7.387777293692772140e-01 7.552740361724259444e-01
7.707788171001459521e-01 7.917809648316068705e-01 7.393898368553517564e-01 7.551345957602915160e-01
7.723835822405991092e-01 7.933394670668015847e-01 7.394366450748752762e-01 7.556422768770185705e-01
7.722968381789528935e-01 7.938580854715198143e-01 7.392998210485760557e-01 7.553366440152640138e-01
7.719498619323683641e-01 7.939287836230811690e-01 7.387777293692772140e-01 7.549592660053816573e-01
7.706631583512846273e-01 7.930490744130945791e-01 7.384194664583101364e-01 7.546812990509341734e-01
7.700414925761540630e-01 7.924500361070272447e-01 7.382808421158755241e-01 7.550950466498559388e-01
7.708511038181844466e-01 7.931445462040989103e-01 7.383780591871933474e-01 7.551811077056256316e-01
7.708221891309690044e-01 7.931939968276762176e-01 7.382340338963522264e-01 7.550204278528924728e-01
7.708944758490076099e-01 7.928495013458034535e-01 7.383636566581092131e-01 7.548892547122942887e-01
7.705185849152076383e-01 7.918818065556952890e-01 7.378235618174551202e-01 7.541338876421124215e-01
7.707932744437535622e-01 7.919242813354080424e-01 7.382196313672680921e-01 7.543803183985802185e-01
7.720510633376223009e-01 7.933055305942714464e-01 7.390225723637070532e-01 7.547082578768963268e-01
7.731642787954142726e-01 7.941152424263491216e-01 7.396346798497815955e-01 7.554518637021836458e-01
7.733088522314911506e-01 7.945379298151939995e-01 7.395914722625293036e-01 7.553430217255285850e-01
7.733088522314910396e-01 7.952221412284806723e-01 7.389325565569313525e-01 7.554553564948359723e-01
7.723691248969914991e-01 7.949600593999851528e-01 7.380179959600905448e-01 7.544104111258689294e-01
7.719498619323684752e-01 7.940489305452637092e-01 7.376759358943429934e-01 7.542991089499110346e-01
7.704968988997961121e-01 7.927500423231732540e-01 7.366137493743900588e-01 7.536987856620231963e-01
7.699836632017234006e-01 7.933751963433874899e-01 7.362716893086426184e-01 7.532133285209027251e-01
7.711113360031227604e-01 7.941592236704313468e-01 7.358072077456800919e-01 7.531129585240396995e-01
7.709956772542612136e-01 7.941963340035023133e-01 7.365597398903247495e-01 7.533772287104737453e-01
7.713137388136304118e-01 7.941351437125615531e-01 7.365705417871377669e-01 7.534107964772529531e-01
7.727883878616144120e-01 7.951105471608521658e-01 7.374670992226234345e-01 7.538053987713199122e-01
7.728751319232605166e-01 7.949712534136214037e-01 7.380720054441559652e-01 7.542929416812067522e-01
7.726438144255376450e-01 7.943534367315356892e-01 7.389721635119128607e-01 7.543600473009509644e-01
7.727594731743988588e-01 7.943323404244795327e-01 7.386409053429782157e-01 7.543545047204822662e-01
7.718775752143300917e-01 7.940550155282960487e-01 7.379855902696513814e-01 7.541811477656377161e-01
7.716318003729993880e-01 7.942139251944904110e-01 7.375787188230252811e-01 7.536480535348449861e-01
7.707065303821076796e-01 7.939465791170268183e-01 7.373518789899506931e-01 7.530297001524994815e-01
7.701282366378001676e-01 7.933713600015622758e-01 7.371358410536890116e-01 7.527019147891063078e-01
7.699981205453310107e-01 7.926510187958940579e-01 7.371934511700255488e-01 7.529007971000067911e-01
7.691017652416546335e-01 7.915752046737948300e-01 7.367541740329601740e-01 7.528400052112815821e-01
7.703017247610923768e-01 7.923371119368930460e-01 7.370818315696234801e-01 7.531087029797786103e-01
7.719498619323685862e-01 7.936532967747711442e-01 7.375535143971281293e-01 7.536624721357845225e-01
7.728462172360451854e-01 7.942865098341163055e-01 7.375769185068898892e-01 7.537984579719485545e-01
7.729907906721220634e-01 7.946459320201090248e-01 7.382376345286234542e-01 7.542967290016920900e-01
7.732365655134525451e-01 7.950488700937473618e-01 7.382412351608942380e-01 7.543452534174411861e-01
7.728895892668682377e-01 7.947252548699571539e-01 7.374995049130628200e-01 7.536645284875072015e-01
7.722100941173069000e-01 7.942614565398283810e-01 7.373194732995115297e-01 7.534641891328839325e-01
7.713426535008458540e-01 7.938283028332939750e-01 7.377767535979318225e-01 7.539965361144221889e-01
7.720799780248376321e-01 7.940972406568556075e-01 7.379315807855859610e-01 7.542140278651219276e-01
7.730052480157296735e-01 7.947525508056370036e-01 7.387021160915856477e-01 7.546425770228436525e-01
7.731498214518064405e-01 7.949061639130203805e-01 7.393574311649124819e-01 7.544301008578903067e-01
7.729185039540834579e-01 7.949627202159919026e-01 7.398759222119404289e-01 7.548447302884900845e-01
7.724847836458529349e-01 7.949924739278459995e-01 7.398903247410244521e-01 7.547423672065938227e-01
7.717040870910378825e-01 7.939981432812464046e-01 7.390801824800434794e-01 7.540486444274112632e-01
7.729474186412987891e-01 7.943579657926764792e-01 7.386949148270436361e-01 7.539164582891292321e-01
7.721811794300915688e-01 7.932855808263151731e-01 7.385076819489502231e-01 7.538749214884662431e-01
7.714149402188841265e-01 7.928998653384375928e-01 7.378667694047075232e-01 7.536979525306886085e-01
7.703017247610923768e-01 7.923436348155254993e-01 7.375391118680441060e-01 7.532713571827696075e-01
7.701716086686232199e-01 7.929127574831379421e-01 7.374130897385580141e-01 7.532434953979716408e-01
7.692897107085545638e-01 7.923524581911685072e-01 7.370242214532871650e-01 7.532382853523104105e-01
7.688270757131084876e-01 7.921469282312969540e-01 7.370062182919320248e-01 7.535686021550169755e-01
7.686391302462086683e-01 7.915383154967685631e-01 7.368801961624460439e-01 7.540396407855928240e-01
7.702149806994462722e-01 7.920746269799716632e-01 7.377551498043055656e-01 7.546315788353777920e-01
7.715739709985686146e-01 7.928532201515173794e-01 7.380756060764270821e-01 7.545954948372159965e-01
7.724124969278145514e-01 7.936851783248939363e-01 7.386697104011464843e-01 7.546863283361373576e-01
7.716318003729994990e-01 7.932666855202855638e-01 7.382232319995389869e-01 7.538803025198317354e-01
7.714727695933150109e-01 7.929686223161364067e-01 7.382232319995390979e-01 7.538117081213638881e-01
7.725715277074989285e-01 7.938742544826336012e-01 7.385616914330157545e-01 7.542514533578360547e-01
7.719787766195840284e-01 7.931450798166239657e-01 7.390513774218752108e-01 7.550217021141467644e-01
7.724124969278145514e-01 7.936733300832754523e-01 7.390873837445854910e-01 7.551987343842039291e-01
7.726727291127528652e-01 7.940610575302742280e-01 7.393430286358284587e-01 7.555765100128148948e-01
7.720944353684453532e-01 7.936997710453039812e-01 7.387597262079220739e-01 7.554547215109421732e-01
7.715016842805302311e-01 7.935932891216948004e-01 7.382052288381839578e-01 7.548874470534722159e-01
7.709089331926152200e-01 7.931582590896915086e-01 7.382916440126886526e-01 7.549481709077359159e-01
7.698101750784310804e-01 7.922041013608202009e-01 7.381764237800156891e-01 7.551877491783016705e-01
7.705330422588154704e-01 7.923874559359935787e-01 7.384248674067166451e-01 7.553646728820975209e-01
7.717619164654685449e-01 7.928124353032754978e-01 7.389793647764546503e-01 7.554107641938601070e-01
7.724414116150297716e-01 7.930539466471236976e-01 7.382196313672680921e-01 7.548780162655313042e-01
7.721233500556607954e-01 7.928166267095844155e-01 7.381260149282213856e-01 7.547125594497046119e-01
7.729618759849066212e-01 7.936144799272191186e-01 7.382844427481465299e-01 7.550004870589357431e-01
7.725570703638913184e-01 7.934042822334912426e-01 7.381800244122866950e-01 7.542936406233125002e-01
7.711257933467305925e-01 7.923968745847949080e-01 7.385364870071184917e-01 7.547656152583906985e-01
7.693909121138081675e-01 7.916563658376851720e-01 7.379891909019223872e-01 7.542428929360980305e-01
7.695354855498850455e-01 7.921837592168984310e-01 7.390801824800434794e-01 7.556256357302738591e-01
7.696222296115311501e-01 7.921860835434331172e-01 7.393790349585387389e-01 7.562738199028595787e-01
7.694198268010234987e-01 7.918551956656486590e-01 7.394150412812490192e-01 7.562833659072630832e-01
7.696077722679234290e-01 7.918701824446761073e-01 7.395716687850386606e-01 7.565698202082050683e-01
7.716028856857841678e-01 7.930018734858217400e-01 7.405348379175382689e-01 7.574016832805483546e-01
7.731064494209833882e-01 7.943873994380153958e-01 7.403007968199215583e-01 7.570640781573483302e-01
7.739305180066214929e-01 7.952801833970017942e-01 7.398327146246881370e-01 7.566023770299847850e-01
7.732365655134525451e-01 7.951459197226511399e-01 7.391810001836323085e-01 7.558331097161299361e-01
7.727450158307912487e-01 7.946734031549299582e-01 7.393682330617256104e-01 7.557097062179575220e-01
7.719209472451531440e-01 7.938346941128873180e-01 7.387417230465669338e-01 7.551245583264092343e-01
7.713209674854342168e-01 7.934964183593309350e-01 7.387201192529407878e-01 7.545754380772141667e-01
7.710390492850843769e-01 7.932723321675123618e-01 7.388461413824267687e-01 7.552543374991640412e-01
7.702438953866617144e-01 7.927622221119958734e-01 7.390693805832303509e-01 7.554296200268659778e-01
7.703450967919154291e-01 7.922586264717064175e-01 7.394906545589405855e-01 7.554204925743330801e-01
7.702005233558386621e-01 7.919786522732357170e-01 7.389721635119126386e-01 7.552134148582050344e-01
7.705474996024230805e-01 7.925936619122730953e-01 7.388749464405949263e-01 7.553323595897663001e-01
7.711257933467304815e-01 7.924846588311830198e-01 7.396850887015760101e-01 7.563753283591896359e-01
7.720221486504068586e-01 7.936749239092646402e-01 7.394618495007723169e-01 7.564000851732909370e-01
7.715884283421764467e-01 7.933835085416962585e-01 7.398651203151274114e-01 7.565182970984029032e-01
7.719787766195840284e-01 7.942545236965689037e-01 7.399695386509871353e-01 7.561866118581530571e-01
7.721233500556607954e-01 7.946035197156413599e-01 7.399155291669217149e-01 7.558520352438560241e-01
7.723402102097760569e-01 7.944470291434696518e-01 7.398471171537721602e-01 7.561120532367382463e-01
7.725136983330682661e-01 7.937377562260301556e-01 7.398291139924170201e-01 7.563801382238214410e-01
7.732654802006679873e-01 7.939603747646131193e-01 7.406338553049915951e-01 7.567440576765461779e-01
7.738582312885831094e-01 7.942701455895602169e-01 7.403656082007999961e-01 7.564966635254830596e-01
7.740317194118753186e-01 7.945889069491418599e-01 7.399299316960057382e-01 7.559228355545493105e-01
7.736558284780754580e-01 7.946194548650491463e-01 7.406572594147532440e-01 7.565430110063220415e-01
7.742485795659905801e-01 7.955445613036734587e-01 7.411865523585942084e-01 7.572153402288275270e-01
7.735112550419985800e-01 7.949931141446497929e-01 7.412765681653699090e-01 7.572388475292344268e-01
7.729474186412989001e-01 7.942963053646681093e-01 7.404772278012019537e-01 7.565514795790116986e-01
7.729040466104758478e-01 7.941646255169344526e-01 7.390765818477724736e-01 7.557509806225635174e-01
7.732799375442755974e-01 7.946771707223987402e-01 7.393178242099311959e-01 7.555935908784365829e-01
7.730341627029448937e-01 7.944030367444304686e-01 7.397535007147255648e-01 7.560632928472099668e-01
7.731209067645909983e-01 7.946521931363275115e-01 7.395590665720900292e-01 7.558818123303407965e-01
7.729618759849065102e-01 7.946195524595300874e-01 7.394654501330433227e-01 7.559737413208548196e-01
7.717185444346454926e-01 7.941787250185725622e-01 7.394366450748751651e-01 7.559355484883087950e-01
7.709523052234381613e-01 7.937109061933713683e-01 7.395842709979871810e-01 7.557996167683516120e-01
7.707209877257152897e-01 7.934965606744257549e-01 7.395914722625291926e-01 7.557442102314301247e-01
7.708511038181845576e-01 7.934793838893213769e-01 7.398183120956040026e-01 7.560203903606688147e-01
7.709378478798305512e-01 7.933487342343341631e-01 7.405888474016038003e-01 7.564297781286077882e-01
7.709956772542613246e-01 7.933462593857066869e-01 7.402827936585665292e-01 7.564775701838374333e-01
7.702005233558386621e-01 7.931170641312328407e-01 7.397210950242862904e-01 7.559271925099015910e-01
7.696800589859620345e-01 7.926471165720906376e-01 7.393250254744732075e-01 7.558750319781315508e-01
7.709378478798306622e-01 7.929853806965013741e-01 7.392854185194919214e-01 7.559223790585527514e-01
7.718052884962917082e-01 7.937949995415207738e-01 7.391954027127163318e-01 7.562206155906689986e-01
7.720221486504069697e-01 7.938180897966158334e-01 7.400883595159308825e-01 7.571517716701243739e-01
7.719209472451531440e-01 7.942681059145809686e-01 7.406932657374635243e-01 7.574844174566492949e-01
7.710679639722997081e-01 7.940344887598553836e-01 7.406932657374636353e-01 7.577835754907957799e-01
7.709089331926152200e-01 7.937719366906288432e-01 7.402863942908375350e-01 7.572649580751630305e-01
7.705330422588154704e-01 7.936988884319051696e-01 7.393322267390154412e-01 7.564426278712903517e-01
7.716028856857841678e-01 7.939345232725754098e-01 7.402971961876504414e-01 7.572415382356659785e-01
7.712269947519840851e-01 7.937435771486762714e-01 7.409795160030101524e-01 7.579037688326386579e-01
7.710390492850844879e-01 7.937238934990842321e-01 7.403944132589683758e-01 7.569657274566954364e-01
7.706053289768537429e-01 7.935447728448148386e-01 7.394546482362303053e-01 7.558903647603031350e-01
7.713715681880612962e-01 7.946030884980320730e-01 7.385652920652866493e-01 7.549835933319841708e-01
7.719064899015455339e-01 7.951811184089979667e-01 7.379711877405672471e-01 7.548217274438406843e-01
7.725426130202837083e-01 7.951830000826063394e-01 7.388533426469687804e-01 7.554671387943967531e-01
7.727739305180066909e-01 7.947385398170574433e-01 7.399443342250898725e-01 7.563978232456282091e-01
7.731498214518065515e-01 7.951064629068118617e-01 7.394690507653144396e-01 7.556851740462148248e-01
7.738437739449752772e-01 7.956101160917239401e-01 7.400739569868468593e-01 7.563281021332658449e-01
7.739883473810522663e-01 7.950158668522738781e-01 7.404340202139494398e-01 7.566036396798607733e-01
7.741473781607368654e-01 7.952850219080963567e-01 7.402575892326692664e-01 7.571345823249684415e-01
7.744365250328903993e-01 7.964651639163352614e-01 7.401279664709123907e-01 7.570694108923720078e-01
7.743208662840288525e-01 7.963281438690401615e-01 7.406968663697344191e-01 7.575592653131688614e-01
7.729185039540834579e-01 7.949254762454658341e-01 7.406752625761083841e-01 7.572242545356271393e-01
7.720076913067992486e-01 7.943354514418219381e-01 7.406680613115663725e-01 7.568364948553880645e-01
7.726293570819298129e-01 7.945734554222002588e-01 7.402287841745011088e-01 7.563152062729066039e-01
7.729474186412987891e-01 7.948105660015505336e-01 7.401387683677252971e-01 7.558659213283902556e-01
7.725570703638912073e-01 7.943316663360483476e-01 7.410821340227342624e-01 7.562142606777989551e-01
7.727016437999681964e-01 7.946850509108117633e-01 7.408876998800988378e-01 7.563409495349113776e-01
7.719787766195839174e-01 7.943521462103564357e-01 7.396670855402207589e-01 7.558295895413131849e-01
7.725136983330682661e-01 7.942320114009835397e-01 7.393574311649124819e-01 7.556544266186489001e-01
7.729474186412987891e-01 7.945276563947577531e-01 7.396994912306601444e-01 7.560507178329727296e-01
7.725426130202835973e-01 7.942864857126821221e-01 7.400127462382394272e-01 7.564972446755553470e-01
7.726293570819297019e-01 7.944542868334701913e-01 7.402251835422301030e-01 7.564725991043154130e-01
7.730919920773757781e-01 7.946910649575862351e-01 7.406104511952298353e-01 7.568387960002742609e-01
7.737281151961138415e-01 7.950457207378935909e-01 7.404700265366598311e-01 7.565930540976906205e-01
7.737425725397214515e-01 7.944796560092505233e-01 7.409777156868745385e-01 7.570652710215370895e-01
7.743208662840289636e-01 7.949886640968064633e-01 7.418130623737527740e-01 7.572109293911767347e-01
7.736992005088983992e-01 7.948877535594125465e-01 7.414818042048184621e-01 7.571399307057272710e-01
7.738004019141524470e-01 7.955340561317978398e-01 7.411505460358838171e-01 7.572137830021350435e-01
7.741040061299138131e-01 7.953824334128554163e-01 7.407292720601739155e-01 7.568761610534324724e-01
7.744076103456751792e-01 7.952054832051257405e-01 7.409453099964353751e-01 7.572051990330959104e-01
