8.526362966068613547e-01 8.687926147308817626e-01 7.999272672281253493e-01 8.336773463458715394e-01
8.548193554916221348e-01 8.710239539167599077e-01 8.010182588062464415e-01 8.346337184307426327e-01
8.571325304688515168e-01 8.733225147880077088e-01 8.022604769397506663e-01 8.354495449428112064e-01
8.591421012303199767e-01 8.754829498788527786e-01 8.032866571369932096e-01 8.364861986720396603e-01
8.604577194986193778e-01 8.774120633410744663e-01 8.043956518764695529e-01 8.375201297733227968e-01
8.622793447931877964e-01 8.794500246513827779e-01 8.062859838187586003e-01 8.390740701713670369e-01
8.638841099336407314e-01 8.810938897828838323e-01 8.073841766614218152e-01 8.400618109414604850e-01
8.666454625627086905e-01 8.832525996675721913e-01 8.081367088060662507e-01 8.405918026623470096e-01
8.691032109760152835e-01 8.852000267146249435e-01 8.098650122961592590e-01 8.421314849484928811e-01
8.710404950194450269e-01 8.860482467374292126e-01 8.118993695292893165e-01 8.441531349911099991e-01
8.718645636050832426e-01 8.865977855990800904e-01 8.136096698580270736e-01 8.457478273819483139e-01
8.734548714019286786e-01 8.879994052712346653e-01 8.148950955787835904e-01 8.468788283579484766e-01
8.751608379476354393e-01 8.888436150997601759e-01 8.163209459581102223e-01 8.483136404590712054e-01
8.778354465150572938e-01 8.906950387563263849e-01 8.181284633581655807e-01 8.499458087654057081e-01
8.793390102502566252e-01 8.919651913313234592e-01 8.189890144709410791e-01 8.504579713297213406e-01
8.794546689991180610e-01 8.920068163277390383e-01 8.202870424046462272e-01 8.516266700981089954e-01
8.799317613381717473e-01 8.920808719920111374e-01 8.220603537981270303e-01 8.525279622236598964e-01
8.799751333689947996e-01 8.925782198929451683e-01 8.226940650778276076e-01 8.527648462341050895e-01
8.792233515013951894e-01 8.919364990124281078e-01 8.239902926953973639e-01 8.537854818869998752e-01
8.795558704043719978e-01 8.925029604329406396e-01 8.258518195795181427e-01 8.552693584272108573e-01
8.800763347742486253e-01 8.932200126031916154e-01 8.279077806062744571e-01 8.567853152178829257e-01
8.804955977388714272e-01 8.935048313166099598e-01 8.296396847286383602e-01 8.579983212079662636e-01
8.793968396246873986e-01 8.927711436950352963e-01 8.307792848424183640e-01 8.584006246822108999e-01
8.784137402593648059e-01 8.922560037790479015e-01 8.316596394326843944e-01 8.585577049755108714e-01
8.778065318278419626e-01 8.916833999316464698e-01 8.325958038231513481e-01 8.590515650689333205e-01
8.782257947924648755e-01 8.919223372926018412e-01 8.332583201610201940e-01 8.594136186432710378e-01
8.774017262068266598e-01 8.912793839610915203e-01 8.343277079455151402e-01 8.595990493921703557e-01
8.764475415287195093e-01 8.905562292349541442e-01 8.354583064786176294e-01 8.603236987340248110e-01
8.757391316919429514e-01 8.906372158085227309e-01 8.367977416834395665e-01 8.612006429488472392e-01
8.754499848197890843e-01 8.905884243359287744e-01 8.371145973232898552e-01 8.608673435587461675e-01
8.732669259350287483e-01 8.888675610131457905e-01 8.374926637117477979e-01 8.607897164383773170e-01
8.712718125171681205e-01 8.873787257762518754e-01 8.378887332615607697e-01 8.605163090034064766e-01
8.700140236232993818e-01 8.868685670470619620e-01 8.372298175559628186e-01 8.596576923882448540e-01
8.694646445662073120e-01 8.867127941426049542e-01 8.370299824649207743e-01 8.590233288279018886e-01
8.698405355000071726e-01 8.869705517800228201e-01 8.369813739292619736e-01 8.583958470678542119e-01
8.692911564429151028e-01 8.860694369242549939e-01 8.375538744603552299e-01 8.588689414326706739e-01
8.679177088001850393e-01 8.850109923189592998e-01 8.373126320981963966e-01 8.589217744743140592e-01
8.665008891266318125e-01 8.835629269507926375e-01 8.366717195539536966e-01 8.579077904612238958e-01
8.658792233515013592e-01 8.829825331968161883e-01 8.359803981579165821e-01 8.567897616362445401e-01
8.647660078937096095e-01 8.815231446078128918e-01 8.350082274447392372e-01 8.556754462354086987e-01
8.630311266607874066e-01 8.798981779047778673e-01 8.343565130036834088e-01 8.553137841327588253e-01
8.613829894895113082e-01 8.788846234405897073e-01 8.331250967669923124e-01 8.544142596378216936e-01
8.602553166881117264e-01 8.775589565280326187e-01 8.323077532414691060e-01 8.539156999721471131e-01
8.607468663707731338e-01 8.779207917791160831e-01 8.315552210968245594e-01 8.536455776460802891e-01
8.607613237143806328e-01 8.776957792216235621e-01 8.312167616633481249e-01 8.530603751774097354e-01
8.598938830979194758e-01 8.768024211700187198e-01 8.309539155075631456e-01 8.525401401176895266e-01
8.604721768422269879e-01 8.772948324032404654e-01 8.304534276218904498e-01 8.520329920749978303e-01
8.610215558993191687e-01 8.772935370582891634e-01 8.302986004342363113e-01 8.515978737071525639e-01
8.624094608856568422e-01 8.781638148907545682e-01 8.300033485880120576e-01 8.513517780324260098e-01
8.641732568057945985e-01 8.791445423588397645e-01 8.308350946426192873e-01 8.521278131222270735e-01
8.645491477395943480e-01 8.791461255484054327e-01 8.314544033932358413e-01 8.529221514883880140e-01
8.645202330523789058e-01 8.791575018729058666e-01 8.319260862207402685e-01 8.536478506019755663e-01
8.649250386733940976e-01 8.796427903806292026e-01 8.327866373335157668e-01 8.547102655655467451e-01
8.644624036779482434e-01 8.793651111426787903e-01 8.338200187953004328e-01 8.556717119365011559e-01
8.649105813297864875e-01 8.801014646920284346e-01 8.340144529379359684e-01 8.554845687597829595e-01
8.647515505501019994e-01 8.801641987147503787e-01 8.343889186941227942e-01 8.558702172404879516e-01
8.650985267966864178e-01 8.808148192196094683e-01 8.347309787598702346e-01 8.563568508127991086e-01
8.646937211756712260e-01 8.803945781957528416e-01 8.344933370299825182e-01 8.564866358253384604e-01
8.653587589816247316e-01 8.808439042974898214e-01 8.343817174295805605e-01 8.565371517840161264e-01
8.657057352282092610e-01 8.809925666250582044e-01 8.341188712737956923e-01 8.565942640001296127e-01
8.662840289725167731e-01 8.821620058226287142e-01 8.334491536713846127e-01 8.553066309151625690e-01
8.665731758446704180e-01 8.823411784267277680e-01 8.326678164685717976e-01 8.541888476458215917e-01
8.643901169599099710e-01 8.812614786982241322e-01 8.311861562890442423e-01 8.525478888953801349e-01
8.638841099336409535e-01 8.807305155852808154e-01 8.303238048601334631e-01 8.520605247405927951e-01
8.630022119735720754e-01 8.794963392261053725e-01 8.297008954772456812e-01 8.517856824209685263e-01
8.632479868149025570e-01 8.792446279230397010e-01 8.302968001181006974e-01 8.524880906046401474e-01
8.626696930705952671e-01 8.782636848110249028e-01 8.315732242581796996e-01 8.538727191090424995e-01
8.626118636961643826e-01 8.784322866860974077e-01 8.306910693517781663e-01 8.533200368065281260e-01
8.612239587098267091e-01 8.781355246500497369e-01 8.308278933780772757e-01 8.530174416972722273e-01
8.602119446572886741e-01 8.775462639711375523e-01 8.308062895844510187e-01 8.533270214468591242e-01
8.596481082565888832e-01 8.768868862241969708e-01 8.306010535450023546e-01 8.529988559900116840e-01
8.601107432520348484e-01 8.761959041837604767e-01 8.307378775713014640e-01 8.532410274712101117e-01
8.626118636961644937e-01 8.774506777224541088e-01 8.307198744099463239e-01 8.530647649162407253e-01
8.643178302418712544e-01 8.794586845954057708e-01 8.310583338434228695e-01 8.532112192083000091e-01
8.637539938411715745e-01 8.796941703463972972e-01 8.303706130796568718e-01 8.528052837947741605e-01
8.647804652373173306e-01 8.802175004253666168e-01 8.287287247640685584e-01 8.516155452771538847e-01
8.655033324177014986e-01 8.807153487618420984e-01 8.294380493214608130e-01 8.522090855953204924e-01
8.644913183651636857e-01 8.792102356342441638e-01 8.297657068581242301e-01 8.526608922598079010e-01
8.630455840043951277e-01 8.782409027664104251e-01 8.296792916836196463e-01 8.524903969013881699e-01
8.624962049473030579e-01 8.779300343362762549e-01 8.293804392051243868e-01 8.518268866554548069e-01
8.619323685466031559e-01 8.775737215715238015e-01 8.281850292911435707e-01 8.509712751790357022e-01
8.611227573045728834e-01 8.773412260320836431e-01 8.284406741823864273e-01 8.512816058924276286e-01
8.622793447931875743e-01 8.782973904089858008e-01 8.305218396350397825e-01 8.531003120245280735e-01
8.631901574404718946e-01 8.792784929255953452e-01 8.314760071868620983e-01 8.538831849925667683e-01
8.644190316471253022e-01 8.803320058233579104e-01 8.313355825282919831e-01 8.536826303032436503e-01
8.643322875854790865e-01 8.794051302377974277e-01 8.308638997007874449e-01 8.532485957113482566e-01
8.652720149199786270e-01 8.799767428991873697e-01 8.306334592354417401e-01 8.530824637767970842e-01
8.646503491448481737e-01 8.795960691395665609e-01 8.300825624979746298e-01 8.525235380760581849e-01
8.636527924359178598e-01 8.794193594920902690e-01 8.302085846274604997e-01 8.528229157520513803e-01
8.612962454278650926e-01 8.778454507577994059e-01 8.298629239294419424e-01 8.526770522001545505e-01
8.601974873136809530e-01 8.771302719295656081e-01 8.290851873589001331e-01 8.520678131097547681e-01
8.597059376310196566e-01 8.773414991646270034e-01 8.285630956796014024e-01 8.515153487592483916e-01
8.600673712212119071e-01 8.775844675645400050e-01 8.288799513194516910e-01 8.517432845932400021e-01
8.612095013662189880e-01 8.779561708530907449e-01 8.295964771413860683e-01 8.520423365313504194e-01
8.620624846390724239e-01 8.784628953720241551e-01 8.305470440609370453e-01 8.528861090574436643e-01
8.630600413480027377e-01 8.791510959054645857e-01 8.309071072880398479e-01 8.533478002358334535e-01
8.644624036779480214e-01 8.797781072989859785e-01 8.309575161398342624e-01 8.531102948128652663e-01
8.640142260261099993e-01 8.792781602278327835e-01 8.309251104493948770e-01 8.532325876089150718e-01
8.640142260261101104e-01 8.796195911348274610e-01 8.311951578697219789e-01 8.535919026909344343e-01
8.634648469690180406e-01 8.793283472410877710e-01 8.306514623967968802e-01 8.530612276503639624e-01
8.629732972863566332e-01 8.793538993757007427e-01 8.296360840963673544e-01 8.522157990849870135e-01
8.626986077578107093e-01 8.786209438741141575e-01 8.287827342481339787e-01 8.515761729822661774e-01
8.624239182292645634e-01 8.783177774472378241e-01 8.293768385728533810e-01 8.521440654001802839e-01
8.615275629255880752e-01 8.777319180986460356e-01 8.308855034944135909e-01 8.534837157279563380e-01
8.615998496436263476e-01 8.780107067354366857e-01 8.310547332111519747e-01 8.537354677510308187e-01
8.630022119735718533e-01 8.798087579012201509e-01 8.307162737776753181e-01 8.533873075187516921e-01
8.642600008674404810e-01 8.802716728237951482e-01 8.316704413294973008e-01 8.537188017882204605e-01
8.641009700877561039e-01 8.797327039454811981e-01 8.315408185677405362e-01 8.536706775971873995e-01
8.626986077578107093e-01 8.788020006188235200e-01 8.307594813649276100e-01 8.529389503036017839e-01
8.620191126082493716e-01 8.786953716101920664e-01 8.303706130796568718e-01 8.531190219430869748e-01
8.619468258902108770e-01 8.785355122655276183e-01 8.302733960083390485e-01 8.530126264007731329e-01
8.615709349564111275e-01 8.782581617124163298e-01 8.291067911525263900e-01 8.517164199335358621e-01
8.625829490089491625e-01 8.785670134902087147e-01 8.288835519517226968e-01 8.512381675483261523e-01
8.628865532247105286e-01 8.782325781606419302e-01 8.291734028495403308e-01 8.514921921994281773e-01
8.635082189998409818e-01 8.782194050888526560e-01 8.295424676573206479e-01 8.518978212038516018e-01
8.628287238502796441e-01 8.781411872791682338e-01 8.297981125485635046e-01 8.522377985687442647e-01
8.636961644667409121e-01 8.798690442689451885e-01 8.300033485880120576e-01 8.525918176523183956e-01
8.626696930705952671e-01 8.792963279531049725e-01 8.305074371059557592e-01 8.530110146275874383e-01
8.631323280660411212e-01 8.799382597498704994e-01 8.299673422653017774e-01 8.523754678291912690e-01
8.626407783833798248e-01 8.794054433253334357e-01 8.294380493214609240e-01 8.517075399959714854e-01
8.633058161893334415e-01 8.796859459728803010e-01 8.306190567063576058e-01 8.527965857695263274e-01
8.643612022726945288e-01 8.798304868459505546e-01 8.319026821109787306e-01 8.540159227592634128e-01
8.644045743035174700e-01 8.797796308147235456e-01 8.318540735753198190e-01 8.537783460930008506e-01
8.649539533606095398e-01 8.799922712727594742e-01 8.314039945414415378e-01 8.532868975016287827e-01
8.642600008674405920e-01 8.794064885073386018e-01 8.307126731454043123e-01 8.527420182365885726e-01
8.629154679119258597e-01 8.785077776281038364e-01 8.310835382693201323e-01 8.529968306164248393e-01
8.618456244849570513e-01 8.779151718878781541e-01 8.304606288864324615e-01 8.522552503748158648e-01
8.619612832338185981e-01 8.779855876256219549e-01 8.304966352091427417e-01 8.524879417939796866e-01
8.619323685466033780e-01 8.775693122010506109e-01 8.304750314155164848e-01 8.525166872766476445e-01
8.630600413480027377e-01 8.784368213148794347e-01 8.312779724119555569e-01 8.533002634103727946e-01
8.633491882201566048e-01 8.790739021727718150e-01 8.318612748398618306e-01 8.539785396607961765e-01
8.631901574404718946e-01 8.792750828971055421e-01 8.319980988661608290e-01 8.540471338416609770e-01
8.632190721276873369e-01 8.794535617775753877e-01 8.319980988661608290e-01 8.539406985543183115e-01
8.637106218103486333e-01 8.797864734024074540e-01 8.319044824271142335e-01 8.539182001577938497e-01
8.635371336870564241e-01 8.796538049488296096e-01 8.316308343745161258e-01 8.535681244122582667e-01
8.625684916653415524e-01 8.787041011025435999e-01 8.321889323765252477e-01 8.541588828072435025e-01
8.630455840043951277e-01 8.791881796562190932e-01 8.320593096147682610e-01 8.540660155878535553e-01
8.645057757087711847e-01 8.802437735693878773e-01 8.320593096147683720e-01 8.539395473355479993e-01
8.634503896254102084e-01 8.792891588887019605e-01 8.307918870553668844e-01 8.527102616482229447e-01
8.635515910306640341e-01 8.795791178834350132e-01 8.298125150776476389e-01 8.525413703526689702e-01
8.625251196345185001e-01 8.784300790498644762e-01 8.306982706163201780e-01 8.534701339842959422e-01
8.632335294712949469e-01 8.792177561087226589e-01 8.311303464888433190e-01 8.537186980127677849e-01
8.649684107042172609e-01 8.812134398324341644e-01 8.313175793669368430e-01 8.539008315918215075e-01
8.655322471049169408e-01 8.814719892478036778e-01 8.313643875864602517e-01 8.539537814068047794e-01
8.665876331882779171e-01 8.815800660548640533e-01 8.318576742075908248e-01 8.540289004981851395e-01
8.663996877213780978e-01 8.806000205109603129e-01 8.331863075155997445e-01 8.548420841946129389e-01
8.655177897613092197e-01 8.795897360227648010e-01 8.336363865494780256e-01 8.550819995749552316e-01
8.649973253914325921e-01 8.797716460729860799e-01 8.330206784311325885e-01 8.545683087134083866e-01
8.648382946117481040e-01 8.806407015316111142e-01 8.314436014964228239e-01 8.533564122339898361e-01
8.644334889907330233e-01 8.803920341355797596e-01 8.313103781023947203e-01 8.533482118191465515e-01
8.638262805592100690e-01 8.799539704466932122e-01 8.309143085525818595e-01 8.529706576115814176e-01
8.639274819644637837e-01 8.797737123160768169e-01 8.310403306820677294e-01 8.534258637073658393e-01
8.646792638320632829e-01 8.804374689345886296e-01 8.317892621944413811e-01 8.539855858270055666e-01
8.649250386733942086e-01 8.804126823951541336e-01 8.319980988661609400e-01 8.539916067422352874e-01
8.648382946117481040e-01 8.806841415363145797e-01 8.324445772677682154e-01 8.545897118794650860e-01
8.645202330523791279e-01 8.808132566119047935e-01 8.325705993972540853e-01 8.548769147832064874e-01
8.643612022726945288e-01 8.803144849450086351e-01 8.313247806314788546e-01 8.537797603417531800e-01
8.646069771140250104e-01 8.799313841501101852e-01 8.319152843239272510e-01 8.539595591744902903e-01
8.648093799245327729e-01 8.799434809073307662e-01 8.325958038231513481e-01 8.543949633809195809e-01
8.640431407133253305e-01 8.796594702901533447e-01 8.316938454392590607e-01 8.535716447273968832e-01
8.634070175945870451e-01 8.793340126184059358e-01 8.309791199334602974e-01 8.528251474946934030e-01
8.637973658719946268e-01 8.791119839389479607e-01 8.315048122450303669e-01 8.532446962524840028e-01
8.658213939770706968e-01 8.799801560306161896e-01 8.324733823259364840e-01 8.543952564807034689e-01
8.668623227168241741e-01 8.803241493224849279e-01 8.330422822247587344e-01 8.551028431555895981e-01
8.662406569416934987e-01 8.803629888382193958e-01 8.326138069845064882e-01 8.545617942168852732e-01
8.660382541311858473e-01 8.809879185121993750e-01 8.321889323765253588e-01 8.541179491209733854e-01
8.657491072590323133e-01 8.811920355121337645e-01 8.319656931757215546e-01 8.538857046478148805e-01
8.645925197704174003e-01 8.807036873459310744e-01 8.324337753709551979e-01 8.541887107161560966e-01
8.628287238502797551e-01 8.799168324221010584e-01 8.321493254215439617e-01 8.541939196987073935e-01
8.640575980569330516e-01 8.800105081609875812e-01 8.328478480821230878e-01 8.550327555848722394e-01
8.649973253914324811e-01 8.804530425045649089e-01 8.331755056187866160e-01 8.555512178439828030e-01
8.658647660078936381e-01 8.808972831797095004e-01 8.335715751685995878e-01 8.560539168196852344e-01
8.659081380387168014e-01 8.807825830347409957e-01 8.337840124725901525e-01 8.562152494857748763e-01
8.657780219462476445e-01 8.808702981575141644e-01 8.326894202621979435e-01 8.549387923030742353e-01
8.653298442944094004e-01 8.812757886183812950e-01 8.322825488155719542e-01 8.543545063038751053e-01
8.631178707224334001e-01 8.802971100674547023e-01 8.321097184665626756e-01 8.543030698473341733e-01
8.627419797886336505e-01 8.806453001848599804e-01 8.322537437574037966e-01 8.544406621876774466e-01
8.631467854096487313e-01 8.805100546655850735e-01 8.323905677837029060e-01 8.545828779840085598e-01
8.638696525900331213e-01 8.807968858279568991e-01 8.316236331099741141e-01 8.537385314366783273e-01
8.645780624268097903e-01 8.810021683972976136e-01 8.309611167721051572e-01 8.527541382367110900e-01
8.650406974222556444e-01 8.812441987091828022e-01 8.314544033932358413e-01 8.529350377423403629e-01
8.660816261620090106e-01 8.813515235126958558e-01 8.322177374346935164e-01 8.538451969580728163e-01
8.667900359987856795e-01 8.808997551236804613e-01 8.327290272171793406e-01 8.543057180149016272e-01
8.658358513206783069e-01 8.799185027324877284e-01 8.330530841215718629e-01 8.548294797511744036e-01
8.658358513206783069e-01 8.804162812775465641e-01 8.326966215267400662e-01 8.543968547410090153e-01
8.652575575763707949e-01 8.807552610905121648e-01 8.323941684159739118e-01 8.542069656717510284e-01
8.635515910306640341e-01 8.795339156479518028e-01 8.324157722096000578e-01 8.540339327438155603e-01
8.634937616562332607e-01 8.797592487994694288e-01 8.323149545060112287e-01 8.538771646671976523e-01
8.632624441585102781e-01 8.792250253876514599e-01 8.323977690482449177e-01 8.539185204755253000e-01
8.642889155546560342e-01 8.793508239824365802e-01 8.327398291139924691e-01 8.543570712982121451e-01
8.655467044485245509e-01 8.801704240155214798e-01 8.329882727406933141e-01 8.543714586637904951e-01
8.665731758446703070e-01 8.810424896224700042e-01 8.332763233223754451e-01 8.545258956621100133e-01
8.660960835056167317e-01 8.810693028922760295e-01 8.332871252191884626e-01 8.544237850045112159e-01
8.647226358628865572e-01 8.808475675902165403e-01 8.328118417594129186e-01 8.541138612149348219e-01
8.655611617921323830e-01 8.818814445197658003e-01 8.330710872829268920e-01 8.545971500968183587e-01
8.666020905318857492e-01 8.822729106597160254e-01 8.333699397614220405e-01 8.549156618664808249e-01
8.674984458355621264e-01 8.828692473832975285e-01 8.332259144705810305e-01 8.550214331197169004e-01
8.677297633332852200e-01 8.828521228485688432e-01 8.335787764331415994e-01 8.550701488555122465e-01
8.680044528618311439e-01 8.820705519075903167e-01 8.339784466152256881e-01 8.554361856520584784e-01
8.665587185010625859e-01 8.808622839725563924e-01 8.332331157351230422e-01 8.547969087315101522e-01
8.660816261620088996e-01 8.812657162036964253e-01 8.329270619920858820e-01 8.543048773288518527e-01
8.659659674131474638e-01 8.817169473845682948e-01 8.331214961347213066e-01 8.546524315539563155e-01
8.662261995980857776e-01 8.818293665918536250e-01 8.342845003582629593e-01 8.557187619218072916e-01
8.663418583469472134e-01 8.822812182698941408e-01 8.346625667467206799e-01 8.558923946187475540e-01
8.669635241220778887e-01 8.827433397696214934e-01 8.344429281781879926e-01 8.555832411030759310e-01
8.667032919371394639e-01 8.824898949898278833e-01 8.343889186941226832e-01 8.556356904283631826e-01
8.669056947476470043e-01 8.821766613331333273e-01 8.335463707427024360e-01 8.550204313831964997e-01
8.662840289725166620e-01 8.816288836637695692e-01 8.326858196299270487e-01 8.540734702982202275e-01
8.661972849108706685e-01 8.816650571673263492e-01 8.325561968681699510e-01 8.539830496014036987e-01
8.671803842761931502e-01 8.823310357708045171e-01 8.321457247892729558e-01 8.536356550655816999e-01
8.652141855455477426e-01 8.807920530440502827e-01 8.330926910765530380e-01 8.548471482844852698e-01
8.655467044485246619e-01 8.812441536004602671e-01 8.337696099435060182e-01 8.557140842215965604e-01
8.666165478754932483e-01 8.819955301960855643e-01 8.338740282793658531e-01 8.557284534677178645e-01
8.662117422544781675e-01 8.821730720953180338e-01 8.327434297462634749e-01 8.546965333000686726e-01
8.661539128800475051e-01 8.818506429574441974e-01 8.324409766354972096e-01 8.540578936947502697e-01
8.649684107042170389e-01 8.814410593802688432e-01 8.331106942379081781e-01 8.539906095414143694e-01
8.655033324177017207e-01 8.819191217000614813e-01 8.338272200598425554e-01 8.544342272423993689e-01
8.663707730341627666e-01 8.820274704400504762e-01 8.348714034184402388e-01 8.556205466609667631e-01
8.656768205409938188e-01 8.815175795759193633e-01 8.346481642176365456e-01 8.560253325636710819e-01
8.646937211756712260e-01 8.803553923153505378e-01 8.342484940355526790e-01 8.559413108140008219e-01
8.651274414839017490e-01 8.807310418004000718e-01 8.338488238534685904e-01 8.553946325061816403e-01
8.646069771140251214e-01 8.802818707552700905e-01 8.334167479809453383e-01 8.548548754390083992e-01
8.649828680478248710e-01 8.807347072040830893e-01 8.336615909753752884e-01 8.549875269206677064e-01
8.659225953823244115e-01 8.813891083762135370e-01 8.333087290128147195e-01 8.548959373077555934e-01
8.654599603868785573e-01 8.810176487707853665e-01 8.328802537725623623e-01 8.547293701387566056e-01
8.654888750740938885e-01 8.809823722259252365e-01 8.328586499789363273e-01 8.550507996082650219e-01
8.646648064884557838e-01 8.801875806897367926e-01 8.336975972980855687e-01 8.557896701100726755e-01
8.651997282019402435e-01 8.809927697385905310e-01 8.345509471463189444e-01 8.564976438467210018e-01
8.672382136506238126e-01 8.830116305452844205e-01 8.339172358666180340e-01 8.556255698852581748e-01
8.684670878572771091e-01 8.837588555185341699e-01 8.341836826546742412e-01 8.558291823975214818e-01
8.673538723994853594e-01 8.829999560066927877e-01 8.341728807578610017e-01 8.556103164001730432e-01
8.665587185010626969e-01 8.820224161468981361e-01 8.336183833881229965e-01 8.547000977277036116e-01
8.663996877213779868e-01 8.819349258246208523e-01 8.335103644199921558e-01 8.545641251034403751e-01
8.652286428891556858e-01 8.808381929602526750e-01 8.331863075155997445e-01 8.541002809343307689e-01
8.647370932064942783e-01 8.810002993434069563e-01 8.331250967669923124e-01 8.542143458005331258e-01
8.651563561711171912e-01 8.815284775750520385e-01 8.334455530391137179e-01 8.546415661748218984e-01
8.654599603868785573e-01 8.818324193553148671e-01 8.333087290128146085e-01 8.547993819895154388e-01
8.655177897613093307e-01 8.817834703757589931e-01 8.327650335398895098e-01 8.544272288684646721e-01
8.664430597522011501e-01 8.826664145164642150e-01 8.325868022424738335e-01 8.544252652274031412e-01
8.666310052191010804e-01 8.829351555244693284e-01 8.328046404948709069e-01 8.547196928992955023e-01
8.666888345935318538e-01 8.831274034636868997e-01 8.337264023562538373e-01 8.549706422364619085e-01
8.668044933423931786e-01 8.832007700450928978e-01 8.343673149004964262e-01 8.554195738411453087e-01
8.666454625627088015e-01 8.822207707163407520e-01 8.347597838180383922e-01 8.557568786864155896e-01
8.666743772499240217e-01 8.820246739063716257e-01 8.334059460841323208e-01 8.548785688843296704e-01
8.661972849108704464e-01 8.818874100448971243e-01 8.327650335398896209e-01 8.544180609615028565e-01
8.647370932064941673e-01 8.810438933648165882e-01 8.334239492454875720e-01 8.550087097019363203e-01
8.656623631973860977e-01 8.816723636357689520e-01 8.340108523056648515e-01 8.554917455016812777e-01
8.661249981928320629e-01 8.822112419852587983e-01 8.350622369288047686e-01 8.567053747329056446e-01
8.665153464702396446e-01 8.823768010145773832e-01 8.347381800244123573e-01 8.562094043725587689e-01
8.665731758446703070e-01 8.822771653802753411e-01 8.347345793921412405e-01 8.562713601805173047e-01
8.673683297430929695e-01 8.819978830421685290e-01 8.349992258640617226e-01 8.565659954280644417e-01
8.670358108401161612e-01 8.816481564428619855e-01 8.340288554670201027e-01 8.554198120894661583e-01
8.654744177304861674e-01 8.809926735384172591e-01 8.332907258514594684e-01 8.546338301801365001e-01
8.660093394439705161e-01 8.812681882526436361e-01 8.346625667467206799e-01 8.561185415346144190e-01
8.663418583469473244e-01 8.820485543700089526e-01 8.351018438837860547e-01 8.563629466187115957e-01
8.670068961529009410e-01 8.832708181916038015e-01 8.345221420881505647e-01 8.558965729949674639e-01
8.670502681837237713e-01 8.833661611059986374e-01 8.339532421893285363e-01 8.553807879384235369e-01
8.668044933423931786e-01 8.829247169764252723e-01 8.342646968807723162e-01 8.556904551595894137e-01
8.665731758446703070e-01 8.822090335545069717e-01 8.330710872829267810e-01 8.548453689281493295e-01
8.672237563070162025e-01 8.822691490988929797e-01 8.330602853861137636e-01 8.547253158174286103e-01
8.672671283378392548e-01 8.814674298351816706e-01 8.330134771665904658e-01 8.542894157493778895e-01
8.669056947476471153e-01 8.810230989122975753e-01 8.339784466152255771e-01 8.552581034162999307e-01
8.672382136506238126e-01 8.808991462117722326e-01 8.349110103734215249e-01 8.558895446348685487e-01
8.663996877213780978e-01 8.810346945070319791e-01 8.351558533678513641e-01 8.559856334400206546e-01
8.656479058537784876e-01 8.809209520799519133e-01 8.347201768630572172e-01 8.554933172601246749e-01
8.664141450649859300e-01 8.815575733173564021e-01 8.347669850825805149e-01 8.555663602198322337e-01
8.680044528618311439e-01 8.831353114486254485e-01 8.335175656845341674e-01 8.544483874862498496e-01
8.665876331882780281e-01 8.827994995512075116e-01 8.322357405960486565e-01 8.536529882665673252e-01
8.656189911665630454e-01 8.819407024358014713e-01 8.318432716785068015e-01 8.535865171089127568e-01
8.651418988275094701e-01 8.813585507900398852e-01 8.325129892809177701e-01 8.543210456752807769e-01
8.658358513206783069e-01 8.817307595254103569e-01 8.339532421893285363e-01 8.556124033055375611e-01
8.671370122453699869e-01 8.824913316833618016e-01 8.347453812889544800e-01 8.561367991289403623e-01
8.670358108401162722e-01 8.830067008501352177e-01 8.343025035196180994e-01 8.557086348514759688e-01
8.663707730341626556e-01 8.823487452955760535e-01 8.341548775965059725e-01 8.552031136673198253e-01
8.659804247567552959e-01 8.815914646529019461e-01 8.332583201610201940e-01 8.541861001080520710e-01
8.650985267966864178e-01 8.806787802562534573e-01 8.332979271160014800e-01 8.543287682123847926e-01
8.652431002327632958e-01 8.803603486052440363e-01 8.331575024574315869e-01 8.546482170366747066e-01
8.645852910986135953e-01 8.799765636478611430e-01 8.328406468175810762e-01 8.543729254968649434e-01
8.636961644667408011e-01 8.794256642990765371e-01 8.316308343745162368e-01 8.535289215765272663e-01
8.645346903959867380e-01 8.803480377005628021e-01 8.308134908489931414e-01 8.529806194891373927e-01
8.659081380387168014e-01 8.815993303535714087e-01 8.315012116127591391e-01 8.536771061906910374e-01
8.658647660078937491e-01 8.814826747025885645e-01 8.324517785323102270e-01 8.544787449449371408e-01
8.669490667784700566e-01 8.819196507927300477e-01 8.329306626243568878e-01 8.546832330375265796e-01
8.680622822362619173e-01 8.826028487352266527e-01 8.329702695793381739e-01 8.544649612579587883e-01
8.685538319189232137e-01 8.832483163977276064e-01 8.332223138383099137e-01 8.548067261449203702e-01
8.673972444303084117e-01 8.827997740955346728e-01 8.329594676825250454e-01 8.546724663216376250e-01
8.658647660078937491e-01 8.817802723636026796e-01 8.324157722095999468e-01 8.542590981045437015e-01
8.667032919371395749e-01 8.827502572045671236e-01 8.329306626243567768e-01 8.548664856810238577e-01
8.669346094348625575e-01 8.827254990708811588e-01 8.337624086789640065e-01 8.556156626085733574e-01
8.659225953823244115e-01 8.818921556119247995e-01 8.331250967669923124e-01 8.549564767070295668e-01
8.657491072590322023e-01 8.812972374739703740e-01 8.330566847538428688e-01 8.545944526628255211e-01
8.650406974222555334e-01 8.805943120175283578e-01 8.335247669490762901e-01 8.547800197175844383e-01
8.643033728982636443e-01 8.799641914931952691e-01 8.333951441873191923e-01 8.543619252410175058e-01
8.645491477395943480e-01 8.810191290741898884e-01 8.342196889773844104e-01 8.552745723065945382e-01
8.650696121094710866e-01 8.813276652814221457e-01 8.340720630542722835e-01 8.552595259540783923e-01
8.666743772499241327e-01 8.831590430203719588e-01 8.336903960335435571e-01 8.550811114686145409e-01
8.678020500513237145e-01 8.833946596351842651e-01 8.335211663168051732e-01 8.548468630509363786e-01
8.690164669143691789e-01 8.836104546102597768e-01 8.342845003582629593e-01 8.554905885807183585e-01
8.684092584828464467e-01 8.823281818870913895e-01 8.352422685423559479e-01 8.563884785808877353e-01
8.686261186369614862e-01 8.818160994940091868e-01 8.354799102722437754e-01 8.567843836674684521e-01
