6.794806922176119812e-01 6.866689290033720638e-01 7.060299788642886432e-01 7.217311417910935445e-01
6.808252251731267135e-01 6.865760557589193347e-01 7.072902001591478971e-01 7.227029148471790787e-01
6.802613887724270336e-01 6.852599663467646707e-01 7.077150747671292486e-01 7.227855706473688135e-01
6.799433272130577244e-01 6.848779553296429068e-01 7.078663013225122702e-01 7.225902736488696299e-01
6.793939481559657656e-01 6.855467640101470250e-01 7.080067259810822744e-01 7.223571490220566105e-01
6.793505761251428243e-01 6.853448785376906605e-01 7.086728429512222371e-01 7.230355760183995173e-01
6.791626306582428940e-01 6.858942144013745468e-01 7.083343835177458025e-01 7.228572716912839979e-01
6.799288698694501143e-01 6.872698390714562233e-01 7.091985352627920847e-01 7.235341492428581933e-01
6.808541398603420447e-01 6.883365985946190424e-01 7.092273403209603533e-01 7.235637841797102343e-01
6.815480923535109925e-01 6.893879929807091855e-01 7.091841327337079504e-01 7.233918554034972637e-01
6.820396420361722889e-01 6.903890941970274309e-01 7.086836448480353656e-01 7.227870631115773659e-01
6.827191371857335156e-01 6.915410793634207964e-01 7.089356891070072164e-01 7.232026879879386305e-01
6.828203385909873413e-01 6.922933784068743268e-01 7.090869156623902381e-01 7.231553348885108035e-01
6.832106868683948120e-01 6.931680260625618928e-01 7.093317586568201882e-01 7.237310479952363540e-01
6.820540993797798990e-01 6.924623593389339637e-01 7.089518919522268536e-01 7.237292994226059983e-01
6.806228223626191731e-01 6.914442628860404394e-01 7.081111443169419983e-01 7.226986860495361320e-01
6.799577845566655565e-01 6.917476103894046879e-01 7.073838165981947146e-01 7.219848204194232455e-01
6.804204195521115217e-01 6.940870316773321003e-01 7.078086912061757330e-01 7.222761520186951056e-01
6.802613887724269226e-01 6.945796618981133763e-01 7.077294772962131608e-01 7.220727044144885642e-01
6.807818531423036612e-01 6.955975646514601651e-01 7.074702317726992984e-01 7.219859519214382182e-01
6.810854573580650273e-01 6.958746949724049502e-01 7.074378260822601350e-01 7.218738258302156430e-01
6.816637511023724283e-01 6.970192600753144507e-01 7.077330779284842777e-01 7.223425044783179372e-01
6.815191776662955503e-01 6.972809781548090502e-01 7.089860979588015200e-01 7.232916489863608911e-01
6.824444476571874807e-01 6.986436520593662935e-01 7.103471369572497141e-01 7.239891810138382455e-01
6.823577035955413761e-01 6.983373806337009881e-01 7.106891970229972655e-01 7.240471818008334948e-01
6.816782084459802604e-01 6.970689313810067844e-01 7.097998408520536096e-01 7.232787104968216862e-01
6.821408434414260036e-01 6.977777456442395554e-01 7.094253750958667837e-01 7.231927996353519905e-01
6.836877792074484983e-01 6.990344695236437866e-01 7.092597460113996277e-01 7.231084036153430095e-01
6.852058002862553288e-01 6.998842176079178579e-01 7.096234098707733251e-01 7.236167858628623772e-01
6.847865373216325269e-01 6.990533029238906737e-01 7.091391248303201555e-01 7.229226613961410308e-01
6.848588240396710214e-01 6.995694622537371732e-01 7.090653118687642031e-01 7.224613709752124580e-01
6.847142506035941434e-01 6.994578635146148082e-01 7.096162086062312024e-01 7.224023253135927192e-01
6.846419638855556489e-01 6.986574416279993649e-01 7.100014762592310458e-01 7.224599568304725938e-01
6.852347149734707710e-01 7.001011860831480860e-01 7.099906743624180283e-01 7.217124096459648364e-01
6.852636296606862132e-01 6.999152287857621779e-01 7.096198092385022083e-01 7.210423109002868092e-01
6.845985918547327076e-01 6.986036585894955797e-01 7.094433782572218128e-01 7.203742510784780784e-01
6.830371987451026028e-01 6.976218946005361410e-01 7.088168682420633582e-01 7.193735365930337133e-01
6.815914643843339338e-01 6.962814717807045417e-01 7.079095089097645621e-01 7.180492729211956915e-01
6.809264265783805392e-01 6.961108766135445380e-01 7.082155626528019443e-01 7.176360872566865945e-01
6.809553412655957594e-01 6.963147205833460918e-01 7.086332359962408400e-01 7.178336975628551997e-01
6.795963509664733060e-01 6.948835260510108913e-01 7.085576227185493847e-01 7.174648531166062382e-01
6.777891830155127195e-01 6.940228663601561987e-01 7.087916638161660954e-01 7.173743737345519289e-01
6.767627116193670744e-01 6.951394731251095971e-01 7.093029535986519196e-01 7.169291820198261389e-01
6.769506570862668937e-01 6.958436516823184315e-01 7.103183318990814454e-01 7.171893189266577151e-01
6.765603088088594230e-01 6.955705642193255045e-01 7.113301095672399654e-01 7.179733504517562537e-01
6.782084459801356324e-01 6.973323863062756978e-01 7.117873898656603693e-01 7.182310884890690250e-01
6.788445690988736958e-01 6.986055089568620202e-01 7.130620136896039796e-01 7.196408331216042065e-01
6.791048012838121206e-01 6.990531864940169315e-01 7.131448282318375576e-01 7.191415602087426473e-01
6.785120501958969985e-01 6.979913605462602089e-01 7.136381148529682417e-01 7.193408722000009803e-01
6.782373606673510746e-01 6.977894344929962411e-01 7.135408977816505294e-01 7.184708366284289216e-01
6.780494152004510333e-01 6.981260703031324510e-01 7.135012908266691323e-01 7.178047022579012726e-01
6.791048012838121206e-01 6.980324567500482136e-01 7.135661022075475701e-01 7.175123734223144423e-01
6.798132111205887895e-01 6.987421933364255100e-01 7.138865584796689756e-01 7.176879176833513840e-01
6.804782489265421841e-01 6.997402777686495545e-01 7.152836038008274500e-01 7.196212163820325802e-01
6.815480923535111035e-01 6.999820231731781472e-01 7.156256638665750014e-01 7.206195355446131101e-01
6.822998742211106027e-01 7.014058366637996311e-01 7.159713245645936697e-01 7.215265339825899238e-01
6.820251846925645678e-01 7.014943002455930054e-01 7.150531633354817451e-01 7.208570705302633774e-01
6.808396825167343236e-01 7.005731143918102477e-01 7.154312297239394658e-01 7.209999520480991908e-01
6.812589454813571255e-01 7.003377615762789166e-01 7.168606807355371036e-01 7.223879170565944419e-01
6.833408029608638579e-01 7.023016803622981197e-01 7.186177892837982695e-01 7.232193232828152407e-01
6.842371582645404571e-01 7.032615950150491457e-01 7.195179473515549429e-01 7.238816399746278440e-01
6.853792884095476490e-01 7.038246673817559751e-01 7.192262961376016950e-01 7.233649115981310995e-01
6.851624282554322765e-01 7.031645481432987621e-01 7.194063277511529853e-01 7.236968451819525416e-01
6.851913429426477187e-01 7.034164407565415278e-01 7.186429937096953102e-01 7.233612497553633114e-01
6.864202171493010152e-01 7.040636819630772258e-01 7.197087808619192506e-01 7.244978262021386506e-01
6.877069207303849740e-01 7.050581580526305014e-01 7.207853699109564305e-01 7.256703936018341627e-01
6.892393991527996366e-01 7.057636477352375870e-01 7.212138451512084547e-01 7.259634358030546686e-01
6.904827307030607653e-01 7.072654703544702937e-01 7.213830748679467275e-01 7.258443539311392190e-01
6.912055978834449332e-01 7.087309105679613364e-01 7.212030432543954372e-01 7.256838109826628802e-01
6.908297069496451837e-01 7.084559465923752075e-01 7.207133572655358700e-01 7.252717959294717742e-01
6.898466075843224798e-01 7.075171866776932550e-01 7.193775226929849387e-01 7.237794809146573805e-01
6.884587025979845842e-01 7.067929022437774433e-01 7.178346517648499514e-01 7.222847841823671899e-01
6.889213375934305494e-01 7.078964464412759172e-01 7.165726301538550835e-01 7.211169243027963915e-01
6.883575011927308696e-01 7.073079199865512923e-01 7.155392486920701955e-01 7.202452309845994716e-01
6.887044774393153990e-01 7.062637042346795457e-01 7.149415437350797875e-01 7.194264780944837900e-01
6.888056788445691137e-01 7.048384397869309481e-01 7.150531633354817451e-01 7.196472427583980869e-01
6.888056788445691137e-01 7.039692217783167782e-01 7.150405611225331137e-01 7.196776238565869566e-01
6.887912215009615036e-01 7.026691803544757864e-01 7.150423614386687277e-01 7.197119228604862418e-01
6.886177333776692944e-01 7.012002274542448177e-01 7.151449794583928377e-01 7.203217797460828020e-01
6.876201766687388695e-01 7.011865529907057581e-01 7.156796733506403108e-01 7.209537112618179533e-01
6.856973499689165141e-01 6.998679491546191400e-01 7.159965289904907104e-01 7.209817749711017187e-01
6.856828926253090151e-01 7.005987875350443428e-01 7.169975047618362129e-01 7.219578458127502429e-01
6.854804898148014747e-01 7.018322595661666830e-01 7.180236849590787562e-01 7.229479260362322579e-01
6.855672338764474683e-01 7.023950403188732317e-01 7.184521601993310025e-01 7.236696272367942884e-01
6.866226199598085556e-01 7.034786022725056931e-01 7.184953677865832944e-01 7.235978355930166028e-01
6.880538969769693924e-01 7.056255693829861508e-01 7.192226955053308002e-01 7.242738417863897604e-01
6.893550579016611835e-01 7.063934919512280253e-01 7.187942202650785539e-01 7.235159153369454810e-01
6.897309488354610441e-01 7.063428880731303927e-01 7.188878367041251494e-01 7.232278129024761748e-01
6.900779250820453514e-01 7.066089641775434860e-01 7.194135290156952189e-01 7.236741672444815254e-01
6.890659110295074274e-01 7.052740102128034483e-01 7.185169715802094403e-01 7.227188422154828817e-01
6.877936647920313007e-01 7.039859055271964206e-01 7.202524763348444603e-01 7.245057619088387524e-01
6.863768451184779629e-01 7.026959980212419410e-01 7.212408498932412204e-01 7.253452354191021190e-01
6.862178143387933638e-01 7.013657105059851737e-01 7.222652297743483718e-01 7.258612118767204802e-01
6.869985108936084162e-01 7.026467645950167373e-01 7.232410011197966115e-01 7.263330859549418372e-01
6.876780060431697539e-01 7.030729357960463499e-01 7.242743825815812775e-01 7.268224139920069771e-01
6.876201766687390915e-01 7.020957147496281747e-01 7.240583446453197070e-01 7.263916657306158653e-01
6.874322312018389391e-01 7.018189684990174815e-01 7.236766776245908694e-01 7.260959749131939978e-01
6.887623068137460614e-01 7.035168364785038264e-01 7.237918978572637219e-01 7.262628308736538418e-01
6.890369963422920963e-01 7.031091585306159519e-01 7.232734068102357750e-01 7.260102164381874168e-01
6.896442047738147174e-01 7.042985550744608192e-01 7.226360948982641919e-01 7.257872008463277513e-01
6.888779655626076082e-01 7.037864118888296217e-01 7.234894447464974565e-01 7.266225073557786018e-01
6.886032760340614622e-01 7.030850692781869249e-01 7.235902624500862856e-01 7.264162509391525191e-01
6.895430033685610027e-01 7.031518065094857217e-01 7.234534384237872873e-01 7.262333383517505236e-01
6.903670719541989964e-01 7.042026765943282252e-01 7.225424784592173744e-01 7.252586335356754343e-01
6.898899796151454211e-01 7.039364593263218728e-01 7.217179336691523783e-01 7.248449983488567394e-01
6.902586418771414767e-01 7.047716789539839599e-01 7.212102445189374489e-01 7.241196231754555290e-01
6.890803683731151486e-01 7.034346106270159549e-01 7.209960068988113813e-01 7.242707275190702898e-01
6.886466480648845145e-01 7.031494888349463235e-01 7.207601654850591677e-01 7.240845247318534739e-01
6.880394396333617824e-01 7.025153346196092441e-01 7.194099283834241021e-01 7.236399785406222307e-01
6.888345935317844448e-01 7.024431548933671721e-01 7.197051802296483558e-01 7.244126415284226628e-01
6.890514536858997063e-01 7.023192562645763637e-01 7.198420042559473542e-01 7.238690812347857717e-01
6.896008327429917761e-01 7.028181007388906165e-01 7.202668788639284836e-01 7.237131104164633566e-01
6.893116858708381312e-01 7.024886001085425269e-01 7.212966596934422547e-01 7.245775375413493480e-01
6.892393991527996366e-01 7.024359705910908636e-01 7.209924062665404865e-01 7.245108447625894232e-01
6.884008732235539219e-01 7.031019940928817658e-01 7.215307007910589654e-01 7.250562907873943086e-01
6.881550983822232181e-01 7.032795127427972082e-01 7.217035311400681330e-01 7.255689383434946738e-01
6.867382787086701024e-01 7.033033365146480476e-01 7.211562350348721395e-01 7.254353049205131132e-01
6.869551388627853639e-01 7.038143007162378506e-01 7.207817692786853137e-01 7.251642947105605419e-01
6.870997122988622419e-01 7.040276936478404579e-01 7.213974773970307508e-01 7.257610339023108370e-01
6.870418829244314685e-01 7.041725089272927729e-01 7.198708093141155118e-01 7.245004506582677362e-01
6.865792479289855033e-01 7.026754976127762564e-01 7.191902898148914147e-01 7.232416821263200069e-01
6.870129682372161373e-01 7.023252091580627354e-01 7.188770348073121319e-01 7.230536598929470093e-01
6.885454466596306888e-01 7.040289387965843471e-01 7.184341570379758624e-01 7.224561252648938892e-01
6.880394396333616713e-01 7.036591385345452032e-01 7.187546133100972678e-01 7.225635703908118712e-01
6.875334326070927649e-01 7.035168650553473846e-01 7.190606670531345390e-01 7.226940498345171271e-01
6.873021151093698933e-01 7.026622199551333381e-01 7.188986386009382779e-01 7.227556446135987578e-01
6.862756437132241372e-01 7.009821295324206725e-01 7.184809652574992711e-01 7.229591815130145260e-01
6.862901010568318583e-01 7.008778620255593506e-01 7.185403756899710892e-01 7.233289140921669302e-01
6.866370773034161656e-01 7.013286611059266207e-01 7.193955258543400788e-01 7.240822971396783103e-01
6.871864563605084575e-01 7.022463856592774389e-01 7.201840643216949056e-01 7.241360041220705757e-01
6.876490913559543117e-01 7.025896950365210225e-01 7.209041907759002887e-01 7.237148618125430755e-01
6.881984704130463815e-01 7.027701209008225813e-01 7.210590179635543162e-01 7.237660162036092526e-01
6.888635082189997760e-01 7.038559136453195197e-01 7.211382318735168884e-01 7.239604734543980680e-01
6.888490508753920549e-01 7.030676496548173837e-01 7.214226818229281246e-01 7.239011557440331313e-01
6.880972690077925558e-01 7.017936393245136628e-01 7.211094268153487308e-01 7.238158947841217827e-01
6.892827711836226889e-01 7.030162940587771914e-01 7.221428082771335077e-01 7.248758795163143809e-01
6.903236999233761662e-01 7.039442409647749255e-01 7.220599937348998187e-01 7.248430783048733783e-01
6.898466075843223688e-01 7.037027601770950991e-01 7.215739083783112573e-01 7.241567672382823728e-01
6.890369963422920963e-01 7.028240948457704640e-01 7.217251349336943900e-01 7.245009508153695821e-01
6.881550983822233292e-01 7.021681397969734562e-01 7.216855279787131039e-01 7.238294633851622972e-01
6.881117263514000548e-01 7.026929870836601255e-01 7.227261107050397815e-01 7.251897424980716655e-01
6.883575011927308696e-01 7.027185602451394564e-01 7.227009062791425187e-01 7.255120796688296902e-01
6.886466480648845145e-01 7.033723799051080361e-01 7.223588462133950783e-01 7.252842023567147578e-01
6.887767641573536714e-01 7.036111999547622897e-01 7.221176038512363560e-01 7.252433358936702934e-01
6.895863753993841661e-01 7.044246912685943052e-01 7.221032013221522217e-01 7.253923139532503228e-01
6.895719180557764449e-01 7.044241840173154356e-01 7.213686723388627042e-01 7.242100448519621647e-01
6.887912215009615036e-01 7.042862428598934965e-01 7.211346312412458825e-01 7.238616054817534895e-01
6.886032760340614622e-01 7.041927222904003081e-01 7.212426502093767233e-01 7.242226289746439560e-01
6.886611054084923467e-01 7.043772391356305507e-01 7.215667071137692457e-01 7.248021483859216074e-01
6.871430843296852942e-01 7.030581399375011031e-01 7.219375722376849547e-01 7.253462064600966208e-01
6.863190157440471895e-01 7.026647696359381579e-01 7.213578704420496868e-01 7.251120899368215245e-01
6.875623472943082071e-01 7.037081810379517410e-01 7.221032013221522217e-01 7.259491702439693217e-01
6.884297879107693641e-01 7.037305084155029977e-01 7.219015659149746744e-01 7.257782379637796044e-01
6.891381977475459220e-01 7.041053183573208196e-01 7.210302129053862696e-01 7.246482184531508608e-01
6.880828116641848347e-01 7.032532066509812330e-01 7.209978072149469952e-01 7.244404061395264272e-01
6.876924633867772529e-01 7.026471001501847224e-01 7.212282476802927000e-01 7.249620401624773391e-01
6.881695557258309393e-01 7.031079621880695907e-01 7.213002603257132606e-01 7.247278717352314548e-01
6.890948257167228697e-01 7.034086313043707017e-01 7.206233414587601693e-01 7.236175767163623984e-01
6.898321502407148698e-01 7.036379557358977133e-01 7.213254647516104123e-01 7.239248876550387068e-01
6.885165319724153576e-01 7.028523037158890263e-01 7.208285774982087224e-01 7.234874570518419201e-01
6.884876172852000265e-01 7.029975181130356798e-01 7.199788282822463525e-01 7.225857313472081600e-01
6.888924229062152182e-01 7.029679203066314663e-01 7.202668788639284836e-01 7.229112836567130884e-01
6.895430033685611138e-01 7.036290401494786906e-01 7.199248187981809322e-01 7.230031240755071531e-01
6.894851739941304514e-01 7.036424473051864359e-01 7.196151644228725441e-01 7.225905917358116382e-01
6.885165319724153576e-01 7.021486083724786109e-01 7.194351328093212539e-01 7.225771448233340166e-01
6.886466480648845145e-01 7.020910946181724288e-01 7.193307144734615299e-01 7.225355061475828844e-01
6.889213375934305494e-01 7.024181347909257411e-01 7.190462645240504047e-01 7.223058838901539325e-01
6.869262241755700327e-01 7.008265335996213263e-01 7.186501949742374329e-01 7.215434973266240393e-01
6.869840535500006951e-01 7.006294118000060411e-01 7.199212181659098153e-01 7.222564434350422502e-01
6.878081221356386887e-01 7.022934615624293331e-01 7.210806217571805732e-01 7.235838270582203302e-01
6.876346340123467016e-01 7.030842560590384593e-01 7.224956702396940766e-01 7.252201388243786351e-01
6.874177738582312180e-01 7.037886353613760360e-01 7.228809378926939200e-01 7.259710132237662261e-01
6.873021151093698933e-01 7.034994469036126574e-01 7.217863456823017110e-01 7.247074760913407854e-01
6.874611458890542703e-01 7.029793713483123430e-01 7.207601654850592787e-01 7.237163911409483230e-01
6.878514941664617410e-01 7.036853002487312159e-01 7.197591897137137762e-01 7.227223821950777838e-01
6.870274255808237474e-01 7.023902389552196812e-01 7.205117218583583227e-01 7.234297753378440277e-01
6.858852954358166665e-01 7.014325389928508514e-01 7.202740801284706063e-01 7.234795564846649985e-01
6.859575821538550500e-01 7.010122576807501504e-01 7.201336554699004910e-01 7.237036474563518507e-01
6.857985513741705619e-01 7.013541509732207357e-01 7.211022255508066081e-01 7.246863889151844429e-01
6.852058002862554398e-01 7.000741422715993645e-01 7.214766913069934340e-01 7.247001838176950761e-01
6.852347149734707710e-01 6.990669911675259085e-01 7.206557471491993327e-01 7.239031960209569849e-01
6.867238213650623813e-01 7.011701691315017637e-01 7.209437977308815748e-01 7.247376548256890816e-01
6.876924633867773640e-01 7.020080453091386286e-01 7.210914236539935906e-01 7.249347519573412502e-01
6.887623068137460614e-01 7.037641463216885995e-01 7.213506691775075641e-01 7.249644791873569583e-01
6.891381977475459220e-01 7.039822833769162624e-01 7.212102445189374489e-01 7.249225759922288681e-01
6.884008732235539219e-01 7.041515808181897373e-01 7.212534521061897408e-01 7.245548898110770741e-01
6.885020746288077476e-01 7.043841780005859476e-01 7.216243172301055608e-01 7.245301931598640000e-01
6.894851739941303403e-01 7.045031853741555716e-01 7.217395374627785243e-01 7.248518367649661176e-01
6.885020746288077476e-01 7.036555395735191176e-01 7.220023836185633925e-01 7.249213116158162995e-01
6.884731599415923053e-01 7.042170191789166589e-01 7.222760316711613893e-01 7.252572336969234090e-01
6.886321907212769045e-01 7.048366690539965562e-01 7.222076196580119456e-01 7.250141907444811462e-01
6.885599040032384099e-01 7.050136561548077108e-01 7.226829031177874896e-01 7.251297785395232065e-01
6.874322312018390502e-01 7.042768188870753843e-01 7.221860158643857996e-01 7.243598885329569637e-01
6.877502927612080263e-01 7.046219148567774981e-01 7.217971475791148395e-01 7.238838738941838491e-01
6.888924229062152182e-01 7.057392784067337832e-01 7.208789863500030259e-01 7.228200079247839582e-01
6.889936243114690440e-01 7.047757939879448763e-01 7.208393793950216288e-01 7.226690400627626687e-01
6.890514536858998174e-01 7.034017642822492089e-01 7.204757155356481535e-01 7.224192942831298980e-01
6.900634677384377413e-01 7.041155928465506753e-01 7.199464225918070781e-01 7.224587899736426566e-01
6.903670719541991074e-01 7.049395092091744752e-01 7.195863593647044976e-01 7.223250644041577795e-01
6.894996313377380615e-01 7.052523412923787927e-01 7.199824289145173584e-01 7.230751206573884371e-01
6.887333921265306191e-01 7.057436289838829868e-01 7.203028851866387638e-01 7.235000594792219131e-01
6.882129277566539916e-01 7.052708497587314440e-01 7.199824289145173584e-01 7.235572226989590572e-01
6.872587430785466189e-01 7.043628802119372700e-01 7.193847239575269503e-01 7.229675246394542398e-01
6.869840535500006951e-01 7.033292640381338945e-01 7.201408567344425027e-01 7.234037724633798350e-01
6.865503332417701721e-01 7.023484534473636298e-01 7.205693319746948600e-01 7.235686891765499285e-01
6.877502927612080263e-01 7.034175416077973475e-01 7.205405269165265914e-01 7.232330961910706790e-01
6.890080816550767651e-01 7.043417998088152832e-01 7.199464225918070781e-01 7.234296427203794622e-01
6.894707166505227303e-01 7.051997582479189175e-01 7.203100864511808865e-01 7.240232698073192363e-01
6.890659110295074274e-01 7.045138470697541733e-01 7.213506691775075641e-01 7.248265331826682090e-01
6.890080816550766540e-01 7.046853140356741374e-01 7.218691602245355110e-01 7.250324198676966203e-01
6.880828116641849457e-01 7.038037487566254358e-01 7.213722729711338211e-01 7.245370620199262923e-01
6.882562997874771549e-01 7.036820183490852809e-01 7.196655732746670697e-01 7.236207394889134781e-01
6.877502927612080263e-01 7.036241061562794608e-01 7.199176175336389205e-01 7.239158932247978795e-01
6.871141696424698520e-01 7.032621701050154606e-01 7.198276017268632199e-01 7.236656778692136527e-01
6.866370773034163877e-01 7.029663432373467469e-01 7.204073035224984878e-01 7.241174596518469286e-01
6.864202171493011262e-01 7.020280906591652714e-01 7.206125395619470408e-01 7.242108646987990284e-01
6.867816507394931547e-01 7.026133956263205249e-01 7.212822571643580094e-01 7.244335500718290799e-01
6.875189752634851548e-01 7.026884302380360658e-01 7.202920832898257464e-01 7.230654175047817045e-01
6.880394396333617824e-01 7.037619522840306008e-01 7.197591897137137762e-01 7.227878511550623886e-01
6.891237404039382008e-01 7.048488096656759794e-01 7.195521533581297202e-01 7.230216444787016528e-01
6.896875768046379918e-01 7.056249803585606939e-01 7.193127113121063898e-01 7.228761405382000405e-01
6.894128872760919569e-01 7.055705069877467039e-01 7.197339852878166244e-01 7.229252820173317495e-01
6.893550579016610724e-01 7.051536405120700790e-01 7.199320200627229438e-01 7.232408399442160629e-01
6.904393586722376019e-01 7.064539016276659700e-01 7.203893003611434587e-01 7.237736683068478616e-01
6.898321502407147587e-01 7.059853607333921310e-01 7.207817692786853137e-01 7.240301569851523844e-01
6.887333921265306191e-01 7.041809539416663544e-01 7.211670369316851570e-01 7.243755779698781705e-01
6.888490508753921659e-01 7.033957940426851518e-01 7.211814394607694023e-01 7.245709052596438493e-01
6.881984704130463815e-01 7.021250945678773059e-01 7.202560769671153551e-01 7.236485971423729513e-01
6.880394396333617824e-01 7.012961408148677966e-01 7.197231833910034959e-01 7.230610459364432696e-01
6.877213780739926952e-01 7.014974367768428420e-01 7.194855416611156684e-01 7.230562026944816756e-01
6.865069612109471198e-01 7.001905275381776761e-01 7.196295669519567895e-01 7.230279032681395934e-01
6.860876982463242069e-01 7.013133796134563003e-01 7.198204004623212082e-01 7.235996942143516630e-01
6.870997122988622419e-01 7.023722356073349715e-01 7.209545996276945923e-01 7.245965059160661692e-01
6.890948257167227586e-01 7.041591293584149591e-01 7.211670369316851570e-01 7.246851986299294168e-01
6.889213375934305494e-01 7.039437209600436507e-01 7.214118799261149961e-01 7.246801555417666796e-01
6.881261836950081090e-01 7.032932328759788909e-01 7.212714552675448809e-01 7.242144602384065211e-01
6.874756032326621025e-01 7.028425909762774371e-01 7.202380738057603260e-01 7.229573959480662948e-01
6.876490913559543117e-01 7.029203259036531648e-01 7.197519884491716535e-01 7.230691692915082180e-01
6.872442857349390088e-01 7.019545875556116865e-01 7.191470822276392338e-01 7.232505110219482614e-01
6.871430843296851831e-01 7.013749908362778562e-01 7.194675384997605283e-01 7.240083059660618048e-01
6.874177738582313291e-01 7.011040732219691041e-01 7.197699916105267937e-01 7.243344127703266189e-01
6.886900200957075668e-01 7.020919856093973399e-01 7.200436396631249014e-01 7.245504645567208968e-01
6.884442452543768631e-01 7.017614613476017560e-01 7.199032150045547862e-01 7.243122828283479198e-01
6.886032760340615733e-01 7.019188408850967065e-01 7.207781686464143078e-01 7.247740667452258201e-01
6.889647096242537128e-01 7.031458623530676411e-01 7.209005901436292829e-01 7.244408518283511622e-01
6.893406005580534623e-01 7.032993190731234856e-01 7.202668788639285946e-01 7.232622501948269278e-01
6.897598635226763752e-01 7.042357900893871925e-01 7.207421623237040276e-01 7.234750199722015385e-01
6.893550579016611835e-01 7.037760993230637308e-01 7.205873351360498891e-01 7.237527715881301171e-01
6.876780060431696429e-01 7.022487908072995166e-01 7.194243309125081254e-01 7.234803372588406445e-01
6.884442452543770852e-01 7.026669343263067802e-01 7.195359505129100830e-01 7.237684714493828331e-01
6.888201361881768348e-01 7.031921282498795334e-01 7.192983087830222555e-01 7.236615533634973563e-01
6.889502522806458806e-01 7.030647298480722229e-01 7.200544415599379189e-01 7.239315853243333265e-01
6.892972285272302990e-01 7.038831930503045564e-01 7.214622887779094107e-01 7.249522208748324648e-01
6.895863753993841661e-01 7.057331854852348929e-01 7.221680127030305485e-01 7.258683369002331132e-01
6.880972690077925558e-01 7.057476028238796051e-01 7.218979652827035576e-01 7.253202449182234446e-01
6.873310297965851134e-01 7.053650982317249962e-01 7.217107324046102557e-01 7.253421587803452475e-01
6.878514941664617410e-01 7.035800241100969021e-01 7.205189231229003344e-01 7.245167243267780499e-01
6.889068802498229394e-01 7.035096409136731843e-01 7.205513288133396088e-01 7.244702232245782136e-01
6.901935838309068982e-01 7.037532343339059082e-01 7.209473983631525806e-01 7.246807043616199095e-01
6.890514536858998174e-01 7.030341002415829710e-01 7.203604953029751901e-01 7.243337683957706830e-01
6.879960676025387301e-01 7.020248591836699692e-01 7.206593477814703386e-01 7.242744879228204535e-01
6.888779655626076082e-01 7.025466201154199064e-01 7.208357787627508451e-01 7.241988717940802678e-01
6.891526550911535320e-01 7.040045383058879391e-01 7.228089252472734705e-01 7.258587266833386176e-01
6.893695152452687935e-01 7.042776868651070554e-01 7.233094131329461662e-01 7.266342561150036516e-01
6.889791669678613228e-01 7.036504180961888899e-01 7.227837208213763187e-01 7.266032613077619828e-01
6.892249418091920266e-01 7.030827922965070531e-01 7.223264405229558038e-01 7.263428272618503989e-01
6.893695152452689046e-01 7.036991646995428562e-01 7.231797903711891795e-01 7.266658586859191526e-01
6.901212971128685147e-01 7.051953931566998790e-01 7.230249631835351520e-01 7.262429211096697035e-01
6.904827307030606542e-01 7.054786487487322288e-01 7.228485322022547566e-01 7.258519972834943657e-01
6.900200957076146890e-01 7.051947489628538346e-01 7.224380601233575394e-01 7.257199397269094021e-01
6.892393991527996366e-01 7.050041482140153581e-01 7.227225100727687757e-01 7.264115182810400029e-01
6.883141291619079283e-01 7.032629651942048365e-01 7.224452613878997731e-01 7.262764798276472034e-01
6.890803683731150375e-01 7.041253537093616899e-01 7.216063140687504207e-01 7.257714058506591348e-01
6.895719180557764449e-01 7.046695083746669086e-01 7.214406849842831537e-01 7.250797389122827230e-01
6.894128872760919569e-01 7.043613828093364670e-01 7.209942065826759894e-01 7.245887610167141002e-01
6.902803278925531139e-01 7.048274547675195123e-01 7.218943646504325518e-01 7.250120708688987392e-01
6.903815292978068285e-01 7.046410392050717064e-01 7.228089252472733595e-01 7.256150479105667461e-01
6.907863349188220203e-01 7.039865082587847267e-01 7.228953404217781653e-01 7.258710864660200546e-01
6.901646691436915670e-01 7.043765499069042368e-01 7.226901043823295012e-01 7.258141640094145641e-01
6.890948257167228697e-01 7.037085842340253805e-01 7.212354489448347117e-01 7.244710195933861119e-01
6.879382382281079567e-01 7.028708130231547946e-01 7.197915954041529396e-01 7.234158154482266401e-01
6.871864563605083465e-01 7.025703223952419751e-01 7.206935537880452269e-01 7.241697498045227555e-01
6.870852549552546318e-01 7.021053555667451374e-01 7.207817692786852026e-01 7.243802872220330702e-01
6.872153710477237887e-01 7.032426967372723547e-01 7.206269420910311752e-01 7.241650348662891368e-01
6.886755627520998457e-01 7.046869188840716447e-01 7.207061560009937473e-01 7.244239096892692853e-01
6.895719180557764449e-01 7.052738313250421776e-01 7.209690021567787266e-01 7.244888425530089382e-01
6.900634677384377413e-01 7.050325189356119182e-01 7.213110622225262780e-01 7.244488844534595628e-01
6.908441642932527937e-01 7.052157478138114666e-01 7.217899463145728278e-01 7.244556131966035650e-01
6.906128467955297001e-01 7.050914233547295185e-01 7.223840506392923411e-01 7.249984365219490634e-01
6.898321502407147587e-01 7.047470783838867270e-01 7.229889568608246497e-01 7.259613432146589940e-01
6.893839725888764036e-01 7.053256677359939220e-01 7.223840506392922300e-01 7.256011984370998036e-01
6.894996313377380615e-01 7.056032812099752860e-01 7.223948525361052475e-01 7.257771594383765068e-01
6.905694747647067588e-01 7.062889661662999918e-01 7.223264405229558038e-01 7.259687827317542475e-01
6.904682733594529331e-01 7.058669472835112924e-01 7.220275880444606553e-01 7.259849246457674710e-01
6.905550174210990377e-01 7.067622893686341667e-01 7.222580285098063602e-01 7.261146921223715633e-01
6.893695152452689046e-01 7.052661496726206902e-01 7.220815975285260757e-01 7.259047283790067695e-01
6.896297474302071073e-01 7.047679024932731462e-01 7.210644189119608249e-01 7.248245292008763663e-01
6.902658705489455038e-01 7.046764059952672632e-01 7.208789863500031370e-01 7.245015560290108958e-01
6.902080411745146193e-01 7.052693456514173009e-01 7.215775090105822631e-01 7.248513501710367457e-01
6.907574202316064671e-01 7.058206556227164530e-01 7.219267703408718262e-01 7.253683502226959678e-01
