8.273937746678424743e-01 8.567115572185216577e-01 8.513839030133691921e-01 8.693311391140569055e-01
8.279286963813269340e-01 8.573058100809757276e-01 8.526153192500602884e-01 8.703255778819007915e-01
8.299238097991874508e-01 8.585358714645869860e-01 8.545416575150597271e-01 8.720020835312957130e-01
8.319767525914789630e-01 8.601058376374783876e-01 8.566984362454046487e-01 8.737612866165287429e-01
8.343766716303547826e-01 8.614538203749467771e-01 8.580702771406658602e-01 8.749753947925479336e-01
8.372536830082839554e-01 8.634493573522092902e-01 8.595861433267680818e-01 8.765785644212458205e-01
8.392921684569676355e-01 8.648943780702630368e-01 8.608931728411509665e-01 8.779357280805568653e-01
8.419089476499589386e-01 8.666944564519465377e-01 8.629347313388231466e-01 8.797417666361504462e-01
8.443956107504806408e-01 8.683335274980035212e-01 8.654479726639997539e-01 8.817328347991639781e-01
8.473159941592331990e-01 8.702021289529129344e-01 8.679252076664661919e-01 8.839299792609294215e-01
8.491809914846246699e-01 8.711306807441343558e-01 8.703268293912411746e-01 8.859779305109711789e-01
8.519857161445156812e-01 8.731790147752758191e-01 8.722567682885113971e-01 8.881229038235400886e-01
8.547181540863680871e-01 8.748283431402609223e-01 8.744531539738378267e-01 8.902384337680353532e-01
8.573204759357515581e-01 8.763447100785293209e-01 8.765919295428277191e-01 8.923097689697935264e-01
8.601685726264656218e-01 8.783366138408296164e-01 8.785074659110139184e-01 8.939201969471499698e-01
8.632479868149026681e-01 8.807450613175324960e-01 8.803113826787982710e-01 8.954352886963641289e-01
8.656479058537784876e-01 8.823560839510682374e-01 8.817840412776484227e-01 8.967124103078497610e-01
8.680622822362619173e-01 8.844582960252168613e-01 8.834403321223206484e-01 8.980558609621849264e-01
8.706067747112145039e-01 8.866866482484099254e-01 8.846177388749465464e-01 8.992137441857588342e-01
8.704043719007070745e-01 8.861220123260108439e-01 8.848589812371052687e-01 8.995279745258577542e-01
8.715609593893218765e-01 8.867488550518353163e-01 8.857735418339460765e-01 9.007014202552602322e-01
8.726163454726827418e-01 8.875797960691141908e-01 8.870481656578895757e-01 9.019128802259893662e-01
8.743078546747821145e-01 8.890248532898008538e-01 8.882111698814312284e-01 9.030467760258900078e-01
8.750162645115586724e-01 8.893230023764573389e-01 8.891113279491877908e-01 9.037038079596206863e-01
8.749873498243432302e-01 8.887073543502848061e-01 8.896514227898417726e-01 9.038584732838943481e-01
8.751463806040278293e-01 8.886097739445819599e-01 8.898638600938324483e-01 9.040283795626996577e-01
8.754499848197891954e-01 8.888207882798490056e-01 8.905695840189535861e-01 9.048281729174094679e-01
8.748138617010511320e-01 8.884747664408747525e-01 8.913869275444767926e-01 9.055715160481895287e-01
8.740187078026284695e-01 8.877330136574285158e-01 8.924131077417194469e-01 9.066098627459748815e-01
8.733970420274979052e-01 8.871266633005645552e-01 8.925031235484950365e-01 9.069631859661664297e-01
8.734693287455362887e-01 8.870090899156575226e-01 8.924347115353457038e-01 9.070245586259557680e-01
8.724717720366060858e-01 8.859218786062436068e-01 8.929135956273921426e-01 9.075874237178011006e-01
8.717489048562216958e-01 8.852865657873709715e-01 8.927695703365510216e-01 9.075856821559850074e-01
8.699706515924763295e-01 8.841651133092084391e-01 8.920890508373271466e-01 9.069880828220288072e-01
8.676863913024621677e-01 8.826388984657793646e-01 8.911672889759442162e-01 9.063328203959463147e-01
8.662984863161242721e-01 8.820475822308574410e-01 8.908360308070096822e-01 9.060440222106764807e-01
8.651852708583324114e-01 8.812703348159680594e-01 8.902671309081875428e-01 9.057246178640211420e-01
8.638407379028179012e-01 8.801698535050781480e-01 8.898278537711222791e-01 9.054825653926158457e-01
8.638985672772485636e-01 8.796721103868934133e-01 8.897810455515988703e-01 9.054770110035679220e-01
8.622793447931875743e-01 8.782101890399370836e-01 8.900402910751128438e-01 9.055319286286319658e-01
8.614841908947650229e-01 8.775565119583588203e-01 8.896838284802812691e-01 9.053219856749845640e-01
8.631034133788257900e-01 8.783844258474344802e-01 8.896514227898419946e-01 9.055182709663005536e-01
8.632913588457256093e-01 8.785370507662914052e-01 8.887512647220852102e-01 9.048914042942661773e-01
8.618600818285648835e-01 8.772846822816272594e-01 8.874334333108893080e-01 9.042052446634829543e-01
8.632913588457258314e-01 8.782583040202933677e-01 8.875270497499361255e-01 9.042758638698462637e-01
8.631612427532565635e-01 8.782400412314257387e-01 8.867997220311887308e-01 9.038038798667117346e-01
8.633202735329410515e-01 8.783858409126638067e-01 8.858815608020768062e-01 9.032880526318113334e-01
8.632624441585103892e-01 8.783875302851952283e-01 8.856403184399179729e-01 9.031155774216441667e-01
8.612962454278650926e-01 8.765305882335882037e-01 8.847257578430773872e-01 9.029905831107855052e-01
8.605589209038730925e-01 8.761599621344673405e-01 8.843008832350960358e-01 9.026541288150086162e-01
8.586360942040509592e-01 8.749488336765802732e-01 8.836635713231244527e-01 9.021795482254890697e-01
8.579710563980973426e-01 8.748023494851284720e-01 8.834835397095730514e-01 9.018030626666253546e-01
8.593445040408276281e-01 8.757863239942550448e-01 8.839480212725354669e-01 9.017910455049416019e-01
8.608191530888115173e-01 8.770022563624235712e-01 8.845745312876940325e-01 9.018857431764586430e-01
8.606312076219115870e-01 8.766322029338651234e-01 8.847005534171801244e-01 9.020678167313052054e-01
8.595324495077274474e-01 8.757179257205558454e-01 8.842396724864887148e-01 9.015752860686451209e-01
8.587806676401279482e-01 8.750640650280985255e-01 8.840092320211427879e-01 9.015768795793716039e-01
8.582602032702510986e-01 8.748853545800316933e-01 8.835087441354700921e-01 9.010254511407530531e-01
8.585348927987971335e-01 8.751258306639865259e-01 8.826013848031714071e-01 9.002197811674523820e-01
8.590119851378508198e-01 8.752143486318227916e-01 8.815662030252512382e-01 8.993236438109685205e-01
8.596047362257658309e-01 8.754278864821019024e-01 8.814095755214614858e-01 8.993624214466153788e-01
8.579132270236666802e-01 8.738430356556063927e-01 8.806642446413590619e-01 8.988018594963460561e-01
8.567710968786594883e-01 8.730984891262324465e-01 8.803905965887608431e-01 8.982401882927124603e-01
8.560482296982752093e-01 8.727263755524334865e-01 8.810531129266298001e-01 8.985960361919262951e-01
8.564530353192904011e-01 8.735847119571807928e-01 8.812403458047232130e-01 8.988113294441812950e-01
8.575517934334745407e-01 8.742492997853861247e-01 8.817840412776483117e-01 8.995157006664140642e-01
8.576096228079052031e-01 8.745332755664906310e-01 8.820072804784521159e-01 8.999623515835557530e-01
8.578698549928436279e-01 8.750096530171976861e-01 8.817012267354147337e-01 8.999443936942067568e-01
8.593734187280428483e-01 8.765559646894336421e-01 8.817156292644989790e-01 8.994259072871744198e-01
8.596914802874120465e-01 8.765363820209446377e-01 8.813087578178728787e-01 8.991328574494209525e-01
8.584192340499356977e-01 8.750455682851980832e-01 8.803401877369665396e-01 8.985494041759540806e-01
8.585638074860125757e-01 8.748270647574258874e-01 8.801853605493125121e-01 8.985995244431028706e-01
8.593300466972197960e-01 8.750138752813475529e-01 8.800701403166395487e-01 8.987984117517365812e-01
8.586360942040508482e-01 8.745657934795579846e-01 8.812439464369943298e-01 8.996039549267981217e-01
8.583469473318972032e-01 8.742971126128982196e-01 8.819784754202837362e-01 8.999162441447328131e-01
8.588963263889892730e-01 8.752077340648477533e-01 8.823853468669098365e-01 8.999675020546057391e-01
8.587083809220894537e-01 8.753945095253610198e-01 8.815283963864054551e-01 8.990807763003210162e-01
8.570168717199901920e-01 8.742470900979448789e-01 8.807398579190506283e-01 8.984389245918917855e-01
8.572626465613208957e-01 8.744781342838567895e-01 8.806966503317982253e-01 8.987277980408912015e-01
8.584770634243663601e-01 8.753668545467954143e-01 8.804968152407561810e-01 8.990444534226202933e-01
8.594457054460812317e-01 8.760038150090209141e-01 8.804626092341815147e-01 8.991486217389419444e-01
8.580722578033512793e-01 8.748974405273145516e-01 8.798721055417331183e-01 8.987601329762696656e-01
8.562361751651752506e-01 8.733644974528808058e-01 8.793356113333502533e-01 8.981908531647542215e-01
8.576385374951205343e-01 8.742644343939975915e-01 8.799477188194246846e-01 8.983162979441666751e-01
8.583180326446817610e-01 8.752025647365202499e-01 8.795012404178172982e-01 8.979561786694667536e-01
8.571036157816362966e-01 8.743979335252272111e-01 8.789359411512660536e-01 8.975301176260377378e-01
8.578120256184129655e-01 8.748157403412469835e-01 8.786154848791447591e-01 8.976475803602526060e-01
8.561349737599213139e-01 8.735088949734148844e-01 8.781834090066216181e-01 8.972155501767939967e-01
8.565253220373288956e-01 8.736823212289056562e-01 8.796200612827612675e-01 8.980797266850877314e-01
8.559904003238445469e-01 8.733410098452141224e-01 8.806714459059011846e-01 8.987696105544367153e-01
8.563373765704289653e-01 8.737471242029675178e-01 8.819676735234707188e-01 9.000020623569471301e-01
8.573927626537899416e-01 8.747537407221777084e-01 8.829758505593582329e-01 9.006170024837892862e-01
8.579565990544897325e-01 8.747903464331381329e-01 8.825149696286668233e-01 8.999416830725428529e-01
8.577831109311975233e-01 8.751717221311469119e-01 8.817264311613119965e-01 8.993095558754117258e-01
8.575373360898669306e-01 8.752191012342818155e-01 8.812583489660782421e-01 8.989674697276777149e-01
8.571180731252439067e-01 8.747554898863154627e-01 8.811071224106953315e-01 8.988966561144029477e-01
8.562940045396058020e-01 8.737425863367314083e-01 8.808550781517234807e-01 8.991291871757483012e-01
8.552964478306757101e-01 8.724470993595219159e-01 8.804914142923496723e-01 8.990849499938454725e-01
8.557157107952985120e-01 8.726043397616791708e-01 8.802681750915460901e-01 8.991992071120632479e-01
8.566698954734057736e-01 8.735554142930654908e-01 8.799189137612564160e-01 8.985710763104493015e-01
8.557590828261214533e-01 8.729701699659310199e-01 8.805634269377702328e-01 8.986485926447075334e-01
8.561638884471366451e-01 8.734332966043630853e-01 8.810783173525270628e-01 8.990952449948499403e-01
8.553687345487142046e-01 8.732665735150336728e-01 8.814815881668820463e-01 8.992667410444599163e-01
8.563662912576444075e-01 8.745212341000976330e-01 8.821981139888164236e-01 8.997251602885836252e-01
8.580288857725282270e-01 8.756622561214276734e-01 8.824321550864331343e-01 9.001248451364489700e-01
8.585782648296201858e-01 8.758193406815754090e-01 8.824825639382275488e-01 9.001119822845048413e-01
8.584336913935433078e-01 8.754040843482204792e-01 8.821008969174986003e-01 8.996963302543707908e-01
8.585493501424048546e-01 8.752790584046864497e-01 8.821585070338351375e-01 8.997912429757704000e-01
8.574939640590438783e-01 8.744920323596463430e-01 8.822557241051529608e-01 8.998056924199353546e-01
8.575373360898668196e-01 8.745039309585067588e-01 8.814095755214614858e-01 8.991967385344733499e-01
8.561349737599213139e-01 8.732445505792925111e-01 8.808118705644710777e-01 8.987944775007861153e-01
8.570891584380285755e-01 8.740496404177240386e-01 8.802213668720226813e-01 8.985036709823756018e-01
8.592143879483583602e-01 8.758896566178560050e-01 8.810369100814103849e-01 8.990107346723854587e-01
8.591276438867123666e-01 8.759908923055689245e-01 8.820540886979754136e-01 8.996190435618455217e-01
8.573927626537899416e-01 8.745957223558227245e-01 8.823385386473864278e-01 8.998315172018862551e-01
8.544579219014297733e-01 8.719247868878539087e-01 8.813411635083121531e-01 8.991277923630405233e-01
8.533591637872457447e-01 8.710450486893439592e-01 8.800017283034901050e-01 8.981713171628560310e-01
8.540675736240221916e-01 8.715074360350155702e-01 8.806750465381720794e-01 8.987148934591611127e-01
8.558313695441600588e-01 8.729973722717760953e-01 8.814419812119007602e-01 8.995896174054613947e-01
8.568000115658748195e-01 8.739332219721487327e-01 8.818596545553398780e-01 8.995780651318198151e-01
8.568289262530902617e-01 8.741820063043110878e-01 8.816904248386017162e-01 8.994160774837913763e-01
8.584047767063280876e-01 8.752211624956764968e-01 8.819748747880128414e-01 8.991410587634086626e-01
8.582891179574664298e-01 8.749238858501866556e-01 8.816760223095174709e-01 8.989957351430168941e-01
8.582746606138588197e-01 8.746573736212898131e-01 8.808442762549102412e-01 8.986924284177408850e-01
8.590842718558890923e-01 8.752349429860589725e-01 8.799837251421349649e-01 8.984103734268429342e-01
8.584770634243664711e-01 8.749777526536655081e-01 8.793212088042660080e-01 8.980234459481311049e-01
8.576674521823359765e-01 8.745893476769758257e-01 8.803509896337795571e-01 8.987176018882661044e-01
8.574795067154360462e-01 8.743844005814144227e-01 8.814527831087137777e-01 8.995036919010773735e-01
8.579565990544897325e-01 8.748750091101202830e-01 8.820900950206856939e-01 9.000567316626022496e-01
8.576963668695514187e-01 8.743178303019027986e-01 8.822413215760688265e-01 9.002276367123771550e-01
8.572192745304978434e-01 8.741081428618416860e-01 8.816580191481623308e-01 8.997778708075978571e-01
8.563229192268213552e-01 8.737812461447016510e-01 8.813231603469567910e-01 8.997658107156558671e-01
8.554988506411831395e-01 8.735204116954853326e-01 8.815355976509473557e-01 8.999987577542811756e-01
8.564674926628981222e-01 8.746686411279499529e-01 8.818236482326297088e-01 9.002203856065169596e-01
8.579999710853128958e-01 8.758668330808502267e-01 8.821441045047508922e-01 8.999253620601586068e-01
8.580578004597434472e-01 8.752743306406766122e-01 8.823565418087415679e-01 8.999894180262364429e-01
8.570313290635979131e-01 8.739227725966987048e-01 8.816004090318260156e-01 8.995465207495687565e-01
8.564096632884674598e-01 8.732962456065180845e-01 8.811935375852000263e-01 8.996605422121772833e-01
8.562940045396059130e-01 8.727699920372626874e-01 8.816832235740597046e-01 8.999495597839759498e-01
8.554843932975755294e-01 8.723581253858087026e-01 8.810567135589009169e-01 8.992357786528213381e-01
8.550940450201680587e-01 8.726261018974696970e-01 8.804230022792001176e-01 8.983761881959935192e-01
8.548482701788373550e-01 8.726050180294994130e-01 8.806930496995271085e-01 8.984761069207384265e-01
8.559470282930212726e-01 8.735694703188494614e-01 8.804572082857750059e-01 8.985681795189773835e-01
8.571325304688515168e-01 8.745029198846786533e-01 8.807794648740319143e-01 8.990339445840198618e-01
8.583614046755049243e-01 8.750768204947082518e-01 8.810063047071065023e-01 8.993263429552175170e-01
8.578698549928436279e-01 8.747833555951081141e-01 8.812871540242466217e-01 8.993843797810354701e-01
8.570168717199900810e-01 8.740288687740327411e-01 8.802645744592749733e-01 8.988300714895276489e-01
8.557301681389061221e-01 8.730779520369118529e-01 8.794724353596492517e-01 8.979175933575995749e-01
8.551229597073832789e-01 8.725902695407078413e-01 8.793608157592472940e-01 8.976870415506380541e-01
8.562506325087827497e-01 8.732470443781115144e-01 8.797856903672285345e-01 8.980580685522872031e-01
8.586071795168355170e-01 8.751460237313979373e-01 8.804878136600786664e-01 8.985785246131477999e-01
8.586071795168356280e-01 8.753996762559395073e-01 8.812439464369943298e-01 8.990530621346912721e-01
8.580578004597434472e-01 8.749558982149829856e-01 8.814527831087138887e-01 8.990702746466484596e-01
8.571759024996745691e-01 8.744532649493186316e-01 8.810531129266299111e-01 8.989340843129137726e-01
8.579710563980975646e-01 8.744733293539341812e-01 8.815067925927790871e-01 8.995814314542718293e-01
8.569156703147364773e-01 8.734791980228744368e-01 8.813771698310224334e-01 8.995217186433249745e-01
8.568867556275209241e-01 8.735405095062399594e-01 8.815211951218634434e-01 8.995325197534191908e-01
8.559614856366291047e-01 8.729452998700626409e-01 8.812475470692653357e-01 8.992825557865794517e-01
8.552386184562448257e-01 8.724832449706623194e-01 8.805886313636673846e-01 8.987363901009531864e-01
8.558458268877676689e-01 8.731779124941074777e-01 8.805580259893638351e-01 8.988975597530002304e-01
8.583469473318972032e-01 8.752505210595459273e-01 8.808946851067046557e-01 8.990621475236922899e-01
8.586650088912662904e-01 8.753645364450881594e-01 8.808730813130785098e-01 8.987026818800251116e-01
8.583614046755048133e-01 8.750716394725914782e-01 8.811539306302187402e-01 8.987480851095641654e-01
8.573927626537900526e-01 8.742997798021704403e-01 8.815752046059288638e-01 8.993599810393533289e-01
8.568433835966978718e-01 8.738322205975483925e-01 8.805778294668543671e-01 8.987341575703042817e-01
8.567566395350518782e-01 8.738909558089236196e-01 8.801421529620601092e-01 8.984457795676537017e-01
8.555133079847908606e-01 8.732325481121825383e-01 8.795120423146304267e-01 8.979202618547416082e-01
8.557879975133368955e-01 8.732382755829835030e-01 8.799333162903404393e-01 8.983972607434780322e-01
8.564819500065057323e-01 8.737688810759902669e-01 8.817660381162931715e-01 8.997505687301186050e-01
8.566988101606209938e-01 8.739473802516342094e-01 8.819748747880127304e-01 8.997290107280256910e-01
8.594746201332967850e-01 8.759100354587530113e-01 8.815716039736578580e-01 8.993225573783014681e-01
8.601541152828580117e-01 8.764787808411933501e-01 8.817156292644988680e-01 8.992564990967616412e-01
8.606167502783039769e-01 8.769508127980522039e-01 8.816796229417885877e-01 8.995838878802147054e-01
8.592722173227890226e-01 8.760855796389692696e-01 8.816508178836203191e-01 8.994980157204184312e-01
8.564819500065057323e-01 8.742745676776451091e-01 8.816364153545361848e-01 8.994705391688674334e-01
8.568722982839134250e-01 8.746009218316278533e-01 8.815932077672838929e-01 8.997031662712431377e-01
8.568000115658748195e-01 8.745110083544865853e-01 8.818956608780502693e-01 8.997365301662876291e-01
8.572048171868901223e-01 8.745792550424078549e-01 8.818884596135081466e-01 8.998491416723071179e-01
8.584481487371510289e-01 8.754461363535208651e-01 8.823745449700967081e-01 9.003773114885977868e-01
8.579276843672744013e-01 8.751393519678375421e-01 8.816508178836204301e-01 8.996380636587388846e-01
8.585204354551895234e-01 8.753425232546290236e-01 8.822341203115267039e-01 9.001429369399573943e-01
8.575517934334745407e-01 8.745548221754286811e-01 8.821873120920034061e-01 8.998292216034166069e-01
8.574939640590437673e-01 8.745577431268083402e-01 8.820504880657042968e-01 8.997618999247685156e-01
8.579276843672744013e-01 8.751236799838927327e-01 8.819640728911997130e-01 8.997368773886342819e-01
8.595179921641198373e-01 8.765056383949019203e-01 8.820828937561436822e-01 9.000336861176790881e-01
8.615131055819803541e-01 8.783137597181862599e-01 8.818740570844241233e-01 9.001860506171075471e-01
8.613251601150804238e-01 8.777325603238874674e-01 8.820252836398070340e-01 9.002386971282066996e-01
8.603565180933655521e-01 8.769708456087144111e-01 8.822521234728819550e-01 9.003515829789539016e-01
8.595469068513351685e-01 8.759227407444863944e-01 8.818128463358164693e-01 9.001944126175988048e-01
8.592722173227891336e-01 8.752520622966855068e-01 8.822701266342369841e-01 9.004034833762046830e-01
8.590987291994969244e-01 8.751122895577525540e-01 8.816580191481622197e-01 8.999004115547474258e-01
8.589396984198123253e-01 8.752606550912827021e-01 8.814995913282372975e-01 8.998116948823358108e-01
8.591710159175353079e-01 8.757373729563986409e-01 8.811431287334055007e-01 8.995318250744682720e-01
8.595179921641198373e-01 8.762116335693498348e-01 8.813663679342091939e-01 8.999932335196989541e-01
8.581156298341742206e-01 8.749525678121834460e-01 8.813051571856017619e-01 8.997622782749078452e-01
8.574939640590437673e-01 8.744173282826294136e-01 8.810567135589009169e-01 8.995963788566404551e-01
8.583614046755048133e-01 8.751261265161499603e-01 8.816904248386017162e-01 9.001773675657244178e-01
8.585059781115816913e-01 8.755055903502902970e-01 8.825257715254799518e-01 9.006617411306929721e-01
8.594312481024737327e-01 8.761835001663602629e-01 8.823853468669098365e-01 9.005731033723266554e-01
8.594312481024736217e-01 8.755396101549649535e-01 8.814239780505457311e-01 8.997893912588013077e-01
8.594167907588659006e-01 8.757579527701810918e-01 8.813123584501436625e-01 8.996655853301549488e-01
8.591565585739275868e-01 8.757717486048279820e-01 8.823205354860312877e-01 9.006214156591683118e-01
8.609203544940651209e-01 8.772414675461045475e-01 8.830046556175263905e-01 9.013684407004198818e-01
8.610070985557113366e-01 8.772465074245401340e-01 8.832494986119562297e-01 9.013427726143146135e-01
8.607468663707730228e-01 8.771225034426174405e-01 8.831054733211152197e-01 9.008491507127402986e-01
8.604432621550116567e-01 8.768053819068855059e-01 8.822341203115267039e-01 9.003325796934406045e-01
8.601541152828580117e-01 8.771423846142322178e-01 8.821801108274611725e-01 9.004939228359718495e-01
8.583469473318972032e-01 8.758482939482423735e-01 8.820072804784518938e-01 9.001614877251191693e-01
8.572915612485362269e-01 8.752492961517150949e-01 8.823277367505732993e-01 8.999225152410066375e-01
8.576674521823359765e-01 8.754603317605496038e-01 8.825293721577509576e-01 9.000672089329099235e-01
8.579999710853126738e-01 8.749784244786403820e-01 8.821008969174987113e-01 8.997648280649011010e-01
8.580433431161358371e-01 8.747146474807767635e-01 8.818200476003584809e-01 8.994581936298375879e-01
8.581445445213896628e-01 8.746778991200806486e-01 8.815103932250504259e-01 8.997363572540746368e-01
8.587083809220892316e-01 8.747230324600651086e-01 8.816796229417884767e-01 9.000151330204373412e-01
8.582746606138588197e-01 8.745510679935523113e-01 8.818272488649007146e-01 9.001399757904710031e-01
8.575373360898668196e-01 8.743011984727409036e-01 8.815319970186763499e-01 9.000511068808225712e-01
8.584481487371510289e-01 8.752361506426620252e-01 8.814095755214615968e-01 8.994940909197512990e-01
8.588963263889891619e-01 8.755268086487854040e-01 8.820288842720780398e-01 8.998944889362686661e-01
8.589252410762046042e-01 8.756228247369883810e-01 8.822053152533584353e-01 8.999065630068406874e-01
8.594890774769043951e-01 8.760447796176440427e-01 8.822701266342369841e-01 9.002648097522387705e-01
8.613107027714727026e-01 8.771374654163701656e-01 8.823493405441995563e-01 9.003187636858593912e-01
8.601252005956423474e-01 8.759786226691217426e-01 8.824555591961948942e-01 9.006022163396369962e-01
8.586794662348740115e-01 8.747945557370320202e-01 8.820612899625175363e-01 9.000733640834321925e-01
8.580144284289205059e-01 8.744671746606864637e-01 8.820972962852275945e-01 9.000423063753774100e-01
8.588095823273432794e-01 8.750334179166345816e-01 8.824897652027695605e-01 9.007098700761279053e-01
8.589975277942430987e-01 8.757261820266107888e-01 8.822089158856294411e-01 9.005754123771726460e-01
8.595324495077274474e-01 8.761951782960621937e-01 8.817192298967698738e-01 9.001068642861370650e-01
8.603565180933654410e-01 8.771333496415174569e-01 8.817912425421903233e-01 9.000532179257976217e-01
8.620769419826800339e-01 8.782196335406469156e-01 8.820504880657042968e-01 9.000739636323369375e-01
8.612673307406497614e-01 8.776077376962531096e-01 8.821621076661061434e-01 9.002484787381149767e-01
8.602119446572886741e-01 8.763830046403315865e-01 8.819784754202838473e-01 9.003318647912554873e-01
8.589252410762046042e-01 8.755440435926390430e-01 8.816544185158914360e-01 9.005140110826713729e-01
8.588818690453816629e-01 8.758767658894298647e-01 8.821801108274611725e-01 9.008572837006758594e-01
8.594746201332967850e-01 8.768216381567024431e-01 8.819820760525548531e-01 9.005097601931225659e-01
8.596047362257659419e-01 8.768378881662308721e-01 8.818956608780502693e-01 9.002249641511864686e-01
8.600239991903887438e-01 8.766932565877496586e-01 8.815391982832185835e-01 8.998322842712489500e-01
8.607324090271653017e-01 8.768354672843381437e-01 8.811791350561157810e-01 8.994766505757276764e-01
8.607034943399500815e-01 8.769560349002267774e-01 8.808298737258262179e-01 8.992964391857651840e-01
8.597493096618427089e-01 8.760740481796405188e-01 8.810423110298167826e-01 8.992130980730903556e-01
8.601396579392502906e-01 8.766415813653736233e-01 8.817480349549381424e-01 8.996314498865898290e-01
8.605589209038732035e-01 8.766349878344327218e-01 8.811827356883867868e-01 8.992091353449427338e-01
8.610070985557113366e-01 8.768165315445143326e-01 8.813663679342091939e-01 8.995004939447532877e-01
8.621781433879338596e-01 8.778530076658916936e-01 8.819784754202837362e-01 9.000840841688927396e-01
8.621058566698954762e-01 8.780681158206262715e-01 8.824681614091434145e-01 9.003504683201536407e-01
8.618889965157801036e-01 8.783340057936486200e-01 8.825185702609378291e-01 9.006904671835094245e-01
8.608914398068499008e-01 8.779781484778792500e-01 8.826986018744891194e-01 9.008149249677146475e-01
8.610360132429267788e-01 8.779136226696707679e-01 8.828642309589563864e-01 9.009835097696319295e-01
8.605155488730501512e-01 8.770304130331643133e-01 8.826877999776761019e-01 9.006559756556667962e-01
8.597203949746273777e-01 8.762975232997792796e-01 8.815247957541345603e-01 8.995494341247800563e-01
8.595324495077274474e-01 8.762629242689029541e-01 8.805994332604804020e-01 8.985655899949696046e-01
8.606167502783039769e-01 8.773499360882427434e-01 8.816148115609101499e-01 8.995354643701511943e-01
8.623082594804031276e-01 8.785796925204529817e-01 8.820036798461807770e-01 8.998581598726018704e-01
8.615131055819803541e-01 8.778119639116570561e-01 8.818884596135080356e-01 9.000774035525536121e-01
8.604432621550116567e-01 8.770626881311356371e-01 8.816652204127043424e-01 8.999162845064977434e-01
8.600962859084271273e-01 8.768950252261927814e-01 8.822197177824425696e-01 9.001027606726859087e-01
8.610070985557112255e-01 8.771863794336046682e-01 8.825041677318536948e-01 9.002516506464015578e-01
8.613251601150804238e-01 8.776884812722636209e-01 8.823925481314519592e-01 9.002285746837568325e-01
8.604577194986193778e-01 8.769019876308119521e-01 8.827310075649283938e-01 9.006788945076054098e-01
8.606456649655193081e-01 8.769436203950053965e-01 8.826950012422180025e-01 9.007849921520920677e-01
8.604721768422270989e-01 8.770699319412230688e-01 8.822305196792556981e-01 9.004838702604474054e-01
8.606456649655190860e-01 8.771262112569320202e-01 8.818632551876108838e-01 9.001623685095470062e-01
8.613685321459034760e-01 8.775915093717747695e-01 8.822017146210874294e-01 9.000290800050125828e-01
8.618167097977418312e-01 8.781256512835790007e-01 8.823961487637229650e-01 9.000101965252506053e-01
8.620046552646416504e-01 8.783797153854220330e-01 8.823133342214892760e-01 9.001403671875668477e-01
8.616287643308419009e-01 8.786152664083202168e-01 8.823277367505734103e-01 9.003995841726949445e-01
8.610938426173575522e-01 8.778873238857635153e-01 8.827238063003863822e-01 9.009297119097114948e-01
8.601830299700733429e-01 8.769963805445261107e-01 8.821801108274611725e-01 9.005928912337572978e-01
8.615275629255879641e-01 8.781558235136105450e-01 8.825545765836482204e-01 9.005270683339823279e-01
8.618456244849571624e-01 8.780020618923520814e-01 8.828318252685172229e-01 9.006217052578764370e-01
8.615998496436264587e-01 8.779727751475585595e-01 8.823133342214892760e-01 9.000889187849230311e-01
8.622938021367954065e-01 8.786788929440501050e-01 8.827814164167226973e-01 9.004691941455540416e-01
8.630600413480026267e-01 8.795091300231293596e-01 8.828066208426199601e-01 9.006990027807818544e-01
8.627564371322412606e-01 8.795994385094847434e-01 8.826337904936107925e-01 9.001151983415037749e-01
8.628142665066720340e-01 8.792642205638807607e-01 8.825581772159191152e-01 8.999389461388873634e-01
8.621347713571108073e-01 8.788737866680740307e-01 8.824213531896202278e-01 9.001403298347059323e-01
8.616576790180572321e-01 8.783364443477940098e-01 8.830154575143395190e-01 9.004908536054769819e-01
8.602408593445040053e-01 8.767996089593020903e-01 8.831774859665355581e-01 9.006855655346545086e-01
8.601685726264657328e-01 8.767603847791325400e-01 8.831414796438253889e-01 9.005551996002678639e-01
8.609203544940653430e-01 8.779256557273467099e-01 8.827850170489938142e-01 9.003067769209708304e-01
8.616432216744496220e-01 8.783637462469169321e-01 8.827022025067601252e-01 9.004526803556978098e-01
8.620191126082494826e-01 8.787390978769551442e-01 8.823817462346388307e-01 9.002114239854236422e-01
8.620335699518569816e-01 8.787046060738050723e-01 8.822593247374239667e-01 8.998353815617321505e-01
8.617299657360957266e-01 8.786342954171995068e-01 8.819352678330314443e-01 8.997312776355863573e-01
8.611661293353959357e-01 8.778983693089683626e-01 8.822197177824424585e-01 8.999301785413390542e-01
8.605589209038730925e-01 8.774948957656472093e-01 8.817192298967699848e-01 8.998009264162797338e-01
8.600239991903886327e-01 8.769155598384790196e-01 8.820072804784520049e-01 9.001994783394536848e-01
8.591710159175353079e-01 8.764309993930662346e-01 8.819568716266574793e-01 8.998652661649875206e-01
8.594167907588659006e-01 8.763254253599017662e-01 8.813051571856017619e-01 8.993613169568341892e-01
8.603565180933655521e-01 8.764574607723125688e-01 8.817372330581250139e-01 8.996287644638891745e-01
8.615709349564111275e-01 8.773560831182434239e-01 8.821152994465828456e-01 8.999691781100187526e-01
8.621203140135031973e-01 8.781385794531371136e-01 8.823601424410125738e-01 9.000968147546010156e-01
8.630600413480026267e-01 8.793642689868034212e-01 8.826805987131340903e-01 9.001453098571681188e-01
8.632190721276872258e-01 8.795655713524759278e-01 8.829470455011898533e-01 9.004345819272425722e-01
8.632046147840796158e-01 8.793011968430706204e-01 8.826950012422181135e-01 9.006961985271222382e-01
8.622938021367952954e-01 8.787491654192742807e-01 8.827526113585545398e-01 9.007392254206265658e-01
8.619901979210340404e-01 8.789847240398874773e-01 8.832242941860589669e-01 9.009976756458111247e-01
8.616721363616648421e-01 8.790490889603467251e-01 8.834907409741150630e-01 9.010753430935742880e-01
8.624528329164798945e-01 8.794180332051835247e-01 8.828822341203115265e-01 9.006809365554226954e-01
8.625684916653415524e-01 8.790047656470616477e-01 8.824825639382275488e-01 9.002609407760477911e-01
8.620624846390724239e-01 8.784476869315189784e-01 8.820648905947885421e-01 8.998186794625659957e-01
