7.876649944339226828e-01 8.205169465972936838e-01 8.015403504855452832e-01 8.288598050053408439e-01
7.890239847330452472e-01 8.208581053599195432e-01 8.030454147748343763e-01 8.308188107222591601e-01
7.911925862741979731e-01 8.228338903243508362e-01 8.046945043549647014e-01 8.323814825571701492e-01
7.934045598461738624e-01 8.244218001175011024e-01 8.067288615880947589e-01 8.341995294268210737e-01
7.961514551316341004e-01 8.266950328055637787e-01 8.079134696052627795e-01 8.356660225113803353e-01
7.968743223120182684e-01 8.272480400138189083e-01 8.085183758267951992e-01 8.363214284355922068e-01
7.979441657389871878e-01 8.278013512900960214e-01 8.087308131307857639e-01 8.364889025883526230e-01
7.990429238531712164e-01 8.282282724745351210e-01 8.096381724630845600e-01 8.372511511405591467e-01
8.004308288395092230e-01 8.290288349483283525e-01 8.103943052400002234e-01 8.376795492366440055e-01
8.010958666454626176e-01 8.295926959624405628e-01 8.110820260037663321e-01 8.379649290329371780e-01
8.018765632002776700e-01 8.295988784671692873e-01 8.124754706926536896e-01 8.392761185679398217e-01
8.032644681866155656e-01 8.301842852145399076e-01 8.139049217042513273e-01 8.405147147666921503e-01
8.045511717676994135e-01 8.308080258967849296e-01 8.149311019014938706e-01 8.415108775755852921e-01
8.075727565817056863e-01 8.323570113186129493e-01 8.168394370051381692e-01 8.432091174804037248e-01
8.106666281137503427e-01 8.345387887267432525e-01 8.183589038235115076e-01 8.445682725047594097e-01
8.129942604345876678e-01 8.362458279501174818e-01 8.203068458821369813e-01 8.463010759240341407e-01
8.149170871344098011e-01 8.374835710354873175e-01 8.216390798224167957e-01 8.472921088132574496e-01
8.162471627463170343e-01 8.384640801206170169e-01 8.226508574905753157e-01 8.481942533244667404e-01
8.178519278867700804e-01 8.391933176843734410e-01 8.240983116635280936e-01 8.493839448057397545e-01
8.201940175512150155e-01 8.411601422548067308e-01 8.255097595137705913e-01 8.506655323974072758e-01
8.219867281585682139e-01 8.418540227286002153e-01 8.268779997767607970e-01 8.518554266701754418e-01
8.241553296997210509e-01 8.424502104934719071e-01 8.283722621692369836e-01 8.532555648724384767e-01
8.274516040422732477e-01 8.445071901379177515e-01 8.298629239294419424e-01 8.549271113746294004e-01
8.286660209053189341e-01 8.452111237018123946e-01 8.309179091848528653e-01 8.561241266303323272e-01
8.299238097991874508e-01 8.464165947984459981e-01 8.313157790508012290e-01 8.565160517023040487e-01
8.307189636976102243e-01 8.467503299350471746e-01 8.316236331099740031e-01 8.566205245127962442e-01
8.308057077592562178e-01 8.472647944932142350e-01 8.317784602976281416e-01 8.570436980597893051e-01
8.307912504156487188e-01 8.467854127193299441e-01 8.318576742075909358e-01 8.573847602418711578e-01
8.312828000983099042e-01 8.468564648206593493e-01 8.317820609298991474e-01 8.575665836158230526e-01
8.312249707238792418e-01 8.462247363628766506e-01 8.317460546071888672e-01 8.578266517497801225e-01
8.311815986930561895e-01 8.458547409550583041e-01 8.323185551382823455e-01 8.583734391828120591e-01
8.318755511862250263e-01 8.461935919721511601e-01 8.321601273183570902e-01 8.584456783412928171e-01
8.332056267981321485e-01 8.470929187144169425e-01 8.325922031908803422e-01 8.589927105576560251e-01
8.342465555378854036e-01 8.486671444270603715e-01 8.326462126749457626e-01 8.588965194948287030e-01
8.339429513221240375e-01 8.490767050725561704e-01 8.329630683147960513e-01 8.589183601251388911e-01
8.343477569431393404e-01 8.487040554161906503e-01 8.323257564028243571e-01 8.584773835512239382e-01
8.346513611589008175e-01 8.483691047835825172e-01 8.317568565040021067e-01 8.579602407056823310e-01
8.349549653746619615e-01 8.482640682556360501e-01 8.317352527103759607e-01 8.579102900022649303e-01
8.354465150573234800e-01 8.484011900548140694e-01 8.310907395338622550e-01 8.574243230483004075e-01
8.349115933438390202e-01 8.482202537381300367e-01 8.302373896856288793e-01 8.568160381227938327e-01
8.347525625641545322e-01 8.480784888195745941e-01 8.289231589067039829e-01 8.561780958494742411e-01
8.344489583483931661e-01 8.481438677461667908e-01 8.277025445668259040e-01 8.556438724017590980e-01
8.346224464716852642e-01 8.482900267708829434e-01 8.274721041014801992e-01 8.554309856747110974e-01
8.352874842776388808e-01 8.483344311733800325e-01 8.272848712233868973e-01 8.551912054974972754e-01
8.356633752114386304e-01 8.479713148449997684e-01 8.267987858667981138e-01 8.547253150359582774e-01
8.348248492821929156e-01 8.470909669130892716e-01 8.264279207428824048e-01 8.544066221833106489e-01
8.342610128814931247e-01 8.463977787363615723e-01 8.261542726902844080e-01 8.544128063852151067e-01
8.335670603883242880e-01 8.456095168953788876e-01 8.256357816432564611e-01 8.540973298993381757e-01
8.334658589830703512e-01 8.448974171754990437e-01 8.248652463372567745e-01 8.535686403593653049e-01
8.328875652387630613e-01 8.448254054700961024e-01 8.238066604495748457e-01 8.527895397083132822e-01
8.328731078951553402e-01 8.449802482835820916e-01 8.233745845770517047e-01 8.518859532792391054e-01
8.322369847764172768e-01 8.443008096951085673e-01 8.230829333630986788e-01 8.516921832876133136e-01
8.319767525914788520e-01 8.440681828381391139e-01 8.236626351587339467e-01 8.522088310925335364e-01
8.306322196359641197e-01 8.427454701264250891e-01 8.234573991192852827e-01 8.519943037884307735e-01
8.294900894909569278e-01 8.415537891126538828e-01 8.231153390535377312e-01 8.514557771401416453e-01
8.280877271610116441e-01 8.403276809479570675e-01 8.235042073388086914e-01 8.517665568010936994e-01
8.275094334167040211e-01 8.394643109837323092e-01 8.229677131304256044e-01 8.514981480676037107e-01
8.263817606153045503e-01 8.391988567048883629e-01 8.222547879407624549e-01 8.512598725558058188e-01
8.256588934349201603e-01 8.383722697180199246e-01 8.210737805558654401e-01 8.503706365430676595e-01
8.259335829634664172e-01 8.384966198882296551e-01 8.208469407227908521e-01 8.503093809362209932e-01
8.256010640604896089e-01 8.375719091360778190e-01 8.214122399893422077e-01 8.506959493582810783e-01
8.250372276597897070e-01 8.366275352270035048e-01 8.217038912032952336e-01 8.510881792491196141e-01
8.247480807876360620e-01 8.362332577896098851e-01 8.215346614865569608e-01 8.512243090440029247e-01
8.240252136072517830e-01 8.358093141103821733e-01 8.214194412538842194e-01 8.512318995237946329e-01
8.223047897179371901e-01 8.344725694042769426e-01 8.215382621188279666e-01 8.514381498066110332e-01
8.223192470615450222e-01 8.344604516668263638e-01 8.209369565295665527e-01 8.508374197154050522e-01
8.230421142419291902e-01 8.350084085864423189e-01 8.203716572630153081e-01 8.499623848832108530e-01
8.224493631540141791e-01 8.342938351309707734e-01 8.205084812893145285e-01 8.496979719654422780e-01
8.219578134713528828e-01 8.339376835941154642e-01 8.197019396606044506e-01 8.490078856014680042e-01
8.217843253480605625e-01 8.337678991223360647e-01 8.196083232215577441e-01 8.488629689729184635e-01
8.213795197270452597e-01 8.334743643584356931e-01 8.198351630546324431e-01 8.489962461635603974e-01
8.198904133354537604e-01 8.319551350033348447e-01 8.199827889777443479e-01 8.492638082609177408e-01
8.185314230363314181e-01 8.308531712513183010e-01 8.188881967673522499e-01 8.487921953667960651e-01
8.182711908513929933e-01 8.305931520422878966e-01 8.186109480824832474e-01 8.481794379428335695e-01
8.185025083491159759e-01 8.306982746642008753e-01 8.192212552524223979e-01 8.482167712524908421e-01
8.185747950671544704e-01 8.307993672136451124e-01 8.193202726398755020e-01 8.483624481216991420e-01
8.195723517760846732e-01 8.318889288307080854e-01 8.194138890789223195e-01 8.481350247741479276e-01
8.203096763000766733e-01 8.319134972282222762e-01 8.192626625235390758e-01 8.481568045951157764e-01
8.207578539519148064e-01 8.323328517851141806e-01 8.189206024577915244e-01 8.480499799281073781e-01
8.214518064450837542e-01 8.323961840196634210e-01 8.188449891800999580e-01 8.479414254168071707e-01
8.213650623834376496e-01 8.324058540828681574e-01 8.191222378649689606e-01 8.482033801128400219e-01
8.208879700443840743e-01 8.315526406438268348e-01 8.184813253207263717e-01 8.481357896692770515e-01
8.202229322384304577e-01 8.314456950201898344e-01 8.186721588310906794e-01 8.484408081660024248e-01
8.196157238069077255e-01 8.312403045260651213e-01 8.185605392306889438e-01 8.484760282819514554e-01
8.194422356836155164e-01 8.309306925784769593e-01 8.183409006621562565e-01 8.484427235370584075e-01
8.190808020934232658e-01 8.305165375878879042e-01 8.175775666206985814e-01 8.476643980343178120e-01
8.187193685032311263e-01 8.305707776893956895e-01 8.167890281533438657e-01 8.472228526111559299e-01
8.200060720843151962e-01 8.316987359579680605e-01 8.167962294178856553e-01 8.468568263973881294e-01
8.191097167806387080e-01 8.315438751709941512e-01 8.160076909505309395e-01 8.460236119084141304e-01
8.192687475603233072e-01 8.317109484883885573e-01 8.169006477537456012e-01 8.464556723685927597e-01
8.185025083491159759e-01 8.310691107411667389e-01 8.166306003334184993e-01 8.463878983828548863e-01
8.176928971070855923e-01 8.307825556895939156e-01 8.169582578700820275e-01 8.468022039455426198e-01
8.182567335077852722e-01 8.307105097046854070e-01 8.174875508139228808e-01 8.471210109049238657e-01
8.189796006881695511e-01 8.307125165787416776e-01 8.181248627258945749e-01 8.472124057080601123e-01
8.195434370888693421e-01 8.306948273706147301e-01 8.181950750551797436e-01 8.473535338980193732e-01
8.192976622475387494e-01 8.305365428889069923e-01 8.176747836920161827e-01 8.472163177100895393e-01
8.183868496002544290e-01 8.304925629943950005e-01 8.177143906469976908e-01 8.472888219289510525e-01
8.190518874062080457e-01 8.315207735545602219e-01 8.172967173035585731e-01 8.467941002967209752e-01
8.185458803799391392e-01 8.304527063449027580e-01 8.175739659884275756e-01 8.471569228975502908e-01
8.177796411687316969e-01 8.300454902638463306e-01 8.169006477537456012e-01 8.468541637336461925e-01
8.178085558559470281e-01 8.306126726848302999e-01 8.166089965397923534e-01 8.467619271209549936e-01
8.189073139701311677e-01 8.316781587489491256e-01 8.170122673541473368e-01 8.468567010087035829e-01
8.188783992829158365e-01 8.309835981442272868e-01 8.176387773693061245e-01 8.472273423715032115e-01
8.175049516401856620e-01 8.298891459244467361e-01 8.171346888513622009e-01 8.473145315813270795e-01
8.176784397634779822e-01 8.302676733850966606e-01 8.161949238286243524e-01 8.469081997012474217e-01
8.175049516401856620e-01 8.301579071953073541e-01 8.157304422656618259e-01 8.466437946382596724e-01
8.177796411687316969e-01 8.297917421373155467e-01 8.161157099186616692e-01 8.467468687122530202e-01
8.189506860009541089e-01 8.300648959764085344e-01 8.173183210971846080e-01 8.476086297458045316e-01
8.187627405340542897e-01 8.301092889208965264e-01 8.181176614613525633e-01 8.480868258211441413e-01
8.188783992829156144e-01 8.306399128724057945e-01 8.177900039246892572e-01 8.477470059709992789e-01
8.202663042692535100e-01 8.322408125298836890e-01 8.184813253207262607e-01 8.479029719051047742e-01
8.193699489655771329e-01 8.312706091143412523e-01 8.183120956039880989e-01 8.475158831827246386e-01
8.192832049039309172e-01 8.312849859229571869e-01 8.177864032924180293e-01 8.471159245172217300e-01
8.192253755295002549e-01 8.314634290498545965e-01 8.171634939095304695e-01 8.465300783687745856e-01
8.192398328731078649e-01 8.313536678773326694e-01 8.164577699844092207e-01 8.463675195887461200e-01
8.182711908513928822e-01 8.310875153599076581e-01 8.161337130800168094e-01 8.464352098313095984e-01
8.179531292920239061e-01 8.311275295943933994e-01 8.167458205660914627e-01 8.470004734850531403e-01
8.179531292920239061e-01 8.311886838634645613e-01 8.173291229939976255e-01 8.473193355019090767e-01
8.188783992829157254e-01 8.314977588536567321e-01 8.184957278498103950e-01 8.482410372985405012e-01
8.194566930272231264e-01 8.315054896043828636e-01 8.186973632569879422e-01 8.485475461066834812e-01
8.194711503708309586e-01 8.308425932481615650e-01 8.176423780015771303e-01 8.480647453721061879e-01
8.207578539519150285e-01 8.317615149300572330e-01 8.171382894836333177e-01 8.475288210962677038e-01
8.215963798811607433e-01 8.321541953159009575e-01 8.169330534441847647e-01 8.472034143657034555e-01
8.220301001893912662e-01 8.329907679702716061e-01 8.173939343748763964e-01 8.472532951660619593e-01
8.215819225375530221e-01 8.333631837542355703e-01 8.171814970708856096e-01 8.468890101434615181e-01
8.211482022293224992e-01 8.335576816802359179e-01 8.172679122453904155e-01 8.470400377767799416e-01
8.209168847315994055e-01 8.334508698254293746e-01 8.171562926449884579e-01 8.472454442390834339e-01
8.214662637886915864e-01 8.336935635424596036e-01 8.168214338437829181e-01 8.471075112562567178e-01
8.210614581676761725e-01 8.333810678394446558e-01 8.175523621948013187e-01 8.477091215125597268e-01
8.213506050398300395e-01 8.331731267036317501e-01 8.182616867521936843e-01 8.481938032151020712e-01
8.214084344142608130e-01 8.331095473186598266e-01 8.189278037223335360e-01 8.486221774910751581e-01
8.216831239428068479e-01 8.330492958981787766e-01 8.186541556697356503e-01 8.481691253674855657e-01
8.212060316037529395e-01 8.324697676424133164e-01 8.186109480824833584e-01 8.482724531161818238e-01
8.204687070797611614e-01 8.323948385739171618e-01 8.187549733733243684e-01 8.485266211915027945e-01
8.206277378594457605e-01 8.323084278630876742e-01 8.180096424932217225e-01 8.482990098989930949e-01
8.206711098902688128e-01 8.326402521776730126e-01 8.169762610314370566e-01 8.477639599521215041e-01
8.199482427098845339e-01 8.316645025986073581e-01 8.161373137122878152e-01 8.470021718309498349e-01
8.201940175512152376e-01 8.324491030247501699e-01 8.165261819975586643e-01 8.469985088403136908e-01
8.197313825557692724e-01 8.326783234763746044e-01 8.171742958063434870e-01 8.474351494194121148e-01
8.197313825557691613e-01 8.328151962278569354e-01 8.174767489171098633e-01 8.477217408683002109e-01
8.196735531813384990e-01 8.319128708680977313e-01 8.176063716788668501e-01 8.479164703737731568e-01
8.204976217669764926e-01 8.321401833548901505e-01 8.180348469191189853e-01 8.485840374136016662e-01
8.200060720843151962e-01 8.305750064769950036e-01 8.189242030900626412e-01 8.491162724766574410e-01
8.205409937977996560e-01 8.315990276422215999e-01 8.190394233227353826e-01 8.490780797278756342e-01
8.201361881767844642e-01 8.318245988664506596e-01 8.190322220581934820e-01 8.489991916136534478e-01
8.201361881767843531e-01 8.317554810629894657e-01 8.189746119418570558e-01 8.489958457428927741e-01
8.208012259827378587e-01 8.320532437667245151e-01 8.184849259529973775e-01 8.485645999819243501e-01
8.203819630181150568e-01 8.322446889846033535e-01 8.170338711477735938e-01 8.474998473730044335e-01
8.201940175512152376e-01 8.326752437141233809e-01 8.154531935807927123e-01 8.463074485163664118e-01
8.201072734895691330e-01 8.326834679359225166e-01 8.159716846278206592e-01 8.466199533472005267e-01
8.194711503708308475e-01 8.318018419151563814e-01 8.172031008645117556e-01 8.477654318032450398e-01
8.201795602076074054e-01 8.321978879599984946e-01 8.181104601968105516e-01 8.483888340398041406e-01
8.203241336436842834e-01 8.323041061999945089e-01 8.179556330091564131e-01 8.483937533955270283e-01
8.217120386300221790e-01 8.336025315355779508e-01 8.181824728422312232e-01 8.481488560773784435e-01
8.222903323743294690e-01 8.342263800749669667e-01 8.181860734745021180e-01 8.478311275895005217e-01
8.229119981494600333e-01 8.349785781950603836e-01 8.185101303788944183e-01 8.474047212410312779e-01
8.225939365900909461e-01 8.345992716059367211e-01 8.186541556697357613e-01 8.477085778274805472e-01
8.226228512773062773e-01 8.345184879358955587e-01 8.192122536717447723e-01 8.484550549636415973e-01
8.223047897179371901e-01 8.344409293266755734e-01 8.188773948705393435e-01 8.486869412226224485e-01
8.220590148766064864e-01 8.344826467696115913e-01 8.188377879155579464e-01 8.490969763433744433e-01
8.225650219028756149e-01 8.353365644837644766e-01 8.178512146732966892e-01 8.484210563471158428e-01
8.227674247133832663e-01 8.354086820359004628e-01 8.178584159378387008e-01 8.483619211241328895e-01
8.235625786118059288e-01 8.360193516578052764e-01 8.181788722099601063e-01 8.482189380340907636e-01
8.240541282944671142e-01 8.362837150981731194e-01 8.184201145721188286e-01 8.480266013345135745e-01
8.229553701802831966e-01 8.354629447349170013e-01 8.186721588310905684e-01 8.484343482382474821e-01
8.230854862727522425e-01 8.349997263051236462e-01 8.190178195291092367e-01 8.487809140098810934e-01
8.232156023652213994e-01 8.354939164361057102e-01 8.188773948705392325e-01 8.488617007842715889e-01
8.226083939336985562e-01 8.356507790051042051e-01 8.189674106773149331e-01 8.493405444100243784e-01
8.230131995547137480e-01 8.361241463842624677e-01 8.190646277486326454e-01 8.492539714417209895e-01
8.229553701802831966e-01 8.360642792982356797e-01 8.189638100450439273e-01 8.489104621301608589e-01
8.220301001893910442e-01 8.344025252525871794e-01 8.186649575665486678e-01 8.483675651199593659e-01
8.211482022293223881e-01 8.326877411460306133e-01 8.187513727410531406e-01 8.483994954656191023e-01
8.212927756653991551e-01 8.323124807253554636e-01 8.187657752701373859e-01 8.483771723529350828e-01
8.218710694097066671e-01 8.331883282871335172e-01 8.184957278498103950e-01 8.482229548848023715e-01
8.218421547224914470e-01 8.337657772187165861e-01 8.180528500804740144e-01 8.482397087418762638e-01
8.217409533172375102e-01 8.344431330710736505e-01 8.181752715776891005e-01 8.481864498154275678e-01
8.219578134713527717e-01 8.345606387178264862e-01 8.182796899135488244e-01 8.482614366405367701e-01
8.225505645592678938e-01 8.350920344571663989e-01 8.186649575665485568e-01 8.484592070731632463e-01
8.221746736254680332e-01 8.345226152560253352e-01 8.181662699970114749e-01 8.484256817075361834e-01
8.231866876780059572e-01 8.355000642283445522e-01 8.177503969697078601e-01 8.481904556214820978e-01
8.235625786118059288e-01 8.356904188541607326e-01 8.181104601968105516e-01 8.485153308570664299e-01
8.242709884485824867e-01 8.363169501533347372e-01 8.179916393318666934e-01 8.483243940671629790e-01
8.240396709508595041e-01 8.358617435541018104e-01 8.176963874856424397e-01 8.479670547911144496e-01
8.227385100261678241e-01 8.348766501931230710e-01 8.181356646227077034e-01 8.482001030946410003e-01
8.220734722202144296e-01 8.342199480068417383e-01 8.176495792661191420e-01 8.477075529704761747e-01
8.222903323743295800e-01 8.343481776401513450e-01 8.179988405964087050e-01 8.479776436004724527e-01
8.223915337795832947e-01 8.347836236997847603e-01 8.172499090840351643e-01 8.473508222626916497e-01
8.218999840969218873e-01 8.346669317128778687e-01 8.172427078194931527e-01 8.474228908860451659e-01
8.223770764359756846e-01 8.352251531126230200e-01 8.176315761047641129e-01 8.475541649287570145e-01
8.230999436163599636e-01 8.358905645729473033e-01 8.182724886490067018e-01 8.477511760558211762e-01
8.228397114314216498e-01 8.353946638076554798e-01 8.188053822251186720e-01 8.487203018134590327e-01
8.229842848674984168e-01 8.353600937349907607e-01 8.194967036211558975e-01 8.494966168746440616e-01
8.231433156471830159e-01 8.357976166250861150e-01 8.189638100450438163e-01 8.490358864773668301e-01
8.227963394005985975e-01 8.359127040131107966e-01 8.187333695796981115e-01 8.489928012336140917e-01
8.230710289291445214e-01 8.368382313342468404e-01 8.182058769519927610e-01 8.483990265922760621e-01
8.227095953389523819e-01 8.359426379253162009e-01 8.183300987653432390e-01 8.484870778833273341e-01
8.222180456562911965e-01 8.354292834715594251e-01 8.192914675817073444e-01 8.491072023661442314e-01
8.216831239428068479e-01 8.347135480506160388e-01 8.194787004598006463e-01 8.491762891262056856e-01
8.213216903526147084e-01 8.347952454096292385e-01 8.199071757000530036e-01 8.497805389591297498e-01
8.218421547224913359e-01 8.353082813041297072e-01 8.202672389271555842e-01 8.495775106403864463e-01
8.221168442510373708e-01 8.352550654654622431e-01 8.200908079458752997e-01 8.493868252853490342e-01
8.226806806517370507e-01 8.348553304398355079e-01 8.199251788614081438e-01 8.493329357807664071e-01
8.230999436163600746e-01 8.357022410999098705e-01 8.200836066813331771e-01 8.495744697223022168e-01
8.241553296997210509e-01 8.366732911116322446e-01 8.198027573641931687e-01 8.493380993393150336e-01
8.239673842328210096e-01 8.372409923365022877e-01 8.193418764335017590e-01 8.490679477221941829e-01
8.234180051757290508e-01 8.368830531939469575e-01 8.192302568330998014e-01 8.489551278324032335e-01
8.234035478321213297e-01 8.366138365780222408e-01 8.186253506115674927e-01 8.487152204409705858e-01
8.230565715855369113e-01 8.362489960550432144e-01 8.192662631558100816e-01 8.493490174534893411e-01
8.235047492373752664e-01 8.362976864665748744e-01 8.196947383960623279e-01 8.495064492505096654e-01
8.234180051757290508e-01 8.356618272958103999e-01 8.195687162665763470e-01 8.491889344180201249e-01
8.236348653298443123e-01 8.362261547123687189e-01 8.193130713753334904e-01 8.492808131684306261e-01
8.233746331449058875e-01 8.362164652629342498e-01 8.198171598932773030e-01 8.496426739596920630e-01
8.230854862727522425e-01 8.362189342411810999e-01 8.194498954016324888e-01 8.494464167935246168e-01
8.237794387659211903e-01 8.364495796657451798e-01 8.194967036211558975e-01 8.490870104379023564e-01
8.241842443869362711e-01 8.364090948955906768e-01 8.196551314410811528e-01 8.491399517903839289e-01
8.243721898538363124e-01 8.368440163064219117e-01 8.208109344000805718e-01 8.501572041490885745e-01
8.247047087568131207e-01 8.377983962261454920e-01 8.211854001562673977e-01 8.505386906691245752e-01
8.247191661004206198e-01 8.372606380515018598e-01 8.211601957303702459e-01 8.507078688334743788e-01
8.247625381312437831e-01 8.372982170163258964e-01 8.202996446175947476e-01 8.500786749490902849e-01
8.244444765718748069e-01 8.370067374657708115e-01 8.201016098426883172e-01 8.498033711662106304e-01
8.241987017305441032e-01 8.365817954160730263e-01 8.198279617900903204e-01 8.496379818692830765e-01
8.234035478321213297e-01 8.353393406921891806e-01 8.190682283809036512e-01 8.490195090675919376e-01
8.228252540878139287e-01 8.355208982723589806e-01 8.188773948705392325e-01 8.488682396323482537e-01
8.225939365900909461e-01 8.352375021023537016e-01 8.193238732721466189e-01 8.491759097953682778e-01
8.232300597088291205e-01 8.355776690346854441e-01 8.202276319721741871e-01 8.499295540333841048e-01
8.229409128366753645e-01 8.357172813323169303e-01 8.201340155331275916e-01 8.502084416430908398e-01
8.227095953389523819e-01 8.356142337667364917e-01 8.196659333378941703e-01 8.497713357908835974e-01
8.223626190923679635e-01 8.350544130267532061e-01 8.200349981456743764e-01 8.496241997617621777e-01
8.236059506426289811e-01 8.361270375764906504e-01 8.203608553662022906e-01 8.497769353400745906e-01
8.239529268892133995e-01 8.362930096341104624e-01 8.199935908745575874e-01 8.500286709081483760e-01
8.241842443869363821e-01 8.367535919205311146e-01 8.200584022554360253e-01 8.500085591460345702e-01
8.241408723561133298e-01 8.372432550416486485e-01 8.202060281785481521e-01 8.504720367344409393e-01
8.239384695456055674e-01 8.378317651637132712e-01 8.199395813904921670e-01 8.504682740133643337e-01
8.236926947042749747e-01 8.380506223657899767e-01 8.188701936059972208e-01 8.494603189241591856e-01
8.229119981494600333e-01 8.374917314665270007e-01 8.183264981330722332e-01 8.493292008595441089e-01
8.239240122019979573e-01 8.376109669204767627e-01 8.191618448199503577e-01 8.496922528977948197e-01
8.244444765718746959e-01 8.371229846182353107e-01 8.203968616889125709e-01 8.501698750320056952e-01
8.244878486026976372e-01 8.368981708384199969e-01 8.204220661148098337e-01 8.499600878565581885e-01
8.239240122019979573e-01 8.367837850793116150e-01 8.201412167976696033e-01 8.498571164135440004e-01
8.240830429816825564e-01 8.372884124824662155e-01 8.199755877132025583e-01 8.499290360885783935e-01
8.225939365900909461e-01 8.359683066952980912e-01 8.193850840207541619e-01 8.499104368458320069e-01
8.220011855021758240e-01 8.354845029657977928e-01 8.192374580976418130e-01 8.499318154664019520e-01
8.216831239428066258e-01 8.357923148119340562e-01 8.196227257506417674e-01 8.499986067141573898e-01
8.221023869074296497e-01 8.361353947795691077e-01 8.199215782291370269e-01 8.499714860136201589e-01
8.232445170524368416e-01 8.368729219329809066e-01 8.206885129028657078e-01 8.500762052575489003e-01
8.238083534531366325e-01 8.371538661694121197e-01 8.205480882442958146e-01 8.498077967145158951e-01
8.242999031357979289e-01 8.368538317822717953e-01 8.201988269140061405e-01 8.497844328187166285e-01
8.234180051757290508e-01 8.362189992958303231e-01 8.196983390283334447e-01 8.495891882810049367e-01
8.229698275238908067e-01 8.360343834786196915e-01 8.204652737020621256e-01 8.504644311495324072e-01
8.241987017305441032e-01 8.365125706771399106e-01 8.211926014208095204e-01 8.507596685068792297e-01
8.244300192282669748e-01 8.367767094402835948e-01 8.209009502068562725e-01 8.504084601155268430e-01
8.240685856380749463e-01 8.363193776935795576e-01 8.195975213247446156e-01 8.497221967555472766e-01
8.246757940695977895e-01 8.372019495351726848e-01 8.194606972984456172e-01 8.498711407829586673e-01
8.249071115673207721e-01 8.377958393440407825e-01 8.195975213247446156e-01 8.498994600015384870e-01
8.249215689109283822e-01 8.376031211975945023e-01 8.194498954016324888e-01 8.496475246640853296e-01
8.251673437522589749e-01 8.375412462061819774e-01 8.197847542028380285e-01 8.496787820981318573e-01
8.241264150125054977e-01 8.362418001154895419e-01 8.207605255482863793e-01 8.502800365695188933e-01
8.238806401711749050e-01 8.359512248264713286e-01 8.214050387248000851e-01 8.509370929566868469e-01
8.232878890832597829e-01 8.354487091897827566e-01 8.205984970960901181e-01 8.506587036920876255e-01
8.234469198629443820e-01 8.365420468850819358e-01 8.205192831861275460e-01 8.502799830155469696e-01
8.234902918937675453e-01 8.369840745021961403e-01 8.207245192255760990e-01 8.500686837678170793e-01
8.238083534531365215e-01 8.368834219312983880e-01 8.201160123717725625e-01 8.495649204760187256e-01
8.236204079862367022e-01 8.366883984887956149e-01 8.198135592610062972e-01 8.493432673063590066e-01
8.236348653298443123e-01 8.367118705637697218e-01 8.197811535705669117e-01 8.497886575579778334e-01
8.220590148766065974e-01 8.355968490104968005e-01 8.192194549362868949e-01 8.498317048313199784e-01
8.229119981494600333e-01 8.363162793666358841e-01 8.197631504092118826e-01 8.500144038785517608e-01
8.236348653298443123e-01 8.373623048302302196e-01 8.199791883454735641e-01 8.499125034792178734e-01
8.244878486026976372e-01 8.378030472500981318e-01 8.200331978295388735e-01 8.497316004457491356e-01
8.249071115673205501e-01 8.378111955145752798e-01 8.198459649514454606e-01 8.495763730800596214e-01
8.246902514132052886e-01 8.373939046936179631e-01 8.198423643191744548e-01 8.497221894940567566e-01
8.252107157830819162e-01 8.376299863960260383e-01 8.201556193267538486e-01 8.499533564979419031e-01
8.254998626552356722e-01 8.378433022533249286e-01 8.206939138512723275e-01 8.502641305206113387e-01
8.252540878139050795e-01 8.375006272014785536e-01 8.209045508391273893e-01 8.503359362628796214e-01
8.254420332808050098e-01 8.378137751771124186e-01 8.211601957303702459e-01 8.505238327697437484e-01
8.257022654657433236e-01 8.381552467004094176e-01 8.213222241825663961e-01 8.503795707621550903e-01
8.254998626552356722e-01 8.384614553248513902e-01 8.204796762311461489e-01 8.497895043533296722e-01
8.247914528184592253e-01 8.380096152011637933e-01 8.205156825538563181e-01 8.499811293078267660e-01
8.247625381312437831e-01 8.377137195712774931e-01 8.199755877132024473e-01 8.498497541995604365e-01
8.247047087568128987e-01 8.373259730682098834e-01 8.203932610566415651e-01 8.505120461354971351e-01
8.251673437522588639e-01 8.379890042814732709e-01 8.213978374602579624e-01 8.515803577536649183e-01
8.248781968801053299e-01 8.377996088995174340e-01 8.215454633833700893e-01 8.515434900264118312e-01
8.246468793823822363e-01 8.374400743097647482e-01 8.222223822503230695e-01 8.519142574969141846e-01
8.236782373606673646e-01 8.369565036366866106e-01 8.220279481076877559e-01 8.516900004180679717e-01
8.236493226734520334e-01 8.365084381184060280e-01 8.212538121694170634e-01 8.512718680060838983e-01
8.231144009599675737e-01 8.354479475925288279e-01 8.208145350323516887e-01 8.511446075707885806e-01
8.225650219028755039e-01 8.348823328727807969e-01 8.208181356646226945e-01 8.510864128247305205e-01
8.231433156471830159e-01 8.360331943807762789e-01 8.205336857152116803e-01 8.509769335873620388e-01
8.225361072156601727e-01 8.360170595860080267e-01 8.205948964638190013e-01 8.510069936753438258e-01
8.229842848674984168e-01 8.359877314179393615e-01 8.203932610566415651e-01 8.508090335400891879e-01
8.236348653298442013e-01 8.365842402094856300e-01 8.206921135351368246e-01 8.508770355657873097e-01
8.241697870433284390e-01 8.367052107591985699e-01 8.206579075285620473e-01 8.506796616978555825e-01
8.250805996906128703e-01 8.375379333174787222e-01 8.208973495745852667e-01 8.505267339204347632e-01
8.238228107967442426e-01 8.365668050238409537e-01 8.211962020530805262e-01 8.507396182715798449e-01
8.234035478321212187e-01 8.359312537661957032e-01 8.219343316686409384e-01 8.515197551001806309e-01
8.235625786118059288e-01 8.364794818409915234e-01 8.223412031152671497e-01 8.519913765095140645e-01
8.235481212681980967e-01 8.366060376316419855e-01 8.222223822503231805e-01 8.518964646070037450e-01
8.245023059463054693e-01 8.377277843676640412e-01 8.226328543292202866e-01 8.520054111319254053e-01
8.239673842328210096e-01 8.368391884331329855e-01 8.221683727662577601e-01 8.516202089868786240e-01
8.242709884485823757e-01 8.366633183521112738e-01 8.215778690738093637e-01 8.511513192651241066e-01
8.246179646951669051e-01 8.367046358265473049e-01 8.207389217546602334e-01 8.508170336527339783e-01
