7.034075958883315716e-01 7.221378452115839730e-01 6.627215739083782697e-01 6.769497659596711570e-01
7.033931385447237394e-01 7.221742359800831235e-01 6.630942393484295927e-01 6.779178329403282577e-01
7.046798421258078093e-01 7.234538109571813091e-01 6.634759063691584302e-01 6.784721539175244676e-01
7.056629414911304021e-01 7.246858254120644993e-01 6.639493895127983603e-01 6.789404676950616668e-01
7.067906142925298729e-01 7.260105605933319106e-01 6.651808057494895676e-01 6.794180605228306025e-01
7.080050311555754483e-01 7.268605577880522528e-01 6.660449574945359608e-01 6.798658307710925275e-01
7.082797206841215942e-01 7.281939156574208649e-01 6.669307130332084999e-01 6.802663251016451973e-01
7.086845263051366750e-01 7.287823537710802491e-01 6.679820976563484169e-01 6.812466818825680948e-01
7.100001445734360761e-01 7.310908623167660103e-01 6.684321766902268092e-01 6.815793380099677279e-01
7.112868481545200350e-01 7.333755280378824182e-01 6.687706361237033548e-01 6.816298824940900669e-01
7.119229712732582094e-01 7.352570773630345835e-01 6.693503379193386227e-01 6.815127677635870462e-01
7.125301797047811636e-01 7.367240914538584207e-01 6.705241440396934038e-01 6.820995919530685736e-01
7.132530468851654426e-01 7.373727449050313520e-01 6.709670218090295624e-01 6.824198285970101141e-01
7.142650609377033666e-01 7.379895407774552663e-01 6.710138300285529711e-01 6.822527406227536506e-01
7.151180442105566915e-01 7.384690138682898919e-01 6.712766761843378394e-01 6.825658998509520625e-01
7.152481603030259594e-01 7.390059566394707735e-01 6.715143179142257779e-01 6.825389245795020488e-01
7.144096343737802446e-01 7.387429569172295762e-01 6.716511419405248873e-01 6.828231974687557493e-01
7.137735112550420702e-01 7.389930467980647677e-01 6.719571956835620474e-01 6.832447090103750398e-01
7.140482007835881051e-01 7.404875229362549716e-01 6.724468816724217257e-01 6.834813742400207559e-01
7.141349448452342097e-01 7.401793348493023172e-01 6.729041619708421296e-01 6.842038887310046835e-01
7.149156414000491511e-01 7.408684516708475831e-01 6.737395086577202541e-01 6.848088310131104084e-01
7.148433546820107676e-01 7.412400566344415909e-01 6.743264117178976447e-01 6.852945993547541192e-01
7.158264540473333604e-01 7.418931475262923181e-01 6.751581577725047634e-01 6.855761028873781360e-01
7.158119967037255282e-01 7.425386679284086133e-01 6.757630639940374051e-01 6.863815516902287417e-01
7.158264540473333604e-01 7.427077681234391937e-01 6.761267278534109915e-01 6.863158407574285746e-01
7.166071506021483017e-01 7.432306082500026445e-01 6.761915392342895403e-01 6.867953018489175721e-01
7.170119562231634935e-01 7.431393049072725354e-01 6.759322937107756779e-01 6.863367817671736093e-01
7.177059087163324413e-01 7.434567246485948022e-01 6.753669944442243223e-01 6.860703783529319422e-01
7.179083115268400928e-01 7.431708278417311631e-01 6.758692826460326319e-01 6.867565896978053974e-01
7.178360248088015982e-01 7.429466411302370066e-01 6.752841799019907443e-01 6.859220203933156235e-01
7.179805982448784762e-01 7.426799028161686911e-01 6.744164275246732343e-01 6.849054572466893864e-01
7.177926527779785459e-01 7.423145256736003450e-01 6.740959712525519398e-01 6.847289675143645171e-01
7.178649394960169294e-01 7.423813279114435115e-01 6.739483453294398130e-01 6.844695303224810345e-01
7.177059087163325524e-01 7.411288233308430673e-01 6.732858289915708561e-01 6.840923158065972398e-01
7.174601338750018487e-01 7.412764006569565467e-01 6.737539111868043884e-01 6.845868398146113254e-01
7.173300177825326918e-01 7.407374943693277869e-01 6.735810808377951098e-01 6.848254851279422795e-01
7.171854443464558138e-01 7.403809858909385921e-01 6.732948305722484816e-01 6.851541366696690671e-01
7.174167618441786853e-01 7.411470914368568641e-01 6.741823864270566347e-01 6.861504390886552507e-01
7.171131576284173192e-01 7.413901057896549185e-01 6.744524338473834035e-01 6.862214987709969183e-01
7.174745912186094587e-01 7.421610588518390283e-01 6.749619233137338359e-01 6.864439773588796312e-01
7.172432737208864761e-01 7.423283401189837427e-01 6.747800913840469317e-01 6.865237318150085866e-01
7.175757926238632844e-01 7.421847868461821651e-01 6.738727320517483577e-01 6.858731115898013542e-01
7.169830415359481623e-01 7.413718047719726201e-01 6.734334549146830939e-01 6.858527723011759170e-01
7.174167618441786853e-01 7.421206023543422958e-01 6.734424564953606085e-01 6.861020153515177133e-01
7.181830010553860166e-01 7.434757597440755372e-01 6.740347605039445078e-01 6.864986139202658988e-01
7.186167213636165396e-01 7.441431381077978635e-01 6.742706019176967214e-01 6.867583355231972053e-01
7.185588919891858772e-01 7.442540141965192646e-01 6.743300123501687615e-01 6.866719001156429414e-01
7.184576905839320515e-01 7.440797574078860110e-01 6.741211756784490916e-01 6.864220662888831370e-01
7.183854038658937791e-01 7.441134468531143131e-01 6.739411440648979124e-01 6.860205556584377806e-01
7.186311787072242607e-01 7.453348396539096754e-01 6.735234707214585725e-01 6.857217012065593975e-01
7.182263730862091800e-01 7.450232245842807188e-01 6.729761746162626901e-01 6.853599492413242622e-01
7.180528849629168597e-01 7.451194395740547982e-01 6.726593189764121794e-01 6.852991215384321988e-01
7.169541268487328312e-01 7.442098405070716183e-01 6.728465518545055923e-01 6.855229391833773667e-01
7.180528849629169708e-01 7.440246356086398505e-01 6.732642251979447101e-01 6.855373039520823442e-01
7.181830010553861277e-01 7.444119096920581713e-01 6.738079206708698088e-01 6.856832713457543527e-01
7.170987002848097092e-01 7.437618133466881165e-01 6.737647130836175169e-01 6.855328644114858649e-01
7.171420723156327615e-01 7.439031305670428251e-01 6.740779680911967997e-01 6.858190965605764911e-01
7.157252526420794236e-01 7.430426938720543495e-01 6.738943358453745036e-01 6.860685994227870843e-01
7.156240512368259310e-01 7.425943524170329768e-01 6.741607826334303777e-01 6.865432080445330598e-01
7.145831224970723428e-01 7.411693549319376961e-01 6.733398384756363875e-01 6.862290393670175126e-01
7.136000231317498610e-01 7.406697770540371373e-01 6.730625897907672739e-01 6.867873110485553934e-01
7.131663028235192270e-01 7.408092968974415715e-01 6.729257657644681645e-01 6.868884638549680455e-01
7.124723503303502792e-01 7.402198056616948740e-01 6.733542410047205218e-01 6.866529950964539442e-01
7.112868481545200350e-01 7.387427491327703821e-01 6.731526055975429745e-01 6.863190146897140131e-01
7.105061515997050936e-01 7.382993278028535666e-01 6.733650429015334282e-01 6.862264871792469467e-01
7.122121181454119654e-01 7.396971558247318335e-01 6.734550587083092399e-01 6.866142003336552779e-01
7.129205279821884123e-01 7.397618586157641563e-01 6.739843516521500932e-01 6.868292133404304556e-01
7.135132790701036454e-01 7.407258073287098510e-01 6.743732199374210534e-01 6.868164242558643107e-01
7.142072315632724822e-01 7.416589318349510185e-01 6.741967889561406579e-01 6.867088614042107242e-01
7.134409923520652619e-01 7.409871837539406814e-01 6.738259238322250599e-01 6.864503082249679977e-01
7.132819615723806628e-01 7.417364332624061252e-01 6.726989259313935765e-01 6.861547698440635390e-01
7.126747531408579306e-01 7.413395119210334228e-01 6.713594907265716394e-01 6.854734756227517378e-01
7.122988622070580700e-01 7.411327657659415591e-01 6.707257794468709511e-01 6.849480442047882756e-01
7.119229712732582094e-01 7.405827911126220409e-01 6.694979638424507495e-01 6.839607589688867506e-01
7.122844048634504599e-01 7.401203772346858223e-01 6.687346298009930745e-01 6.837474566277456089e-01
7.120964593965505296e-01 7.395620919836825014e-01 6.689506677372546450e-01 6.841826419235420564e-01
7.128482412641501398e-01 7.397661658631327075e-01 6.693215328611704651e-01 6.845114537095067231e-01
7.128193265769348086e-01 7.378057553012029590e-01 6.689506677372545340e-01 6.842532447879039470e-01
7.138024259422572904e-01 7.380674629394925468e-01 6.698076182177590265e-01 6.846618000317521435e-01
7.154216484263181686e-01 7.391923237718842632e-01 6.708049933568335232e-01 6.853337739404867790e-01
7.154505631135334998e-01 7.393286722765290975e-01 6.716799469986929338e-01 6.863000856093877111e-01
7.148867267128337089e-01 7.396970926012967906e-01 6.716295381468986303e-01 6.864487279879312176e-01
7.149734707744798134e-01 7.399353360066509566e-01 6.727277309895616231e-01 6.867423803208192457e-01
7.146264945278955061e-01 7.401390570873273012e-01 6.735918827346081272e-01 6.871393418819957688e-01
7.144674637482109070e-01 7.396300541345774970e-01 6.739807510198789764e-01 6.876955513566720413e-01
7.147710679639722731e-01 7.391616970036202217e-01 6.733830460628886794e-01 6.876460207705206162e-01
7.150023854616951446e-01 7.398253859024515044e-01 6.732030144493372781e-01 6.875605284388738303e-01
7.163902904480330402e-01 7.421948601306044280e-01 6.739303421680846728e-01 6.875243035705348449e-01
7.170264135667712146e-01 7.426364850699926912e-01 6.741715845302436172e-01 6.874102630717737750e-01
7.162890890427793256e-01 7.425442547420528783e-01 6.733362378433652706e-01 6.871403514798662959e-01
7.162746316991716045e-01 7.431413697068451896e-01 6.729221651321971587e-01 6.871100490255688253e-01
7.168384680998712843e-01 7.428813507590537046e-01 6.716799469986929338e-01 6.862565932341988528e-01
7.175179632494326221e-01 7.426025221357432926e-01 6.708806066345250896e-01 6.849191258457552056e-01
7.167228093510098486e-01 7.418144375290238735e-01 6.709130123249642530e-01 6.844598381192057435e-01
7.156963379548642035e-01 7.416357069523320522e-01 6.715971324564593559e-01 6.847897035753427453e-01
7.159710274834102384e-01 7.416788650163280705e-01 6.715431229723938245e-01 6.847657872651605748e-01
7.162023449811333320e-01 7.423350703923992100e-01 6.716439406759826536e-01 6.852171140321127174e-01
7.166938946637945174e-01 7.423136271860470980e-01 6.715827299273753326e-01 6.851195265197012052e-01
7.160866862322716742e-01 7.422493167768250411e-01 6.711938616421042614e-01 6.845628797983849267e-01
7.169252121615175000e-01 7.430977897165538248e-01 6.712766761843380614e-01 6.846882650505836665e-01
7.185444346455782672e-01 7.442985633110896782e-01 6.710858426739735316e-01 6.845992022722173775e-01
7.192817591695702673e-01 7.444311283204926299e-01 6.710930439385156543e-01 6.847654816341881556e-01
7.186600933944397029e-01 7.436760858614768210e-01 6.707905908277493889e-01 6.851723041312567375e-01
7.188335815177320232e-01 7.440179910763140558e-01 6.714927141205995209e-01 6.854679733924665674e-01
7.185010626147552149e-01 7.441420201022109771e-01 6.710606382480763799e-01 6.852550825278955760e-01
7.177781954343709359e-01 7.436357037059710962e-01 6.711938616421043724e-01 6.857128067894793233e-01
7.176047073110787267e-01 7.442832838909307913e-01 6.713054812425061080e-01 6.857526037219386916e-01
7.169396695051251100e-01 7.431428890111700936e-01 6.709526192799454281e-01 6.856704726356244173e-01
7.158119967037257503e-01 7.418749414870621228e-01 6.703117067357028391e-01 6.857106991557535558e-01
7.166071506021483017e-01 7.422200563189589317e-01 6.699912504635814336e-01 6.853558839584097395e-01
7.161734302939177788e-01 7.423143442375302881e-01 6.705709522592167016e-01 6.853577566357222928e-01
7.158987407653718549e-01 7.418537541880917408e-01 6.707869901954783831e-01 6.857999126722583716e-01
7.163469184172100990e-01 7.425592929798152664e-01 6.704773358201701061e-01 6.853509573113176767e-01
7.158698260781564127e-01 7.426965420269253659e-01 6.704809364524410009e-01 6.855478546772930670e-01
7.154505631135334998e-01 7.425653170839510153e-01 6.708193958859176576e-01 6.845760083415624031e-01
7.157686246729026980e-01 7.425590975934186488e-01 6.712262673325436468e-01 6.841827884348887778e-01
7.155662218623950466e-01 7.413990601776889733e-01 6.713630913588426452e-01 6.842269553118147662e-01
7.159421127961949072e-01 7.416134832981196023e-01 6.713990976815529255e-01 6.851072150723485077e-01
7.161445156067024476e-01 7.414068148112198386e-01 6.713558900943005225e-01 6.853379875197078697e-01
7.165204065405021971e-01 7.412495788389573681e-01 6.709742230735716850e-01 6.853620452742481550e-01
7.164336624788563146e-01 7.411382904389327564e-01 6.711326508934968293e-01 6.859158486828328405e-01
7.165493212277176394e-01 7.416881976294281698e-01 6.716655444696087995e-01 6.867523409347433549e-01
7.163469184172099880e-01 7.421988950208855407e-01 6.728375502738280778e-01 6.877372998510604685e-01
7.177637380907631037e-01 7.436655717014352129e-01 6.731418037007298460e-01 6.872652987149954207e-01
7.172432737208864761e-01 7.429027157220520206e-01 6.727997436349822946e-01 6.870171714343400460e-01
7.180384276193092496e-01 7.427889251573800422e-01 6.724180766142533461e-01 6.866366747869967480e-01
7.177637380907632147e-01 7.421805968855044178e-01 6.710714401448895083e-01 6.851131961018455119e-01
7.178504821524094304e-01 7.421939903629235502e-01 6.708157952536465407e-01 6.856139848441920037e-01
7.187323801124781975e-01 7.427897486037908781e-01 6.713018806102351022e-01 6.859933046946580237e-01
7.194407899492547553e-01 7.430776846853993645e-01 6.721192241357580865e-01 6.862225016350185225e-01
7.191661004207086094e-01 7.434093734697015954e-01 6.726917246668514538e-01 6.865100164584904130e-01
7.185878066764012084e-01 7.434277425726973920e-01 6.730067799905663506e-01 6.866297868746882305e-01
7.175613352802556744e-01 7.429417286443542601e-01 6.728249480608795574e-01 6.863546937837905482e-01
7.157252526420795347e-01 7.413041184200065414e-01 6.724468816724218367e-01 6.855096242974583198e-01
7.160288568578409008e-01 7.418345302337077118e-01 6.715539248692069529e-01 6.850078822437205561e-01
7.165204065405023082e-01 7.425130801644763689e-01 6.717555602763845002e-01 6.860697443221290825e-01
7.168240107562636743e-01 7.421252917428073914e-01 6.713882957847397970e-01 6.864107005361664848e-01
7.171854443464557027e-01 7.425675942293710197e-01 6.716331387791696361e-01 6.866371720879695939e-01
7.171131576284173192e-01 7.436762366923030942e-01 6.714171008429079546e-01 6.863012666064095546e-01
7.168384680998712843e-01 7.435594010190096359e-01 6.712298679648145416e-01 6.856227759467402594e-01
7.168818401306943366e-01 7.431200136561387781e-01 6.709778237058428019e-01 6.851316653240722143e-01
7.164914918532867549e-01 7.423398137667772678e-01 6.711650565839362148e-01 6.854209548105817396e-01
7.162890890427793256e-01 7.418518821114643558e-01 6.716115349855434902e-01 6.858289072793439800e-01
7.165782359149329706e-01 7.419814930713415357e-01 6.720616140194218824e-01 6.868143658483264469e-01
7.167950960690482320e-01 7.420288938733976547e-01 6.727709385768141370e-01 6.873633536517089748e-01
7.171565296592403715e-01 7.430403306252082452e-01 6.721948374134498749e-01 6.865218788979142728e-01
7.171709870028480927e-01 7.433804488841134761e-01 6.714062989460949371e-01 6.862152040660376429e-01
7.164336624788563146e-01 7.429341491721846991e-01 6.717807647022817630e-01 6.860371737274886250e-01
7.167517240382250687e-01 7.430793181545984893e-01 6.715251198110387953e-01 6.860467006020699587e-01
7.156818806112565934e-01 7.419667561912659526e-01 6.702937035743476990e-01 6.850618356052838864e-01
7.151325015541645236e-01 7.416517281290979646e-01 6.696095834428524851e-01 6.846422453270013531e-01
7.155517645187872144e-01 7.418916699984583474e-01 6.686698184201145256e-01 6.838490073172499573e-01
7.157975393601179182e-01 7.423577694779834868e-01 6.683781672061612777e-01 6.841703300705259672e-01
7.163035463863869357e-01 7.425530561842893507e-01 6.689002588854602305e-01 6.843703221766920253e-01
7.170697855975943780e-01 7.430410838799345052e-01 6.697176024109834369e-01 6.846427822292787679e-01
7.167806387254406220e-01 7.422948349047987504e-01 6.700128542572074686e-01 6.849243485953703248e-01
7.175468779366479533e-01 7.425581663033355984e-01 6.704233263361045747e-01 6.849549610584124704e-01
7.170119562231636046e-01 7.416637881473883143e-01 6.706933737564315656e-01 6.852277655161529424e-01
7.166360652893637440e-01 7.416731062726567014e-01 6.707329807114128517e-01 6.855030716593699669e-01
7.178649394960170405e-01 7.432246856792714684e-01 6.706141598464691045e-01 6.849682590540102645e-01
7.176769940291171102e-01 7.433579546016989559e-01 6.699012346568058440e-01 6.848665739130457286e-01
7.178649394960171515e-01 7.433690061405759941e-01 6.702648985161795414e-01 6.847371146686818122e-01
7.171854443464557027e-01 7.429464756534658321e-01 6.705241440396934038e-01 6.850362531234812646e-01
7.174023045005710753e-01 7.431833204930292647e-01 6.709742230735717960e-01 6.858975990212535789e-01
7.178938541832324827e-01 7.432461122045591617e-01 6.708662041054408443e-01 6.863209272401941119e-01
7.176480793419016679e-01 7.430859233041520184e-01 6.703621155874972537e-01 6.853495148731260089e-01
7.176191646546863367e-01 7.428207791633205659e-01 6.695015644747217554e-01 6.843215926027397256e-01
7.176625366855093890e-01 7.440843996409250982e-01 6.690406835440303457e-01 6.830317010120540155e-01
7.165493212277176394e-01 7.440676286204033207e-01 6.696599922946468997e-01 6.830235951744532130e-01
7.159421127961946851e-01 7.435212413585605695e-01 6.697536087336937172e-01 6.834113585479140163e-01
7.153204470210643429e-01 7.429351188304023079e-01 6.710102293962819653e-01 6.842595951821821565e-01
7.157107952984718136e-01 7.429948480282799750e-01 6.720382099096601225e-01 6.852470065186169190e-01
7.163180037299945457e-01 7.439485357726182135e-01 6.727637373122720144e-01 6.855437236075763163e-01
7.164481198224639247e-01 7.437886052599972375e-01 6.727349322541038568e-01 6.858990584551791780e-01
7.168095534126559532e-01 7.442622879964737592e-01 6.725278958985198008e-01 6.859345187655763176e-01
7.163035463863869357e-01 7.437630525094421907e-01 6.713954970492819196e-01 6.851274412816947823e-01
7.155228498315719943e-01 7.438034353808944399e-01 6.712658742875249329e-01 6.855892046766394188e-01
7.155373071751797154e-01 7.440825221631430786e-01 6.715431229723939355e-01 6.858788942637152886e-01
7.157686246729025870e-01 7.436986133595717696e-01 6.708121946213755349e-01 6.854839971940775989e-01
7.169252121615173889e-01 7.445740106234800537e-01 6.701388763866935605e-01 6.849784284936237810e-01
7.181974583989938488e-01 7.451124752862166023e-01 6.695591745910582926e-01 6.839001254712457900e-01
7.185010626147552149e-01 7.446753586668697356e-01 6.692639227448340389e-01 6.837255447197592151e-01
7.189492402665933479e-01 7.448904643536669035e-01 6.694061477195395460e-01 6.838868851216894917e-01
7.181540863681706854e-01 7.441511038937153044e-01 6.693359353902545994e-01 6.838405113504936184e-01
7.176191646546863367e-01 7.443830023149451414e-01 6.692243157898526418e-01 6.835758999680745518e-01
7.183998612095012781e-01 7.445524707394697295e-01 6.697860144241329916e-01 6.845259594468972031e-01
7.186600933944397029e-01 7.456609086636775130e-01 6.712046635389173899e-01 6.853236967259608292e-01
7.179950555884861974e-01 7.441498126681750369e-01 6.715143179142257779e-01 6.854978805549241105e-01
7.181830010553862387e-01 7.439493215308446983e-01 6.712406698616277811e-01 6.851295096491203385e-01
7.179950555884861974e-01 7.438314947460656912e-01 6.705385465687774271e-01 6.846567230748719091e-01
7.177492807471553826e-01 7.440612031704751939e-01 6.710390344544503449e-01 6.846383389194148350e-01
7.174023045005710753e-01 7.446691708243822205e-01 6.712622736552539271e-01 6.847714692026749539e-01
7.167661813818330119e-01 7.444307113607468995e-01 6.715827299273753326e-01 6.850158038799432081e-01
7.168962974743020578e-01 7.445378803858916372e-01 6.712334685970857695e-01 6.843369612253226153e-01
7.164625771660715348e-01 7.444779725515905389e-01 6.709418173831324106e-01 6.841757694412601287e-01
7.154794778007489420e-01 7.436226763045887811e-01 6.707617857695811203e-01 6.846353975138691483e-01
7.158336827191371654e-01 7.433980275427958251e-01 6.705781535237588242e-01 6.849649172966858490e-01
7.166938946637945174e-01 7.445168573828432335e-01 6.702396940902823896e-01 6.850338195594684043e-01
7.162312596683486632e-01 7.445615244997519921e-01 6.709382167508614048e-01 6.851625290159510939e-01
7.167806387254405109e-01 7.447859888699495112e-01 6.722452462652441785e-01 6.858670392780346070e-01
7.173155604389249707e-01 7.449453352731730815e-01 6.725657025373654729e-01 6.859343237755353151e-01
7.166071506021484128e-01 7.436050134612083307e-01 6.721768342520947348e-01 6.855402330984147197e-01
7.173011030953173606e-01 7.441087416282619049e-01 6.728213474286084406e-01 6.858654005426118028e-01
7.172721884081019184e-01 7.443008873437337858e-01 6.726809227700383254e-01 6.861899494033194546e-01
7.167950960690481210e-01 7.433131209564387554e-01 6.722884538524964704e-01 6.862123361694587587e-01
7.175035059058247899e-01 7.437324528595081752e-01 6.714207014751790714e-01 6.854822777682760826e-01
7.172577310644941972e-01 7.442401577568187321e-01 6.710102293962820763e-01 6.852657151996884854e-01
7.172143590336712560e-01 7.445707007568589386e-01 6.704305276006466974e-01 6.848644472172316089e-01
7.164914918532868660e-01 7.441487132163407958e-01 6.703207083163803537e-01 6.847486570917660220e-01
7.161011435758793953e-01 7.439474889230421883e-01 6.703225086325158566e-01 6.841470392761570540e-01
7.165493212277177504e-01 7.439339845588145428e-01 6.706213611110110051e-01 6.844583299882581739e-01
7.167661813818329009e-01 7.440154238292467914e-01 6.713666919911136510e-01 6.847124860004530911e-01
7.168312394280674793e-01 7.437255860977541877e-01 6.716943495277771792e-01 6.853213137589708737e-01
7.164192051352484825e-01 7.438661618315043356e-01 6.724504823046927315e-01 6.857720617525370210e-01
7.166216079457560229e-01 7.447987335052260738e-01 6.731526055975428635e-01 6.861769379914069988e-01
7.166360652893637440e-01 7.446208888736969289e-01 6.727025265636645823e-01 6.853542644857886224e-01
7.173011030953173606e-01 7.448435075711670184e-01 6.725116930533002746e-01 6.848915151305874360e-01
7.176769940291171102e-01 7.449480933400951521e-01 6.723172589106647390e-01 6.847074437518387846e-01
7.174167618441786853e-01 7.447508707023445806e-01 6.726233126537020102e-01 6.849262154422891546e-01
7.172432737208864761e-01 7.444111233324505195e-01 6.732642251979448211e-01 6.851053176939954081e-01
7.164336624788560925e-01 7.445305699936510813e-01 6.729005613385709017e-01 6.848973490804017850e-01
7.159854848270178485e-01 7.445756367265401465e-01 6.729509701903654273e-01 6.848077366562171919e-01
7.163324610736023779e-01 7.446159612161629138e-01 6.728681556481317383e-01 6.848146295623290802e-01
7.163758331044254302e-01 7.443687300555776876e-01 6.721300260325713261e-01 6.845580498363692534e-01
7.165637785713253605e-01 7.443706047894877997e-01 6.722164412070759099e-01 6.850519788276323574e-01
7.167517240382252908e-01 7.445591981253215641e-01 6.723892715560852995e-01 6.853028122121449517e-01
7.168529254434790055e-01 7.450268694708048756e-01 6.716799469986929338e-01 6.847676973177430071e-01
7.178938541832324827e-01 7.451951974766759523e-01 6.717663621731976287e-01 6.852095374279782991e-01
7.185733493327935983e-01 7.445921669023058964e-01 6.716547425727957821e-01 6.856231711024194375e-01
7.194552472928624764e-01 7.446396903916718824e-01 6.723244601752067506e-01 6.859142391922165016e-01
7.197010221341930691e-01 7.452794983364574577e-01 6.725008911564871461e-01 6.860443569380776374e-01
7.191661004207086094e-01 7.451212054954194919e-01 6.718203716572629380e-01 6.856036101607680955e-01
7.186167213636166506e-01 7.453467016083304975e-01 6.721336266648423319e-01 6.856224290908605745e-01
7.176336219982940579e-01 7.446355238701070078e-01 6.719031861994966270e-01 6.853847852835632803e-01
7.187179227688703653e-01 7.459301860989434596e-01 6.714243021074501883e-01 6.847629199461637839e-01
7.194697046364701976e-01 7.466639521459380591e-01 6.720040039030854562e-01 6.854134123346261598e-01
7.197588515086237315e-01 7.471769728618318229e-01 6.722596487943283128e-01 6.857374847629770231e-01
7.195998207289393545e-01 7.467411957961258562e-01 6.724288785110665856e-01 6.855785423496481013e-01
7.185733493327934873e-01 7.459622498438904792e-01 6.715863305596462274e-01 6.856016832923144122e-01
7.180962569937400231e-01 7.453428309956372511e-01 6.712658742875248219e-01 6.856327359941015720e-01
7.185588919891859883e-01 7.453880787050457535e-01 6.710426350867211287e-01 6.855621232098684237e-01
7.189492402665933479e-01 7.454948466448095834e-01 6.708373990472726867e-01 6.853478458778243798e-01
7.190070696410242324e-01 7.453770913914365970e-01 6.708121946213754239e-01 6.852088714594199992e-01
7.195130766672932499e-01 7.456862763565368368e-01 6.709238142217773815e-01 6.852598112999257474e-01
7.203226879093236334e-01 7.460122762527686691e-01 6.712154654357305184e-01 6.851760502750088300e-01
7.198311382266622260e-01 7.461026240781509777e-01 6.717987678636369031e-01 6.858104823839280551e-01
7.196142780725469645e-01 7.470362487128123785e-01 6.725332968469263095e-01 6.860587607847976610e-01
7.195564486981161911e-01 7.469573546173529088e-01 6.727205297250197225e-01 6.863491139083401915e-01
7.193829605748239819e-01 7.461593305887398442e-01 6.720184064321695905e-01 6.856252891853209519e-01
7.180962569937399120e-01 7.440018136865348408e-01 6.706969743887026825e-01 6.851606945739638910e-01
7.179227688704477028e-01 7.436516367818579720e-01 6.703981219102073119e-01 6.852419554317776829e-01
7.185444346455781561e-01 7.449087756085502887e-01 6.705925560528428475e-01 6.848855698988414176e-01
7.189347829229857378e-01 7.454986087582919918e-01 6.713342863006743766e-01 6.851065692710360810e-01
7.187323801124780864e-01 7.453230840439375449e-01 6.715827299273752216e-01 6.852405150062463868e-01
7.186600933944397029e-01 7.455198609017927858e-01 6.718095697604498096e-01 6.855286951146224439e-01
7.190648990154548947e-01 7.457527958781957622e-01 6.718563779799733293e-01 6.854838955384759958e-01
7.190504416718471736e-01 7.455748187282111861e-01 6.711146477321418002e-01 6.853185150835532369e-01
7.188914108921626855e-01 7.452991694968176262e-01 6.714459059010762232e-01 6.856449919064779852e-01
7.191950151079240516e-01 7.455285962725558546e-01 6.721372272971133377e-01 6.861231286752311753e-01
7.178504821524093193e-01 7.444444049891307813e-01 6.718095697604500316e-01 6.855112754989742818e-01
7.178215674651939882e-01 7.436847619324711278e-01 6.721732336198236180e-01 6.856714067346887376e-01
7.167372666946174586e-01 7.424329564977123486e-01 6.718383748186181892e-01 6.855737263169496831e-01
7.163035463863869357e-01 7.432612333481085631e-01 6.712982799779642074e-01 6.852311522116543152e-01
7.163469184172099880e-01 7.435379763936876829e-01 6.713090818747771138e-01 6.849112224119001668e-01
7.173589324697480230e-01 7.445318850140755229e-01 6.717339564827583542e-01 6.851040119174526266e-01
7.185733493327934873e-01 7.462457479254580583e-01 6.722560481620571959e-01 6.856838156661024808e-01
7.187612947996935286e-01 7.463797295430628642e-01 6.724936898919449124e-01 6.854478551852913881e-01
7.178360248088015982e-01 7.453958918328871253e-01 6.721822352005012435e-01 6.852876490623089900e-01
7.177492807471554936e-01 7.437161776758602905e-01 6.719247899931227730e-01 6.848935224707252134e-01
7.175179632494326221e-01 7.436996236880120126e-01 6.731382030684588402e-01 6.855058150882240575e-01
7.170842429412020991e-01 7.435718462413347662e-01 6.734262536501409713e-01 6.861391384225209444e-01
7.163469184172102100e-01 7.429903921358181895e-01 6.728465518545055923e-01 6.856326146196551896e-01
7.172143590336712560e-01 7.440653043123182098e-01 6.735018669278325376e-01 6.861417479742872860e-01
7.172432737208864761e-01 7.443681902054277710e-01 6.737395086577202541e-01 6.867098219559495398e-01
7.176191646546863367e-01 7.442489447819408133e-01 6.739303421680846728e-01 6.868341603713433718e-01
7.174601338750018487e-01 7.442734651864904016e-01 6.734118511210567259e-01 6.865425823183162191e-01
7.174023045005710753e-01 7.446331168464177530e-01 6.730733916875804024e-01 6.864081300216104964e-01
7.174312191877865175e-01 7.445146856437198091e-01 6.728105455317954231e-01 6.859246885833403251e-01
7.176914513727248313e-01 7.449084259450130530e-01 6.722128405748049040e-01 6.854884588728901162e-01
7.181685437117784065e-01 7.454994683104676501e-01 6.724540829369637374e-01 6.851128369652303984e-01
7.182408304298169011e-01 7.461117941182566771e-01 6.729869765130755965e-01 6.851147758867146553e-01
7.180239702757016396e-01 7.453717145865420557e-01 6.725945075955338526e-01 6.850677485283265256e-01
7.179950555884861974e-01 7.443655303495503306e-01 6.727277309895618451e-01 6.856330927612537263e-01
7.178360248088015982e-01 7.434435939876110622e-01 6.727241303572906173e-01 6.860071800716414092e-01
7.180673423065246919e-01 7.442912998668500535e-01 6.729473695580943104e-01 6.864423101298079422e-01
7.178938541832322606e-01 7.447350552435748616e-01 6.733686435338044340e-01 6.863756057925030074e-01
7.177637380907632147e-01 7.440621495800605611e-01 6.731544059136784774e-01 6.868346886629659309e-01
7.167950960690482320e-01 7.433499508418017765e-01 6.730517878939541454e-01 6.871506431365193013e-01
7.169396695051251100e-01 7.435913550657607951e-01 6.732570239334028095e-01 6.872418112819672631e-01
7.167372666946175697e-01 7.433025550679506210e-01 6.725765044341787124e-01 6.866251757030048530e-01
7.167517240382252908e-01 7.433688552233299607e-01 6.718995855672256212e-01 6.856958281724847559e-01
7.175324205930402321e-01 7.438778832987762435e-01 6.716835476309640507e-01 6.853629566476946433e-01
7.179372262140554239e-01 7.448600765230344312e-01 6.717807647022816520e-01 6.850964083192714327e-01
7.185444346455782672e-01 7.457725848784544365e-01 6.718023684959077979e-01 6.853590025079747683e-01
7.189926122974166223e-01 7.455819287789715588e-01 6.726845234023094422e-01 6.857864083447656744e-01
7.194552472928623654e-01 7.462368409197959185e-01 6.740167573425893677e-01 6.864793871929641966e-01
7.193829605748239819e-01 7.462317683284073189e-01 6.752373716824674466e-01 6.869642487125062758e-01
7.203082305657159123e-01 7.466020287730921190e-01 6.752733780051776158e-01 6.866558021930108113e-01
7.205106333762234527e-01 7.460035443731910521e-01 6.741103737816360741e-01 6.859398693654291668e-01
7.196721074469776269e-01 7.448457326415920399e-01 6.729977784098887250e-01 6.850707908204365371e-01
