6.502334860992640131e-01 6.642531729517416883e-01 6.602227351122857968e-01 6.843920584732218204e-01
6.506672064074947581e-01 6.663539832066347479e-01 6.604351724162762505e-01 6.848106104853380893e-01
6.512888721826251004e-01 6.670095919036025389e-01 6.601723262604913822e-01 6.850758670906764713e-01
6.521129407682630941e-01 6.682681694336461975e-01 6.596790396393605871e-01 6.847416559375927303e-01
6.526189477945321116e-01 6.684389533574845998e-01 6.594413979094728706e-01 6.845363346674546712e-01
6.542670849658084320e-01 6.701935593727871288e-01 6.593297783090710240e-01 6.845329900904431053e-01
6.541225115297315540e-01 6.699104629089355223e-01 6.593009732509027554e-01 6.844831639776793875e-01
6.544694877763160834e-01 6.708228993113726224e-01 6.597042440652579609e-01 6.845745565360223939e-01
6.543393716838468155e-01 6.702844281745705679e-01 6.599346845306036657e-01 6.845300218756519284e-01
6.544839451199238045e-01 6.698449549813667581e-01 6.594702029676411392e-01 6.838409980259763099e-01
6.547586346484697284e-01 6.699482948670176796e-01 6.595062092903514195e-01 6.841272654016414823e-01
6.550477815206233734e-01 6.703286832958468278e-01 6.590597308887441441e-01 6.840095391422202908e-01
6.545996038687851293e-01 6.704876727318107577e-01 6.590021207724076069e-01 6.836260861749672291e-01
6.547297199612543972e-01 6.707741088793848228e-01 6.595998257293980149e-01 6.842978239773083171e-01
6.548887507409388853e-01 6.712269255356588804e-01 6.591893536505010198e-01 6.842006226650554357e-01
6.552501843311310248e-01 6.719333327936578559e-01 6.590453283596600098e-01 6.840512051977549746e-01
6.558573927626537570e-01 6.738800976987482372e-01 6.586564600743890496e-01 6.841182719669641754e-01
6.568115774407610186e-01 6.750992373885283948e-01 6.579075285620155089e-01 6.843587621224507256e-01
6.564646011941766002e-01 6.749765728977941137e-01 6.569461597456512925e-01 6.841551047795729756e-01
6.571007243129147746e-01 6.750704903578660376e-01 6.566761123253244126e-01 6.839832502202438658e-01
6.576645607136144545e-01 6.769855371677687694e-01 6.564024642727263048e-01 6.840079129394416313e-01
6.584163425812141757e-01 6.782823312904009416e-01 6.571297919914736996e-01 6.850462698394662597e-01
6.572742124362069838e-01 6.779180212473047140e-01 6.567409237062028504e-01 6.847451535881823315e-01
6.576501033700068444e-01 6.783973448416791285e-01 6.566617097962401672e-01 6.848160670675074169e-01
6.578958782113375481e-01 6.787835957154518818e-01 6.571081881978475536e-01 6.852811054004674940e-01
6.582862264887450188e-01 6.788688616219662464e-01 6.573170248695672235e-01 6.857170540445268747e-01
6.587633188277985941e-01 6.789555131663891352e-01 6.562908446723243472e-01 6.848797230278802495e-01
6.587054894533678207e-01 6.785102544966901128e-01 6.562728415109693181e-01 6.845257716721120378e-01
6.586476600789371583e-01 6.782096431516658752e-01 6.562116307623618860e-01 6.848725707209004643e-01
6.592114964796369492e-01 6.781710690509310524e-01 6.561288162201283081e-01 6.845834855059387269e-01
6.588500628894446987e-01 6.769064692883186574e-01 6.557579510962123770e-01 6.843447919676660662e-01
6.590235510127369079e-01 6.772113584310377465e-01 6.557003409798760618e-01 6.842442435329987305e-01
6.586621174225447684e-01 6.772430017361077415e-01 6.556535327603527641e-01 6.841084740435741107e-01
6.594717286645750409e-01 6.786144987803975903e-01 6.556103251731002501e-01 6.841812880136395325e-01
6.601223091269210475e-01 6.796354210756976322e-01 6.559703884002030527e-01 6.845952521222609111e-01
6.611343231794590825e-01 6.809235828826534220e-01 6.559487846065770178e-01 6.847810605850660481e-01
6.610620364614205879e-01 6.813287514400898637e-01 6.553510796495864987e-01 6.847829849969104821e-01
6.608596336509131586e-01 6.808971482942423048e-01 6.549190037770631356e-01 6.845458443512809632e-01
6.599921930344518906e-01 6.787600980241794701e-01 6.552430606814556580e-01 6.845826372693301076e-01
6.607295175584437796e-01 6.795061092506681222e-01 6.566689110607821789e-01 6.853290305091115364e-01
6.594861860081828731e-01 6.778584621381018582e-01 6.565050822924505258e-01 6.851387494590770455e-01
6.586765747661524895e-01 6.776880810434748881e-01 6.568021344548102824e-01 6.850506124146691356e-01
6.591536671052060647e-01 6.776564910350966198e-01 6.572882198113988439e-01 6.853861306346797910e-01
6.591970391360293391e-01 6.779005032579472623e-01 6.576194779803333779e-01 6.857395035501804292e-01
6.602235105321748732e-01 6.792271250931511961e-01 6.572882198113989549e-01 6.850873983647602916e-01
6.605271147479361282e-01 6.785922281622065455e-01 6.577743051679874053e-01 6.852465515983718891e-01
6.622041666064277798e-01 6.789290176914120067e-01 6.576986918902958390e-01 6.849833957340157875e-01
6.638523037777039892e-01 6.807625156259784482e-01 6.582027804082396516e-01 6.849804187543921952e-01
6.650522632971417325e-01 6.828086258028007727e-01 6.584512240349406076e-01 6.851746905085771555e-01
6.665124550015180116e-01 6.849767137417546170e-01 6.589265074947159295e-01 6.859739705908678431e-01
6.666136564067717263e-01 6.836762369210166446e-01 6.595998257293980149e-01 6.866802341028452883e-01
6.671196634330408548e-01 6.839545045035294590e-01 6.601003136150707107e-01 6.874011604351635274e-01
6.671774928074714062e-01 6.843815436886466763e-01 6.604315717840052447e-01 6.878029722926737310e-01
6.682328788908327155e-01 6.847818809255701300e-01 6.594233947481177305e-01 6.873239884035526881e-01
6.678425306134251338e-01 6.844419416244493792e-01 6.601795275250335049e-01 6.876551697258421747e-01
6.675389263976636567e-01 6.847786856436044456e-01 6.611300944445843708e-01 6.883801034370251593e-01
6.682473362344403256e-01 6.860537045093371145e-01 6.612777203676964977e-01 6.885162413825717254e-01
6.686955138862785697e-01 6.856296974638917963e-01 6.615297646266685705e-01 6.888511613944883205e-01
6.685653977938094128e-01 6.850538443243340270e-01 6.617854095179112051e-01 6.892346650226455207e-01
6.684063670141248137e-01 6.847257687335548404e-01 6.620662588350515465e-01 6.898510740548521314e-01
6.683196229524788201e-01 6.832209611181021547e-01 6.628259922442381047e-01 6.906552925283642175e-01
6.678859026442481861e-01 6.825447407555412793e-01 6.626063536757054173e-01 6.904335108820671696e-01
6.686087698246325761e-01 6.833398515100846948e-01 6.626171555725184348e-01 6.910931844575133320e-01
6.691147768509014826e-01 6.839244690714776365e-01 6.631680523099856561e-01 6.919741520063378282e-01
6.701701629342624589e-01 6.847563135816578939e-01 6.633408826589949348e-01 6.921093324864306950e-01
6.703581084011623892e-01 6.853549039684797561e-01 6.629664169028081089e-01 6.921180984335160158e-01
6.705460538680623195e-01 6.857879166221321210e-01 6.634453009948547697e-01 6.923998251414648086e-01
6.697219852824241038e-01 6.856826578610604184e-01 6.636793420924714804e-01 6.926730354289653002e-01
6.696063265335627790e-01 6.857364330001840536e-01 6.637981629574154496e-01 6.927104980962721648e-01
6.694328384102704588e-01 6.853265625043498677e-01 6.637117477829107548e-01 6.924840915187605583e-01
6.704882244936315461e-01 6.857793751696801277e-01 6.640394053195741719e-01 6.927084896474504649e-01
6.707773713657853021e-01 6.860775826693065182e-01 6.650907899427138670e-01 6.930737118068562852e-01
6.707918287093929122e-01 6.860446255880062738e-01 6.646551134379197201e-01 6.922750055592699070e-01
6.700834188726163543e-01 6.854827703366216385e-01 6.642914495785460227e-01 6.919472762753380302e-01
6.698231866876780405e-01 6.852379919955579046e-01 6.638233673833124904e-01 6.917434850957758785e-01
6.701846202778701800e-01 6.859435534763073106e-01 6.633624864526210807e-01 6.915788122590358356e-01
6.707773713657851911e-01 6.868675978733616017e-01 6.632976750717425318e-01 6.919325276681543846e-01
6.712833783920542086e-01 6.871062369370415368e-01 6.631176434581912416e-01 6.914998697597725119e-01
6.705460538680623195e-01 6.867173007325144685e-01 6.625559448239111138e-01 6.910240756085406222e-01
6.693894663794474065e-01 6.859741814233493162e-01 6.624515264880512788e-01 6.911569449689620726e-01
6.695774118463473368e-01 6.865404365225399319e-01 6.622030828613505449e-01 6.911609023188556300e-01
6.689846607584323257e-01 6.862123631011534108e-01 6.625595454561821196e-01 6.918381764069402307e-01
6.691147768509014826e-01 6.862016485536480692e-01 6.635389174339014762e-01 6.929200508073256604e-01
6.698954734057164240e-01 6.873865996994107386e-01 6.643994685466767525e-01 6.938794037302816742e-01
6.693316370050166331e-01 6.867333351258392282e-01 6.648387456837421272e-01 6.940543359171011950e-01
6.691292341945089817e-01 6.865531026845248519e-01 6.653140291435175602e-01 6.942079461708704491e-01
6.711821769868004939e-01 6.876455566022476873e-01 6.648675507419102848e-01 6.933715974037386598e-01
6.719050441671847729e-01 6.880795517095599223e-01 6.644642799275550793e-01 6.926601467383447508e-01
6.719195015107923830e-01 6.873011123374624942e-01 6.639133831900881910e-01 6.922596629444436322e-01
6.720929896340847032e-01 6.872910178763522726e-01 6.640430059518451777e-01 6.920099155767343024e-01
6.714857812025618600e-01 6.868312976667971803e-01 6.643454590626113321e-01 6.919813493052604514e-01
6.713701224537005352e-01 6.869940610817484306e-01 6.648747520064522964e-01 6.926084849025397894e-01
6.707050846477468076e-01 6.863447781628876365e-01 6.648675507419103958e-01 6.931322170237604885e-01
6.704014804319854415e-01 6.860939779462118526e-01 6.639961977323217690e-01 6.926271183094941941e-01
6.708352007402158534e-01 6.864625922173893668e-01 6.647415286124244149e-01 6.937118622927861411e-01
6.701123335598316855e-01 6.864274527793916558e-01 6.655840765638445511e-01 6.942752953382314018e-01
6.688545446659630578e-01 6.857839842717018408e-01 6.656956961642463977e-01 6.938721335655926303e-01
6.692738076305859707e-01 6.859416503447386404e-01 6.656812936351623744e-01 6.936453955456899356e-01
6.695629545027397267e-01 6.861483002448259816e-01 6.648927551678074366e-01 6.929924898913303322e-01
6.705026818372393782e-01 6.876681790022514118e-01 6.645434938375178735e-01 6.927683732586660259e-01
6.704014804319853305e-01 6.870441103875374322e-01 6.648387456837420162e-01 6.926983745086299216e-01
6.713122930792695398e-01 6.872774080986527867e-01 6.647811355674055900e-01 6.928159243807321399e-01
6.706183405861005919e-01 6.864236726722831028e-01 6.648027393610316249e-01 6.935680425738821597e-01
6.706327979297085351e-01 6.859290800138666544e-01 6.642554432558356314e-01 6.933088118655947873e-01
6.713556651100927031e-01 6.873695408311503163e-01 6.642626445203777541e-01 6.932047510849674854e-01
6.708062860530006333e-01 6.862791509598438200e-01 6.646227077474804457e-01 6.935084209031268099e-01
6.704448524628084938e-01 6.867338314952891043e-01 6.643814653853216123e-01 6.934055292031099382e-01
6.711388049559774416e-01 6.882448745638015675e-01 6.652852240853494026e-01 6.946054062510959026e-01
6.708207433966082434e-01 6.879475651492992228e-01 6.648639501096393900e-01 6.947187470850775259e-01
6.705749685552776507e-01 6.872851946224809438e-01 6.644750818243683188e-01 6.943189541992129676e-01
6.709074874582544590e-01 6.867150593937219050e-01 6.645470944697888793e-01 6.942856552964604688e-01
6.712978357356620407e-01 6.878052139146687560e-01 6.648423463160131330e-01 6.943643878946457182e-01
6.709942315199006746e-01 6.875829416316633358e-01 6.639817952032376347e-01 6.935978477019268951e-01
6.708785727710390168e-01 6.875627561355550643e-01 6.637279506281303920e-01 6.927185704442233583e-01
6.720351602596538187e-01 6.898922226998669416e-01 6.644786824566393246e-01 6.936203615989321447e-01
6.732929491535224464e-01 6.910904353219915475e-01 6.652636202917231456e-01 6.947326813088484654e-01
6.740158163339068365e-01 6.925551670939902316e-01 6.652888247176204084e-01 6.948172147449108715e-01
6.732929491535224464e-01 6.904923288652523583e-01 6.654328500084614184e-01 6.943305400813495343e-01
6.718905868235770518e-01 6.884637509838774649e-01 6.647739343028634673e-01 6.936759440043960279e-01
6.704882244936315461e-01 6.875332353041893052e-01 6.648027393610318470e-01 6.942187513773567797e-01
6.691581488817244239e-01 6.860545642204541883e-01 6.647739343028635783e-01 6.943291893976156759e-01
6.698376440312857616e-01 6.864240339581336725e-01 6.642914495785460227e-01 6.940266152642189379e-01
6.710520608943313370e-01 6.881613886215621756e-01 6.641330217586207674e-01 6.938133543081783650e-01
6.713412077664850930e-01 6.878377273683469184e-01 6.638341692801256189e-01 6.934052373033481320e-01
6.722664777573769124e-01 6.890706004483148073e-01 6.637081471506396380e-01 6.935035738673051009e-01
6.727724847836458189e-01 6.895884562281345831e-01 6.643238552689852972e-01 6.941693289725283655e-01
6.723098497881999647e-01 6.898218823104736996e-01 6.643922672821347408e-01 6.942780838861664083e-01
6.719628735416154353e-01 6.894826675521262827e-01 6.644786824566394356e-01 6.939034965256329901e-01
6.725989966603536097e-01 6.901765495316002363e-01 6.641726287136022755e-01 6.936098672387038810e-01
6.725411672859229473e-01 6.894576935634654236e-01 6.641078173327236156e-01 6.936592195929585092e-01
6.721797336957306968e-01 6.884405890727760546e-01 6.644354748693870327e-01 6.943170991271779835e-01
6.730327169685841326e-01 6.891904720427390885e-01 6.643418584303404373e-01 6.943300776696049725e-01
6.730471743121918538e-01 6.893628172505101848e-01 6.640538078486581952e-01 6.942574195630220046e-01
6.732062050918764529e-01 6.895740047776315329e-01 6.646011039538541887e-01 6.948629198030480403e-01
6.735387239948531501e-01 6.899295452459800471e-01 6.642014337717703221e-01 6.946538499866458105e-01
6.741170177391605511e-01 6.909352061379898657e-01 6.647199248187981580e-01 6.952764385686038828e-01
6.742326764880220979e-01 6.895797030689011509e-01 6.653320323048727003e-01 6.959416607678815536e-01
6.739290722722606208e-01 6.897612397451937660e-01 6.661745802562930585e-01 6.967274096214923773e-01
6.732495771226995052e-01 6.896549289677327277e-01 6.655552715056762825e-01 6.961144191188981534e-01
6.722231057265537491e-01 6.887161998718513978e-01 6.647991387287607301e-01 6.954093950987328965e-01
6.719050441671847729e-01 6.880507122614034632e-01 6.648279437869288877e-01 6.952361486737770324e-01
6.721652763521230867e-01 6.873223319271242193e-01 6.646515128056486033e-01 6.954475634758944258e-01
6.726423686911766620e-01 6.870102026859135069e-01 6.644750818243683188e-01 6.950435187061224651e-01
6.720929896340845922e-01 6.872228741005197428e-01 6.640718110100134464e-01 6.946060836344709610e-01
6.721797336957308078e-01 6.872930445756508799e-01 6.633624864526210807e-01 6.939892991977636427e-01
6.711532622995850517e-01 6.866910305426322525e-01 6.635497193307144936e-01 6.938613135129296783e-01
6.712978357356618186e-01 6.859132007552600774e-01 6.636469364020320949e-01 6.933738182778323988e-01
6.717604707311080059e-01 6.859676607556246530e-01 6.640033989968638917e-01 6.938167585011680849e-01
6.722375630701615812e-01 6.868407019633515631e-01 6.649791703423121314e-01 6.954400201820647442e-01
6.734375225895994355e-01 6.885358293986016953e-01 6.655264664475082359e-01 6.959917675477967913e-01
6.740881030519452199e-01 6.883862201588833996e-01 6.653824411566671149e-01 6.957743851019202452e-01
6.742326764880222090e-01 6.887709643159668493e-01 6.653788405243959980e-01 6.957040832830883037e-01
6.731772904046610106e-01 6.877158136463602522e-01 6.649215602259757052e-01 6.948142727478567870e-01
6.717026413566771215e-01 6.857116781325214294e-01 6.648063399933027418e-01 6.945120156037581927e-01
6.706906273041391975e-01 6.846652201217907630e-01 6.653032272467045427e-01 6.947738403846738242e-01
6.712689210484465985e-01 6.848827968639388253e-01 6.647775349351345842e-01 6.945519117568788037e-01
6.717026413566771215e-01 6.854659745753985955e-01 6.640610091132002069e-01 6.939514424958637129e-01
6.726279113475690519e-01 6.873596224129008281e-01 6.630420301804996752e-01 6.929371877135614977e-01
6.716158972950310169e-01 6.863168259314746944e-01 6.629664169028081089e-01 6.930160784513832439e-01
6.711966343304081040e-01 6.857200808021750582e-01 6.628007878183408419e-01 6.931072314925368349e-01
6.714424091717388077e-01 6.858452206032619181e-01 6.630348289159576636e-01 6.936378730406584925e-01
6.722375630701614702e-01 6.868317830764654186e-01 6.632868731749294033e-01 6.938853808651967991e-01
6.720640749468692610e-01 6.866785619437628663e-01 6.639709933064246172e-01 6.943194851290079850e-01
6.730327169685842437e-01 6.880143903556898977e-01 6.642014337717703221e-01 6.947501894874736905e-01
6.733074064971302786e-01 6.886689904619699432e-01 6.654256487439195178e-01 6.956542245879325792e-01
6.736688400873223070e-01 6.893337268498475057e-01 6.656776930028913686e-01 6.958333372027342145e-01
6.729748875941534703e-01 6.882126772643157864e-01 6.657281018546856721e-01 6.955079870307798728e-01
6.735387239948531501e-01 6.883557696988541474e-01 6.654940607570689615e-01 6.951856076136500029e-01
6.736399254001068648e-01 6.889334549477109659e-01 6.655696740347605278e-01 6.953589035495505444e-01
6.735676386820685924e-01 6.888249857879231719e-01 6.660449574945359608e-01 6.956533227232684080e-01
6.738278708670069062e-01 6.897889318963644767e-01 6.661457751981247899e-01 6.953628032118366331e-01
6.729170582197226969e-01 6.884031011839344405e-01 6.668334959618908986e-01 6.958941254336944437e-01
6.726134540039612197e-01 6.873517082057261085e-01 6.666894706710497776e-01 6.957854378282779528e-01
6.729748875941534703e-01 6.877482865575619275e-01 6.662970017535079226e-01 6.951785635927261175e-01
6.733941505587762721e-01 6.882932451466650114e-01 6.657965138678352268e-01 6.949471244437354089e-01
6.718327574491462784e-01 6.865911162621464170e-01 6.654184474793772841e-01 6.949040286231522590e-01
6.710809755815465572e-01 6.866390351288733651e-01 6.647199248187981580e-01 6.949626604225564996e-01
6.707050846477466965e-01 6.865728756013269596e-01 6.645614969988730136e-01 6.949054838738715212e-01
6.697653573132473781e-01 6.856109073731443404e-01 6.638377699123966247e-01 6.945223694187971919e-01
6.718183001055385573e-01 6.873120806805095295e-01 6.629304105800979396e-01 6.939374949393256609e-01
6.724688805678844528e-01 6.868804688508862721e-01 6.626135549402474290e-01 6.929040492633001813e-01
6.732351197790918951e-01 6.873735022720821597e-01 6.626351587338736859e-01 6.925482504049507160e-01
6.729459729069380280e-01 6.877411521741984002e-01 6.634561028916677872e-01 6.928796732164612671e-01
6.722231057265537491e-01 6.869334783936567046e-01 6.634957098466490732e-01 6.927980317803421606e-01
6.715725252642079646e-01 6.862749729253849740e-01 6.630312282836865467e-01 6.925611046248801861e-01
6.711966343304081040e-01 6.858792770580203202e-01 6.632616687490322516e-01 6.933012247875119938e-01
6.713990371409157554e-01 6.868083965415663350e-01 6.631536497809015218e-01 6.941149624614576519e-01
6.723387644754152959e-01 6.877470973873960336e-01 6.633660870848920865e-01 6.944020717448247115e-01
6.726279113475690519e-01 6.875897466312638207e-01 6.637693578992471810e-01 6.947456831240935715e-01
6.736399254001069759e-01 6.894140646911210979e-01 6.644714811920973130e-01 6.947455677339178237e-01
6.753458919458139587e-01 6.912051019422383868e-01 6.643346571657984256e-01 6.944153844852333224e-01
6.750856597608756449e-01 6.905802325071863645e-01 6.643706634885085949e-01 6.947710018074915173e-01
6.746085674218218475e-01 6.891288616202504436e-01 6.647271260833402806e-01 6.951543304595071415e-01
6.738423282106146273e-01 6.880267180878100186e-01 6.645831007924991596e-01 6.951746824460232066e-01
6.740158163339068365e-01 6.882285427862678828e-01 6.644930849857234589e-01 6.948373668799254776e-01
6.737411268053608016e-01 6.884583222020421722e-01 6.644102704434898810e-01 6.949626008002285360e-01
6.726206826757651358e-01 6.872047382876973476e-01 6.643130533721721687e-01 6.948119155107617129e-01
6.727435700964303766e-01 6.876091264093742161e-01 6.644642799275551903e-01 6.950826903803591916e-01
6.724688805678844528e-01 6.876308717485637434e-01 6.646011039538541887e-01 6.951266950633375741e-01
6.729748875941534703e-01 6.886041956300699152e-01 6.642986508430880344e-01 6.951555887863377636e-01
6.744639939857450806e-01 6.901251713353100392e-01 6.636505370343032117e-01 6.940871113216162680e-01
6.748398849195449412e-01 6.907427993784438502e-01 6.642122356685834506e-01 6.942656237501848571e-01
6.761121311570212900e-01 6.912932922610470765e-01 6.648495475805551447e-01 6.949528790268821865e-01
6.767048822449364121e-01 6.924392546018960370e-01 6.651231956331531414e-01 6.952488618684878885e-01
6.766615102141133598e-01 6.913862640673467119e-01 6.650799880459008495e-01 6.950191682934727666e-01
6.753169772585985164e-01 6.898914263050295315e-01 6.646623147024618428e-01 6.949268577989814455e-01
6.747386835142910044e-01 6.885508771744419665e-01 6.635209142725462250e-01 6.943189875928849064e-01
6.736688400873224181e-01 6.874153289229291142e-01 6.631752535745276678e-01 6.942605385188316269e-01
6.729170582197228079e-01 6.869049236251789647e-01 6.629556150059950914e-01 6.941258329615648259e-01
6.738567855542222373e-01 6.877963961106430268e-01 6.631644516777146503e-01 6.942469412740552848e-01
6.748977142939756035e-01 6.887356736272961522e-01 6.628691998314903966e-01 6.939986169247397418e-01
6.751868611661293595e-01 6.894122567469285201e-01 6.634056940398733726e-01 6.941582574158606800e-01
6.765458514652517019e-01 6.908294160565968678e-01 6.639925971000507632e-01 6.942763243362565229e-01
6.759531003773366908e-01 6.903844976087804008e-01 6.643994685466767525e-01 6.942920621309697227e-01
6.758663563156905862e-01 6.903150699404563273e-01 6.642590438881067483e-01 6.937346364254726172e-01
6.761410458442365101e-01 6.898415730704137161e-01 6.640178015259479150e-01 6.937296305627173032e-01
6.756928681923983770e-01 6.899082378416260264e-01 6.637909616928733270e-01 6.935074586851651679e-01
6.746230247654296797e-01 6.892977482554524249e-01 6.639781945709666289e-01 6.937121795320728701e-01
6.742326764880220979e-01 6.895125719783938845e-01 6.635497193307144936e-01 6.936831939217010801e-01
6.747386835142911155e-01 6.894585882419075329e-01 6.628908036251166536e-01 6.930335978287975873e-01
6.750422877300524815e-01 6.897306636980108374e-01 6.635245149048172308e-01 6.935965760444964268e-01
6.739435296158684530e-01 6.884332554042671415e-01 6.636361345052191885e-01 6.938862264299590077e-01
6.740447310211222787e-01 6.886530349281747565e-01 6.634417003625836529e-01 6.936635250812691611e-01
6.738712428978299585e-01 6.882935817389683741e-01 6.630420301804996752e-01 6.934613832400311484e-01
6.745941100782142374e-01 6.896884653547568078e-01 6.627665818117661756e-01 6.930980907395594137e-01
6.754760080382831156e-01 6.913563803511921790e-01 6.625667467207241312e-01 6.934551118142737725e-01
6.756784108487906559e-01 6.912844115225222907e-01 6.625703473529951371e-01 6.934278083755534006e-01
6.752736052277754641e-01 6.906636623191928503e-01 6.633012757040136487e-01 6.942333187826041918e-01
6.744206219549220283e-01 6.891174861286151199e-01 6.636757414602004745e-01 6.946277018181216123e-01
6.741314750827682722e-01 6.890965279509888575e-01 6.636721408279293577e-01 6.943267325391766498e-01
6.744061646113143071e-01 6.898901096858659487e-01 6.633876908785183435e-01 6.935096726747795870e-01
6.743483352368835337e-01 6.894583819590380802e-01 6.633444832912658295e-01 6.934026833544874036e-01
6.734953519640300978e-01 6.881262888485690787e-01 6.634380997303126470e-01 6.935048524620563981e-01
6.734953519640300978e-01 6.880044889689448384e-01 6.628295928765091105e-01 6.932812514565945827e-01
6.748109702323294989e-01 6.891517709973773442e-01 6.634741060530229273e-01 6.941907495376731241e-01
6.756350388179676036e-01 6.899556103725733580e-01 6.638629743382938875e-01 6.946543219451948303e-01
6.757506975668290394e-01 6.899204721126741546e-01 6.633336813944528121e-01 6.941850522120034395e-01
6.766325955268979175e-01 6.908946210082591577e-01 6.641402230231628900e-01 6.952113190294448852e-01
6.761410458442365101e-01 6.902507224498611871e-01 6.646947203929010062e-01 6.957576474571324221e-01
6.762711619367057780e-01 6.895521701609069742e-01 6.652708215562652683e-01 6.959294905668520492e-01
6.762422472494904468e-01 6.897801109320569335e-01 6.652456171303680055e-01 6.958190332838988246e-01
6.767771689629746845e-01 6.905291252726678541e-01 6.650943905749849838e-01 6.955288442652831638e-01
6.769506570862668937e-01 6.906585148189410273e-01 6.652132114399287310e-01 6.955507262627427245e-01
6.765313941216439808e-01 6.911689164496906956e-01 6.646299090120224573e-01 6.950110459316085620e-01
6.763000766239211092e-01 6.912755626374252893e-01 6.640466065841161836e-01 6.950042355731467225e-01
6.761988752186672835e-01 6.910249857648359528e-01 6.643850660175925071e-01 6.953783033252129986e-01
6.753892639766368999e-01 6.899097443648705141e-01 6.648603494773682732e-01 6.959773458994688022e-01
6.755772094435368302e-01 6.900340382839339481e-01 6.648801529548589162e-01 6.955729565589767738e-01
6.758663563156905862e-01 6.899724392537907036e-01 6.644066698112189862e-01 6.949538298369315470e-01
6.769651144298746148e-01 6.912151884562223181e-01 6.643958679144057466e-01 6.949642273385783220e-01
6.769072850554438414e-01 6.907215006803684165e-01 6.636649395633872350e-01 6.941356530935378633e-01
6.766470528705056386e-01 6.893293005828304842e-01 6.634435006787191558e-01 6.934922516061123865e-01
6.762856192803134991e-01 6.885028059799381817e-01 6.635821250211537681e-01 6.936662191750165851e-01
6.762567045930980569e-01 6.885481718734531853e-01 6.640934148036394813e-01 6.940224996736419349e-01
6.759820150645519110e-01 6.884970182891247958e-01 6.645650976311440195e-01 6.945338586987849228e-01
6.740881030519452199e-01 6.866718914353369119e-01 6.644282736048451321e-01 6.948342914009079108e-01
6.733363211843456098e-01 6.862465467207633507e-01 6.640394053195741719e-01 6.949294349370964685e-01
6.736110107128916447e-01 6.864127433756193053e-01 6.633228794976397946e-01 6.943151439243959722e-01
6.726712833783919931e-01 6.850970724900322661e-01 6.634128953044153842e-01 6.940962828129169093e-01
6.728447715016842023e-01 6.853536585926629510e-01 6.632940744394715260e-01 6.939267570466843837e-01
6.738567855542223484e-01 6.862836828490472829e-01 6.633840902462472267e-01 6.940857527241113267e-01
6.751868611661293595e-01 6.873481821132766401e-01 6.631896561036116911e-01 6.937868338089757669e-01
6.749410863247986558e-01 6.873641684451988754e-01 6.629700175350791147e-01 6.936133762905323241e-01
6.747675982015064466e-01 6.868653002466256208e-01 6.640178015259479150e-01 6.948497523239134388e-01
6.739507582876722580e-01 6.860858436003497429e-01 6.642914495785460227e-01 6.952445403872197227e-01
6.735820960256762024e-01 6.856799160628360701e-01 6.640826129068264638e-01 6.953242102241676825e-01
6.736977547745377493e-01 6.856703376935555649e-01 6.638845781319198114e-01 6.947610202309049132e-01
6.739146149286530108e-01 6.869264206941160245e-01 6.635929269179667855e-01 6.942099338559331034e-01
6.730038022813688015e-01 6.865503438300086803e-01 6.638881787641909282e-01 6.943103873109198743e-01
6.733363211843456098e-01 6.865404509757224716e-01 6.639529901450694771e-01 6.947903309092334778e-01
6.748543422631525512e-01 6.885469423122700938e-01 6.639925971000507632e-01 6.948492592148542979e-01
6.759386430337289697e-01 6.895379237180169207e-01 6.640646097454713237e-01 6.947664488927158821e-01
6.756784108487907670e-01 6.886870439793020271e-01 6.643670628562375891e-01 6.950541062717833229e-01
6.757796122540444816e-01 6.887471708303257723e-01 6.639097825578170742e-01 6.941613975970830630e-01
6.763723633419594927e-01 6.906034319772893504e-01 6.644822830889104415e-01 6.945776526991140898e-01
6.762422472494902248e-01 6.906964823892997041e-01 6.647487298769664266e-01 6.951686948137042465e-01
6.758663563156905862e-01 6.909031259422352411e-01 6.649719690777700087e-01 6.956594686614183676e-01
6.748109702323294989e-01 6.901133259281029275e-01 6.654940607570689615e-01 6.966020585447825209e-01
6.740302736775145576e-01 6.892174981815678558e-01 6.655912778283866738e-01 6.968451652943131736e-01
6.738857002414376796e-01 6.887911698716424613e-01 6.645903020570411712e-01 6.957619383794031442e-01
6.749700010120140981e-01 6.901289243312880295e-01 6.633624864526210807e-01 6.946572562816729635e-01
6.757073255360060982e-01 6.912758526098248257e-01 6.630006229093829972e-01 6.939355402096815117e-01
6.766904249013285799e-01 6.903615096637670812e-01 6.631716529422566619e-01 6.937416874832571523e-01
6.761265885006289000e-01 6.895400828296640583e-01 6.647199248187980469e-01 6.947359860443313995e-01
6.750567450736602026e-01 6.885176235530127142e-01 6.651267962654241472e-01 6.956333871469118080e-01
6.740013589902991153e-01 6.868765333620012736e-01 6.648603494773681621e-01 6.957751150353214120e-01
6.743627925804912548e-01 6.877431980984567428e-01 6.639817952032376347e-01 6.957151833430664789e-01
6.737122121181454704e-01 6.875296924236440343e-01 6.629844200641632490e-01 6.950540981133781493e-01
6.738857002414375685e-01 6.876787696675603634e-01 6.635173136402752192e-01 6.957113229038525137e-01
6.749844583556217081e-01 6.883151896203649756e-01 6.641726287136021645e-01 6.955437842529511583e-01
6.758663563156905862e-01 6.894186987149506507e-01 6.643058521076301570e-01 6.954497746967838179e-01
6.759675577209443009e-01 6.890090385471483447e-01 6.641510249199759075e-01 6.951693374796009683e-01
6.762422472494904468e-01 6.898339347023553225e-01 6.634272978334994075e-01 6.946115301955437804e-01
6.760398444389827954e-01 6.900644956774775185e-01 6.637585560024339415e-01 6.948711289846611905e-01
6.759097283465136385e-01 6.897239682172241482e-01 6.637549553701629357e-01 6.943655809762601105e-01
6.758952710029058064e-01 6.894922722372320845e-01 6.639709933064245062e-01 6.944757921172509674e-01
6.751724038225217495e-01 6.894252385915007331e-01 6.641798299781441761e-01 6.949779524601833458e-01
6.741893044571990457e-01 6.882484535285208205e-01 6.640538078486581952e-01 6.945860057543640220e-01
6.745651953909987952e-01 6.881926571974517071e-01 6.638089648542283561e-01 6.944650674300665294e-01
6.744784513293526906e-01 6.879204857973582055e-01 6.642086350363123337e-01 6.942942121152331225e-01
