7.143662623429570813e-01 7.537698374714842942e-01 7.320229432288309912e-01 7.596530190246427727e-01
7.149156414000490400e-01 7.541213587167359123e-01 7.328294848575409581e-01 7.603328686934434089e-01
7.152770749902412906e-01 7.546060884010111769e-01 7.332867651559613620e-01 7.605359244562158727e-01
7.164625771660715348e-01 7.551443959110726301e-01 7.336648315444193047e-01 7.615110606299007046e-01
7.170842429412019881e-01 7.552587745930343655e-01 7.337044384994004798e-01 7.614163924853765142e-01
7.169252121615173889e-01 7.550687595364993232e-01 7.342373320755124499e-01 7.616230181089058693e-01
7.181396290245630754e-01 7.567754832678691423e-01 7.350366724396804052e-01 7.622837899679777429e-01
7.186022640200089295e-01 7.572781263420840236e-01 7.355623647512502528e-01 7.630178132108949018e-01
7.183275744914627836e-01 7.565005345305118034e-01 7.358684184942876350e-01 7.638179975759465945e-01
7.181540863681707965e-01 7.558847833349909839e-01 7.358540159652035006e-01 7.632179993593342093e-01
7.170264135667712146e-01 7.543713228857014119e-01 7.356091729707736615e-01 7.627757952984491885e-01
7.167372666946174586e-01 7.536686594793050586e-01 7.353607293440728165e-01 7.620598789336403556e-01
7.160577715450564540e-01 7.528790457617693388e-01 7.345253826571945810e-01 7.611330748426681225e-01
7.156385085804334301e-01 7.522459837543097327e-01 7.342121276496152982e-01 7.605921275101170664e-01
7.161734302939177788e-01 7.528045155202769401e-01 7.345397851862787153e-01 7.611528908457521059e-01
7.162312596683486632e-01 7.528965963932159333e-01 7.335064037244940494e-01 7.600328266754502460e-01
7.168095534126559532e-01 7.537349308397727210e-01 7.328798937093353727e-01 7.596554205203910337e-01
7.168384680998713954e-01 7.542281305416059789e-01 7.320049400674758511e-01 7.586680177560087834e-01
7.164625771660714237e-01 7.541128426663477047e-01 7.317997040280272980e-01 7.580718208081427267e-01
7.166216079457561339e-01 7.543302364998809573e-01 7.314720464913639919e-01 7.577115274773968956e-01
7.165348638841099183e-01 7.532019792173452188e-01 7.304422656618501097e-01 7.565557382446281842e-01
7.167228093510098486e-01 7.533624088340270530e-01 7.304800723006960039e-01 7.563472588397682772e-01
7.166649799765791862e-01 7.530350321472034647e-01 7.297581455303552289e-01 7.555296089990957142e-01
7.178793968396247616e-01 7.541991161964021195e-01 7.291064310892991784e-01 7.549706335140207170e-01
7.173300177825326918e-01 7.547245173760414039e-01 7.288507861980563218e-01 7.548027105344986554e-01
7.178504821524092083e-01 7.547437705660311469e-01 7.284799210741406128e-01 7.543383255957020195e-01
7.178649394960170405e-01 7.545829683405291810e-01 7.284979242354957529e-01 7.541678051122481241e-01
7.174167618441787964e-01 7.542125726996153912e-01 7.285231286613929047e-01 7.542369263937747093e-01
7.160722288886640641e-01 7.533048426735517999e-01 7.274429389800849410e-01 7.529715871464536248e-01
7.147132385895416107e-01 7.529941497106446002e-01 7.267552182163188323e-01 7.520813132947586910e-01
7.135277364137113665e-01 7.513769186559868807e-01 7.264491644732815612e-01 7.516793346667047793e-01
7.135132790701037564e-01 7.511730669942638938e-01 7.262115227433937337e-01 7.513095798317008800e-01
7.131518454799113949e-01 7.508643704722975931e-01 7.257038335931789153e-01 7.507953996898821813e-01
7.131807601671268371e-01 7.509073066327942581e-01 7.249621033453474972e-01 7.500884058481346317e-01
7.121832034581965232e-01 7.498136215487081202e-01 7.248936913321979425e-01 7.500718895502134220e-01
7.118362272116121048e-01 7.497472861063591010e-01 7.251925438106932020e-01 7.501925743562773974e-01
7.122410328326274076e-01 7.501655674330875989e-01 7.249549020808052635e-01 7.501684385236380148e-01
7.121832034581966342e-01 7.498904845412246445e-01 7.246992571895624069e-01 7.497364654655607197e-01
7.121398314273734709e-01 7.496703152750558985e-01 7.253437703660763347e-01 7.502585599604671973e-01
7.133253336032037151e-01 7.503560599387589791e-01 7.259342740585246201e-01 7.506358317627679355e-01
7.135132790701037564e-01 7.502154187325433821e-01 7.260999031429918871e-01 7.512024745463414810e-01
7.141855455478609560e-01 7.507236185273125084e-01 7.263807524601320065e-01 7.516807300493143496e-01
7.137301392242189069e-01 7.512395670851343965e-01 7.265859884995804485e-01 7.516229654242472247e-01
7.134120776648499307e-01 7.500517168196306761e-01 7.257722456063284699e-01 7.509154787157591437e-01
7.142939756249186978e-01 7.507586580841165702e-01 7.254697924955622046e-01 7.507449206980376655e-01
7.147566106203646630e-01 7.514099816198682724e-01 7.247568673058989441e-01 7.500720436578447448e-01
7.158119967037256393e-01 7.522972349724672547e-01 7.252789589851976748e-01 7.505907537205654956e-01
7.185010626147552149e-01 7.536602116343429358e-01 7.261971202143095994e-01 7.507800386718064267e-01
7.189492402665933479e-01 7.542007860606603220e-01 7.266868062031692777e-01 7.511115410679282123e-01
7.205829200942618362e-01 7.542952590962883619e-01 7.265571834414122909e-01 7.505664650750984990e-01
7.209588110280616968e-01 7.537722778430338000e-01 7.262475290661040139e-01 7.497891596696586447e-01
7.209443536844539757e-01 7.539820464562392299e-01 7.256606260059266233e-01 7.490847818474266617e-01
7.195419913545084700e-01 7.527002372094356852e-01 7.253941792178707493e-01 7.489335919410723408e-01
7.201491997860312022e-01 7.525566390394766714e-01 7.261971202143095994e-01 7.495956007780127939e-01
7.200479983807774875e-01 7.530604305138575150e-01 7.263843530924031233e-01 7.492709420328925729e-01
7.183709465222860580e-01 7.523894394737089542e-01 7.258406576194779136e-01 7.487731984938900132e-01
7.175902499674707835e-01 7.527557115323441073e-01 7.249729052421605147e-01 7.480253545403841020e-01
7.182697451170321212e-01 7.539437359154246288e-01 7.244832192533008364e-01 7.478981450225343774e-01
7.196142780725468535e-01 7.552415318494144492e-01 7.231365827839367766e-01 7.469148163242392835e-01
7.193974179184315920e-01 7.556438269996665902e-01 7.218151507404699796e-01 7.462741259871242816e-01
7.191082710462779470e-01 7.548230738290667707e-01 7.195035448224708086e-01 7.446375373554399157e-01
7.166505226329714651e-01 7.521948135544449521e-01 7.173539673566678987e-01 7.431081433312551887e-01
7.154794778007488310e-01 7.515070245532791127e-01 7.159137144482570214e-01 7.419543722064385616e-01
7.150168428053029768e-01 7.512315909960243232e-01 7.144338545848651911e-01 7.405777118997201036e-01
7.140915728144110464e-01 7.502845588966319257e-01 7.148875342510143671e-01 7.415447841743335600e-01
7.152047882722027961e-01 7.513760809352103553e-01 7.157120790410795852e-01 7.430216457754827974e-01
7.157975393601179182e-01 7.516289901586642452e-01 7.165510263602288266e-01 7.442143451585053748e-01
7.157686246729025870e-01 7.505619984063187644e-01 7.170587155104435340e-01 7.443221968165348867e-01
7.141783168760573730e-01 7.493404906487901584e-01 7.161837618685842344e-01 7.437991031242681128e-01
7.128626986077577499e-01 7.489609530129954784e-01 7.157300822024348363e-01 7.435253259054460662e-01
7.137879685986496803e-01 7.494276707594209608e-01 7.154780379434628745e-01 7.431574526405622105e-01
7.140048287527649418e-01 7.495626403280080119e-01 7.163421896885092677e-01 7.434545434932460228e-01
7.143807196865648024e-01 7.492938569517902936e-01 7.174727882216116459e-01 7.445721434030099228e-01
7.149011840564414300e-01 7.500413338631942706e-01 7.185349747415645805e-01 7.451233696468804180e-01
7.143807196865646914e-01 7.496633233449551126e-01 7.192298967698728118e-01 7.454595540325035241e-01
7.153204470210643429e-01 7.503195781895757310e-01 7.190102582013401245e-01 7.448425354572970614e-01
7.157975393601179182e-01 7.503435420893354024e-01 7.194711391320315341e-01 7.452685038619861757e-01
7.153204470210643429e-01 7.494916256779012853e-01 7.196331675842276843e-01 7.454179607144866271e-01
7.151903309285951860e-01 7.493913361657320582e-01 7.185925848579010067e-01 7.445643132298859213e-01
7.166360652893637440e-01 7.503392809580029521e-01 7.188590316459569918e-01 7.448733931779232265e-01
7.163180037299946568e-01 7.501086851642961850e-01 7.185529779029197206e-01 7.446618684052725978e-01
7.153782763954951163e-01 7.494879289614911899e-01 7.182433235276114436e-01 7.450806322010804505e-01
7.148144399947955474e-01 7.494595627785611835e-01 7.183909494507235705e-01 7.452500157581043450e-01
7.144530064046032969e-01 7.489878467203802126e-01 7.185277734770225688e-01 7.460093602472198659e-01
7.143951770301725235e-01 7.485015735353184319e-01 7.185997861224431293e-01 7.457884804926091515e-01
7.125012650175657214e-01 7.466987241482795357e-01 7.186790000324055905e-01 7.459784521696847248e-01
7.130940161054808435e-01 7.466285315041218951e-01 7.172387471239949353e-01 7.448831325954400340e-01
7.129783573566192967e-01 7.463045571638844411e-01 7.171559325817613573e-01 7.442543059283173168e-01
7.137301392242190179e-01 7.468706863002301244e-01 7.167022529156119592e-01 7.435850726493407059e-01
7.133253336032037151e-01 7.469427498096345985e-01 7.174727882216117569e-01 7.439214257738511193e-01
7.124000636123117847e-01 7.468945347699211812e-01 7.170587155104435340e-01 7.437722312031924687e-01
7.118217698680043837e-01 7.469785534903486957e-01 7.170911212008829194e-01 7.440243160505881637e-01
7.129928147002269068e-01 7.480811079648227446e-01 7.166266396379205039e-01 7.435914645015481161e-01
7.138313406294727326e-01 7.492807147227308340e-01 7.172675521821632039e-01 7.444022419341078667e-01
7.143373476557416391e-01 7.497728947100843477e-01 7.168822845291633605e-01 7.440939347356876343e-01
7.144819210918186281e-01 7.492267853960641322e-01 7.176924267901444443e-01 7.446870766897475402e-01
7.141349448452340987e-01 7.483921867703167141e-01 7.191578841244522513e-01 7.457056993155186664e-01
7.133542482904192683e-01 7.467586307597107176e-01 7.189886544077139785e-01 7.457385750528360280e-01
7.137879685986496803e-01 7.464683166866813435e-01 7.191362803308261054e-01 7.462021469890650627e-01
7.136723098497881335e-01 7.467955790135759608e-01 7.182685279535087064e-01 7.455467140725171582e-01
7.138747126602957849e-01 7.480542758653060398e-01 7.177176312160415961e-01 7.447950090794209776e-01
7.136578525061805234e-01 7.484929278728333912e-01 7.175231970734060605e-01 7.444537367029604447e-01
7.121109167401582507e-01 7.471677529483019553e-01 7.177104299514994734e-01 7.444763123987021558e-01
7.102892914455898321e-01 7.454324519829341744e-01 7.161945637653972518e-01 7.433360619883333520e-01
7.120386300221196452e-01 7.463918804939700946e-01 7.165474257279577097e-01 7.432307006036951158e-01
7.158264540473333604e-01 7.491939606411834873e-01 7.180020811654527213e-01 7.441945662608484557e-01
7.178360248088015982e-01 7.507187671839095078e-01 7.195899599969755034e-01 7.457110333634632271e-01
7.175613352802556744e-01 7.518612039200296415e-01 7.209762034213207382e-01 7.467335031837234460e-01
7.174745912186095698e-01 7.524843836658526852e-01 7.223102376777361666e-01 7.481531596239439086e-01
7.163035463863869357e-01 7.521830447012770593e-01 7.214802919392644398e-01 7.480090737658728894e-01
7.159421127961949072e-01 7.518188705263202376e-01 7.210068087956245098e-01 7.475906893024431010e-01
7.156963379548642035e-01 7.513464193368655231e-01 7.203640959352461959e-01 7.472335091228841097e-01
7.154071910827104475e-01 7.507293142451648693e-01 7.180668925463311592e-01 7.447506813381497004e-01
7.140626581271957152e-01 7.493976617122632966e-01 7.162089662944812751e-01 7.430108003491184832e-01
7.142650609377033666e-01 7.492019710042079339e-01 7.158777081255468522e-01 7.424792843555390043e-01
7.153349043646720640e-01 7.498234555408203050e-01 7.166446427992756441e-01 7.434317615378758237e-01
7.168384680998713954e-01 7.505100442639620617e-01 7.177680400678358996e-01 7.444089692075684939e-01
7.181685437117784065e-01 7.527197217038663624e-01 7.190606670531345390e-01 7.458165003710416352e-01
7.191371857334932782e-01 7.540020322002456421e-01 7.201948662185078121e-01 7.467785638036694706e-01
7.189926122974166223e-01 7.532637597004976371e-01 7.208483809756993654e-01 7.470796238709809245e-01
7.172721884081019184e-01 7.516223472799042904e-01 7.192442992989568351e-01 7.456283522489682847e-01
7.166794373201867963e-01 7.511512476164234897e-01 7.196583720101249471e-01 7.460687579815372672e-01
7.160866862322716742e-01 7.507686617064042167e-01 7.193199125766485125e-01 7.454738362657458151e-01
7.144096343737801336e-01 7.495202633130141345e-01 7.182541254244245721e-01 7.447939857891792137e-01
7.132530468851653316e-01 7.482190413789726602e-01 7.178256501841723258e-01 7.442297595027234092e-01
7.136289378189651922e-01 7.480738548090855033e-01 7.172711528144340987e-01 7.433589841448822177e-01
7.157686246729025870e-01 7.503384064711609014e-01 7.173539673566677877e-01 7.431040340082116780e-01
7.177926527779786570e-01 7.518345372853079134e-01 7.171919389044716375e-01 7.428136288673665710e-01
7.170842429412020991e-01 7.516060309463444833e-01 7.169578978068549269e-01 7.432668054848046157e-01
7.165493212277176394e-01 7.511395374140631409e-01 7.174547850602565058e-01 7.446986845295131552e-01
7.151035868669490814e-01 7.498400137509239061e-01 7.173719705180230388e-01 7.455588508707465811e-01
7.150168428053029768e-01 7.494297254855306623e-01 7.176024109833687437e-01 7.455494545889566060e-01
7.152481603030259594e-01 7.488786640863085431e-01 7.172999578726024783e-01 7.453153292353921211e-01
7.169974988795556614e-01 7.509639120539483015e-01 7.188950379686671610e-01 7.459885689844472090e-01
7.178793968396246505e-01 7.513317335196655344e-01 7.197627903459847820e-01 7.463725695520715409e-01
7.176625366855093890e-01 7.501692399548198775e-01 7.193739220607138218e-01 7.459517790809193638e-01
7.163324610736023779e-01 7.490215947779572669e-01 7.180506897011115219e-01 7.452131282080601826e-01
7.152915323338489006e-01 7.482653698535630671e-01 7.167598630319482744e-01 7.443669790457192459e-01
7.149011840564414300e-01 7.486710885575672547e-01 7.170623161427146508e-01 7.442425890252256648e-01
7.139469993783342794e-01 7.484478885264506109e-01 7.173107597694154958e-01 7.441895546284734708e-01
7.141494021888417087e-01 7.489554216616177706e-01 7.177140305837705903e-01 7.443615063232982276e-01
7.148722693692259877e-01 7.498868325676039115e-01 7.172243445949109120e-01 7.440277682144926796e-01
7.167228093510097375e-01 7.504356778201992650e-01 7.163385890562382619e-01 7.435102424958789369e-01
7.168529254434790055e-01 7.505821833805815801e-01 7.160469378422851250e-01 7.438464043484831478e-01
7.163613757608177091e-01 7.503532438179613129e-01 7.171739357431163864e-01 7.449603506153025245e-01
7.163469184172100990e-01 7.502933964679548984e-01 7.173179610339577295e-01 7.446543953379879399e-01
7.165926932585408027e-01 7.505302702506670975e-01 7.169110895873316291e-01 7.437752709517058136e-01
7.151758735849873538e-01 7.497449010847810902e-01 7.163349884239671450e-01 7.436502254120539446e-01
7.141638595324494299e-01 7.497931041890084636e-01 7.161153498554346797e-01 7.436688042536780952e-01
7.151903309285951860e-01 7.508434041809693982e-01 7.164178029662009450e-01 7.438026865177124192e-01
7.167517240382252908e-01 7.518124475758781733e-01 7.174727882216116459e-01 7.448680919134780254e-01
7.170119562231636046e-01 7.521820033867520072e-01 7.171667344785743747e-01 7.445953536786005245e-01
7.170697855975944890e-01 7.518348062222189876e-01 7.188302265877888342e-01 7.461915279359934150e-01
7.165493212277176394e-01 7.512829772972908771e-01 7.190102582013400134e-01 7.457985043453909668e-01
7.153493617082796741e-01 7.500979966658785081e-01 7.182613266889665837e-01 7.451647500251447065e-01
7.161156009194871164e-01 7.504408069331671705e-01 7.170551148781726392e-01 7.438051038040999208e-01
7.163324610736023779e-01 7.503401494655036474e-01 7.170695174072566624e-01 7.440861751842300365e-01
7.162890890427793256e-01 7.505554917869396991e-01 7.175880084542846093e-01 7.446256388991079334e-01
7.160866862322716742e-01 7.505502819804624748e-01 7.169831022327520786e-01 7.441708288004318383e-01
7.155373071751796044e-01 7.504855210228416063e-01 7.173827724148360563e-01 7.444228322031101186e-01
7.138313406294728436e-01 7.487474662875012177e-01 7.181317039272097080e-01 7.448586889249313447e-01
7.139759140655496106e-01 7.483579777880323691e-01 7.174295806343593540e-01 7.443571172560966565e-01
7.140915728144110464e-01 7.485158601774307696e-01 7.176816248933313158e-01 7.446947041771289078e-01
7.160866862322717852e-01 7.505682374054785111e-01 7.162341707203785379e-01 7.432770481460594381e-01
7.160866862322716742e-01 7.503202100750370196e-01 7.161891628169906321e-01 7.433383933647372821e-01
7.164481198224638137e-01 7.507995451347038163e-01 7.169723003359389502e-01 7.440299915480259596e-01
7.168962974743020578e-01 7.503437420667204982e-01 7.185313741092936857e-01 7.456082509869710329e-01
7.151903309285951860e-01 7.480464270265159143e-01 7.182199194178497947e-01 7.453510458399081884e-01
7.145542078098570116e-01 7.471002177890172513e-01 7.178040463905462909e-01 7.453741978905487064e-01
7.149879281180875346e-01 7.474739366309000044e-01 7.182757292180507180e-01 7.458657406983543181e-01
7.137012245370035757e-01 7.474690210444434602e-01 7.178796596682377462e-01 7.454150715478164990e-01
7.155228498315719943e-01 7.502212702429704727e-01 7.170911212008828084e-01 7.443013795023637469e-01
7.157107952984718136e-01 7.507394956979078771e-01 7.163925985403036822e-01 7.435888943596592471e-01
7.161011435758793953e-01 7.512429929193250588e-01 7.164610105534530149e-01 7.432531491101594945e-01
7.161156009194870053e-01 7.502523459725450872e-01 7.164106017016588224e-01 7.432291479681272239e-01
7.162312596683484411e-01 7.503209788045912543e-01 7.162485732494626722e-01 7.429837124408851246e-01
7.162890890427793256e-01 7.504604545417139505e-01 7.165006175084344120e-01 7.431806144228524369e-01
7.152192456158105172e-01 7.494037537355775491e-01 7.172963572403312504e-01 7.438979518783872535e-01
7.156095938932180989e-01 7.505808493128817149e-01 7.185637797997328491e-01 7.450441820282767136e-01
7.177492807471556047e-01 7.522968816423685201e-01 7.195791581001624859e-01 7.459254873407674680e-01
7.178071101215863781e-01 7.515899130121936889e-01 7.200832466181061875e-01 7.461911298900161249e-01
7.181540863681706854e-01 7.520144182007595379e-01 7.189418461881906808e-01 7.453952904039093941e-01
7.163758331044254302e-01 7.500633057775236701e-01 7.177608388032937770e-01 7.446477096594721345e-01
7.153493617082796741e-01 7.491482684156494098e-01 7.175952097188266210e-01 7.444976654244626069e-01
7.144674637482109070e-01 7.480631937496164952e-01 7.177608388032938880e-01 7.449095850156253196e-01
7.126602957972502095e-01 7.471249644721633665e-01 7.173863730471070621e-01 7.441734004818659765e-01
7.127614972025040352e-01 7.473656578786240789e-01 7.189490474527326924e-01 7.455880864087387483e-01
7.144819210918185171e-01 7.498384285642151204e-01 7.194063277511532073e-01 7.461623598303090965e-01
7.145542078098570116e-01 7.498522501034966536e-01 7.200508409276669131e-01 7.468465929476598708e-01
7.163035463863869357e-01 7.510463768474127111e-01 7.199176175336389205e-01 7.468112787034795197e-01
7.185878066764013195e-01 7.529513154856689594e-01 7.192154942407886775e-01 7.458554259749377024e-01
7.195130766672931388e-01 7.533723198798681908e-01 7.184341570379757513e-01 7.452130779652910153e-01
7.188624962049473544e-01 7.525132045035177741e-01 7.179480716813873009e-01 7.447197012303685693e-01
7.170697855975942669e-01 7.512178301187767415e-01 7.179192666232191433e-01 7.452210155854328555e-01
7.174601338750017376e-01 7.516128235233013877e-01 7.185781823288168724e-01 7.456068631096460786e-01
7.171565296592404826e-01 7.502587162952978339e-01 7.189958556722559901e-01 7.459992378354507458e-01
7.154939351443565521e-01 7.487086004346512613e-01 7.186934025614898358e-01 7.456851484198674385e-01
7.153059896774566218e-01 7.487519891375812309e-01 7.189850537754429727e-01 7.457345927654942530e-01
7.138024259422572904e-01 7.475442390090194511e-01 7.182541254244245721e-01 7.454585712527846963e-01
7.136723098497881335e-01 7.477666620444860524e-01 7.185097703156674287e-01 7.456623864158047343e-01
7.137590539114343491e-01 7.476985927340772387e-01 7.192262961376018060e-01 7.461373718969293023e-01
7.160866862322716742e-01 7.496023917109746471e-01 7.195143467192840481e-01 7.462110281626747055e-01
7.181685437117784065e-01 7.516664173730763787e-01 7.190174594658822471e-01 7.457048091956348657e-01
7.200335410371698774e-01 7.540067804793650907e-01 7.185457766383778200e-01 7.451103525363556024e-01
7.178793968396246505e-01 7.521078406430574681e-01 7.191110759049288426e-01 7.455970554615549695e-01
7.159421127961949072e-01 7.511852027364180895e-01 7.194603372352184056e-01 7.456332521641492184e-01
7.148722693692259877e-01 7.502667532530985506e-01 7.195575543065362289e-01 7.455669747685391702e-01
7.152192456158106282e-01 7.505157079255020403e-01 7.198708093141155118e-01 7.461278875639447694e-01
7.153059896774567328e-01 7.505827628282945030e-01 7.194135290156951079e-01 7.461770676067466246e-01
7.167083520074021274e-01 7.511936490538118072e-01 7.190210600981532529e-01 7.457833676996097338e-01
7.167661813818329009e-01 7.505361437011055514e-01 7.200616428244799305e-01 7.462337206427838154e-01
7.156529659240409291e-01 7.490629278799103563e-01 7.208393793950216288e-01 7.467775501225978330e-01
7.157107952984719246e-01 7.500663400390283897e-01 7.207565648527882729e-01 7.467090755654333112e-01
7.160722288886639531e-01 7.521099012093510616e-01 7.200364383985827788e-01 7.465091538665081794e-01
7.167372666946174586e-01 7.523738044724874729e-01 7.188842360718541435e-01 7.452773557955029160e-01
7.179083115268400928e-01 7.528742253166409437e-01 7.175051939120509203e-01 7.441808875100222043e-01
7.177492807471554936e-01 7.525277096158319301e-01 7.173719705180228168e-01 7.440255396084262118e-01
7.175468779366480643e-01 7.519768989188158059e-01 7.177248324805836077e-01 7.443686049094373480e-01
7.185444346455782672e-01 7.523437380166955180e-01 7.186357924451534096e-01 7.450339059986925694e-01
7.171420723156327615e-01 7.508254718398720273e-01 7.183981507152655821e-01 7.442010055522874090e-01
7.154650204571411098e-01 7.490496497021781330e-01 7.191830885503494031e-01 7.444728373850030279e-01
7.141783168760573730e-01 7.473900626553136028e-01 7.201012497794612166e-01 7.454384237940026026e-01
7.137445965678266280e-01 7.475925451629195084e-01 7.198852118431996461e-01 7.457857994004488678e-01
7.144819210918185171e-01 7.488918076285948633e-01 7.190354626272373872e-01 7.450825947639460045e-01
7.151758735849874649e-01 7.499625476619504738e-01 7.189202423945645348e-01 7.447172688592916812e-01
7.151035868669490814e-01 7.502875908630108892e-01 7.183729462893684303e-01 7.439900433359762921e-01
7.158698260781564127e-01 7.503539339864155888e-01 7.193055100475642671e-01 7.451062807753924266e-01
7.176769940291171102e-01 7.514414173589348822e-01 7.200004320758723875e-01 7.455288114819815792e-01
7.188769535485549644e-01 7.523454412445294004e-01 7.210446154344702929e-01 7.463653053599528242e-01
7.173155604389249707e-01 7.502425098165698136e-01 7.211346312412458825e-01 7.461692160070295676e-01
7.166071506021483017e-01 7.502072748744130770e-01 7.208933888790870492e-01 7.458757322837517023e-01
7.174167618441786853e-01 7.506827385041812128e-01 7.211202287121618593e-01 7.462313256241617232e-01
7.179516835576631451e-01 7.515692841151767611e-01 7.201372561021714969e-01 7.455271394852147626e-01
7.196576501033700168e-01 7.531777433874473626e-01 7.194099283834241021e-01 7.450743025806334519e-01
7.195709060417238012e-01 7.533108887094295270e-01 7.200508409276669131e-01 7.455854356065132471e-01
7.194986193236854177e-01 7.539107252987820029e-01 7.205225237551713402e-01 7.463857434834757498e-01
7.193829605748238709e-01 7.532468079723716459e-01 7.206845522073676014e-01 7.468245948324001571e-01
7.195709060417239122e-01 7.527919574513076695e-01 7.212534521061899628e-01 7.476735342245022231e-01
7.179661409012708662e-01 7.521247479721401286e-01 7.208033730723115706e-01 7.472772914306268222e-01
7.173444751261401908e-01 7.520758078397529189e-01 7.204361085806667564e-01 7.466497539529103333e-01
7.162312596683485522e-01 7.520932511299531775e-01 7.206593477814704496e-01 7.464838615256645937e-01
7.177059087163324413e-01 7.533955869508439651e-01 7.223228398906849090e-01 7.473579299971919720e-01
7.193106738567855984e-01 7.543004366656137494e-01 7.227873214536472135e-01 7.479712362323178709e-01
7.201202850988159820e-01 7.543370399537058235e-01 7.221248051157783676e-01 7.476263759039910584e-01
7.215081900851536556e-01 7.548727429364903152e-01 7.221824152321146828e-01 7.479158559684548901e-01
7.225924908557301851e-01 7.547133596413779788e-01 7.220221870960540356e-01 7.476591140118051815e-01
7.219852824242074529e-01 7.555673441426127290e-01 7.211814394607692913e-01 7.469825562076695125e-01
7.208720669664155922e-01 7.547375266716099818e-01 7.207385616914330217e-01 7.466230787710306238e-01
7.204094319709696270e-01 7.554118278738528591e-01 7.208969895113581661e-01 7.463269469187626681e-01
7.196721074469778490e-01 7.556501351301398994e-01 7.212570527384609687e-01 7.466128437220815872e-01
7.194118752620393131e-01 7.548962595317814106e-01 7.217287355659653958e-01 7.472973764882027137e-01
7.180239702757015285e-01 7.534348429804694769e-01 7.211454331380590110e-01 7.467607517090718572e-01
7.161011435758793953e-01 7.510587680917152342e-01 7.214298830874702473e-01 7.467654736559922179e-01
7.155806792060027677e-01 7.499482711007741109e-01 7.217359368305074074e-01 7.474180262404153119e-01
7.169107548179097789e-01 7.510852953712721103e-01 7.215018957328905858e-01 7.473621695281787991e-01
7.185155199583629360e-01 7.529246333892214427e-01 7.220239874121896495e-01 7.480650673978594956e-01
7.173444751261403018e-01 7.521979394586955081e-01 7.224884689751520650e-01 7.481939696271217022e-01
7.171420723156327615e-01 7.518990031479144687e-01 7.228593340990678850e-01 7.484655968311473284e-01
7.165782359149329706e-01 7.514682950480607859e-01 7.227081075436847524e-01 7.476913679381064215e-01
7.161156009194871164e-01 7.510949521716936417e-01 7.222580285098063602e-01 7.473336852801082397e-01
7.165348638841099183e-01 7.516631398714515022e-01 7.216855279787131039e-01 7.465025379673790873e-01
7.171420723156327615e-01 7.519475349873852021e-01 7.214154805583861130e-01 7.460804641992814235e-01
7.192383871387472150e-01 7.526122546359907961e-01 7.208537819241058742e-01 7.459420823321295524e-01
7.215371047723690978e-01 7.537714956727030735e-01 7.218943646504325518e-01 7.467987762923217199e-01
7.202793158785004701e-01 7.531096434351371993e-01 7.221572108062176421e-01 7.471999522152417139e-01
7.181396290245630754e-01 7.520244911925186848e-01 7.216675248173579638e-01 7.472220854947251301e-01
7.166071506021483017e-01 7.521535713716123173e-01 7.213218641193392955e-01 7.472280709491416761e-01
7.170987002848097092e-01 7.522841564479625376e-01 7.214298830874701363e-01 7.475193376260450551e-01
7.158409113909410815e-01 7.514591994480566139e-01 7.194135290156951079e-01 7.453824329362435108e-01
7.158264540473332493e-01 7.511431910578270088e-01 7.184503598831954996e-01 7.443853097137583807e-01
7.157252526420794236e-01 7.514183724114431584e-01 7.190930727435737024e-01 7.448608683264256181e-01
7.151758735849875759e-01 7.499532515207997241e-01 7.204253066838536279e-01 7.464406159695815557e-01
7.160577715450563430e-01 7.505566685303928232e-01 7.211886407253114140e-01 7.470516254179491167e-01
7.175902499674710056e-01 7.515242611765917680e-01 7.216711254496290806e-01 7.476212747485502241e-01
7.179950555884861974e-01 7.523165467152377328e-01 7.215811096428531579e-01 7.474842015412128671e-01
7.186745507380474240e-01 7.532373901857731813e-01 7.216747260818999754e-01 7.473983688614537213e-01
7.187323801124780864e-01 7.534797753313918767e-01 7.212174457834796826e-01 7.471554319443383108e-01
7.183420318350706157e-01 7.535179654054469101e-01 7.211562350348721395e-01 7.471506937465570708e-01
7.182119157426014588e-01 7.529950984916513601e-01 7.222256228193670857e-01 7.479936107505756882e-01
7.182986598042476745e-01 7.528795935023078201e-01 7.233274162943013064e-01 7.487767167258259082e-01
7.181396290245629643e-01 7.526437759592863319e-01 7.233166143974882889e-01 7.484149127126645817e-01
7.181396290245629643e-01 7.520750131713803688e-01 7.232950106038620319e-01 7.479008077029054569e-01
7.171999016900634238e-01 7.508176173815350740e-01 7.222760316711613893e-01 7.472627056052263406e-01
7.183131171478552845e-01 7.523342910053693045e-01 7.221644120707597647e-01 7.469609905481180423e-01
7.176480793419017790e-01 7.515892325160453691e-01 7.220527924703576961e-01 7.471209750482568079e-01
7.185299773019706571e-01 7.523242666764683451e-01 7.217215343014232731e-01 7.468517280020885440e-01
7.197733088522314526e-01 7.533455540750728652e-01 7.216279178623766777e-01 7.464494270435908518e-01
7.209877257152770280e-01 7.553388217843929331e-01 7.224020538006474812e-01 7.471924401819226569e-01
7.201781144732467554e-01 7.549072514613969220e-01 7.232085954293573371e-01 7.479687030237555101e-01
7.194552472928623654e-01 7.550140840486163629e-01 7.229493499058434747e-01 7.477357259215916541e-01
7.195130766672932499e-01 7.540837951922841897e-01 7.231707887905116650e-01 7.478749960511463790e-01
7.201347424424235921e-01 7.548132953573801762e-01 7.233814257783666157e-01 7.480038336714578406e-01
7.196431927597625178e-01 7.542395684530315281e-01 7.228629347313388909e-01 7.476991546359245122e-01
7.197154794778009013e-01 7.538949580648762749e-01 7.216675248173578527e-01 7.463996983705674104e-01
7.186311787072243717e-01 7.530555599217028107e-01 7.221032013221521106e-01 7.465128015931421501e-01
7.183709465222860580e-01 7.530975384610634205e-01 7.220023836185633925e-01 7.467058222349838292e-01
7.185155199583628249e-01 7.533715317082863017e-01 7.212282476802927000e-01 7.463918975437653369e-01
7.178071101215861560e-01 7.522720965604383636e-01 7.211418325057880052e-01 7.467088219472770572e-01
7.181830010553860166e-01 7.531002489362437213e-01 7.218943646504325518e-01 7.474848495714225827e-01
7.185588919891858772e-01 7.521107182310908801e-01 7.235074479078527077e-01 7.490821748740410513e-01
