6.740591883647297777e-01 7.002127026491458128e-01 7.588980624997748725e-01 7.726949985970861245e-01
6.745651953909987952e-01 7.016892246540398226e-01 7.585884081244665955e-01 7.720297709395820274e-01
6.744495366421373594e-01 7.010705601458232517e-01 7.580663164451677538e-01 7.711567061408117763e-01
6.745651953909987952e-01 7.024271109161452920e-01 7.579150898897846211e-01 7.706329881725660913e-01
6.739001575850452896e-01 7.020628383671662087e-01 7.573497906232333765e-01 7.695950783241114479e-01
6.737411268053608016e-01 7.012797075404613167e-01 7.574398064300090772e-01 7.694036374644888099e-01
6.734375225895994355e-01 7.012551060135042702e-01 7.571085482610746542e-01 7.687818162643488273e-01
6.734086079023839932e-01 7.010674422899316749e-01 7.571085482610745432e-01 7.682995545595396880e-01
6.727146554092151565e-01 7.012566237255963841e-01 7.569609223379625274e-01 7.680056030292530256e-01
6.732784918099148364e-01 7.016706079088830261e-01 7.561291762833552976e-01 7.673742948603938796e-01
6.726857407219997143e-01 7.012003945378106895e-01 7.554162510936919261e-01 7.666844087126065688e-01
6.717170987002849536e-01 7.000499200937574384e-01 7.547465334912810686e-01 7.657025802762781330e-01
6.706617126169237553e-01 6.986451083433635745e-01 7.537743627781038347e-01 7.647564199229675008e-01
6.696641559079935524e-01 6.977776698767715891e-01 7.533998970219171198e-01 7.641867036602971730e-01
6.683196229524785981e-01 6.961911955016829578e-01 7.526545661418144739e-01 7.634192077924906172e-01
6.668738885917101511e-01 6.951720756739296903e-01 7.507822373608805666e-01 7.612547403679893465e-01
6.665413696887334538e-01 6.954957154169634226e-01 7.495544217564604761e-01 7.597816207358275564e-01
6.653124954820801573e-01 6.942840327057610006e-01 7.482581941388908309e-01 7.585885635655151837e-01
6.646040856453034884e-01 6.932945067605968958e-01 7.468737510306810989e-01 7.570526164225798160e-01
6.640980786190344709e-01 6.928986511296011397e-01 7.458709749431999825e-01 7.561547356808649978e-01
6.630426925356734946e-01 6.922978909366248601e-01 7.444343226670603331e-01 7.542586320280655343e-01
6.623631973861122679e-01 6.918643486385531727e-01 7.436709886256027691e-01 7.531041372292138769e-01
6.626812589454813551e-01 6.933338461637951200e-01 7.425547926215844141e-01 7.521827854593019502e-01
6.616981595801587623e-01 6.930269656156879954e-01 7.414331956691594394e-01 7.509363722324068346e-01
6.603391692810361979e-01 6.920051634325571355e-01 7.398039095665198683e-01 7.500995275944541962e-01
6.587633188277985941e-01 6.915069829160551684e-01 7.391053869059408532e-01 7.492314745682422394e-01
6.569995229076608378e-01 6.904974057068614668e-01 7.375211087066889659e-01 7.484359496686134872e-01
6.555104165160693386e-01 6.901696596636471837e-01 7.359296292428949560e-01 7.466826261248680208e-01
6.541080541861239439e-01 6.889813853469217708e-01 7.352023015241476722e-01 7.462684275366866515e-01
6.529948387283319722e-01 6.885117684341657274e-01 7.346946123739329648e-01 7.459675746926677231e-01
6.525322037328861180e-01 6.872884710559293842e-01 7.344065617922507228e-01 7.454194830418598983e-01
6.520984834246554840e-01 6.863059098985397899e-01 7.337260422930266257e-01 7.445907941169334077e-01
6.513467015570559848e-01 6.848245502740679669e-01 7.334163879177183487e-01 7.443830535709871077e-01
6.525900331073168914e-01 6.860708741301044800e-01 7.326026450244663701e-01 7.434173308921623313e-01
6.534719310673857695e-01 6.861946067583171160e-01 7.326386513471766504e-01 7.427509691769458300e-01
6.538189073139701879e-01 6.863188898106913349e-01 7.321633678874009954e-01 7.414572548622797576e-01
6.543972010582775889e-01 6.867857992995449745e-01 7.310507725156537573e-01 7.400199820674093765e-01
6.539490234064393448e-01 6.862427520458156405e-01 7.297257398399159545e-01 7.387212073875941698e-01
6.543249143402389834e-01 6.856014181942187147e-01 7.290848272956731435e-01 7.380344837336663133e-01
6.537466205959316934e-01 6.847272114596488768e-01 7.287499684944676037e-01 7.374656903396863417e-01
6.541658835605546063e-01 6.843989268170544982e-01 7.289336007402900108e-01 7.376669635954902216e-01
6.541514262169467742e-01 6.839753294313081211e-01 7.282530812410659138e-01 7.375895038162064710e-01
6.530960401335859089e-01 6.823488328506722711e-01 7.281162572147670264e-01 7.379030642864132794e-01
6.533129002877010594e-01 6.824693089682726255e-01 7.275833636386549452e-01 7.378145831922907627e-01
6.526334051381399437e-01 6.822615388984436535e-01 7.271944953533840961e-01 7.374268904686114290e-01
6.512021281209791068e-01 6.813799757764389398e-01 7.266904068354402835e-01 7.363933593364690999e-01
6.511876707773713857e-01 6.806953806216122782e-01 7.271836934565709676e-01 7.367730559852396777e-01
6.509274385924330719e-01 6.801114549544882149e-01 7.270000612107485605e-01 7.364859221024888658e-01
6.517948792088941179e-01 6.808737319280313560e-01 7.275797630063840504e-01 7.363525745761495545e-01
6.532116988824473447e-01 6.819180175010381983e-01 7.275509579482157818e-01 7.359940265956135264e-01
6.533562723185242227e-01 6.808159816899207462e-01 7.275257535223185190e-01 7.358197041860141674e-01
6.519683673321863271e-01 6.787036702436434199e-01 7.271872940888419734e-01 7.354148270856719627e-01
6.511009267157252811e-01 6.781651134078893195e-01 7.275365554191316475e-01 7.355910847449245171e-01
6.512455001518020481e-01 6.777298222664924765e-01 7.280730496275146235e-01 7.360726674906900024e-01
6.517081351472480133e-01 6.780934531710440805e-01 7.284043077964490465e-01 7.364936677093352202e-01
6.505515476586332113e-01 6.770009203338973602e-01 7.274429389800848300e-01 7.361025896836312921e-01
6.496551923549567231e-01 6.757246192344645852e-01 7.265283783832441333e-01 7.359152111929724294e-01
6.504069742225563333e-01 6.760993366355461109e-01 7.262115227433937337e-01 7.356176752035931132e-01
6.494817042316645139e-01 6.757923522095321545e-01 7.258802645744593107e-01 7.357266990040558508e-01
6.486576356460264092e-01 6.754145331803371732e-01 7.239935332644412691e-01 7.346180155794995725e-01
6.478046523731729733e-01 6.747918849594478630e-01 7.223660474779369789e-01 7.334015593129195043e-01
6.477612803423499210e-01 6.752383139115681887e-01 7.212750558998159978e-01 7.322982686711390077e-01
6.471251572236117466e-01 6.748778914553018593e-01 7.215162982619747201e-01 7.320865685838309211e-01
6.471251572236117466e-01 6.758871487555162538e-01 7.222760316711615003e-01 7.323228689999008445e-01
6.471974439416501301e-01 6.763609419263676426e-01 7.228233277763576048e-01 7.327938565845902863e-01
6.484552328355188688e-01 6.778780611277012147e-01 7.231113783580397358e-01 7.335648369606433405e-01
6.484552328355187578e-01 6.783304081360501669e-01 7.239611275740019947e-01 7.345910360348821833e-01
6.490335265798261588e-01 6.791880281913882378e-01 7.236802782568618753e-01 7.343019273445423600e-01
6.480937992453267293e-01 6.773210211054803143e-01 7.239647282062731115e-01 7.346676887641915288e-01
6.474721334701961650e-01 6.765393209777976757e-01 7.237918978572638329e-01 7.344422481426213789e-01
6.458962830169585612e-01 6.747035836561150468e-01 7.223408430520399381e-01 7.330034014753771254e-01
6.461420578582890428e-01 6.744225396244545312e-01 7.217035311400683550e-01 7.324159279192092864e-01
6.457083375500585198e-01 6.738276780503410501e-01 7.216135153332925434e-01 7.329350603211189918e-01
6.447830675591665894e-01 6.733729204080129982e-01 7.203604953029751901e-01 7.326118212337286995e-01
6.446095794358744913e-01 6.732258437180431709e-01 7.206701496782835781e-01 7.331888732477355175e-01
6.448553542772050839e-01 6.740232067938998206e-01 7.211274299767038709e-01 7.337447074022632743e-01
6.460553137966431603e-01 6.753298585149760669e-01 7.221428082771335077e-01 7.341910035588078420e-01
6.465613208229119557e-01 6.764054877943640465e-01 7.223408430520400492e-01 7.336209751635056620e-01
6.473564747213347292e-01 6.767364411467577945e-01 7.224236575942735161e-01 7.334593810375020784e-01
6.478769390912113568e-01 6.769052776529198567e-01 7.218223520050119912e-01 7.330239389036150577e-01
6.487154650204571826e-01 6.767772073565743174e-01 7.215739083783112573e-01 7.325569747555301658e-01
6.491781000159030368e-01 6.765225912405067321e-01 7.219303709731429430e-01 7.328248800265868557e-01
6.500093972733450576e-01 6.769479020289121962e-01 7.224992708719650825e-01 7.328980951229091545e-01
6.501033700067948562e-01 6.775187793992252239e-01 7.223084373616006637e-01 7.325095983447516002e-01
6.507828651563560829e-01 6.784117570417000920e-01 7.226360948982641919e-01 7.325415996220342452e-01
6.508117798435715251e-01 6.784603042816192975e-01 7.229997587576377782e-01 7.328138082268851328e-01
6.508262371871791352e-01 6.777772377031618944e-01 7.224776670783388255e-01 7.328212809642180581e-01
6.504358889097717755e-01 6.772623231662797672e-01 7.229133435831331944e-01 7.333453518541370730e-01
6.494817042316645139e-01 6.765241659012322106e-01 7.222724310388903834e-01 7.331578301821641830e-01
6.487154650204571826e-01 6.755962847715214492e-01 7.217143330368812615e-01 7.329925505906782490e-01
6.481082565889344504e-01 6.742957399521106732e-01 7.216531222882737184e-01 7.333043311407989595e-01
6.474143040957655026e-01 6.734954575583014247e-01 7.210914236539935906e-01 7.327068979921569358e-01
6.469227544131042063e-01 6.730113680075556770e-01 7.209834046858628609e-01 7.325473037110175056e-01
6.467781809770272172e-01 6.727451097564054461e-01 7.205729326069658658e-01 7.319870928160736590e-01
6.457950816117046244e-01 6.715089334857966552e-01 7.210662192280965499e-01 7.324118563403807514e-01
6.460119417658201080e-01 6.718068877963732088e-01 7.223408430520399381e-01 7.337576468973290300e-01
6.467492662898119971e-01 6.719584459883909400e-01 7.225100727687782109e-01 7.339680305395105409e-01
6.475588775318423806e-01 6.724452309160631192e-01 7.226540980596192210e-01 7.336978434094317825e-01
6.480215125272883459e-01 6.725448361112091877e-01 7.236082656114414258e-01 7.343775239145980960e-01
6.501322846940102984e-01 6.747048372043367159e-01 7.238459073413291422e-01 7.342419171944234435e-01
6.503057728173025076e-01 6.747557276030184958e-01 7.234534384237871762e-01 7.338201189728765783e-01
6.510141826540791765e-01 6.757714949059038245e-01 7.237450896377404241e-01 7.340627676246611610e-01
6.506961210947099783e-01 6.756529510574040831e-01 7.234462371592451646e-01 7.341921793111583217e-01
6.498575951654642635e-01 6.746888111279290001e-01 7.225172740333202226e-01 7.337542900544503643e-01
6.490190692362186597e-01 6.738375279761803505e-01 7.226144911046380459e-01 7.337930438965305502e-01
6.489034104873570019e-01 6.735656985111382333e-01 7.229853562285536439e-01 7.339358921535545921e-01
6.503346875045178388e-01 6.757221177356218522e-01 7.229367476928949543e-01 7.340804833350653702e-01
6.502479434428718452e-01 6.753103714413588587e-01 7.228341296731706223e-01 7.339265379876986906e-01
6.504937182842024379e-01 6.755375129721645777e-01 7.229205448476752061e-01 7.342110652866085108e-01
6.501901140684411828e-01 6.753232467369615355e-01 7.223192392584136812e-01 7.337476380772021134e-01
6.503491448481255599e-01 6.754654087927893791e-01 7.222364247161801032e-01 7.330781505734932368e-01
6.499298818835027580e-01 6.750427352242582835e-01 7.224488620201706679e-01 7.331665732964675053e-01
6.504069742225562223e-01 6.758255133222874633e-01 7.233940279913151361e-01 7.338899428216318910e-01
6.507973224999638040e-01 6.757261513781982476e-01 7.229529505381144805e-01 7.331469288110807891e-01
6.505660050022408214e-01 6.751813810909870206e-01 7.231725891066471679e-01 7.333219436089132293e-01
6.497997657910336011e-01 6.746873181471073622e-01 7.233130137652171721e-01 7.337803421588429131e-01
6.503057728173025076e-01 6.754474833193977457e-01 7.224812677106098313e-01 7.329691661569008865e-01
6.513105581980367376e-01 6.756472475736643446e-01 7.220383899412736728e-01 7.321677504507954071e-01
6.512744148390173793e-01 6.754816556850899989e-01 7.216819273464420981e-01 7.317536932458564847e-01
6.509418959360406820e-01 6.754204999010472443e-01 7.211922413575824198e-01 7.309996526946294093e-01
6.497563937602104378e-01 6.741141946135399410e-01 7.205261243874424570e-01 7.304350048625145586e-01
6.499443392271103681e-01 6.741247117652919840e-01 7.215379020556008660e-01 7.310269496219794494e-01
6.502913154736947865e-01 6.743547492528780829e-01 7.216279178623766777e-01 7.314802817777963373e-01
6.504069742225564443e-01 6.746138791014516523e-01 7.218259526372829971e-01 7.317610791915117874e-01
6.499154245398950369e-01 6.745018450601751869e-01 7.216873282948486068e-01 7.316058968329074430e-01
6.491347279850800955e-01 6.737344283364710140e-01 7.219627766635821065e-01 7.321502467246034929e-01
6.492503867339414203e-01 6.737306482898193227e-01 7.226612993241613436e-01 7.328674180331782306e-01
6.509852679668638453e-01 6.749281818060375304e-01 7.235686586564600287e-01 7.337070259226252666e-01
6.508696092180024095e-01 6.747826508054716177e-01 7.231797903711891795e-01 7.335600959554067213e-01
6.505804623458486535e-01 6.740595894809832123e-01 7.228773372604230252e-01 7.338095875120975720e-01
6.501322846940102984e-01 6.736995154448887080e-01 7.226180917369089407e-01 7.343658898291376413e-01
6.499009671962874268e-01 6.741331589972773264e-01 7.225892866787407831e-01 7.345180086953858600e-01
6.499298818835026470e-01 6.741474050206845980e-01 7.220347893090026670e-01 7.338237647223599946e-01
6.495973629805260607e-01 6.738653027007976970e-01 7.214082792938438793e-01 7.333501004003754042e-01
6.488166664257110083e-01 6.742038728595770580e-01 7.219627766635821065e-01 7.335886587397082437e-01
6.489034104873570019e-01 6.737758624898568804e-01 7.226793024855164838e-01 7.345509489666268710e-01
6.491636426722954267e-01 6.734929317064402010e-01 7.234894447464974565e-01 7.353944714745430655e-01
6.490768986106492111e-01 6.728972739765834987e-01 7.228917397895070485e-01 7.345209199917971388e-01
6.483106593994419908e-01 6.724288262277553496e-01 7.222832329357035119e-01 7.340284248805362122e-01
6.474432187829808338e-01 6.718837383872405811e-01 7.217431380950495301e-01 7.334031723280695081e-01
6.490913559542568212e-01 6.734464522355599891e-01 7.226180917369089407e-01 7.340768173934315577e-01
6.502768581300871764e-01 6.749056734388146905e-01 7.231185796225817475e-01 7.346602136220100610e-01
6.514189882750943683e-01 6.761938537982862263e-01 7.229025416863201770e-01 7.345025728426172185e-01
6.525177463892783969e-01 6.764658750448466762e-01 7.228269284086284996e-01 7.341927600236956009e-01
6.530960401335859089e-01 6.767146278315431251e-01 7.235146491723946083e-01 7.347453931372970315e-01
6.529659240411165300e-01 6.766080944833461341e-01 7.229889568608247608e-01 7.344324422400585473e-01
6.507394931255330306e-01 6.758092591657254289e-01 7.215667071137691346e-01 7.338724059333245897e-01
6.495684482933105075e-01 6.751955403872278438e-01 7.207061560009937473e-01 7.333386070878009644e-01
6.482528300250112174e-01 6.737263678264542310e-01 7.201804636894238998e-01 7.330291645557480695e-01
6.486287209588109670e-01 6.734954981649707850e-01 7.210302129053861586e-01 7.336280201290251712e-01
6.497130217293873855e-01 6.738088079099755490e-01 7.216963298755261214e-01 7.340141465472490578e-01
6.512455001518021591e-01 6.756688850412366776e-01 7.222796323034323951e-01 7.340963483635712938e-01
6.518816232705402225e-01 6.768969490717122728e-01 7.227369126018527989e-01 7.345306355748062455e-01
6.509274385924330719e-01 6.764321845306627834e-01 7.222688304066193776e-01 7.340617424209894271e-01
6.502624007864794553e-01 6.759300015015657914e-01 7.214658894101804165e-01 7.332089537927131140e-01
6.506093770330638737e-01 6.756054312551734720e-01 7.218115501081989738e-01 7.336728128555349837e-01
6.512021281209789958e-01 6.757434454309029226e-01 7.224704658137968138e-01 7.343823506644475696e-01
6.527924359178244318e-01 6.769597920266552382e-01 7.232770074425070028e-01 7.349263101087918360e-01
6.535153030982088218e-01 6.778159767235489852e-01 7.232806080747778976e-01 7.347899382717031358e-01
6.529948387283319722e-01 6.779122234550519766e-01 7.233670232492825924e-01 7.355252506236020782e-01
6.527490638870013795e-01 6.784638271713028246e-01 7.234066302042637675e-01 7.357772608801183001e-01
6.519249953013633858e-01 6.777461843502179395e-01 7.225856860464696663e-01 7.351362629367916846e-01
6.508117798435716361e-01 6.773187651889999161e-01 7.218619589599932773e-01 7.350554904696119385e-01
6.493949601700184093e-01 6.753976312264016180e-01 7.216351191269185783e-01 7.346930564739027059e-01
6.487154650204571826e-01 6.740534342801577372e-01 7.210374141699282813e-01 7.338379218932793435e-01
6.489034104873571129e-01 6.732319774861106332e-01 7.207565648527881619e-01 7.329391772062395782e-01
6.504069742225563333e-01 6.737651259885728550e-01 7.212462508416477291e-01 7.332295225349478862e-01
6.517081351472481243e-01 6.753476969036698030e-01 7.213074615902552722e-01 7.333631143225710636e-01
6.522430568607324730e-01 6.768478016774732708e-01 7.219807798249371356e-01 7.340815389292203452e-01
6.520984834246554840e-01 6.769310046993155527e-01 7.219123678117878029e-01 7.338400342538814458e-01
6.519972820194017693e-01 6.771240075989288787e-01 7.219465738183625803e-01 7.338493783704409523e-01
6.524310023276322923e-01 6.773428954302067595e-01 7.219807798249373576e-01 7.339049514564301990e-01
6.519394526449711069e-01 6.774003316651888706e-01 7.214118799261151072e-01 7.337745878838759506e-01
6.507828651563561939e-01 6.761569672826560629e-01 7.210554173312833104e-01 7.340401071948158274e-01
6.500599979759719149e-01 6.755730868691649516e-01 7.212642540030029803e-01 7.341320476567798625e-01
6.497419364166028277e-01 6.744756254441660603e-01 7.211382318735169994e-01 7.340153649494876031e-01
6.493805028264106882e-01 6.730946726471631614e-01 7.206917534719096130e-01 7.332424584192959172e-01
6.512310428081944380e-01 6.750021415917505374e-01 7.214010780293018676e-01 7.339268718939901959e-01
6.512599574954098802e-01 6.743444773505880008e-01 7.216999305077971272e-01 7.338927601943053824e-01
6.520261967066171005e-01 6.756942079561806258e-01 7.220815975285259647e-01 7.341439302570873515e-01
6.520406540502248216e-01 6.752354575625137967e-01 7.233922276751797442e-01 7.353268754089927750e-01
6.512021281209789958e-01 6.747089779811118460e-01 7.226288936337221802e-01 7.348022119606579805e-01
6.510286399976867866e-01 6.747494821688864164e-01 7.221608114384885369e-01 7.346174334453745569e-01
6.512455001518020481e-01 6.745814079822640696e-01 7.217935469468439447e-01 7.344241036293819302e-01
6.515491043675635252e-01 6.746097715801702144e-01 7.203893003611434587e-01 7.328585606286260878e-01
6.512888721826251004e-01 6.752075385451429268e-01 7.203856997288723418e-01 7.332436994896469606e-01
6.511226127311366962e-01 6.755601827571067197e-01 7.206665490460124612e-01 7.339782196975832562e-01
6.512599574954097692e-01 6.763662012014511893e-01 7.206449452523864263e-01 7.339481949379618175e-01
6.507539504691408627e-01 6.758177317420069885e-01 7.206917534719096130e-01 7.338635216565452257e-01
6.518671659269326124e-01 6.765255153276379385e-01 7.217143330368813725e-01 7.344600571115611487e-01
6.515924763983865775e-01 6.757400740504950765e-01 7.213290653838814181e-01 7.338432267668066888e-01
6.508406945307869673e-01 6.747461033576733769e-01 7.203532940384331784e-01 7.334535787087581582e-01
6.491925573595107579e-01 6.740297032666607846e-01 7.190354626272372762e-01 7.324509039021476209e-01
6.490190692362185487e-01 6.740183464034523730e-01 7.192442992989569461e-01 7.324711660416769465e-01
6.494961615752722350e-01 6.739083472179553391e-01 7.199824289145173584e-01 7.329836058039573832e-01
6.496551923549567231e-01 6.739471110497984307e-01 7.208105743368535823e-01 7.331611885901685444e-01
6.497563937602105488e-01 6.744187268743424557e-01 7.215090969974329305e-01 7.338336061925070375e-01
6.507250357819254205e-01 6.750415333517802985e-01 7.230393657126191753e-01 7.352065224724614323e-01
6.510575546849022288e-01 6.762404238411048318e-01 7.235326523337497484e-01 7.357536041659260562e-01
6.513756162442713160e-01 6.769372845828762753e-01 7.227909220859183304e-01 7.347845457813941827e-01
6.502479434428718452e-01 6.758514973125904213e-01 7.222526275613998514e-01 7.345580457908214012e-01
6.497563937602104378e-01 6.755159368618071092e-01 7.216783267141710922e-01 7.338654664635215763e-01
6.504503462533793856e-01 6.753722458537068096e-01 7.214802919392645508e-01 7.334892972776063669e-01
6.500310832887565837e-01 6.745332820185224731e-01 7.214766913069935450e-01 7.335707239255416789e-01
6.504503462533793856e-01 6.740927086399081114e-01 7.221212044835072508e-01 7.337508376626044049e-01
6.499154245398950369e-01 6.745827633147697400e-01 7.219375722376849547e-01 7.326465979946348295e-01
6.509852679668637343e-01 6.754853738775004057e-01 7.222220221870960799e-01 7.326806938770029642e-01
6.513756162442713160e-01 6.760380231538176687e-01 7.221140032189652391e-01 7.327304172152970807e-01
6.511442987465482224e-01 6.758677967152963983e-01 7.210158103763020243e-01 7.322719299314540686e-01
6.509274385924329609e-01 6.752490595940413565e-01 7.205225237551714512e-01 7.325715312776248656e-01
6.512021281209791068e-01 6.755204886949586207e-01 7.218547576954512657e-01 7.334984635567843858e-01
6.511876707773713857e-01 6.762502025658438942e-01 7.228665353636098967e-01 7.341764331786087006e-01
6.504358889097716645e-01 6.759079593635815009e-01 7.223480443165820608e-01 7.343098869720809940e-01
6.498431378218566534e-01 6.755304616806723228e-01 7.217143330368811505e-01 7.336601034151394307e-01
6.505949196894562636e-01 6.760866860833618652e-01 7.215811096428532689e-01 7.336940335244133138e-01
6.509274385924330719e-01 6.760390744147755093e-01 7.220707956317129472e-01 7.334897019240460558e-01
6.512888721826251004e-01 6.756986162575620014e-01 7.222184215548249631e-01 7.338448766850566019e-01
6.519539099885787170e-01 6.764709759660119115e-01 7.221464089094045136e-01 7.337079433477304846e-01
6.523442582659862987e-01 6.761414757133683562e-01 7.219879810894793692e-01 7.337664359519708857e-01
6.522575142043400831e-01 6.756844303438398480e-01 7.214586881456382939e-01 7.332207031522295360e-01
6.514912749931327518e-01 6.739436449545956886e-01 7.213146628547972838e-01 7.333815076560614710e-01
6.505949196894562636e-01 6.730777994228175354e-01 7.219627766635821065e-01 7.341962066139766652e-01
6.504937182842024379e-01 6.738347085033538075e-01 7.220239874121896495e-01 7.340296091904288112e-01
6.507250357819254205e-01 6.747841548168851400e-01 7.220923994253390932e-01 7.340463438151519915e-01
6.507539504691408627e-01 6.750938071446732636e-01 7.216459210237317068e-01 7.338055207093906462e-01
6.508406945307869673e-01 6.749190946550336356e-01 7.215198988942457259e-01 7.329052231706707499e-01
6.503491448481255599e-01 6.747717908957469035e-01 7.215667071137692457e-01 7.333315309519421454e-01
6.505226329714177691e-01 6.757973027947081768e-01 7.221176038512362449e-01 7.341533490711280585e-01
6.516358484292096298e-01 6.768861231837237646e-01 7.213434679129655525e-01 7.335953386664506581e-01
6.525611184201014492e-01 6.776091740848317890e-01 7.210842223894515790e-01 7.334139302524164128e-01
6.517515071780710656e-01 6.755225518094160053e-01 7.202416744380313318e-01 7.332087733263177309e-01
6.512888721826251004e-01 6.754035862182766747e-01 7.197159821264613733e-01 7.327569265743546501e-01
6.512744148390174903e-01 6.746223442454815089e-01 7.196079631583306435e-01 7.326302621483654631e-01
6.514334456187020894e-01 6.748135025925307007e-01 7.201948662185080341e-01 7.334581607642993717e-01
6.511153840593328912e-01 6.747879345160388009e-01 7.204037028902274820e-01 7.337980844204261555e-01
6.514045309314866472e-01 6.748913496315173122e-01 7.206809515750967066e-01 7.344074684924403185e-01
6.511009267157252811e-01 6.749454101548990614e-01 7.206935537880452269e-01 7.347336003971466356e-01
6.503202301609102287e-01 6.746668545912622994e-01 7.212498514739187350e-01 7.355748199562104350e-01
6.506816637511023682e-01 6.759849880824519985e-01 7.215325011071944683e-01 7.352678647261214895e-01
6.508262371871792462e-01 6.766254379175308253e-01 7.217143330368813725e-01 7.353508146537544032e-01
6.509418959360406820e-01 6.765179548468658322e-01 7.219411728699558495e-01 7.352980370066976024e-01
6.504792609405947168e-01 6.766406513626757047e-01 7.214658894101804165e-01 7.346564852526289435e-01
6.500166259451489736e-01 6.762245820522234663e-01 7.209654015245077208e-01 7.345101885442688605e-01
6.505804623458486535e-01 6.767750456239068901e-01 7.203316902448069214e-01 7.337378760387551768e-01
6.496985643857797754e-01 6.756394264094837121e-01 7.195179473515549429e-01 7.331338112919130179e-01
6.500021686015411415e-01 6.753229136089710094e-01 7.200472402953957962e-01 7.335338549730520130e-01
6.500889126631873571e-01 6.751497676820454874e-01 7.211778388284983965e-01 7.348410031356918948e-01
6.503780595353410021e-01 6.763338517164949604e-01 7.213506691775075641e-01 7.348656812346505696e-01
6.499298818835027580e-01 6.762756082670153823e-01 7.214226818229281246e-01 7.346456855430203436e-01
6.490479839234339909e-01 6.751838691720166707e-01 7.212534521061898518e-01 7.342181974627932650e-01
6.490190692362185487e-01 6.743700405736128278e-01 7.211130274476198476e-01 7.340043913737905878e-01
6.493660454828029671e-01 6.742688866193232711e-01 7.212858577966291262e-01 7.349105654420959866e-01
6.508551518743945774e-01 6.759038565905718388e-01 7.218115501081989738e-01 7.352685072917631848e-01
6.522430568607323620e-01 6.769731509370295885e-01 7.229349473767594514e-01 7.359593532593269316e-01
6.531827841952320135e-01 6.783061671516600333e-01 7.231617872098341504e-01 7.363238793545405780e-01
6.520551113938325427e-01 6.781597451204894877e-01 7.223516449488529556e-01 7.358673218173436004e-01
6.506961210947100893e-01 6.774005181240618789e-01 7.219699779281241181e-01 7.354106406909934890e-01
6.496262776677412809e-01 6.762871606401397173e-01 7.216279178623765667e-01 7.351246692705153407e-01
6.498575951654643745e-01 6.758683064751133118e-01 7.225208746655913394e-01 7.360614571585171184e-01
6.499009671962873158e-01 6.758878706457542851e-01 7.225838857303342744e-01 7.358998743339257853e-01
6.500166259451488626e-01 6.753430196830239041e-01 7.225316765624043569e-01 7.359718310463685409e-01
6.510286399976867866e-01 6.756893912028294480e-01 7.218151507404699796e-01 7.355274845169430531e-01
6.509129812488253508e-01 6.756435662107895812e-01 7.217539399918625476e-01 7.354113002712697744e-01
6.503780595353410021e-01 6.762403134839889418e-01 7.214478862488251654e-01 7.353177911027121150e-01
6.494961615752721240e-01 6.751051029364372180e-01 7.214694900424514223e-01 7.351403224654744495e-01
6.503346875045179498e-01 6.756687526200485516e-01 7.211742381962272797e-01 7.341540722703132626e-01
6.519683673321863271e-01 6.761489085790339804e-01 7.211886407253113029e-01 7.337434326131448969e-01
6.527707499024129056e-01 6.769021454017303263e-01 7.215451033201429887e-01 7.341453231509693644e-01
6.528068932614320419e-01 6.767055463809337201e-01 7.216315184946475725e-01 7.343093773674114200e-01
6.527346065433936584e-01 6.766040613387713787e-01 7.211994426221244314e-01 7.343760938610208733e-01
6.523442582659861877e-01 6.764668645893199272e-01 7.204109041547694936e-01 7.338729790510333251e-01
6.520551113938325427e-01 6.767260793610423431e-01 7.206593477814704496e-01 7.343490632057581013e-01
6.523008862351632464e-01 6.774463206369174539e-01 7.219663772958531123e-01 7.355266660587063132e-01
6.529370093539013098e-01 6.783405773856729937e-01 7.226973056468716239e-01 7.361913338452107380e-01
6.519105379577556647e-01 6.774194965000640556e-01 7.229421486413014630e-01 7.361206609340191775e-01
6.523731729532016299e-01 6.774834914915025541e-01 7.233418188233854407e-01 7.363025706806121118e-01
6.528358079486475951e-01 6.773243493342370192e-01 7.240655459098617186e-01 7.368901028110639295e-01
6.518816232705402225e-01 6.759122910735096967e-01 7.241663636134505477e-01 7.374210216101650950e-01
6.514045309314866472e-01 6.749486104886583959e-01 7.236874795214041090e-01 7.371137198336943364e-01
6.506672064074947581e-01 6.744732510174082929e-01 7.226108904723669291e-01 7.364585998415574819e-01
6.507394931255331416e-01 6.754664953450051357e-01 7.227477144986660385e-01 7.364340166040066471e-01
6.511009267157252811e-01 6.755431205360746816e-01 7.237270864763853950e-01 7.371222467050699834e-01
6.508696092180021875e-01 6.753469272947882907e-01 7.237774953281795876e-01 7.370134682369691159e-01
6.509418959360407930e-01 6.753465186258946762e-01 7.240007345289831697e-01 7.374000620026484043e-01
6.515201896803481940e-01 6.757454492582428696e-01 7.232878093393199093e-01 7.367858372181191884e-01
6.518816232705402225e-01 6.767103968999931274e-01 7.228269284086284996e-01 7.365619498891247119e-01
6.513033295262328215e-01 6.765258736756736280e-01 7.223480443165820608e-01 7.362123169910445020e-01
6.508551518743945774e-01 6.752158531840891653e-01 7.225388778269463685e-01 7.361465462431393547e-01
6.498142231346412112e-01 6.742262049711148508e-01 7.222904342002455236e-01 7.359817949845067764e-01
6.497563937602104378e-01 6.740480930452863451e-01 7.228197271440865990e-01 7.361796565291429673e-01
6.497708511038181589e-01 6.741901329992661118e-01 7.228449315699836397e-01 7.364897913533587914e-01
6.514189882750944793e-01 6.758464386334372964e-01 7.238711117672262940e-01 7.370283762445472009e-01
6.512599574954097692e-01 6.754441081416784343e-01 7.236442719341517060e-01 7.366648939137159235e-01
6.516936778036402922e-01 6.753851566815727292e-01 7.242311749943290966e-01 7.374373143892528626e-01
6.520840260810478739e-01 6.762206529286901580e-01 7.243139895365625636e-01 7.377111110113008241e-01
6.526334051381398327e-01 6.776305319137726491e-01 7.237666934313665701e-01 7.368345217007270520e-01
6.517948792088942289e-01 6.772755041957876365e-01 7.229961581253667724e-01 7.363173907352669190e-01
6.507394931255331416e-01 6.765669616611155179e-01 7.225496797237594970e-01 7.359818337316371695e-01
6.502334860992641241e-01 6.761572247044573825e-01 7.227909220859183304e-01 7.362048115960005967e-01
6.502624007864795663e-01 6.756946684589915098e-01 7.224020538006474812e-01 7.362195622410336870e-01
