7.674102560395553718e-01 7.919514984645507072e-01 7.857263735511955671e-01 8.096757683605642075e-01
7.675259147884168076e-01 7.924808697653443756e-01 7.864969088571953648e-01 8.104584887025412243e-01
7.676415735372783544e-01 7.930207316425905706e-01 7.876527118161950058e-01 8.115107671005143963e-01
7.674970001012014764e-01 7.929537466636883414e-01 7.881063914823442929e-01 8.121317365907474439e-01
7.669042490132862433e-01 7.927641560243398056e-01 7.883044262572509453e-01 8.121941884883101537e-01
7.665139007358787726e-01 7.922457459183606110e-01 7.882864230958955831e-01 8.122287564115315828e-01
7.671500238546169470e-01 7.925701002471751133e-01 7.882828224636245773e-01 8.124161404774629114e-01
7.660946377712558597e-01 7.913205502901010657e-01 7.884592534449049728e-01 8.125052820927668451e-01
7.657332041810638312e-01 7.909276163789922265e-01 7.880019731464845689e-01 8.123011208344900203e-01
7.659356069915713716e-01 7.912293081170000963e-01 7.880901886371246556e-01 8.127065246783471419e-01
7.664126993306250579e-01 7.915768254255939329e-01 7.883008256249797174e-01 8.129509931997958017e-01
7.681909525943702022e-01 7.928877238305851449e-01 7.890497571373533692e-01 8.135621385337757916e-01
7.689282771183623133e-01 7.939815944067944997e-01 7.891523751570775902e-01 8.136949340898507188e-01
7.692463386777312895e-01 7.941670206713121738e-01 7.890389552405401297e-01 8.135792709218505614e-01
7.682632393124086967e-01 7.935491799947245184e-01 7.888733261560729737e-01 8.131023050292762733e-01
7.681620379071549820e-01 7.938367446198357769e-01 7.886608888520825200e-01 8.126837903298024246e-01
7.681909525943703132e-01 7.936334935403561719e-01 7.882720205668114488e-01 8.117445812213155421e-01
7.687114169642470518e-01 7.943872670933760372e-01 7.882900237281667000e-01 8.115783798995159781e-01
7.686391302462085573e-01 7.952878087036689969e-01 7.878831522815405997e-01 8.109933089517811222e-01
7.673090546343014351e-01 7.948632914335047595e-01 7.872566422663820340e-01 8.100332623575781099e-01
7.676126588500629122e-01 7.958850170528446455e-01 7.867813588066063790e-01 8.097688990368854256e-01
7.674536280703783131e-01 7.962041710473060085e-01 7.875014852608118732e-01 8.099215931936658563e-01
7.670777371365784525e-01 7.957625393696088345e-01 7.873826643958679039e-01 8.097103500614192262e-01
7.684222700920932958e-01 7.968381554388349608e-01 7.866589373093916260e-01 8.093736636669359719e-01
7.685957582153855050e-01 7.968555136165391684e-01 7.859712165456254063e-01 8.088301083939153369e-01
7.685668435281700628e-01 7.966040251538702988e-01 7.848154135866258763e-01 8.078341165859654893e-01
7.685668435281700628e-01 7.967608053447148286e-01 7.842465136878036258e-01 8.075157205109051439e-01
7.682343246251932545e-01 7.971628122420519880e-01 7.834399720590936589e-01 8.070128126338963481e-01
7.674247133831628709e-01 7.966270650774621709e-01 7.824101912295799988e-01 8.062103098467767737e-01
7.667163035463864240e-01 7.957783698165372677e-01 7.820357254733931729e-01 8.060985183563862400e-01
7.658777776171405982e-01 7.958127555436300682e-01 7.812759920642063927e-01 8.053506420439309199e-01
7.647790195029564586e-01 7.944342025838528887e-01 7.806422807845057044e-01 8.045087320230663863e-01
7.639404935737108548e-01 7.936286566543476750e-01 7.799239546464359352e-01 8.038067948278941888e-01
7.631453396752880813e-01 7.923704276200596031e-01 7.796377043808893070e-01 8.032916262245290984e-01
7.622200696843962620e-01 7.914309686092860785e-01 7.794828771932351685e-01 8.030918629012375742e-01
7.612947996935044426e-01 7.911326707474506392e-01 7.796665094390574646e-01 8.033913753526307211e-01
7.607887926672354251e-01 7.899840960893973474e-01 7.798213366267116031e-01 8.033776456288291845e-01
7.621044109355346041e-01 7.903854099546157030e-01 7.800769815179546818e-01 8.033439678070368739e-01
7.622923564024345344e-01 7.904962571556806150e-01 7.799149530657583096e-01 8.029223789535571143e-01
7.631164249880726391e-01 7.903301878953190585e-01 7.791552196565716404e-01 8.022254480094312967e-01
7.632031690497187437e-01 7.906331458555104774e-01 7.786367286095438045e-01 8.013434638067398197e-01
7.620610389047115518e-01 7.890301725309175618e-01 7.781182375625159686e-01 8.003491768144705976e-01
7.636368893579492667e-01 7.895848399553538899e-01 7.764943524082830173e-01 7.983984941969908267e-01
7.633188277985804016e-01 7.885349800654792851e-01 7.754573703142271235e-01 7.971377001668873419e-01
7.636079746707340465e-01 7.882768163994162691e-01 7.754789741078532694e-01 7.969024125978197981e-01
7.627549913978806106e-01 7.866591928038739745e-01 7.753853576688065630e-01 7.964518839970644581e-01
7.612658850062890004e-01 7.850491494336582221e-01 7.760262702130493739e-01 7.969279748725961454e-01
7.621044109355347151e-01 7.867526123712049735e-01 7.764223397628623458e-01 7.976996509610331243e-01
7.618875507814193426e-01 7.871183398477379356e-01 7.762711132074792131e-01 7.979123717120097936e-01
7.625381312437653492e-01 7.882615361576548185e-01 7.755941943405262329e-01 7.974513456357805730e-01
7.622200696843961509e-01 7.884447418147895181e-01 7.746004198337227420e-01 7.967066313210520168e-01
7.617574346889502968e-01 7.872883652555909828e-01 7.733654029647606398e-01 7.960360377842774504e-01
7.608466220416660875e-01 7.863405363848092744e-01 7.730413460603682285e-01 7.960114677333295363e-01
7.601237548612818085e-01 7.852634243237431866e-01 7.729981384731157146e-01 7.961906329040172592e-01
7.594876317425436341e-01 7.842707806590727415e-01 7.731133587057887890e-01 7.963163427097755820e-01
7.595888331477974598e-01 7.833485398292057145e-01 7.734158118165550544e-01 7.963189719601062588e-01
7.595599184605820176e-01 7.825539698810729528e-01 7.730485473249102402e-01 7.955470574107490478e-01
7.585479044080438715e-01 7.815925089561188699e-01 7.729621321504055453e-01 7.952922810043447921e-01
7.573479448886062393e-01 7.804521067069849494e-01 7.725228550133403926e-01 7.946140253922053809e-01
7.569865112984139888e-01 7.809907500659131196e-01 7.721951974766768645e-01 7.942584904661306178e-01
7.566973644262602328e-01 7.818911384325063496e-01 7.731601669253120868e-01 7.948142569442067096e-01
7.565527909901834658e-01 7.818952408688808475e-01 7.738406864245361838e-01 7.954268477132991899e-01
7.574636036374675641e-01 7.827990767452484011e-01 7.738334851599939501e-01 7.952721349755246250e-01
7.586924778441209716e-01 7.844915039163278259e-01 7.735166295201438835e-01 7.951035125792587088e-01
7.590828261215283312e-01 7.851635162619903241e-01 7.737686737791156233e-01 7.958323451174211804e-01
7.597912359583051112e-01 7.847080720271537579e-01 7.731601669253121978e-01 7.959329822199749938e-01
7.587936792493746863e-01 7.832394510925717590e-01 7.727929024336674946e-01 7.957691378151134920e-01
7.572901155141754659e-01 7.816660001559927462e-01 7.729081226663401250e-01 7.959242484166919596e-01
7.551504286602379601e-01 7.791479602658363257e-01 7.739883123476481996e-01 7.964018445688665349e-01
7.538203530483308379e-01 7.771812514763810631e-01 7.742007496516387643e-01 7.964441788830598501e-01
7.530974858679465589e-01 7.766722455567410810e-01 7.740531237285267485e-01 7.963131491347332780e-01
7.549046538189073674e-01 7.778777993167669269e-01 7.737470699854895884e-01 7.960007413423353384e-01
7.567696511442987273e-01 7.795666494600501650e-01 7.741575420643865835e-01 7.961229580991168175e-01
7.568274805187293897e-01 7.799735247238630542e-01 7.754501690496851118e-01 7.970532938269626611e-01
7.574491462938600650e-01 7.810915378759225591e-01 7.758498392317692005e-01 7.973898931834006998e-01
7.581430987870289018e-01 7.823321053503340394e-01 7.759974651548812163e-01 7.970955270399431303e-01
7.565817056773989080e-01 7.813941155133463656e-01 7.759866632580680879e-01 7.967735180348533008e-01
7.563070161488529841e-01 7.807167186575590945e-01 7.756842101473018225e-01 7.963175599712100095e-01
7.565527909901834658e-01 7.806700969344753105e-01 7.749208761058442585e-01 7.958438902840173634e-01
7.560756986511298905e-01 7.806359097511402778e-01 7.747984546086292834e-01 7.956532190745380095e-01
7.554829475632146574e-01 7.798993992075050619e-01 7.752845399652179559e-01 7.962360385845005384e-01
7.562925588052451520e-01 7.804582489376363785e-01 7.753601532429095222e-01 7.961971417039082066e-01
7.573190302013907971e-01 7.809030007940174212e-01 7.749478808478768022e-01 7.959967671994458982e-01
7.564949616157528034e-01 7.798169373994356945e-01 7.755293829596476840e-01 7.965320925403529539e-01
7.563503881796758144e-01 7.795694483352373361e-01 7.761126853875539577e-01 7.967567256997813985e-01
7.550781419421995766e-01 7.783113219535815475e-01 7.756410025600495306e-01 7.966438956272972050e-01
7.551938006910611234e-01 7.793694781397058069e-01 7.757454208959092545e-01 7.969826294878783468e-01
7.552516300654916748e-01 7.799851892994598135e-01 7.758102322767879144e-01 7.971544867727536898e-01
7.548323671008688729e-01 7.792648365810572741e-01 7.763431258528997736e-01 7.975556617729995246e-01
7.556419783428993675e-01 7.790479667317201651e-01 7.759650594644419419e-01 7.972341454637539293e-01
7.554106608451762739e-01 7.785216532189114247e-01 7.750468982353302394e-01 7.963374934845036668e-01
7.548901964752996463e-01 7.777728890866343336e-01 7.743195705165827336e-01 7.959478932918104821e-01
7.555407769376455418e-01 7.784846405090397603e-01 7.737038623982371854e-01 7.957415240518040944e-01
7.561479853691682740e-01 7.787026083946853028e-01 7.743843818974611715e-01 7.965820141321118264e-01
7.557287224045453611e-01 7.791018765907820054e-01 7.754177633592459484e-01 7.972456482547676249e-01
7.559311252150530125e-01 7.801938842011169051e-01 7.765231574664510639e-01 7.975212938604061552e-01
7.566973644262603438e-01 7.807787458856537688e-01 7.777941806581235573e-01 7.982987257522196067e-01
7.584033309719672156e-01 7.810379198125758649e-01 7.782262565306468094e-01 7.984193506444563493e-01
7.593647443218782822e-01 7.813629058164812680e-01 7.783414767633196618e-01 7.986376658548880458e-01
7.586924778441209716e-01 7.814877696969584342e-01 7.778589920390019952e-01 7.986041146720189721e-01
7.584177883155748257e-01 7.813423261395084918e-01 7.774989288118993036e-01 7.984972422244592805e-01
7.590249967470976689e-01 7.815764445036536001e-01 7.775349351346095839e-01 7.985689133145869034e-01
7.596466625222282332e-01 7.822485163906673922e-01 7.778121838194786974e-01 7.987867480670636233e-01
7.590394540907053900e-01 7.817373882278262354e-01 7.784458950991794968e-01 7.986361614857082625e-01
7.592418569012129304e-01 7.823755177558835427e-01 7.781362407238712198e-01 7.984931118430029784e-01
7.586924778441209716e-01 7.818520560821198284e-01 7.780786306075346825e-01 7.989258993237592366e-01
7.586346484696901982e-01 7.816189112928773053e-01 7.774341174310208658e-01 7.985775225316517067e-01
7.570443406728447622e-01 7.799553461466157689e-01 7.772072775979461667e-01 7.982688088651475056e-01
7.567696511442988383e-01 7.799215533577990023e-01 7.774737243860021518e-01 7.982312140473279971e-01
7.554251181887841060e-01 7.785279927544017653e-01 7.771550684300162493e-01 7.976950458639719965e-01
7.569431392675910475e-01 7.793672119823140676e-01 7.768688181644696211e-01 7.976234664001451424e-01
7.588659659674131808e-01 7.813998743446591844e-01 7.767752017254230257e-01 7.976436350404713105e-01
7.611935982882505058e-01 7.836598304779268664e-01 7.773477022565162819e-01 7.982619956590151222e-01
7.607020486055892095e-01 7.836362885268813860e-01 7.777077654836188625e-01 7.986227921038067112e-01
7.586924778441208606e-01 7.819336961454610435e-01 7.771748719075068923e-01 7.981880335679555349e-01
7.564082175541065878e-01 7.798035621952186247e-01 7.764367422919464801e-01 7.977325578884368884e-01
7.556419783428991455e-01 7.795878554847794906e-01 7.765771669505165953e-01 7.978061668333744638e-01
7.568563952059449429e-01 7.807218231942028019e-01 7.767535979317968797e-01 7.978611417776771964e-01
7.574202316066446228e-01 7.809844810392780889e-01 7.766239751700398930e-01 7.975237016147358471e-01
7.568853098931602741e-01 7.803069604601948761e-01 7.768652175321986153e-01 7.975249943673116126e-01
7.572178287961370824e-01 7.805790888371619829e-01 7.775925452509461211e-01 7.980167962121182956e-01
7.570298833292370411e-01 7.804436715438407557e-01 7.784783007896185492e-01 7.985188496141366610e-01
7.550203125677688032e-01 7.788958136154020551e-01 7.774917275473574030e-01 7.978638049735349291e-01
7.544420188234614022e-01 7.782604745992071082e-01 7.771640700106938748e-01 7.977087833588716315e-01
7.551359713166303500e-01 7.785047548051857724e-01 7.767932048867781658e-01 7.978268992444739194e-01
7.554251181887839950e-01 7.786471190386187180e-01 7.761162860198251856e-01 7.978016631497395483e-01
7.555841489684684831e-01 7.785981598510762769e-01 7.762207043556849095e-01 7.976980452535138433e-01
7.551359713166302390e-01 7.776605637115172609e-01 7.758606411285821070e-01 7.972402975064412090e-01
7.564226748977143089e-01 7.790614526870270895e-01 7.763035188979184875e-01 7.973875954886409101e-01
7.560901559947375006e-01 7.789932106057877448e-01 7.769192270162640357e-01 7.979817331786265289e-01
7.561190706819529428e-01 7.798674230463165102e-01 7.774773250182731577e-01 7.985536730154508822e-01
7.582153855050671742e-01 7.819184097547847712e-01 7.775133313409834379e-01 7.983557155957573537e-01
7.568419378623372218e-01 7.809272150628927545e-01 7.777113661158899793e-01 7.982439978796821434e-01
7.559744972458761758e-01 7.799352166419097898e-01 7.778301869808339486e-01 7.980673463343346263e-01
7.553383741271378904e-01 7.789378745243019653e-01 7.781218381947870855e-01 7.982756930951897534e-01
7.554395755323917161e-01 7.788027185641501760e-01 7.785251090091420689e-01 7.989631686145939327e-01
7.574636036374676751e-01 7.804434431513451731e-01 7.783126717051513932e-01 7.991395717373762642e-01
7.588659659674130697e-01 7.826477595329698334e-01 7.782658634856279845e-01 7.991924870112729895e-01
7.582298428486751174e-01 7.820524808486828405e-01 7.779598097425908243e-01 7.990278878672729679e-01
7.580129826945596339e-01 7.815490688439037381e-01 7.772684883465537098e-01 7.983034576132521654e-01
7.584177883155749367e-01 7.822707247403356545e-01 7.768220099449463234e-01 7.982398606111394956e-01
7.583021295667132788e-01 7.824880614679530222e-01 7.764835505114697778e-01 7.977054327699506509e-01
7.601526695484972507e-01 7.840361543188207882e-01 7.769588339712454328e-01 7.978178503992296999e-01
7.615839465656580876e-01 7.854350464711782331e-01 7.769624346035164386e-01 7.975035850937456372e-01
7.605574751695125535e-01 7.839991745160348469e-01 7.776393534704695298e-01 7.978171793682513613e-01
7.608177073544506452e-01 7.842556247150753723e-01 7.785881200738850039e-01 7.987621085187366354e-01
7.599213520507742681e-01 7.832710539360387969e-01 7.787411469454036395e-01 7.987761708231920776e-01
7.591117408087437735e-01 7.822167276044771356e-01 7.786727349322539737e-01 7.987310548952489819e-01
7.570009686420217099e-01 7.798484641709844123e-01 7.777473724386002596e-01 7.979961969728418536e-01
7.575358903555061696e-01 7.805500661511359795e-01 7.769264282808060473e-01 7.968145313900691917e-01
7.577238358224060999e-01 7.804342165366523476e-01 7.765015536728249179e-01 7.966186425515686675e-01
7.572322861397446925e-01 7.801894629910939294e-01 7.760550752712176426e-01 7.964247626897934529e-01
7.568130231751217796e-01 7.794602712175590087e-01 7.763215220592736276e-01 7.972001019832720692e-01
7.568419378623372218e-01 7.794398858714439715e-01 7.775637401927778525e-01 7.986357909741430561e-01
7.569431392675910475e-01 7.800366739763263668e-01 7.780786306075346825e-01 7.990212942556312870e-01
7.579406959765212504e-01 7.810725922708015023e-01 7.781380410400066117e-01 7.988344538672027539e-01
7.594008876808975295e-01 7.826042122194317718e-01 7.779021996262543981e-01 7.987847165733195087e-01
7.598201506455204424e-01 7.833312292440615110e-01 7.768040067835912943e-01 7.979466470974585501e-01
7.596322051786206231e-01 7.832626347613941276e-01 7.767427960349837512e-01 7.978683843306226819e-01
7.587069351877286927e-01 7.825270133742350254e-01 7.775457370314227123e-01 7.981642478281313346e-01
7.571744567653140301e-01 7.819232006742673491e-01 7.790147949980016362e-01 7.991450544565594782e-01
7.567985658315140585e-01 7.812242980080141841e-01 7.795404873095714837e-01 7.996551295420054606e-01
7.577382931660137100e-01 7.816296991866604760e-01 7.796809119681415989e-01 7.996211151125556249e-01
7.591261981523514946e-01 7.829028235990980189e-01 7.795872955290948925e-01 7.998036516781973360e-01
7.597623212710896690e-01 7.834829659461388651e-01 7.794612733996089116e-01 7.997802750454963139e-01
7.607020486055892095e-01 7.844581846706394357e-01 7.792776411537866155e-01 7.999069151800610733e-01
7.600803828304587562e-01 7.843030038239967583e-01 7.790111943657306304e-01 7.994765715853513477e-01
7.588515086238054597e-01 7.831375698035272226e-01 7.788131595908242000e-01 7.987605808728270862e-01
7.587213925313363028e-01 7.829101605303731004e-01 7.787015399904222424e-01 7.983857303385228921e-01
7.591406554959592157e-01 7.837627036545768977e-01 7.789787886752914670e-01 7.988989913168169643e-01
7.589527100290592854e-01 7.837278789546966440e-01 7.789535842493942042e-01 7.992006738091517182e-01
7.582009281614595642e-01 7.820534047551022105e-01 7.781542438852262489e-01 7.987019622582847145e-01
7.578539519148752568e-01 7.813843960957580492e-01 7.772540858174695755e-01 7.979758849728280090e-01
7.585768190952594248e-01 7.817192824567134046e-01 7.766275758023108988e-01 7.976662977615038841e-01
7.595310037733665753e-01 7.824469252146417642e-01 7.778589920390021062e-01 7.989657594531841545e-01
7.601960415793203030e-01 7.832206277475108891e-01 7.792848424183286271e-01 7.999167235759832018e-01
7.601526695484972507e-01 7.835453166448977935e-01 7.792092291406371718e-01 7.996115801564122050e-01
7.592563142448207625e-01 7.824419696263940072e-01 7.796917138649547274e-01 7.998608983732894417e-01
7.588515086238054597e-01 7.818460264553761530e-01 7.790472006884407996e-01 7.992702467276422418e-01
7.587647645621593551e-01 7.813800652886531140e-01 7.786007222868336353e-01 7.991031728313322535e-01
7.586346484696901982e-01 7.808392428942578789e-01 7.778193850840208201e-01 7.987354764464622559e-01
7.587358498749441349e-01 7.813998228489061892e-01 7.770596516748340399e-01 7.981385009444919021e-01
7.591551128395668258e-01 7.822293428027096152e-01 7.777509730708711544e-01 7.984375649409267695e-01
7.594008876808975295e-01 7.827601023983473683e-01 7.781650457820393774e-01 7.983719147919169368e-01
7.599502667379895993e-01 7.837502094887029980e-01 7.785251090091420689e-01 7.988323032251409828e-01
7.589237953418438432e-01 7.826274411999936120e-01 7.778049825549366858e-01 7.980690662656192425e-01
7.589816247162746166e-01 7.819147974507365539e-01 7.779562091103198185e-01 7.982099203870792747e-01
7.591406554959592157e-01 7.817338720006588026e-01 7.778589920390019952e-01 7.980619266932309497e-01
7.585479044080440936e-01 7.809683544366783359e-01 7.779850141684879761e-01 7.984390242562571238e-01
7.586635631569054183e-01 7.808862318167935079e-01 7.786367286095436935e-01 7.990501985522364681e-01
7.595743758041897387e-01 7.816798060857338415e-01 7.793856601219174562e-01 7.991705226283216668e-01
7.608466220416659764e-01 7.830682082521116527e-01 7.795152828836744430e-01 7.993425550705164362e-01
7.610056528213506866e-01 7.832643416333409103e-01 7.795800942645529918e-01 7.994373689878930822e-01
7.594008876808975295e-01 7.821522954603348232e-01 7.795584904709267349e-01 7.992591641581801021e-01
7.587069351877285817e-01 7.819400255136603750e-01 7.794252670768986313e-01 7.998500270038778615e-01
7.573913169194291806e-01 7.810896298169671681e-01 7.790796063788800740e-01 7.998499016053539634e-01
7.568563952059449429e-01 7.816143590619476500e-01 7.782766653824412240e-01 7.992955420650342813e-01
7.581430987870287908e-01 7.831473604557595003e-01 7.771928750688620324e-01 7.985301324039726367e-01
7.581720134742442330e-01 7.820677831671276614e-01 7.773621047856003052e-01 7.986063430169061395e-01
7.596249765068167070e-01 7.831722823124885879e-01 7.774269161664788541e-01 7.987411858929229780e-01
7.603695297026124011e-01 7.835325202732386085e-01 7.783450773955906676e-01 7.996290765017396440e-01
7.600803828304587562e-01 7.836519872414950960e-01 7.787699520035717971e-01 7.999098123134574800e-01
7.598056933019127213e-01 7.833858010221822488e-01 7.798141353621695915e-01 8.005803362004539903e-01
7.599213520507741570e-01 7.833009581391938703e-01 7.796161005872631611e-01 8.001802884162133589e-01
7.600225534560279828e-01 7.836079153806988495e-01 7.793388519023940475e-01 7.998532627499608250e-01
7.609478234469199132e-01 7.837029196550817645e-01 7.786007222868334132e-01 7.989958339691378697e-01
7.611357689138198435e-01 7.841718396497259214e-01 7.780246211234693732e-01 7.986048048334337679e-01
7.609044514160967498e-01 7.844229675034758431e-01 7.775097307087124321e-01 7.984379311367202359e-01
7.605430178259047214e-01 7.838070804014698467e-01 7.774773250182732687e-01 7.986903945430730012e-01
7.604996457950815580e-01 7.833208537654621217e-01 7.778193850840207091e-01 7.992198982784579631e-01
7.606297618875507149e-01 7.838966623194493222e-01 7.785683165963943608e-01 7.998576721366763564e-01
7.619020081250270637e-01 7.847955082529275428e-01 7.792596379924314753e-01 8.003371688037248521e-01
7.613092570371119416e-01 7.839164422531541554e-01 7.787735526358428029e-01 7.998530896798431433e-01
7.601092975176741984e-01 7.829434660714909011e-01 7.783810837183009479e-01 7.995415837619568311e-01
7.597189492402666167e-01 7.824819772337970880e-01 7.781254388270579803e-01 7.992929669109071211e-01
7.590828261215285533e-01 7.820526948441989257e-01 7.788671690748896204e-01 7.993642297467483671e-01
7.598779800199512158e-01 7.834176408929759416e-01 7.797925315685434455e-01 7.999675582903984505e-01
7.602249562665356342e-01 7.835918100494383420e-01 7.800517770920573080e-01 8.004735215161855599e-01
7.604851884514738369e-01 7.834497899485955985e-01 7.800769815179545708e-01 8.003994858598261208e-01
7.610634821957813489e-01 7.839883230065131103e-01 7.794468708705247773e-01 8.000324902991757803e-01
7.612803423498967215e-01 7.843892107894314680e-01 7.784386938346373741e-01 7.995160265141840750e-01
7.608466220416661985e-01 7.835323654179827679e-01 7.781506432529552431e-01 7.995982463862357781e-01
7.599502667379895993e-01 7.827128114835018025e-01 7.788635684426186145e-01 7.999882884739584199e-01
7.601671268921046387e-01 7.822880510568084311e-01 7.796665094390574646e-01 8.003915030266668396e-01
7.599358093943817671e-01 7.823476094152828075e-01 7.794684746641510342e-01 8.001262647058279276e-01
7.599791814252050415e-01 7.828895689340534814e-01 7.791912259792819206e-01 7.995448089583654383e-01
7.599213520507742681e-01 7.829501917298727909e-01 7.794360689737118708e-01 7.997274653144221812e-01
7.601237548612816974e-01 7.827428826119637861e-01 7.794936790900481860e-01 7.998325617636774520e-01
7.602249562665355231e-01 7.832093371438443308e-01 7.791732228179268915e-01 7.998725004445367270e-01
7.600514681432433139e-01 7.827989387493643481e-01 7.784638982605345259e-01 7.993284050184324974e-01
7.604996457950816691e-01 7.836160534599561078e-01 7.782982691760671479e-01 7.989886552875917758e-01
7.614393731295810985e-01 7.845011739069784884e-01 7.786079235513756469e-01 7.988627139261454957e-01
7.615550318784426453e-01 7.851653758870085209e-01 7.795764936322819860e-01 7.999151006428645294e-01
7.604996457950814470e-01 7.839691762895293348e-01 7.795872955290947814e-01 7.998767063813283507e-01
7.599213520507741570e-01 7.826136779797125964e-01 7.794360689737118708e-01 7.995542430669329015e-01
7.608899940724890287e-01 7.835468833499666941e-01 7.795404873095714837e-01 8.001036096276907816e-01
7.622056123407885408e-01 7.843717611310727644e-01 7.796773113358705931e-01 8.001492415255839763e-01
7.611646836010350636e-01 7.835915527036894090e-01 7.790796063788800740e-01 7.993762753751869621e-01
7.606731339183738783e-01 7.833628210267640224e-01 7.784458950991792747e-01 7.989275030026971036e-01
7.611357689138197324e-01 7.831735489280140516e-01 7.781794483111235117e-01 7.991699328448959028e-01
7.610201101649582967e-01 7.824403009234333073e-01 7.778841964648992580e-01 7.988257281934202370e-01
7.607309632928046517e-01 7.825902787371922242e-01 7.779454072135068010e-01 7.986088690394094192e-01
7.600370107996357039e-01 7.818996414000689565e-01 7.787051406226932482e-01 7.987905860068562625e-01
7.601526695484972507e-01 7.823564562282487866e-01 7.791624209211138741e-01 7.993192702109510606e-01
7.600225534560279828e-01 7.824842882568060487e-01 7.794324683414407540e-01 7.995551428109904935e-01
7.601237548612818085e-01 7.826433483533603575e-01 7.799545600207397067e-01 8.000551384078211647e-01
7.603984443898278434e-01 7.832045504818647697e-01 7.795692923677398634e-01 8.000395183473799632e-01
7.603550723590047911e-01 7.830372587555087804e-01 7.787231437840484993e-01 7.994942765701074094e-01
7.599791814252050415e-01 7.824059542743885265e-01 7.788635684426185035e-01 7.997063230662423416e-01
7.594153450245051395e-01 7.817970938356154642e-01 7.791732228179268915e-01 7.995931813749572736e-01
7.606442192311584360e-01 7.829471530902194498e-01 7.784963039509736893e-01 7.988608402898700334e-01
7.628995648339574887e-01 7.853264873052590023e-01 7.785323102736840806e-01 7.992645715207321588e-01
7.641573537278258943e-01 7.866679674060990113e-01 7.798321385235247316e-01 8.001658091273883278e-01
7.636079746707338245e-01 7.859420797652473256e-01 7.807575010171785568e-01 8.008496980538504229e-01
7.622345270280038720e-01 7.843997166048679581e-01 7.801886011183564174e-01 8.003591017835987032e-01
7.612514276626811682e-01 7.830869291757166506e-01 7.792200310374500782e-01 7.993365092876263400e-01
7.608177073544506452e-01 7.830406563197707115e-01 7.788023576940110715e-01 7.993009043723355855e-01
7.600948401740663662e-01 7.823142421337465624e-01 7.784170900410111171e-01 7.992481574687353429e-01
7.599213520507742681e-01 7.823162565115640010e-01 7.788779709717026378e-01 7.994601906931949609e-01
7.605285604822970003e-01 7.828948016233359120e-01 7.795260847804874604e-01 8.000228596269054471e-01
7.603984443898279544e-01 7.826957674661805253e-01 7.802066042797114465e-01 8.005492487654257694e-01
7.609333661033120810e-01 7.832665175219886144e-01 7.802750162928611122e-01 8.002868053655447511e-01
7.624369298385114124e-01 7.849779664553349079e-01 7.803578308350945791e-01 8.004007982659138154e-01
7.632176263933265759e-01 7.860168662497661884e-01 7.807250953267393934e-01 8.005631255421017389e-01
7.623791004640807500e-01 7.850188808995772760e-01 7.799005505366742863e-01 8.000305805837769624e-01
7.610201101649581856e-01 7.827653989158140924e-01 7.793028455796837672e-01 7.996011144946826299e-01
7.607454206364123728e-01 7.824529644159546882e-01 7.792776411537866155e-01 7.997219117599116966e-01
7.615984039092655866e-01 7.831208065476669145e-01 7.801813998538142947e-01 8.008557138053511437e-01
7.612658850062890004e-01 7.833934554800747740e-01 7.809735389534402383e-01 8.011831581030998128e-01
7.615261171912274252e-01 7.842431355480024013e-01 7.796737107035995873e-01 7.998367033997095810e-01
7.614538304731888196e-01 7.835620991980811745e-01 7.793316506378520359e-01 7.997372170230134802e-01
7.623212710896500877e-01 7.840156534893463203e-01 7.790868076434220857e-01 7.996526233022515084e-01
7.632320837369341859e-01 7.848892783925486283e-01 7.794000626510014795e-01 8.001089375572543183e-01
7.623646431204731400e-01 7.843294970240971553e-01 7.792290326181277038e-01 7.999567122416566534e-01
7.612947996935042205e-01 7.832838280993552615e-01 7.794000626510015906e-01 7.999449626700708693e-01
7.610490248521737389e-01 7.833877064463909967e-01 7.799509593884685899e-01 8.001083794996584064e-01
7.603550723590046800e-01 7.832234019001204084e-01 7.797025157617678559e-01 7.998197507465805156e-01
7.592707715884284836e-01 7.824685612946142843e-01 7.802642143960478727e-01 8.003140479303327837e-01
7.594587170553284139e-01 7.824683488699070155e-01 7.794216664446276255e-01 7.996223503592816417e-01
7.589527100290592854e-01 7.821535029209401024e-01 7.797817296717304281e-01 7.999371944256150613e-01
7.599791814252050415e-01 7.833864348478745132e-01 7.789643861462073327e-01 7.995279750977849487e-01
7.601960415793203030e-01 7.827284466324584411e-01 7.783522786601326793e-01 7.990962490679507368e-01
7.607598779800199829e-01 7.831344167055219740e-01 7.780012170137076133e-01 7.988946175300393193e-01
7.601815842357125819e-01 7.828550569774874734e-01 7.782478603242729553e-01 7.991788224608695757e-01
7.600803828304587562e-01 7.827421148442696985e-01 7.786763355645252016e-01 7.995373746783424052e-01
7.610779395393891811e-01 7.840064609519451500e-01 7.794252670768987423e-01 8.000150267604000387e-01
7.619598374994578371e-01 7.841105563328445438e-01 7.798717454785060177e-01 8.000683703971486205e-01
7.623646431204730289e-01 7.843311237854422302e-01 7.797853303040013229e-01 7.998386431178259315e-01
7.624947592129422969e-01 7.844297845279969428e-01 7.794396696059828766e-01 7.994727850329423902e-01
7.602538709537509654e-01 7.827503930381407571e-01 7.794936790900481860e-01 7.994607962176316640e-01
7.597189492402666167e-01 7.823189647066507435e-01 7.790399994238987880e-01 7.992529596271056302e-01
7.601382122048894185e-01 7.824840197074841575e-01 7.794216664446276255e-01 7.997525183759554013e-01
7.613381717243273838e-01 7.839197045806463038e-01 7.797601258781041711e-01 7.999013051806381780e-01
7.632465410805419070e-01 7.854095563550516079e-01 7.794648740318801394e-01 8.002321329767767555e-01
7.635790599835188264e-01 7.856020618543321232e-01 7.789823893075624728e-01 8.001730253286047923e-01
7.631308823316804713e-01 7.853407081404578660e-01 7.789283798234970524e-01 7.998966320541736064e-01
7.623357284332576977e-01 7.845332108129063897e-01 7.790832070111511909e-01 7.999708853021165744e-01
7.610490248521736278e-01 7.838922919380817422e-01 7.792272323019922009e-01 8.001172691262077308e-01
7.605430178259046103e-01 7.838475105125186637e-01 7.796161005872630501e-01 8.007904092594408940e-01
7.596755772094436754e-01 7.828870849355710204e-01 7.795476885741136064e-01 8.007164054377530205e-01
