8.300250112044412765e-01 8.469685628748840900e-01 8.515423308332943364e-01 8.763350601669099849e-01
8.307623357284332766e-01 8.474839379312466559e-01 8.524460895333221266e-01 8.771327704423570459e-01
8.313117147855253464e-01 8.478706981269662490e-01 8.533642507624339402e-01 8.780116425722505058e-01
8.326417903974324686e-01 8.492613702279772081e-01 8.538971443385457993e-01 8.786260246268213780e-01
8.333646575778166365e-01 8.501951611040019507e-01 8.548117049353867181e-01 8.794867586352979050e-01
8.354609724009312011e-01 8.521824301665453794e-01 8.558162813390031154e-01 8.801773869935678452e-01
8.371669389466378508e-01 8.532629331220834557e-01 8.571989241310774554e-01 8.811626319314491695e-01
8.384247278405065895e-01 8.541418526488080420e-01 8.587579979044319689e-01 8.821870690086084377e-01
8.399716636065289732e-01 8.552730179812929601e-01 8.605799178335716837e-01 8.833182336185948502e-01
8.416776301522358450e-01 8.565505535433989293e-01 8.629995427197016955e-01 8.851233566690451804e-01
8.428920470152813094e-01 8.576702964943671015e-01 8.650555037464577879e-01 8.866570862364885341e-01
8.438751463806040132e-01 8.584800873194349258e-01 8.669638388501019755e-01 8.880996306267849860e-01
8.448871604331420482e-01 8.595825608384658478e-01 8.682546655192651119e-01 8.890479271999941480e-01
8.464051815119489897e-01 8.610036191074137424e-01 8.690846112577368388e-01 8.897720321454292147e-01
8.478220011855022165e-01 8.622206693879638228e-01 8.701792034681290477e-01 8.907485485282573556e-01
8.490653327357631230e-01 8.632233210250367383e-01 8.721451486881095505e-01 8.924554319580599859e-01
8.509592447483699251e-01 8.652421092250978107e-01 8.740786882176510009e-01 8.939836986748754821e-01
8.525206378579999189e-01 8.668140194232735185e-01 8.748204184654825299e-01 8.947036023808294658e-01
8.526796686376845180e-01 8.669533835254874532e-01 8.755009379647065160e-01 8.953945121053896727e-01
8.528820714481920584e-01 8.669848321557704907e-01 8.766675428205192855e-01 8.962767727496357972e-01
8.537928840954762677e-01 8.679501411128784927e-01 8.775352951978367955e-01 8.968110235259563190e-01
8.536483106593992787e-01 8.682802252882635408e-01 8.784066482074253113e-01 8.973048965906184060e-01
8.542121470600991806e-01 8.692429835383728154e-01 8.792275923652193015e-01 8.977971975028440355e-01
8.550506729893447844e-01 8.700383705522093392e-01 8.795372467405275785e-01 8.979310969032456846e-01
8.560048576674521570e-01 8.707513758416908223e-01 8.803329864724246390e-01 8.985119434167740948e-01
8.558313695441599478e-01 8.711266185731325606e-01 8.804842130278077716e-01 8.985905110222602854e-01
8.560337723546677102e-01 8.717152834505275116e-01 8.809991034425646017e-01 8.989787108433118235e-01
8.558313695441599478e-01 8.712445255800161936e-01 8.815968083995548987e-01 8.993636311098855973e-01
8.558169122005523377e-01 8.708438857031735036e-01 8.820252836398072560e-01 8.995633285243950228e-01
8.565108646937210635e-01 8.711015200078124909e-01 8.824465576155173796e-01 8.995834771893762571e-01
8.567566395350518782e-01 8.708068599404685806e-01 8.830262594111525365e-01 8.999749509793474322e-01
8.570168717199901920e-01 8.708062376261779258e-01 8.835663542518065183e-01 9.002549327558293513e-01
8.562940045396056910e-01 8.701237211550209016e-01 8.842000655315074287e-01 9.005864838075793299e-01
8.558747415749830001e-01 8.696883890148398022e-01 8.848013711207688425e-01 9.010271858582110660e-01
8.559036562621984423e-01 8.700745856537788203e-01 8.845205218036286121e-01 9.008153449688660608e-01
8.571759024996747911e-01 8.709726409068566655e-01 8.844953173777314603e-01 9.007939016393864406e-01
8.572915612485362269e-01 8.713330674501916784e-01 8.838472035689467488e-01 9.003349504088955513e-01
8.557879975133367845e-01 8.701790622423073440e-01 8.832242941860589669e-01 8.995910471074237691e-01
8.552675331434602679e-01 8.702473873989344799e-01 8.827418094617415223e-01 8.989101972896805792e-01
8.545012939322530476e-01 8.697235253301638380e-01 8.829326429721058300e-01 8.987751208392191771e-01
8.542410617473146228e-01 8.694105320438286766e-01 8.831450802760963947e-01 8.990045773053123579e-01
8.550651303329526165e-01 8.701452328575717265e-01 8.837463858653580306e-01 8.994661289239695989e-01
8.550073009585219541e-01 8.696350999586731634e-01 8.848409780757501286e-01 9.002097660382741839e-01
8.544723792450374944e-01 8.692337844481892173e-01 8.864252562750019049e-01 9.011427208928165511e-01
8.556434240772600175e-01 8.701543588992506351e-01 8.870157599674501903e-01 9.013983547653215966e-01
8.563662912576441855e-01 8.706873266815695622e-01 8.870481656578894647e-01 9.013160207847571437e-01
8.564964073501134534e-01 8.706007968265424557e-01 8.870661688192444938e-01 9.012550345776364491e-01
8.563373765704289653e-01 8.707759370045387026e-01 8.867025049598709074e-01 9.007049881106240496e-01
8.542121470600991806e-01 8.703283159921901824e-01 8.848121730175818600e-01 8.990101507911698597e-01
8.530844742586998208e-01 8.703267381934636227e-01 8.840668421374793251e-01 8.983857340736225439e-01
8.512483916205237922e-01 8.687003283567281686e-01 8.830226587788816417e-01 8.975986006451961430e-01
8.496147117928551928e-01 8.677405034456276978e-01 8.801349516975180975e-01 8.959674642158499402e-01
8.499183160086165589e-01 8.678062616610013880e-01 8.794976397855464034e-01 8.953544349976895189e-01
8.503664936604548030e-01 8.675790983541274981e-01 8.792671993202005876e-01 8.953188534283837985e-01
8.502797495988088095e-01 8.670898748114487242e-01 8.787595101699857691e-01 8.950230830797019088e-01
8.496869985108935763e-01 8.666088872312122104e-01 8.780861919353040168e-01 8.944545370922647454e-01
8.494845957003860359e-01 8.668602285948945330e-01 8.779313647476497673e-01 8.941767147954443606e-01
8.489641313305094084e-01 8.660941309974363733e-01 8.784678589560326323e-01 8.945092432968386742e-01
8.487038991455710946e-01 8.665709544440454160e-01 8.784858621173878834e-01 8.944024989073624532e-01
8.480099466524020357e-01 8.663916051224447301e-01 8.790727651775651630e-01 8.946473099836776965e-01
8.479665746215789834e-01 8.656559117004968273e-01 8.798360992190228380e-01 8.950283215484654553e-01
8.486099264121209629e-01 8.659324101693351983e-01 8.808298737258263289e-01 8.956219592826624165e-01
8.497592852289319598e-01 8.665652393341892745e-01 8.812259432756393007e-01 8.954989307435508028e-01
8.492677355462709965e-01 8.659697589164123688e-01 8.811395281011346059e-01 8.953794738018645560e-01
8.482990935245557917e-01 8.655080390977393234e-01 8.799693226130508306e-01 8.945608216291724979e-01
8.448437884023189959e-01 8.634177163508969244e-01 8.783202330329205054e-01 8.935762737205248385e-01
8.437884023189579086e-01 8.627049480095321243e-01 8.774920876105843925e-01 8.929727898990336143e-01
8.444100680940884729e-01 8.637335260469048981e-01 8.782842267102102252e-01 8.936980609044118395e-01
8.450172765256112051e-01 8.641396175381942379e-01 8.794256271401257319e-01 8.947949418109721886e-01
8.452485940233342987e-01 8.644329629331111153e-01 8.787451076409017459e-01 8.943133390856314868e-01
8.457401437059954841e-01 8.648029109352991517e-01 8.785218684400981637e-01 8.941280024546159888e-01
8.459425465165030245e-01 8.647162642081986927e-01 8.781257988902850808e-01 8.938397327125933156e-01
8.464051815119489897e-01 8.649886806981134102e-01 8.783598399879019025e-01 8.938400780801176726e-01
8.481689774320866348e-01 8.663181535705537506e-01 8.790799664421071746e-01 8.941246440555000730e-01
8.484292096170251707e-01 8.667685373476095023e-01 8.803041814142563704e-01 8.949884398282640374e-01
8.486749844583556524e-01 8.667958605468790712e-01 8.800449358907422859e-01 8.946421938446977862e-01
8.481689774320866348e-01 8.662622094278552565e-01 8.794292277723969598e-01 8.943297038404431909e-01
8.473593661900563623e-01 8.662806838722008074e-01 8.780465849803225087e-01 8.934380257276488546e-01
8.467593864303372131e-01 8.652378421241084805e-01 8.784390538978645857e-01 8.934873900296447236e-01
8.463473521375183273e-01 8.647983470047304611e-01 8.777045249145750683e-01 8.929433024236985705e-01
8.447859590278882225e-01 8.632734838196385319e-01 8.769105854988136217e-01 8.924005869374718181e-01
8.432679379490812810e-01 8.622619213703054397e-01 8.762462688448090509e-01 8.919486903407756184e-01
8.440630918475039435e-01 8.629803048272193244e-01 8.756773689459869114e-01 8.916485926844077703e-01
8.458702597984645299e-01 8.648251497344174865e-01 8.765271181619492813e-01 8.921408719176755486e-01
8.466654136968874145e-01 8.652950208809000454e-01 8.775641002560050641e-01 8.928476193159247121e-01
8.475328543133485715e-01 8.657336309827465826e-01 8.784714595883036381e-01 8.934267511318793042e-01
8.491665341410168377e-01 8.670696840244543901e-01 8.786514912018550394e-01 8.935832694895065043e-01
8.489063019560786350e-01 8.666070486043385701e-01 8.782518210197710617e-01 8.935347155613387882e-01
8.475762263441715127e-01 8.657166036091440420e-01 8.785182678078269358e-01 8.937033943240397793e-01
8.476918850930329485e-01 8.656306367598478602e-01 8.788855322994717501e-01 8.938222723999360575e-01
8.469401032254334494e-01 8.648397468899127194e-01 8.784966640142009009e-01 8.937084731340084742e-01
8.473304515028409201e-01 8.652805714018116934e-01 8.780231808705607488e-01 8.935576885127785030e-01
8.487617285200017569e-01 8.664157889000320134e-01 8.783166324006494996e-01 8.938174004863680411e-01
8.487183564891787046e-01 8.662387423228959937e-01 8.786550918341260452e-01 8.938391276544784825e-01
8.469979325998642228e-01 8.651744411699118231e-01 8.777909400890795411e-01 8.929835877899549024e-01
8.464485535427719309e-01 8.646740930151555204e-01 8.771140212221264498e-01 8.922831527166836807e-01
8.454365394902341180e-01 8.634195362355576719e-01 8.773732667456404233e-01 8.924065947797517051e-01
8.441353785655423270e-01 8.621619113569994886e-01 8.768835807567808560e-01 8.924411515509532711e-01
8.450751059000418675e-01 8.631603926265321025e-01 8.760374321730894920e-01 8.921814928043223514e-01
8.466509563532796934e-01 8.649101122063633795e-01 8.762930770643325706e-01 8.926037665380099906e-01
8.473449088464486412e-01 8.656179847076579392e-01 8.774380781265189722e-01 8.933329749907953365e-01
8.480677760268328091e-01 8.660264951139066136e-01 8.782266165938737990e-01 8.938539162046104103e-01
8.472726221284102577e-01 8.651350488733474675e-01 8.768403731695286751e-01 8.927697402773305813e-01
8.477786291546791642e-01 8.654464025193164822e-01 8.772688484097808104e-01 8.930843062313309488e-01
8.489641313305094084e-01 8.662933113549400321e-01 8.786190855114157650e-01 8.939339682270506238e-01
8.485882403967095478e-01 8.660048427508008073e-01 8.782626229165840792e-01 8.936784924501957050e-01
8.477497144674639440e-01 8.659935405629458627e-01 8.768511750663416926e-01 8.926069629997787080e-01
8.474171955644870247e-01 8.656828138079998292e-01 8.771680307061919812e-01 8.928026318687174445e-01
8.483424655553788440e-01 8.656215620427996082e-01 8.782338178584159216e-01 8.933404324520091144e-01
8.474605675953099659e-01 8.647713174508546707e-01 8.790061534805511112e-01 8.938467435107342318e-01
8.475762263441715127e-01 8.654215642525746599e-01 8.789251392544530361e-01 8.937313109831203084e-01
8.470557619742948852e-01 8.649441585169683755e-01 8.790187556934998536e-01 8.935459139238148829e-01
8.470557619742947741e-01 8.650202029283715621e-01 8.786946987891075533e-01 8.932176770559917545e-01
8.472581647848024256e-01 8.653931534838313899e-01 8.790367588548548827e-01 8.936199740669907854e-01
8.471858780667641531e-01 8.649409177728668574e-01 8.803185839433405047e-01 8.946303011678480299e-01
8.461015772961875125e-01 8.639007811703229844e-01 8.788891329317427559e-01 8.936402542981917163e-01
8.459570038601107456e-01 8.635417277884014364e-01 8.789323405189950478e-01 8.936633833055070975e-01
8.459714612037185777e-01 8.635315302767700985e-01 8.783238336651916223e-01 8.931826990991885706e-01
8.464196388555567108e-01 8.642636581874707513e-01 8.780969938321168122e-01 8.929757454854263532e-01
8.470991340051179375e-01 8.649898922761870557e-01 8.788747304026586216e-01 8.935651367786154875e-01
8.473882808772716935e-01 8.652119047481814373e-01 8.792239917329482957e-01 8.938530507517654655e-01
8.473015368156254778e-01 8.650616078441933920e-01 8.790367588548548827e-01 8.939171503142453457e-01
8.470846766615102164e-01 8.650529779406530562e-01 8.782554216520420676e-01 8.935437528635279403e-01
8.476195983749945650e-01 8.661974221368717863e-01 8.772796503065938278e-01 8.928166949109019868e-01
8.481689774320867459e-01 8.671017274538161956e-01 8.770636123703321463e-01 8.925879555984894687e-01
8.488484725816478615e-01 8.667616235418521553e-01 8.780213805544253569e-01 8.931373828268680537e-01
8.479521172779712623e-01 8.661106618586377204e-01 8.780321824512384854e-01 8.932794992355678199e-01
8.468461304919834287e-01 8.650464599541244359e-01 8.771068199575846602e-01 8.927271845070983147e-01
8.463762668247336585e-01 8.644012573559198831e-01 8.764875112069679952e-01 8.921659629568947647e-01
8.487183564891787046e-01 8.658845621349225974e-01 8.778305470440610492e-01 8.931225597806866645e-01
8.485304110222786633e-01 8.658820374865694447e-01 8.777873394568085352e-01 8.932347171010530662e-01
8.487328138327863147e-01 8.662813654964122145e-01 8.776505154305094258e-01 8.930030007230531641e-01
8.487906432072171992e-01 8.663092621559526085e-01 8.783490380910888851e-01 8.934146575614032582e-01
8.489785886741171295e-01 8.663492060409307971e-01 8.787523089054438685e-01 8.936802800274462610e-01
8.486171550839247679e-01 8.656564549489794702e-01 8.783490380910888851e-01 8.934756257711993221e-01
8.484292096170249486e-01 8.658459246489940142e-01 8.784750602205746439e-01 8.935314343859992459e-01
8.474027382208791925e-01 8.657897743655138534e-01 8.777261287082012142e-01 8.931038085837779139e-01
8.482268068065175193e-01 8.664181989909167658e-01 8.784030475751541944e-01 8.934895693533337901e-01
8.489496739869015762e-01 8.664980068491974219e-01 8.794400296692099772e-01 8.943787643197238513e-01
8.489496739869015762e-01 8.667651075330256027e-01 8.783814437815280485e-01 8.936354384574420884e-01
8.472726221284102577e-01 8.656985134208440291e-01 8.771680307061919812e-01 8.927845691300715369e-01
8.471858780667640421e-01 8.648697523608446236e-01 8.764623067810706214e-01 8.921340296390338764e-01
8.481256054012634715e-01 8.654649556224200957e-01 8.772256408225285185e-01 8.924645051003077256e-01
8.481111480576558614e-01 8.656978375119234181e-01 8.773012541002200848e-01 8.926022784348874861e-01
8.482701788373404606e-01 8.658102964828798820e-01 8.786154848791447591e-01 8.935886104922355910e-01
8.488484725816478615e-01 8.660379971941895016e-01 8.797496840445182542e-01 8.944147976621634744e-01
8.493255649207015479e-01 8.660176807374115882e-01 8.798469011158359665e-01 8.947392956427612232e-01
8.488773872688633038e-01 8.653025016907551770e-01 8.791303752939017002e-01 8.942071408961694834e-01
8.502652922552010883e-01 8.663438403030878643e-01 8.793860201851445568e-01 8.941282950837894372e-01
8.503086642860241406e-01 8.668792385267660716e-01 8.790547620162099118e-01 8.940442904870707919e-01
8.503664936604549140e-01 8.673285809517687905e-01 8.795516492696116018e-01 8.943393581794568670e-01
8.490797900793709552e-01 8.665555032097941313e-01 8.791771835134249979e-01 8.943161015622737020e-01
8.494990530439936460e-01 8.668077487030774186e-01 8.791303752939017002e-01 8.942890927255400246e-01
8.486605271147478202e-01 8.665986625337988025e-01 8.790223563257707484e-01 8.941593580829948484e-01
8.481400627448713037e-01 8.658561311209311828e-01 8.783922456783410659e-01 8.936262204129425957e-01
8.481545200884788027e-01 8.658897394031732642e-01 8.773264585261173476e-01 8.928705126549574267e-01
8.492099061718398900e-01 8.664140817197727440e-01 8.776685185918647880e-01 8.930832896193536818e-01
8.499616880394396112e-01 8.673338473141187777e-01 8.783238336651917333e-01 8.935905371767344230e-01
8.494123089823477635e-01 8.669884950544211044e-01 8.783814437815280485e-01 8.937599224915783180e-01
8.489930460177247395e-01 8.667559230215801103e-01 8.789539443126213047e-01 8.940860513324991876e-01
8.475762263441715127e-01 8.658566431535599239e-01 8.791519790875277351e-01 8.941962566820194080e-01
8.481111480576559725e-01 8.662744788716324473e-01 8.798072941608546804e-01 8.946001028267740462e-01
8.482701788373403495e-01 8.663574054181167883e-01 8.798685049094621125e-01 8.943815413968201344e-01
8.493833942951323213e-01 8.669238854815296547e-01 8.795480486373407070e-01 8.942203574271261335e-01
8.505110670965316810e-01 8.674793273654188841e-01 8.786406893050421330e-01 8.937770894519757592e-01
8.502942069424164195e-01 8.674046250894219545e-01 8.781149969934720634e-01 8.933728888529987033e-01
8.493689369515246002e-01 8.667373508542560723e-01 8.778053426181637864e-01 8.931545033970316183e-01
8.488340152380401404e-01 8.661382044105850886e-01 8.778845565281263585e-01 8.933022393139584683e-01
8.486171550839249900e-01 8.659404017271343790e-01 8.785362709691821870e-01 8.937508484044649482e-01
8.484436669606325587e-01 8.658573143414902695e-01 8.789215386221820303e-01 8.941199369381720441e-01
8.482846361809480706e-01 8.659464696801548733e-01 8.792383942620323189e-01 8.941781025753350320e-01
8.485448683658863844e-01 8.658862521004017099e-01 8.796092593859481390e-01 8.945786148120362657e-01
8.500195174138702736e-01 8.667568661794445850e-01 8.797424827799761315e-01 8.945691256430310379e-01
8.498894013214011167e-01 8.665458464436383013e-01 8.795660517986958471e-01 8.943559255353316084e-01
8.501640908499473737e-01 8.671717804141116925e-01 8.791015702357333206e-01 8.940100589609079051e-01
8.495568824184244194e-01 8.666968946161865972e-01 8.793932214496866795e-01 8.943247245003738133e-01
8.495279677312090882e-01 8.670286911956105458e-01 8.793896208174155626e-01 8.943776889027775789e-01
8.505255244401392911e-01 8.676665057806720593e-01 8.791339759261727060e-01 8.941066310417087326e-01
8.509014153739392627e-01 8.679660384491932890e-01 8.791771835134248869e-01 8.938248737345141359e-01
8.504243230348855764e-01 8.675669696474209713e-01 8.787451076409017459e-01 8.935443534969865764e-01
8.502074628807703149e-01 8.675920918808865956e-01 8.785902804532474963e-01 8.933627540761992503e-01
8.487328138327863147e-01 8.666078796527355577e-01 8.786694943632101795e-01 8.933273395797889371e-01
8.488195578944325304e-01 8.662484740470681732e-01 8.794472309337519889e-01 8.939565286087399754e-01
8.491809914846246699e-01 8.664918982145477511e-01 8.791159727648174549e-01 8.937249978467650680e-01
8.494990530439937571e-01 8.668687181759113791e-01 8.786154848791447591e-01 8.933948257213428779e-01
8.495135103876013671e-01 8.668720008635140140e-01 8.779205628508366388e-01 8.929415470357123796e-01
8.491231621101938964e-01 8.666114268722568958e-01 8.785722772918924672e-01 8.933472980192089796e-01
8.488340152380402515e-01 8.661883066003464027e-01 8.785614753950794498e-01 8.933995065337084762e-01
8.490942474229785653e-01 8.665724306493057805e-01 8.795408473727986953e-01 8.941576260224547434e-01
8.491665341410170598e-01 8.669396975658283377e-01 8.789647462094343222e-01 8.935898357730915897e-01
8.491809914846246699e-01 8.666363406408233994e-01 8.784354532655933578e-01 8.936107883109464245e-01
8.502797495988085874e-01 8.669172263601669925e-01 8.789071360930977850e-01 8.941295640664085331e-01
8.502363775679857572e-01 8.668110324637106068e-01 8.792617983717941899e-01 8.944928446207563999e-01
8.494267663259552625e-01 8.668535474199871027e-01 8.794040233464996970e-01 8.945055881216755767e-01
8.493689369515244891e-01 8.669122449182364853e-01 8.798180960576676979e-01 8.946833254105068800e-01
8.490508753921555130e-01 8.665817536059980952e-01 8.798360992190227270e-01 8.946555524131845072e-01
8.491087047665862864e-01 8.666745992440050284e-01 8.789863500030604682e-01 8.941577179645527895e-01
8.488629299252554716e-01 8.667391156749113534e-01 8.784678589560328543e-01 8.937912793592258653e-01
8.499906027266550534e-01 8.680581863557066402e-01 8.778377483086030608e-01 8.934000320187071020e-01
8.504243230348855764e-01 8.681560447708266404e-01 8.786874975245653197e-01 8.939230925677218442e-01
8.490508753921552909e-01 8.664805571566248643e-01 8.789071360930980070e-01 8.940513788094393011e-01
8.498460292905782865e-01 8.674782864118342207e-01 8.784858621173877724e-01 8.937244640639048221e-01
8.497881999161474020e-01 8.674868117848901772e-01 8.790151550612287368e-01 8.940510916386259499e-01
8.485159536786710532e-01 8.670207640207050481e-01 8.786046829823316306e-01 8.936970586541742589e-01
8.481111480576559725e-01 8.662100663381723242e-01 8.782806260779392193e-01 8.935995149691922101e-01
8.494701383567783148e-01 8.672047317384050658e-01 8.792059885715932666e-01 8.941355581333150226e-01
8.504098656912777443e-01 8.682950779879822223e-01 8.799513194516956904e-01 8.947994385025812569e-01
8.499616880394396112e-01 8.677443612497682812e-01 8.792816018492847219e-01 8.942452968673811897e-01
8.485014963350634432e-01 8.666913660330125557e-01 8.786406893050420219e-01 8.936454009795815612e-01
8.470702193179024952e-01 8.654613033041663739e-01 8.789359411512660536e-01 8.937489895201824464e-01
8.470268472870794429e-01 8.652367541253296324e-01 8.790907683389203031e-01 8.940447046124073704e-01
8.491087047665862864e-01 8.662401152846461727e-01 8.799405175548826730e-01 8.946021680504199214e-01
8.507857566250778270e-01 8.678596499289721322e-01 8.800665396843686539e-01 8.948994568837236319e-01
8.509303300611544829e-01 8.688320431526999066e-01 8.785902804532476074e-01 8.941338731289170116e-01
8.511905622460929077e-01 8.692007376632251425e-01 8.790583626484811397e-01 8.945203986424917764e-01
8.499906027266550534e-01 8.678795850108751431e-01 8.779169622185656330e-01 8.938486144813846401e-01
8.496580838236782451e-01 8.674384733206699227e-01 8.780069780253412226e-01 8.938165923756967723e-01
8.503664936604546920e-01 8.678654297655601368e-01 8.784102488396962061e-01 8.940340230521939269e-01
8.505978111581777856e-01 8.685634770726269327e-01 8.794328284046677435e-01 8.945484005500580205e-01
8.502797495988088095e-01 8.678331488222302825e-01 8.808190718290132004e-01 8.953656560362972527e-01
8.497592852289319598e-01 8.672034260068786082e-01 8.809378926939570587e-01 8.952415221163546599e-01
8.488484725816478615e-01 8.666381714366240274e-01 8.796056587536772442e-01 8.943432916052846959e-01
8.499906027266549424e-01 8.679149575517977055e-01 8.798108947931255752e-01 8.945342042554705886e-01
8.499038586650088378e-01 8.676323785549476808e-01 8.795444480050695901e-01 8.945093279591588287e-01
8.499761453830474434e-01 8.671011734890408107e-01 8.794904385210042808e-01 8.945989531610232248e-01
8.494556810131707048e-01 8.667792401705445293e-01 8.786730949954811853e-01 8.938669873270896904e-01
8.484436669606325587e-01 8.658535083669611776e-01 8.788963341962848785e-01 8.940130432890341927e-01
8.488629299252554716e-01 8.667949842097828483e-01 8.786406893050417999e-01 8.942230825702415231e-01
8.496291691364628029e-01 8.673176214999700484e-01 8.792707999524715934e-01 8.948206040170829656e-01
8.496580838236781341e-01 8.671400578825297911e-01 8.782662235488553071e-01 8.942973169398233946e-01
8.503231216296316397e-01 8.675199409954186258e-01 8.789467430480791821e-01 8.943636828093458613e-01
8.506990125634317224e-01 8.678948002736889267e-01 8.795120423146303157e-01 8.944219534195056998e-01
8.522170336422385528e-01 8.693099817091611836e-01 8.795696524309669639e-01 8.943634572287904039e-01
8.519278867700847968e-01 8.690998534715574930e-01 8.787631108022568860e-01 8.938494325816900288e-01
8.513351356821696747e-01 8.681545843196655232e-01 8.781906102711636297e-01 8.935910258073838097e-01
8.504532377221010186e-01 8.673969770544246449e-01 8.774596819201451181e-01 8.933182967659176743e-01
8.499761453830473323e-01 8.672142994691210971e-01 8.782158146970608925e-01 8.937841800032311212e-01
8.502363775679857572e-01 8.670595128392795115e-01 8.796380644441164076e-01 8.946085390054945297e-01
8.510026167791928664e-01 8.677842801625480496e-01 8.804158010146581059e-01 8.951557222296520067e-01
8.502363775679856461e-01 8.671570087361595291e-01 8.798865080708171416e-01 8.948274614596755105e-01
8.505978111581777856e-01 8.673026431007647696e-01 8.792455955265744416e-01 8.944441014704418436e-01
8.508291286559008793e-01 8.675660064877501743e-01 8.779889748639860825e-01 8.936354034930833468e-01
8.513351356821697857e-01 8.680218065258613613e-01 8.782842267102103362e-01 8.940153387739387947e-01
8.510604461536237508e-01 8.680845920623067036e-01 8.793824195528734400e-01 8.946732255426466107e-01
8.507568419378623847e-01 8.678263670756842796e-01 8.792131898361351672e-01 8.945468240259522030e-01
8.512483916205235701e-01 8.688228613728082861e-01 8.788639285058458261e-01 8.942004670932092170e-01
8.509158727175468728e-01 8.682515998256128409e-01 8.786766956277520801e-01 8.941159002297751623e-01
8.491087047665861753e-01 8.662729767978345485e-01 8.780645881416776488e-01 8.934510502827759382e-01
8.496580838236782451e-01 8.665133847408564849e-01 8.786370886727709051e-01 8.937206301223379334e-01
8.504532377221007966e-01 8.674422973636894962e-01 8.787919158604250436e-01 8.939905441515627604e-01
8.509737020919776462e-01 8.679145724662695738e-01 8.788351234476774465e-01 8.942398016196202448e-01
8.520869175497691739e-01 8.685079268246043149e-01 8.786910981568363255e-01 8.942099867410383540e-01
8.518700573956541344e-01 8.683590442592843406e-01 8.788387240799484523e-01 8.942085577587490786e-01
8.524194364527463152e-01 8.684692700936265108e-01 8.796956745604527228e-01 8.948674661472540981e-01
8.517543986467925876e-01 8.680146341026442336e-01 8.792383942620325410e-01 8.943728784436695278e-01
8.501207188191242103e-01 8.676514146144449491e-01 8.793356113333501423e-01 8.944867361673670692e-01
8.511327328716620233e-01 8.682763019646793090e-01 8.798793068062750189e-01 8.949758513520699177e-01
8.517977706776156399e-01 8.689586791570140800e-01 8.797892909994994293e-01 8.949748195996714006e-01
8.518556000520465243e-01 8.686350093927347471e-01 8.794004227142285801e-01 8.945338711850419067e-01
8.504966097529240709e-01 8.674914043694221810e-01 8.787883152281540378e-01 8.940487205480738275e-01
8.507134699070394435e-01 8.682191609508886909e-01 8.785398716014531928e-01 8.940203457552248212e-01
8.511761049024850756e-01 8.688370149224615702e-01 8.779025596894816097e-01 8.937393743548580627e-01
8.511905622460929077e-01 8.684537601316303368e-01 8.782626229165841902e-01 8.941446775493471222e-01
8.509158727175469838e-01 8.682535897000931424e-01 8.791519790875277351e-01 8.947817873579633208e-01
8.502074628807703149e-01 8.677495852547083555e-01 8.792275923652194125e-01 8.947812079618866488e-01
8.494845957003860359e-01 8.670705713015294247e-01 8.793752182883314283e-01 8.948200860228465725e-01
8.491376194538016176e-01 8.668532569501680163e-01 8.781906102711637407e-01 8.941542495259545698e-01
8.503520363168471929e-01 8.672141145717915389e-01 8.789467430480791821e-01 8.945102917928251518e-01
8.513062209949543435e-01 8.676558867264447805e-01 8.801061466393498289e-01 8.951197244764160788e-01
8.526362966068614657e-01 8.688119233056421642e-01 8.805742288345832502e-01 8.955916660746073843e-01
8.529254434790149997e-01 8.691095111505953152e-01 8.805814300991253729e-01 8.957955757606181901e-01
8.524049791091384831e-01 8.684348712301146467e-01 8.803041814142562593e-01 8.956145726234598925e-01
8.518989720828695766e-01 8.683420747113446136e-01 8.798180960576675869e-01 8.952411447198341810e-01
8.510026167791930884e-01 8.678505507295384280e-01 8.803617915305926855e-01 8.956238196484535008e-01
8.511761049024851866e-01 8.677719926065528000e-01 8.804338041760132461e-01 8.955319647471009503e-01
8.512483916205235701e-01 8.676342924039753823e-01 8.814707862700691399e-01 8.961173485855858933e-01
8.509158727175468728e-01 8.676874066884709968e-01 8.814491824764427719e-01 8.961489076762728656e-01
8.502942069424164195e-01 8.668336074649820588e-01 8.805310212473309583e-01 8.953530356535241985e-01
8.480244039960098679e-01 8.653498707542677248e-01 8.792311929974904183e-01 8.944927931140460586e-01
8.475762263441715127e-01 8.654084716813031930e-01 8.789611455771633164e-01 8.944020966070941325e-01
8.476195983749945650e-01 8.656466314678362695e-01 8.790691645452942682e-01 8.945119447625661246e-01
8.482268068065174083e-01 8.659800506254837771e-01 8.792311929974903073e-01 8.946987057760018569e-01
8.499472306958320011e-01 8.671768426480559455e-01 8.795228442114435552e-01 8.948997514746879212e-01
8.508146713122930471e-01 8.673884323034763977e-01 8.803725934274058140e-01 8.952900964128183148e-01
8.518411427084386922e-01 8.684879608192253020e-01 8.799189137612564160e-01 8.951751227008672984e-01
8.517833133340081408e-01 8.685282786675334599e-01 8.791735828811539921e-01 8.949256233940171557e-01
8.513495930257775068e-01 8.685896048100700817e-01 8.794364290369389714e-01 8.952771443627089987e-01
8.508435859995084893e-01 8.683728461022709455e-01 8.799945270389480934e-01 8.955844426445636053e-01
8.504966097529239599e-01 8.674256776409181580e-01 8.800485365230135137e-01 8.955955807355060472e-01
8.502797495988085874e-01 8.673705551907647804e-01 8.793572151269762882e-01 8.948610676688346643e-01
8.501930055371625938e-01 8.674555180705554314e-01 8.788639285058456041e-01 8.945150218121576957e-01
8.510604461536237508e-01 8.679508321930231585e-01 8.795444480050698122e-01 8.949474444653473526e-01
8.520290881753387335e-01 8.685389130152809667e-01 8.797856903672285345e-01 8.951367163282035744e-01
8.521592042678078904e-01 8.685646679791723113e-01 8.801097472716209458e-01 8.953245566909145969e-01
8.514507944310312215e-01 8.682211065745653045e-01 8.798829074385461357e-01 8.950683082927484158e-01
8.511616475588776876e-01 8.677841677277124965e-01 8.802033637106676522e-01 8.954158427437176604e-01
8.516531972415388729e-01 8.683309017030685917e-01 8.798649042771908846e-01 8.953334579707861174e-01
8.516965692723619252e-01 8.685082503733811965e-01 8.790511613839390170e-01 8.947563141619925275e-01
8.518266853648310821e-01 8.687807319999194533e-01 8.785866798209767126e-01 8.945903158919691345e-01
8.516242825543235417e-01 8.686805702829647480e-01 8.801133479038920626e-01 8.957494714919598255e-01
