8.889386864057597926e-01 9.102270764513771262e-01 8.461845900140063659e-01 8.744237258204482499e-01
8.909193424800126992e-01 9.119040989385992502e-01 8.479236954009123917e-01 8.757164593574977562e-01
8.923217048099580939e-01 9.129123419206603973e-01 8.500696722344444067e-01 8.776710279233947976e-01
8.935794937038268326e-01 9.137950690560188161e-01 8.526927328438874687e-01 8.798087760858540607e-01
8.948228252540878502e-01 9.145309526551780310e-01 8.545344562505176045e-01 8.813611007452689661e-01
8.959938700863104843e-01 9.152508654414865941e-01 8.568676659621430325e-01 8.833310370174677351e-01
8.961239861787796412e-01 9.152442133598164276e-01 8.585671643940676612e-01 8.847654820529898823e-01
8.979022394425248965e-01 9.162331657862264889e-01 8.602594615614500562e-01 8.860360907033756339e-01
8.992901444288625701e-01 9.172408230432451681e-01 8.618581422897861888e-01 8.871646217002351342e-01
9.005913053535542501e-01 9.182720468133469538e-01 8.629023256483838722e-01 8.881131089717340110e-01
9.020659544015381393e-01 9.194752156680071620e-01 8.642057545304956401e-01 8.892220178809759901e-01
9.033960300134451504e-01 9.202419645266292081e-01 8.653363530635980183e-01 8.900462603717438359e-01
9.036273475111682441e-01 9.205107111036555656e-01 8.658512434783547373e-01 8.905383529226815753e-01
9.044080440659834075e-01 9.213398132424397424e-01 8.672086818445319256e-01 8.918311815709164536e-01
9.057381196778903076e-01 9.225717811989437855e-01 8.690125986123162782e-01 8.932772071188068708e-01
9.064031574838439242e-01 9.237385911034411423e-01 8.699919705900356348e-01 8.941152830820472408e-01
9.065477309199208023e-01 9.243181934691135915e-01 8.707228989410540354e-01 8.947132594058971877e-01
9.064899015454901399e-01 9.244038524036378712e-01 8.718967050614088166e-01 8.956048401306420104e-01
9.055501742109905994e-01 9.235086846037566799e-01 8.728004637614366068e-01 8.962560544092204040e-01
9.053766860876982792e-01 9.233976860225616701e-01 8.730813130785766152e-01 8.966452920493533929e-01
9.066923043559975692e-01 9.244885163173909293e-01 8.742695217280154196e-01 8.974652145321204699e-01
9.086151310558198135e-01 9.258905666811209079e-01 8.753569126738656170e-01 8.982874017829768354e-01
9.094391996414580293e-01 9.266278267471923513e-01 8.757997904432019975e-01 8.987514889049577071e-01
9.091500527693042732e-01 9.264478681004884031e-01 8.758790043531643477e-01 8.984965129624462588e-01
9.091066807384811099e-01 9.261014596196157633e-01 8.762858757997904480e-01 8.984142601197225853e-01
9.092367968309502668e-01 9.261652037646632696e-01 8.775028895073975210e-01 8.989746352163376919e-01
9.091789674565194934e-01 9.260690610155803970e-01 8.786730949954812964e-01 8.997769024976076668e-01
9.091645101129117723e-01 9.260287943602006910e-01 8.797028758249948455e-01 9.004543673478229149e-01
9.102198961962729706e-01 9.270561335014136928e-01 8.822521234728818440e-01 9.024553170990383677e-01
9.099162919805114935e-01 9.271163756430826908e-01 8.838760086271149063e-01 9.038987276860861453e-01
9.096705171391810119e-01 9.272079128006471826e-01 8.847401603721614105e-01 9.042621207502864467e-01
9.099162919805114935e-01 9.272540644201070492e-01 8.856547209690019962e-01 9.050068673581703749e-01
9.096994318263961210e-01 9.273690951352793199e-01 8.860579917833570907e-01 9.053144720806535206e-01
9.103500122887421275e-01 9.280131164529737964e-01 8.864612625977121851e-01 9.055228970631328256e-01
9.114921424337490974e-01 9.288717095786983569e-01 8.873110118136744440e-01 9.058937364781655122e-01
9.119981494600182259e-01 9.292730478590558452e-01 8.876548721955574983e-01 9.059263884312208637e-01
9.123740403938179755e-01 9.294149134779834398e-01 8.876422699826089779e-01 9.057814762818845455e-01
9.120993508652719406e-01 9.288534909073036250e-01 8.873326156073005899e-01 9.054047840982022421e-01
9.124896991426795223e-01 9.286633873143068652e-01 8.872678042264221521e-01 9.052232365485817223e-01
9.119547774291951736e-01 9.280043448872286049e-01 8.862668284550767606e-01 9.042730411673018942e-01
9.113909410284953827e-01 9.273526559456014562e-01 8.854134786068432739e-01 9.033678155676272414e-01
9.111307088435571799e-01 9.274680166642954582e-01 8.855863089558526635e-01 9.036665458197872258e-01
9.100030360421575981e-01 9.269804826808052400e-01 8.853810729164039994e-01 9.035408798230861738e-01
9.098006332316501688e-01 9.273125529222775443e-01 8.853342646968808127e-01 9.034536903710892464e-01
9.099307493241192146e-01 9.277345327823733889e-01 8.855214975749741146e-01 9.034008083074241968e-01
9.087163324610737503e-01 9.268107775968063011e-01 8.855286988395163483e-01 9.036012126598557126e-01
9.086295883994276457e-01 9.266474924732862606e-01 8.862272215000954745e-01 9.040651182123260465e-01
9.074007141927743492e-01 9.256671239133772433e-01 8.865008695526934712e-01 9.043725062995340291e-01
9.067790484176436738e-01 9.250931058902117643e-01 8.868897378379643204e-01 9.048168077711383761e-01
9.058971504575750178e-01 9.241604173250187459e-01 8.874514364722445592e-01 9.053712564319369438e-01
9.059694371756132902e-01 9.235994963842258931e-01 8.876890782021322757e-01 9.054290867630159223e-01
9.059983518628287325e-01 9.236796384700881601e-01 8.876098642921697035e-01 9.053399718516683681e-01
9.042490132862988084e-01 9.225836187331901694e-01 8.861588094869458088e-01 9.042495281953927266e-01
9.041622692246525927e-01 9.226587085022663892e-01 8.851650349801425399e-01 9.036759838081966922e-01
9.039598664141449413e-01 9.229666535930776128e-01 8.842468737510306154e-01 9.030105759034833257e-01
9.032948286081914357e-01 9.228069026219127835e-01 8.836599706908534468e-01 9.027819532017651305e-01
9.037574636036376230e-01 9.231855500199768194e-01 8.833395144187319303e-01 9.025451786452948211e-01
9.031213404848992266e-01 9.227309938952801271e-01 8.837787915557973051e-01 9.028730374198831177e-01
9.023406439300842852e-01 9.222886818616714555e-01 8.843908990418717364e-01 9.034892420359559306e-01
9.025719614278072678e-01 9.221998780084037506e-01 8.845205218036287231e-01 9.039406169464706542e-01
9.028177362691379715e-01 9.225090114949761055e-01 8.841784617378811717e-01 9.038892360753112420e-01
9.011406844106463199e-01 9.215168982576333878e-01 8.838652067303018889e-01 9.038183487025719387e-01
9.007937081640620125e-01 9.212022557268446654e-01 8.838075966139653517e-01 9.036244323243770582e-01
9.011695990978617621e-01 9.211706230369117732e-01 8.834511340191338880e-01 9.030695654796120353e-01
9.024418453353382219e-01 9.217612927233466147e-01 8.840848452988344652e-01 9.033435081580021286e-01
9.043935867223755753e-01 9.234940913512837968e-01 8.844845154809183319e-01 9.036788682968073250e-01
9.051887406207982378e-01 9.245811413490135910e-01 8.851578337156005283e-01 9.041683392283734744e-01
9.052176553080136800e-01 9.249011479622648579e-01 8.853342646968807017e-01 9.042871672129334515e-01
9.061429252989056105e-01 9.250787336725718735e-01 8.856223152785628328e-01 9.045476937531999884e-01
9.050007951538984186e-01 9.243288390455395298e-01 8.846249401394884471e-01 9.036853111960030382e-01
9.056802903034596453e-01 9.243215944677022344e-01 8.832314954506013116e-01 9.023633336630578761e-01
9.046971909381369414e-01 9.232854083792861877e-01 8.824609601446014029e-01 9.019651069741401184e-01
9.034394020442684248e-01 9.225883773891458972e-01 8.828390265330592346e-01 9.022548099222438278e-01
9.017189781549538319e-01 9.216164504483724818e-01 8.826211882806620501e-01 9.022262502924391914e-01
9.004611892610852042e-01 9.211052634953865725e-01 8.828462277976012462e-01 9.026061919707741854e-01
9.003599878558313785e-01 9.213880718480871312e-01 8.829074385462086783e-01 9.028736972508897285e-01
8.991889430236088554e-01 9.207355979625956310e-01 8.828462277976011352e-01 9.028516568196010006e-01
9.002443291069699427e-01 9.213213449481333361e-01 8.835807567808906526e-01 9.033488997098785278e-01
9.020225823707153090e-01 9.222915605028786379e-01 8.841064490924606112e-01 9.038135153166333424e-01
9.028755656435686339e-01 9.226364903879236135e-01 8.842504743833017322e-01 9.037970043678539289e-01
9.032080845465453312e-01 9.227215602836568165e-01 8.842216693251334636e-01 9.037294141723253293e-01
9.030345964232531220e-01 9.224875322516078446e-01 8.837895934526103225e-01 9.034498726858117834e-01
9.027888215819226403e-01 9.220069285186802688e-01 8.831234764824703598e-01 9.029456682537668755e-01
9.029478523616070174e-01 9.222206000841515205e-01 8.825473753191059867e-01 9.024318645660197591e-01
9.020514970579306402e-01 9.218329168830318165e-01 8.830298600434236533e-01 9.027767672042628089e-01
9.015744047188769539e-01 9.217759205409925549e-01 8.837103795426477504e-01 9.034660082135315129e-01
9.026587054894534834e-01 9.229494960655512115e-01 8.833971245350684676e-01 9.031289302006068054e-01
9.029478523616072394e-01 9.233703726878866869e-01 8.827850170489939252e-01 9.023900859252766971e-01
9.026442481458457623e-01 9.230693038158337416e-01 8.825005670995826890e-01 9.020882928148387103e-01
9.024852173661612742e-01 9.229515457082188012e-01 8.826625955517788391e-01 9.021368942678841263e-01
9.039743237577526624e-01 9.237521341287853183e-01 8.836995776458347329e-01 9.029495210388625015e-01
9.049574231230752552e-01 9.241457454987472842e-01 8.842900813382830183e-01 9.036952223724326050e-01
9.047983923433908782e-01 9.237282870458936035e-01 8.838940117884701575e-01 9.037260128943136461e-01
9.045381601584524534e-01 9.234525678626283041e-01 8.835591529872645067e-01 9.034571967517295299e-01
9.044369587531987387e-01 9.235907404537586629e-01 8.833359137864609245e-01 9.032553723647879229e-01
9.038297503216760065e-01 9.235215240571413853e-01 8.835987599422456817e-01 9.036819043226362869e-01
9.024563026789457210e-01 9.223148558856169021e-01 8.842468737510307264e-01 9.041953560458453332e-01
9.035695181367374706e-01 9.233801847266288609e-01 8.841100497247316170e-01 9.041187986103298435e-01
9.036128901675606340e-01 9.233636662803157424e-01 8.839804269629747413e-01 9.041158764394200409e-01
9.033382006390144880e-01 9.229553712120456277e-01 8.835159454000123258e-01 9.036865175461805677e-01
9.028900229871763550e-01 9.226231578215489115e-01 8.839912288597877588e-01 9.041034332961337405e-01
9.031357978285070587e-01 9.227870878923539744e-01 8.843440908223483277e-01 9.043999803336669752e-01
9.019502956526768145e-01 9.217673876153720247e-01 8.841208516215446345e-01 9.038350544120195007e-01
9.017045208113461108e-01 9.216762015622929072e-01 8.845421255972549801e-01 9.041024072769058284e-01
9.018346369038153787e-01 9.217266763971259103e-01 8.849165913534416950e-01 9.047190022706623758e-01
9.018635515910307099e-01 9.219752198662203302e-01 8.849670002052359985e-01 9.051068053235518107e-01
9.020514970579305292e-01 9.222199163964088786e-01 8.848121730175818600e-01 9.050746582517739114e-01
9.031213404848992266e-01 9.227686057854875834e-01 8.838364016721336203e-01 9.038904674728499566e-01
9.032659139209763266e-01 9.226284706284406667e-01 8.832891055669376268e-01 9.032914102016762481e-01
9.034972314186990872e-01 9.229189755866972211e-01 8.833755207414420996e-01 9.034411557550431349e-01
9.036562621983835752e-01 9.224915043243997470e-01 8.827382088294704054e-01 9.027892401238404307e-01
9.028321936127458036e-01 9.220631618477008740e-01 8.827310075649283938e-01 9.027994462990407420e-01
9.024273879917303898e-01 9.218310952622253973e-01 8.827886176812648200e-01 9.026878457261016120e-01
9.024129306481227797e-01 9.222755121309568205e-01 8.829938537207133731e-01 9.028734708958044974e-01
9.018346369038152677e-01 9.221021512302568501e-01 8.840056313888718931e-01 9.036657769237715909e-01
9.016900634677383897e-01 9.221680821482978185e-01 8.843368895578063160e-01 9.036586960182098061e-01
9.024273879917303898e-01 9.223403091205066850e-01 8.841532573119839089e-01 9.034328267584801342e-01
9.025864187714148779e-01 9.221328321815361884e-01 8.829362436043770579e-01 9.026821529072901473e-01
9.028900229871763550e-01 9.226486626861605256e-01 8.824285544541621285e-01 9.026489547361481458e-01
9.025430467405919366e-01 9.224049170247670126e-01 8.830190581466106359e-01 9.032284990112992018e-01
9.019647529962844246e-01 9.220508130992777218e-01 8.834043257996104792e-01 9.032100654224315406e-01
9.015744047188769539e-01 9.221076229395361867e-01 8.832278948183300837e-01 9.028704633585180606e-01
9.020948690887535815e-01 9.223159959472913005e-01 8.825977841709005123e-01 9.021303290482551862e-01
9.033237432954068780e-01 9.232330899680751823e-01 8.829506461334609702e-01 9.027134151532079098e-01
9.033092859517991569e-01 9.227387912236578726e-01 8.835447504581803724e-01 9.034086544949421205e-01
9.039020370397145010e-01 9.234257020434120111e-01 8.834835397095730514e-01 9.032991299156822862e-01
9.036273475111682441e-01 9.231514594088420234e-01 8.831630834374515349e-01 9.031169851270227644e-01
9.041333545374373726e-01 9.229965979889381833e-01 8.829218410752928126e-01 9.029109897397921136e-01
9.037285489164220698e-01 9.227129991321133540e-01 8.833683194769000879e-01 9.032955968825815418e-01
9.034683167314837560e-01 9.230030368425115039e-01 8.844629116872922969e-01 9.040900820641335489e-01
9.041478118810449827e-01 9.235471638022390017e-01 8.851110254960770085e-01 9.046043255685433104e-01
9.045092454712371222e-01 9.241985717021227176e-01 8.851110254960772306e-01 9.046229744813130136e-01
9.050297098411138608e-01 9.248725285947515529e-01 8.846033363458623011e-01 9.043374851737389086e-01
9.046827335945293314e-01 9.240337655608593659e-01 8.842468737510307264e-01 9.041302125556858194e-01
9.047839349997832681e-01 9.240851783390860996e-01 8.841100497247318390e-01 9.039181007056706907e-01
9.041188971938295404e-01 9.237718580092365572e-01 8.838544048334887604e-01 9.036335334698454291e-01
9.027165348638841458e-01 9.228960586806350674e-01 8.837535871299000423e-01 9.034927564553510981e-01
9.028032789255301394e-01 9.228692351519091064e-01 8.839588231693484843e-01 9.034426923822362898e-01
9.026731628330612045e-01 9.222541643226953578e-01 8.840704427697504419e-01 9.031993719577151580e-01
9.021237837759689127e-01 9.219690889019850344e-01 8.842324712219464811e-01 9.031778306591062844e-01
9.025575040841995467e-01 9.226516966495844629e-01 8.838940117884700465e-01 9.032540346244959384e-01
9.026587054894533724e-01 9.230835248298554507e-01 8.844521097904791684e-01 9.040865897994915246e-01
9.033237432954067669e-01 9.232268682455156972e-01 8.843188863964512869e-01 9.043446145148428261e-01
9.028900229871763550e-01 9.223302635734466071e-01 8.839156155820961924e-01 9.040807420727783317e-01
9.028755656435687449e-01 9.223793028403157734e-01 8.838508042012177546e-01 9.039018648359706809e-01
9.039020370397143900e-01 9.231661991178988780e-01 8.838868105239280348e-01 9.037443556526053579e-01
9.045237028148448433e-01 9.238420719494142563e-01 8.842036661637784345e-01 9.037538105289061319e-01
9.047116482817446625e-01 9.241137133135791659e-01 8.844161034677688882e-01 9.039805301662476866e-01
9.042923853171217496e-01 9.237185112749914939e-01 8.841784617378811717e-01 9.036327863653056403e-01
9.039598664141450524e-01 9.236440669965271244e-01 8.831846872310777918e-01 9.030063980861853246e-01
9.031791698593301110e-01 9.232418090910622377e-01 8.830226587788815307e-01 9.028611318769366179e-01
9.022828145556535118e-01 9.226221668599888792e-01 8.830838695274889627e-01 9.027453739727581139e-01
9.025864187714149889e-01 9.221823860584467125e-01 8.830082562497973964e-01 9.025082568993573195e-01
9.024129306481226687e-01 9.221900849748179141e-01 8.832062910247040488e-01 9.024896498783313570e-01
9.027020775202764247e-01 9.228369056860835640e-01 8.835267472968253433e-01 9.029255431739151572e-01
9.033815726698375403e-01 9.232029553120635335e-01 8.840380370793111675e-01 9.033444210103551697e-01
9.029333950179994073e-01 9.226494889694761836e-01 8.839012130530121691e-01 9.035098019974132644e-01
9.025430467405919366e-01 9.226444510655684716e-01 8.844413078936660400e-01 9.042264951552890784e-01
9.023551012736918953e-01 9.227326302468628061e-01 8.843440908223484387e-01 9.043544853860069344e-01
9.022683572120457907e-01 9.225267163832902018e-01 8.841280528860867571e-01 9.041660837341225498e-01
9.033237432954068780e-01 9.227784766212085987e-01 8.842972826028250299e-01 9.040490280925361777e-01
9.045092454712370111e-01 9.236008263765571602e-01 8.843548927191615672e-01 9.036342232246757922e-01
9.047261056253523837e-01 9.236157754776851414e-01 8.843836977773298358e-01 9.037902948870765174e-01
9.035695181367375817e-01 9.229802338977485254e-01 8.848517799725630351e-01 9.044834502307820268e-01
9.027888215819225293e-01 9.229335001367602320e-01 8.846357420363015756e-01 9.045862028063053062e-01
9.033237432954068780e-01 9.234786958680620828e-01 8.845241224358998400e-01 9.045169750748341952e-01
9.025285893969843265e-01 9.226885797155812696e-01 8.844341066291239173e-01 9.043531982677901482e-01
9.031068831412916165e-01 9.228888496893375981e-01 8.848265755466659943e-01 9.045343743558865723e-01
9.036562621983837973e-01 9.230356682794393919e-01 8.853558684905071807e-01 9.048691772733143956e-01
9.033092859517992679e-01 9.229875342138613714e-01 8.846249401394884471e-01 9.040844163075403284e-01
9.039164943833220001e-01 9.237064466035624921e-01 8.846897515203669959e-01 9.038838859220323929e-01
9.038297503216758955e-01 9.237058055831462999e-01 8.851074248638060027e-01 9.042635125503604154e-01
9.030635111104684531e-01 9.233256381810560631e-01 8.845133205390867115e-01 9.038268670716449460e-01
9.034104873570529826e-01 9.232715345154685060e-01 8.839552225370774785e-01 9.036546003002883243e-01
9.036418048547759652e-01 9.235866653740404386e-01 8.849597989406940979e-01 9.044386826338166596e-01
9.029623097052148495e-01 9.229486582610528789e-01 8.857303342466937846e-01 9.051113427708623593e-01
9.035406034495222505e-01 9.231836917846839574e-01 8.850858210701799678e-01 9.043312911318130976e-01
9.036996342292068496e-01 9.232497482424455448e-01 8.851362299219742713e-01 9.045207575240901132e-01
9.036562621983836863e-01 9.234518939030348372e-01 8.847725660626006849e-01 9.043509868381581773e-01
9.030490537668608431e-01 9.227892011582362608e-01 8.835159454000123258e-01 9.032370809926384414e-01
9.017045208113461108e-01 9.216558442418539832e-01 8.832314954506010896e-01 9.030048092016391692e-01
9.018924662782460411e-01 9.218219185625340373e-01 8.833791213737131054e-01 9.031195557245520478e-01
9.033092859517992679e-01 9.230389440192915407e-01 8.846501445653855988e-01 9.043171641400580274e-01
9.035839754803453028e-01 9.233424308991879936e-01 8.848661825016472804e-01 9.043145902021624272e-01
9.047983923433908782e-01 9.241167919551053211e-01 8.843152857641802811e-01 9.038765766970592308e-01
9.045670748456677845e-01 9.240014430894025743e-01 8.841640592087971484e-01 9.039448615511858076e-01
9.050730818719368020e-01 9.243838518910864055e-01 8.845601287586100092e-01 9.042740386112073647e-01
9.041333545374372616e-01 9.237758295530582586e-01 8.849057894566285665e-01 9.047680140730924858e-01
9.044947881276295121e-01 9.239502626907137861e-01 8.851290286574322597e-01 9.048953977298941354e-01
9.048851364050369828e-01 9.239061313666019348e-01 8.850678179088247166e-01 9.046155742355669327e-01
9.052610273388368434e-01 9.242686003367618364e-01 8.857231329821516619e-01 9.050024764420934176e-01
9.050875392155445232e-01 9.244709910024152544e-01 8.857159317176094282e-01 9.050906457094607394e-01
9.039020370397143900e-01 9.237936642523276731e-01 8.856511203367311014e-01 9.051032916155744568e-01
9.039598664141452744e-01 9.241525244860463451e-01 8.849778021020492380e-01 9.046841262949608664e-01
9.042056412554757561e-01 9.244084523512980933e-01 8.847365597398904047e-01 9.046240754470886714e-01
9.040610678193987670e-01 9.239990312742636380e-01 8.843296882932641934e-01 9.039905676568311677e-01
9.045092454712371222e-01 9.238553137978678942e-01 8.840236345502269222e-01 9.039326038395011365e-01
9.037430062600299019e-01 9.234252295498329710e-01 8.842756788091989950e-01 9.040067736420640543e-01
9.025575040841996577e-01 9.228168041793448628e-01 8.843476914546194445e-01 9.038510503162439091e-01
9.021237837759690237e-01 9.226490476965079068e-01 8.851398305542452771e-01 9.042938020969182311e-01
9.031068831412916165e-01 9.232090503651744218e-01 8.851362299219742713e-01 9.042618743116832558e-01
9.038297503216758955e-01 9.234036343171537764e-01 8.856655228658153467e-01 9.050822643104885490e-01
9.050007951538983075e-01 9.240582893113088447e-01 8.859679759765815010e-01 9.058904060933863356e-01
9.046827335945294424e-01 9.238864753345792380e-01 8.850750191733667283e-01 9.054275440475674230e-01
9.039454090705374423e-01 9.236083059118047611e-01 8.848373774434790118e-01 9.049849659934690038e-01
9.029912243924300697e-01 9.233768567101430236e-01 8.847977704884977257e-01 9.047632488754286939e-01
9.023840159609073375e-01 9.227117130424484781e-01 8.847149559462641477e-01 9.044911191763466141e-01
9.012852578467233089e-01 9.218801814560326768e-01 8.844053015709558707e-01 9.040009570862498345e-01
9.026731628330608714e-01 9.227165595691773081e-01 8.845637293908810150e-01 9.040778801262849829e-01
9.032948286081914357e-01 9.231143860890570485e-01 8.848229749143949885e-01 9.042017329902236611e-01
9.033237432954068780e-01 9.233939517518344742e-01 8.853234628000676842e-01 9.048440740109122693e-01
9.032080845465455532e-01 9.231068077477068146e-01 8.848193742821239827e-01 9.044444591103653064e-01
9.031936272029378321e-01 9.231566823749881578e-01 8.839120149498251866e-01 9.036418930192127164e-01
9.022249851812228494e-01 9.222769000601180878e-01 8.839768263307036245e-01 9.036353130824765767e-01
9.019213809654613723e-01 9.221918719340621573e-01 8.842108674283204461e-01 9.038610192163253343e-01
9.034249447006607037e-01 9.234244036107115416e-01 8.849417957793388467e-01 9.044768499940674111e-01
9.034683167314838670e-01 9.233746607396715600e-01 8.850030065279461677e-01 9.045725188680688866e-01
9.033092859517992679e-01 9.232571527226397512e-01 8.850606166442825939e-01 9.045996519259462687e-01
9.023406439300842852e-01 9.222820126938375829e-01 8.848409780757500176e-01 9.043677675329049315e-01
9.020081250271074769e-01 9.223122880261181988e-01 8.844557104227502853e-01 9.042846977840066636e-01
9.021093264323614136e-01 9.224764056208875074e-01 8.846501445653857099e-01 9.042798102575424490e-01
9.024273879917303898e-01 9.225795822317814920e-01 8.851614343478715341e-01 9.047695514284299634e-01
9.029767670488224596e-01 9.232099753847485823e-01 8.852874564773575150e-01 9.046556257885881580e-01
9.032659139209759935e-01 9.230532787695074903e-01 8.849742014697781212e-01 9.040177323624409844e-01
9.032225418901531633e-01 9.230560370142493198e-01 8.845529274940679976e-01 9.037135328162534398e-01
9.031357978285070587e-01 9.230163948390925910e-01 8.849633995729649927e-01 9.040100454485372472e-01
9.037863782908528432e-01 9.236108982200582629e-01 8.855142963104322140e-01 9.046092786209867231e-01
9.030924257976837843e-01 9.230482448549373053e-01 8.863244385714130757e-01 9.052852332205008068e-01
9.030490537668608431e-01 9.227374781670514281e-01 8.857447367757776968e-01 9.048302393324373361e-01
9.034104873570532046e-01 9.230242532538726064e-01 8.854782899877219338e-01 9.044491640592394743e-01
9.033237432954069890e-01 9.230803608718272102e-01 8.851794375092266742e-01 9.044941396567054426e-01
9.034827740750914771e-01 9.235579820077677304e-01 8.852154438319370655e-01 9.044522627819973071e-01
9.043068426607294708e-01 9.242412916013371671e-01 8.860291867251889331e-01 9.051659788909047766e-01
9.045815321892755057e-01 9.244723470522816511e-01 8.866196904176373295e-01 9.057275954944604690e-01
9.050586245283291920e-01 9.244501985304325320e-01 8.870157599674503013e-01 9.059517735007296402e-01
9.046682762509216102e-01 9.243194323634258414e-01 8.869545492188428693e-01 9.059249857766240588e-01
9.037140915728142376e-01 9.232725473272096472e-01 8.864684638622541968e-01 9.053754261782137602e-01
9.026587054894532614e-01 9.226481778951245438e-01 8.861444069578617855e-01 9.050847773640360305e-01
9.039164943833220001e-01 9.237497623309480765e-01 8.866484954758053760e-01 9.055437662478849070e-01
9.041622692246527038e-01 9.241241610110476623e-01 8.867169074889549307e-01 9.058469388592478300e-01
9.037430062600297909e-01 9.238512513455071629e-01 8.862308221323664803e-01 9.055624569084517184e-01
9.033092859517991569e-01 9.232654810337480589e-01 8.862956335132449182e-01 9.055534830849285566e-01
9.039887811013604946e-01 9.236219947675128328e-01 8.863568442618523502e-01 9.056035562721247434e-01
9.034827740750913661e-01 9.230461912378926659e-01 8.852442488901051121e-01 9.047303648771529705e-01
9.033382006390145991e-01 9.230363402276613449e-01 8.851758368769555574e-01 9.046545370191804158e-01
9.031068831412916165e-01 9.229897617664345466e-01 8.856583216012732240e-01 9.050820615148489345e-01
9.028466509563533027e-01 9.228690279760526360e-01 8.860363879897310557e-01 9.053977283406552390e-01
9.036851768855991285e-01 9.233318697353761761e-01 8.853774722841331046e-01 9.047505903196497723e-01
9.038152929780681744e-01 9.236558699920340842e-01 8.855719064267684182e-01 9.050766432865826605e-01
9.034394020442684248e-01 9.233777951325243816e-01 8.855070950458900914e-01 9.049426364029591330e-01
9.034394020442683138e-01 9.231015265295077210e-01 8.862992341455160350e-01 9.055402852507397071e-01
9.029044803307839651e-01 9.227367981607171865e-01 8.863604448941234670e-01 9.055868843875364282e-01
9.028032789255302504e-01 9.231468040582929691e-01 8.862380233969084919e-01 9.055608488332812511e-01
9.031936272029377211e-01 9.237053178943660514e-01 8.853918748132170169e-01 9.047619310149757066e-01
9.034827740750914771e-01 9.236370961058746332e-01 8.854530855618246710e-01 9.046153508697147849e-01
9.027165348638841458e-01 9.225791797799812732e-01 8.856007114849367978e-01 9.048660906462271392e-01
9.031068831412916165e-01 9.228519659092666583e-01 8.858383532148245143e-01 9.048543250692973050e-01
9.031213404848993376e-01 9.230590428315602614e-01 8.865764828303850376e-01 9.055323502578815908e-01
9.031357978285070587e-01 9.232814972912143370e-01 8.871057757742258909e-01 9.059344733665897209e-01
9.030635111104684531e-01 9.231537057943761670e-01 8.873326156073007009e-01 9.061651466312589109e-01
9.027599068947071981e-01 9.227821153234933016e-01 8.870481656578894647e-01 9.057818594943662927e-01
9.027743642383148082e-01 9.225920932597482249e-01 8.868645334120670576e-01 9.057573641103806583e-01
9.038152929780682854e-01 9.232691184637946691e-01 8.868789359411510809e-01 9.055669027595708576e-01
9.052176553080136800e-01 9.244224329636323567e-01 8.859787778733945185e-01 9.048372001039965973e-01
9.060417238936517847e-01 9.251117808468464210e-01 8.853486672259648360e-01 9.043722236100414369e-01
9.056369182726365930e-01 9.246025734271564600e-01 8.855575038976843949e-01 9.046957978400951284e-01
9.049718804666830874e-01 9.241300059051725801e-01 8.864396588040859282e-01 9.054877190219893235e-01
9.049140510922523140e-01 9.239477672255362872e-01 8.865872847271980550e-01 9.055626044258674456e-01
9.047694776561753249e-01 9.238764295460003551e-01 8.870733700837867275e-01 9.059320214744484012e-01
9.057670343651057498e-01 9.246495607085578605e-01 8.872462004327961171e-01 9.062568788792899621e-01
9.057670343651058609e-01 9.248336835286634638e-01 8.866773005339736446e-01 9.055684469500184797e-01
9.049718804666829763e-01 9.243737952546871028e-01 8.859427715506842382e-01 9.047103267798384252e-01
9.047261056253523837e-01 9.243385667313324117e-01 8.862380233969083809e-01 9.047859613509350307e-01
9.040176957885758258e-01 9.239673420385620117e-01 8.867205081212260476e-01 9.053635366274349616e-01
9.039887811013603836e-01 9.238715385902537269e-01 8.862416240291793867e-01 9.052367761207567032e-01
9.033237432954068780e-01 9.228375684182121841e-01 8.859859791379366412e-01 9.052437210462566108e-01
9.037719209472452331e-01 9.232542485351680206e-01 8.860543911510861959e-01 9.053586714856403095e-01
9.048706790614291506e-01 9.241974453727020977e-01 8.871273795678520369e-01 9.062302292841558637e-01
9.053766860876982792e-01 9.246644601617184378e-01 8.875342510144781372e-01 9.063562928384678585e-01
9.062874987349823774e-01 9.256895638053135311e-01 8.872353985359828776e-01 9.060561265900419770e-01
9.056658329598520352e-01 9.252485942410295650e-01 8.870589675547027042e-01 9.058196881987372606e-01
9.045526175020600634e-01 9.244854618145287306e-01 8.865116714495065997e-01 9.055763712122038012e-01
9.034683167314837560e-01 9.237383591250348802e-01 8.864900676558804538e-01 9.054964495868040864e-01
9.035261461059145294e-01 9.237079259566794986e-01 8.865224733463195061e-01 9.055226644587375251e-01
9.044369587531988497e-01 9.239803909189030495e-01 8.861840139128429605e-01 9.049198146034678203e-01
9.058682357703594645e-01 9.249126611684191923e-01 8.861156018996935169e-01 9.049877111361790405e-01
9.057381196778904187e-01 9.249007935874679065e-01 8.864504607008989456e-01 9.054503484508010791e-01
9.054056007749137214e-01 9.244776650377358740e-01 8.872570023296091346e-01 9.063004780948274997e-01
9.052176553080137911e-01 9.242917657101807904e-01 8.876350687180669663e-01 9.065692366086068876e-01
9.051453685899752966e-01 9.241429673928053257e-01 8.878691098156836770e-01 9.067313546380662004e-01
9.045959895328832268e-01 9.239709844929053784e-01 8.876602731439640070e-01 9.063799852111695809e-01
9.047550203125677148e-01 9.244044708315573011e-01 8.867241087534971644e-01 9.053689138971212635e-01
9.040032384449681047e-01 9.238343811046298981e-01 8.860651930478993243e-01 9.048869174784563985e-01
9.039454090705373313e-01 9.237950750618191265e-01 8.858959633311609405e-01 9.046683266662174372e-01
9.037574636036375120e-01 9.237102874480022097e-01 8.860651930478992133e-01 9.049114222582796963e-01
9.043357573479449130e-01 9.238839256666175892e-01 8.864684638622541968e-01 9.052061537646384215e-01
9.045092454712371222e-01 9.240085625871164998e-01 8.863208379391420699e-01 9.054252289830271305e-01
9.045381601584525644e-01 9.240318990682123701e-01 8.865548790367587806e-01 9.057347026110591504e-01
9.053188567132676168e-01 9.246545280862844551e-01 8.868105239280017482e-01 9.058762208875454913e-01
9.060128092064362315e-01 9.251285214257138900e-01 8.868069232957307424e-01 9.059259699312064429e-01
