6.657173011030952381e-01 6.928077659854356973e-01 6.633912915107893493e-01 6.929735882983095729e-01
6.675100117104483255e-01 6.939889972561203990e-01 6.639349869837143370e-01 6.931798676273943638e-01
6.673798956179790576e-01 6.939682975989456271e-01 6.640214021582190318e-01 6.931629964212605577e-01
6.682473362344401036e-01 6.946035457954811143e-01 6.639673926741536114e-01 6.935264670423981759e-01
6.687388859171015110e-01 6.953000070460340076e-01 6.641006160681814929e-01 6.937930107250175338e-01
6.690714048200783193e-01 6.957906645114428912e-01 6.644102704434898810e-01 6.945218390518329565e-01
6.688979166967862211e-01 6.962169645525501105e-01 6.644138710757608868e-01 6.947137742246263237e-01
6.692015209125475872e-01 6.960059500550983547e-01 6.649683684454990029e-01 6.954360617161987612e-01
6.693460943486244652e-01 6.961007268960875960e-01 6.661889827853770818e-01 6.966377168097342976e-01
6.686955138862784587e-01 6.953612672019489072e-01 6.670855402208628604e-01 6.975268116411217356e-01
6.679871040495019008e-01 6.947793423578940697e-01 6.672331661439748762e-01 6.979859667236317788e-01
6.680015613931096219e-01 6.944045266019831519e-01 6.674816097706757212e-01 6.983138307399353595e-01
6.681605921727942210e-01 6.939326894071742302e-01 6.687382304332640803e-01 6.992849108272810588e-01
6.686810565426708486e-01 6.937009083908387552e-01 6.693971461388619204e-01 7.000578917752545705e-01
6.698087293440702084e-01 6.948943244242755668e-01 6.697680112627777405e-01 7.005929280171728779e-01
6.698954734057165350e-01 6.951746538628855721e-01 6.704269269683755805e-01 7.015354878567706676e-01
6.702424496523008424e-01 6.953336074052196558e-01 6.702648985161794304e-01 7.016648715390683133e-01
6.701267909034394066e-01 6.947136202504398117e-01 6.704377288651887090e-01 7.019681710419480858e-01
6.699099307493240341e-01 6.946744583115940230e-01 6.706645686982632970e-01 7.019651587947297600e-01
6.711388049559773306e-01 6.954601215887230570e-01 6.711722578484781154e-01 7.019582637557935101e-01
6.718616721363617206e-01 6.958316635444407039e-01 6.710966445707865491e-01 7.013222555518132673e-01
6.725122525987075051e-01 6.962643493134370587e-01 6.708193958859175465e-01 7.009059322627132493e-01
6.731339183738380694e-01 6.968311575711441108e-01 6.704233263361045747e-01 7.007682736382550015e-01
6.729170582197226969e-01 6.961517730230080137e-01 6.702793010452635647e-01 7.010333682251244092e-01
6.739001575850454007e-01 6.963834880512351777e-01 6.707509838727679918e-01 7.013869512326857958e-01
6.751001171044832549e-01 6.967222868046744066e-01 6.713882957847396860e-01 7.016804652244194029e-01
6.756928681923983770e-01 6.971860914359810923e-01 6.713990976815529255e-01 7.016701152370002914e-01
6.758374416284751440e-01 6.969166009061298350e-01 6.712730755520668335e-01 7.016241726515303201e-01
6.767193395885440221e-01 6.974689759143677392e-01 6.717015507923190798e-01 7.018520770281431176e-01
6.774422067689283011e-01 6.975787074087966833e-01 6.718311735540760665e-01 7.025582011316124920e-01
6.781506166057049700e-01 6.983800222117746426e-01 6.724936898919449124e-01 7.029443761258076240e-01
6.772687186456362030e-01 6.979251499784137058e-01 6.726197120214307823e-01 7.026703846587299962e-01
6.779915858260203709e-01 6.985060764340479400e-01 6.731382030684587292e-01 7.029752105331816825e-01
6.782807326981740159e-01 6.989617061095448891e-01 6.736927004381969564e-01 7.035535132461887553e-01
6.783819341034278416e-01 6.998185240210529345e-01 6.734334549146829829e-01 7.036703602562981441e-01
6.779048417643740443e-01 6.994843643947905587e-01 6.732642251979447101e-01 7.035571498493617959e-01
6.780638725440586434e-01 7.000484141927529880e-01 6.727421335186459794e-01 7.031446233297897752e-01
6.784542208214661141e-01 7.001084519374697335e-01 6.728933600740290011e-01 7.031438871004759283e-01
6.781506166057048590e-01 6.989882155690456678e-01 6.723424633365618908e-01 7.022260183994817329e-01
6.780783298876664755e-01 6.996401862020645845e-01 6.721192241357583086e-01 7.022543097941958967e-01
6.786855383191892077e-01 7.000228320938126636e-01 6.722128405748050151e-01 7.023711672174645093e-01
6.780638725440588654e-01 6.988121091225204529e-01 6.723712683947301594e-01 7.025005349499748863e-01
6.788156544116583646e-01 6.991612451087338975e-01 6.727457341509168742e-01 7.028625740518582576e-01
6.791337159710275628e-01 6.988099153907478822e-01 6.732678258302158270e-01 7.037234914625947191e-01
6.788301117552660857e-01 6.990019804980209805e-01 6.736278890573184075e-01 7.042439626592094104e-01
6.798276684641963996e-01 6.996237142378871621e-01 6.739159396390006496e-01 7.045057464495902977e-01
6.794084054995734867e-01 6.995726880863023522e-01 6.740599649298417706e-01 7.048033328985731094e-01
6.795529789356502537e-01 6.995466523894824373e-01 6.732246182429634240e-01 7.041631210504719629e-01
6.813746042302186723e-01 7.003201644124165126e-01 6.735882821023371214e-01 7.041675395173569996e-01
6.828058812473796202e-01 7.014749725842581718e-01 6.742543990724770842e-01 7.052448606213875815e-01
6.820540993797800100e-01 7.003824121172134154e-01 6.747368837967947508e-01 7.060354896026643789e-01
6.833986323352947423e-01 7.012207082799510882e-01 6.754498089864579002e-01 7.062909917127728754e-01
6.831239428067487074e-01 7.013777940842815806e-01 6.756154380709252782e-01 7.067313055250690201e-01
6.836588645202330561e-01 7.026939321235037283e-01 6.757630639940372941e-01 7.069674103013493527e-01
6.832974309300409166e-01 7.023214138678679497e-01 6.758890861235232750e-01 7.075801739967446657e-01
6.832396015556101432e-01 7.021464133058130663e-01 6.751257520820654889e-01 7.074078637118623725e-01
6.837166938946638295e-01 7.027788405061472510e-01 6.751401546111497343e-01 7.069743445226024381e-01
6.845841345111248755e-01 7.039057807208235484e-01 6.748593052940096149e-01 7.062202353973427993e-01
6.851045988810016141e-01 7.041896166350068986e-01 6.746720724159162019e-01 7.057557333699688851e-01
6.849166534141017948e-01 7.036672924192616252e-01 6.754300055089673682e-01 7.058889664411959197e-01
6.856684352817014050e-01 7.039649547187689649e-01 6.765912094163735180e-01 7.068091748747095115e-01
6.852058002862554398e-01 7.037531533757371838e-01 6.772213200638030894e-01 7.072602365000378866e-01
6.846564212291634810e-01 7.031524639487780615e-01 6.773077352383078953e-01 7.073015225430397956e-01
6.846997932599863113e-01 7.035505808261317551e-01 6.772897320769526441e-01 7.071751598243960490e-01
6.843961890442249452e-01 7.031177836797205538e-01 6.763463664219437899e-01 7.061014997548565875e-01
6.837311512382715506e-01 7.027448507436155900e-01 6.768540555721584973e-01 7.062770952328774055e-01
6.828492532782026725e-01 7.020895980892362109e-01 6.774517605291490163e-01 7.067711598551856822e-01
6.821553007850337247e-01 7.018432627788178113e-01 6.777218079494757852e-01 7.070351447974998482e-01
6.817071231331954806e-01 7.011388769067483651e-01 6.783627204937185962e-01 7.069777951082559797e-01
6.821263860978185045e-01 7.009118056777641215e-01 6.781070756024758506e-01 7.066343601750888492e-01
6.829359973398487771e-01 7.011088107549401371e-01 6.783951261841578706e-01 7.072284645329687258e-01
6.812155734505341842e-01 7.004203248390434844e-01 6.791710624385642880e-01 7.082043076761633804e-01
6.810203993118304489e-01 7.005589244614703892e-01 6.790900482124659909e-01 7.087316017272469182e-01
6.821263860978183935e-01 7.002661058734804822e-01 6.783771230228028415e-01 7.084113277717738466e-01
6.821986728158567770e-01 7.000741839261885868e-01 6.780818711765785878e-01 7.084850621522706948e-01
6.821119287542107834e-01 6.995460042009468138e-01 6.778838364016721574e-01 7.086937198241813896e-01
6.814179762610419466e-01 6.997062187116991350e-01 6.778406288144197545e-01 7.089534968621395983e-01
6.808541398603420447e-01 6.991084767984422355e-01 6.778874370339430522e-01 7.087343269171076932e-01
6.810131706400266438e-01 6.999164015264734973e-01 6.774715640066395483e-01 7.081532642067607242e-01
6.832106868683948120e-01 7.010784628271345964e-01 6.785247489459148573e-01 7.083964244408749167e-01
6.850178548193555095e-01 7.016548263832060872e-01 6.785139470491018399e-01 7.078675975239190343e-01
6.852058002862553288e-01 7.017801316553999857e-01 6.790648437865689502e-01 7.079920432403414843e-01
6.852636296606862132e-01 7.015532488556185386e-01 6.793420924714381748e-01 7.081600320011942618e-01
6.851479709118245554e-01 7.013775451535598782e-01 6.792304728710361061e-01 7.081562775974341584e-01
6.849311107577094049e-01 7.012576822261492593e-01 6.798785866798209288e-01 7.086952716178067657e-01
6.835287484277638992e-01 7.000044644227964019e-01 6.803322663459703268e-01 7.094078324485550979e-01
6.839190967051713699e-01 7.003284105366240908e-01 6.800478163965593126e-01 7.093459853706819418e-01
6.842227009209327360e-01 7.004339361396426655e-01 6.797057563308117611e-01 7.092032076541119334e-01
6.843817317006173351e-01 7.000950929822394864e-01 6.786147647526905580e-01 7.083492086683274014e-01
6.845407624803019342e-01 6.997846464589200233e-01 6.777182073172050014e-01 7.075163567564893841e-01
6.835865778021945616e-01 6.995416358471895357e-01 6.774373580000647710e-01 7.076363899617400532e-01
6.834709190533331258e-01 6.990490051670465999e-01 6.776389934072423182e-01 7.077211147060065155e-01
6.838034379563099341e-01 6.991455298426434428e-01 6.777506130076442759e-01 7.079997154626000988e-01
6.835865778021946726e-01 6.999064671224213274e-01 6.777290092140180189e-01 7.074899813524569980e-01
6.839769260796021433e-01 7.012243516348678485e-01 6.782475002610459658e-01 7.079350252007008404e-01
6.840058407668173635e-01 7.017928285601819915e-01 6.790252368315876641e-01 7.083598540823926593e-01
6.836588645202330561e-01 7.012840053369618909e-01 6.798857879443630514e-01 7.095003941711854889e-01
6.836299498330176139e-01 7.015055026317830178e-01 6.801198290419797621e-01 7.099026003147402841e-01
6.838757246743483176e-01 7.012343707463436493e-01 6.800190113383910440e-01 7.094329223286467423e-01
6.839335540487790910e-01 7.005666154023464376e-01 6.799253948993443375e-01 7.095842607352926823e-01
6.837022365510561084e-01 7.003718197439036119e-01 6.797993727698583566e-01 7.094517092961878379e-01
6.816782084459801494e-01 6.988806832334437669e-01 6.793348912068959411e-01 7.090414059924342594e-01
6.799433272130578354e-01 6.975619224866631551e-01 6.798173759312136077e-01 7.097307151206608822e-01
6.800445286183116611e-01 6.975364671548958118e-01 6.798173759312134967e-01 7.101656638088182927e-01
6.813456895430034521e-01 6.988090823936091711e-01 6.790540418897558217e-01 7.093714790489322741e-01
6.817504951640185329e-01 6.998042632224962256e-01 6.794861177622790738e-01 7.098408339294486336e-01
6.819095259437031320e-01 6.997463405158291794e-01 6.800478163965593126e-01 7.101131193597938207e-01
6.828203385909872303e-01 7.004789827405778491e-01 6.794645139686529278e-01 7.096933273305062739e-01
6.834275470225101845e-01 7.005686636008736645e-01 6.789856298766063780e-01 7.091583051696417339e-01
6.831962295247870909e-01 6.996965238545594934e-01 6.787515887789895563e-01 7.091787567835404760e-01
6.840492127976406378e-01 7.007930819760483931e-01 6.792304728710362172e-01 7.097439923644032200e-01
6.819818126617414045e-01 7.002372871600075488e-01 6.788326030050877424e-01 7.094997225223911297e-01
6.808396825167342126e-01 6.996166233209879515e-01 6.793925013232322563e-01 7.102167474811466041e-01
6.805505356445806786e-01 6.994533609375640504e-01 6.789280197602698408e-01 7.099104733347899598e-01
6.809264265783803172e-01 6.998101159281691075e-01 6.789136172311858175e-01 7.104842370311813537e-01
6.814758056354723870e-01 6.995122402710758358e-01 6.779378458857374667e-01 7.096812019631315582e-01
6.827046798421259055e-01 6.994890769490199611e-01 6.778802357694011516e-01 7.095265304076598945e-01
6.831673148375718707e-01 6.997505991944313886e-01 6.784347331391392677e-01 7.096136808397492945e-01
6.825384203906373903e-01 6.995521482379738476e-01 6.784887426232045771e-01 7.097656096515013724e-01
6.823866182827567073e-01 6.988552747573346657e-01 6.774877668518591856e-01 7.092667597656227008e-01
6.832251442120025331e-01 6.993684106686766100e-01 6.768792599980556490e-01 7.088549162440200835e-01
6.821408434414262256e-01 6.991583392807596553e-01 6.778460297628263742e-01 7.095539598731643860e-01
6.824010756263643174e-01 6.996060249219641092e-01 6.781070756024758506e-01 7.097644231069686338e-01
6.821408434414262256e-01 6.995417615405847833e-01 6.780746699120365761e-01 7.089982951894434615e-01
6.805216209573652364e-01 6.984937738704957155e-01 6.778154243885226027e-01 7.085802162415859584e-01
6.816348364151570971e-01 6.981318009424678506e-01 6.774265561032517535e-01 7.078163921752449461e-01
6.821119287542105614e-01 6.979510622214036841e-01 6.775885845554480147e-01 7.077758477886569866e-01
6.826757651549104633e-01 6.983622806657514559e-01 6.776065877168031548e-01 7.077370847922956898e-01
6.828637106218103936e-01 6.987948272299094876e-01 6.780134591634290331e-01 7.085040458711890921e-01
6.832106868683949230e-01 6.995581115627749202e-01 6.785427521072699975e-01 7.093646951579157811e-01
6.827335945293412367e-01 6.990208094345707890e-01 6.782222958351487030e-01 7.090541303583151045e-01
6.828058812473797312e-01 6.989218687264794339e-01 6.783447173323635671e-01 7.091430892420647059e-01
6.825745637496566376e-01 6.989670059159683868e-01 6.789172178634568233e-01 7.098864895503180783e-01
6.826323931240874110e-01 6.994269919078534015e-01 6.795257247172603599e-01 7.102562285632616490e-01
6.823866182827567073e-01 6.999700409840856619e-01 6.795977373626809204e-01 7.102261496588831990e-01
6.816348364151569861e-01 6.987259439476267708e-01 6.796517468467463408e-01 7.101290093681487114e-01
6.804637915829345740e-01 6.973761909167978112e-01 6.790036330379614071e-01 7.096966396154924528e-01
6.803625901776807483e-01 6.971218353472852236e-01 6.787155824562793871e-01 7.087650002009223682e-01
6.797409244025502950e-01 6.968117163305935780e-01 6.784167299777841276e-01 7.086262750980745206e-01
6.796975523717272427e-01 6.965763272068269396e-01 6.787407868821765389e-01 7.087089402702463348e-01
6.799722419002732776e-01 6.962348858945215380e-01 6.788380039534942512e-01 7.085893744295306274e-01
6.794228628431812078e-01 6.960673273618802614e-01 6.796589481112883524e-01 7.091916180553176074e-01
6.792060026890659463e-01 6.962578540568984398e-01 6.790864475801952072e-01 7.086832632726887127e-01
6.789457705041275215e-01 6.970973344483770706e-01 6.785859596945224004e-01 7.081553101011585083e-01
6.792060026890659463e-01 6.977516309950504425e-01 6.779846541052607645e-01 7.080584643825829083e-01
6.797698390897657372e-01 6.981728671264249009e-01 6.778082231239804800e-01 7.078152380156161882e-01
6.806083650190115630e-01 6.987839171305660901e-01 6.774481598968778995e-01 7.078600459430720582e-01
6.811577440761036328e-01 6.986958395823305024e-01 6.777614149044572933e-01 7.080568937631416260e-01
6.817938671948415852e-01 6.985308587755516552e-01 6.778010218594385794e-01 7.082512541982941556e-01
6.810999147016727484e-01 6.981806263564889203e-01 6.778010218594385794e-01 7.082502400661706554e-01
6.800589859619194932e-01 6.970587375894783388e-01 6.781574844542702651e-01 7.086650100966132015e-01
6.800300712747039400e-01 6.970295388885653365e-01 6.791836646515128084e-01 7.097718015904613820e-01
6.802035593979961492e-01 6.972147376441703015e-01 6.789118169150503146e-01 7.094832770119493537e-01
6.815914643843339338e-01 6.980566566227017766e-01 6.790648437865689502e-01 7.097065784242869713e-01
6.829649120270639973e-01 6.992403194945256972e-01 6.783807236550738473e-01 7.091216213021246384e-01
6.813601468866110622e-01 6.982066670261030117e-01 6.786795761335691068e-01 7.097712871505885701e-01
6.804204195521115217e-01 6.975005764470181280e-01 6.784167299777841276e-01 7.095013248484541846e-01
6.810131706400266438e-01 6.978517155427915730e-01 6.787191830885503929e-01 7.096474520508163630e-01
6.817360378204109228e-01 6.979745053414412315e-01 6.783663211259897130e-01 7.097302510625793648e-01
6.828058812473795092e-01 6.983342643398241512e-01 6.787659913080736906e-01 7.099896263145463182e-01
6.833697176480793001e-01 6.989711630413072418e-01 6.787695919403446965e-01 7.098393486664187346e-01
6.819095259437030210e-01 6.985103278939015503e-01 6.785175476813729567e-01 7.094651288359455910e-01
6.815480923535109925e-01 6.983126876045805398e-01 6.787083811917372644e-01 7.094307358082063697e-01
6.809697986092034805e-01 6.980565535240094155e-01 6.780026572666160156e-01 7.083232386048614604e-01
6.796686376845119115e-01 6.976273886251815881e-01 6.778946382984852859e-01 7.080325812598727842e-01
6.792927467507120509e-01 6.978291576905322202e-01 6.785895603267934062e-01 7.086376709671764473e-01
6.796252656536887482e-01 6.980044967711095394e-01 6.785247489459149683e-01 7.083984730363004356e-01
6.809264265783805392e-01 6.986266831539558186e-01 6.785139470491017288e-01 7.084393203140805229e-01
6.816059217279416549e-01 6.988918324716419939e-01 6.791368564319893997e-01 7.091550915724524895e-01
6.813167748557880099e-01 6.986300143272397012e-01 6.789532241861671036e-01 7.091920131370665903e-01
6.808252251731268245e-01 6.983222934181687602e-01 6.783375160678215554e-01 7.083486753338670283e-01
6.809987132964190337e-01 6.983397389725729543e-01 6.786291672817746923e-01 7.084413154311928196e-01
6.817794098512339751e-01 6.983488834244209187e-01 6.789640260829801210e-01 7.090723892086471247e-01
6.819962700053492366e-01 6.982376090019665194e-01 6.794645139686528168e-01 7.094645882565525641e-01
6.813312321993956200e-01 6.980284854580514065e-01 6.797489639180640530e-01 7.097138793121733347e-01
6.810131706400265328e-01 6.976665941662796300e-01 6.796589481112882414e-01 7.096603412209565587e-01
6.804059622085039116e-01 6.970572592084649521e-01 6.798425803571108705e-01 7.094186626996774603e-01
6.810420853272418640e-01 6.978654437556730539e-01 6.795437278786155000e-01 7.089955813427883946e-01
6.805505356445806786e-01 6.978565836953354307e-01 6.798353790925686368e-01 7.093304901365069526e-01
6.803770475212884694e-01 6.975241220429357902e-01 6.800298132352040614e-01 7.098178232899696738e-01
6.806661943934421144e-01 6.979004440021452371e-01 6.798713854152789171e-01 7.098554077007415142e-01
6.798565831514117308e-01 6.968813126625401644e-01 6.792214712903587026e-01 7.094332663645422921e-01
6.807963104859112713e-01 6.976685257979321486e-01 6.788956140698305664e-01 7.093160240697415908e-01
6.800879006491347134e-01 6.972917726200080768e-01 6.790756456833819676e-01 7.092751128300718300e-01
6.808107678295189924e-01 6.981302332672385536e-01 6.797309607567088019e-01 7.100413870392466853e-01
6.813023175121803998e-01 6.985854161347908597e-01 6.799758037511387521e-01 7.100997805556903408e-01
6.810710000144574172e-01 6.980948192360747484e-01 6.802170461132974744e-01 7.105918502042799512e-01
6.813456895430033411e-01 6.977785257834467902e-01 6.805086973272506112e-01 7.106816049225346266e-01
6.813890615738265044e-01 6.977060157361447690e-01 6.801342315710638964e-01 7.101668431180161445e-01
6.812444881377495154e-01 6.973820976178202180e-01 6.799541999575124951e-01 7.101849775183208813e-01
6.805649929881885107e-01 6.974191495899335624e-01 6.793204886778119178e-01 7.096220105295689695e-01
6.802324740852114804e-01 6.968438973526102087e-01 6.795797342013258913e-01 7.097018440394039507e-01
6.786855383191892077e-01 6.959971654504537586e-01 6.793348912068959411e-01 7.092887411585399038e-01
6.785409648831124407e-01 6.956313116867707258e-01 6.795473285108863948e-01 7.089303661453854044e-01
6.791481733146353950e-01 6.959886587487129628e-01 6.794249070136715307e-01 7.086050722739325458e-01
6.795818936228656959e-01 6.954817738324754473e-01 6.797705677116901990e-01 7.089588052983392119e-01
6.792493747198888876e-01 6.955482430070333288e-01 6.803790745654937355e-01 7.097487194707129410e-01
6.798276684641963996e-01 6.959167147199767367e-01 6.803358669782414436e-01 7.099946739242193328e-01
6.815625496971186026e-01 6.969349957416256514e-01 6.795725329367836576e-01 7.096390270392126665e-01
6.829649120270641083e-01 6.981437374066777890e-01 6.799037911057180805e-01 7.104647655495325287e-01
6.824589050007950908e-01 6.980817703983734912e-01 6.801414328356059080e-01 7.106161297418229772e-01
6.813456895430034521e-01 6.973315188493216521e-01 6.794573127041109162e-01 7.100910636428595657e-01
6.799866992438809987e-01 6.966480624288582391e-01 6.789352210248119635e-01 7.097158839069837022e-01
6.794373201867890399e-01 6.961409575966277519e-01 6.784851419909335712e-01 7.092605162905264438e-01
6.794228628431812078e-01 6.965521869269785116e-01 6.785895603267934062e-01 7.090005104203978004e-01
6.782662753545662948e-01 6.963129062899393595e-01 6.784419344036812793e-01 7.089545836894943776e-01
6.776879816102590048e-01 6.959610685302211053e-01 6.777830186980835503e-01 7.084814096025342511e-01
6.789457705041276325e-01 6.973950345037538412e-01 6.781214781315598739e-01 7.090895546053007648e-01
6.793072040943198830e-01 6.976815905780111571e-01 6.778406288144198655e-01 7.091370330062289895e-01
6.814468909482573888e-01 6.984621630263115888e-01 6.788668090116624088e-01 7.099389017815346259e-01
6.825456490624414174e-01 6.989291362991144618e-01 6.794069038523165016e-01 7.105254700580450056e-01
6.831673148375718707e-01 6.993240535832869753e-01 6.796625487435593582e-01 7.106575717253637015e-01
6.831673148375717597e-01 6.993033332727123241e-01 6.796913538017275158e-01 7.104404030503335132e-01
6.818516965692724696e-01 6.984459247293548501e-01 6.798965898411761799e-01 7.103173042269765869e-01
6.803770475212884694e-01 6.972110061815215420e-01 6.793925013232322563e-01 7.099147516171975258e-01
6.792927467507120509e-01 6.969813112911256159e-01 6.785319502104569800e-01 7.088892432671729527e-01
6.802903034596423648e-01 6.972066500479797702e-01 6.783483179646345729e-01 7.086033573825092358e-01
6.800589859619194932e-01 6.977861220300229927e-01 6.781466825574571367e-01 7.086519100573213104e-01
6.802975321314461699e-01 6.980554794760802650e-01 6.783843242873448531e-01 7.087682889730633207e-01
6.809553412655958704e-01 6.984284309902693000e-01 6.791152526383632537e-01 7.099054471693666546e-01
6.804493342393269639e-01 6.975355786577288608e-01 6.794861177622791848e-01 7.105886301788250092e-01
6.798276684641963996e-01 6.971278898037374105e-01 6.788091988953260936e-01 7.098948672573941465e-01
6.802758461160347547e-01 6.971362245953686143e-01 6.782042926737935629e-01 7.091097322529242852e-01
6.807818531423036612e-01 6.973553278473141326e-01 6.782979091128402693e-01 7.089654562154229511e-01
6.803625901776807483e-01 6.972561678257422901e-01 6.789640260829801210e-01 7.095826833492075991e-01
6.806228223626191731e-01 6.972694335612299454e-01 6.794141051168585133e-01 7.100827960217375168e-01
6.801746447107809290e-01 6.976296345568926416e-01 6.801054265128956278e-01 7.109980322283820930e-01
6.800589859619193822e-01 6.972405296777811623e-01 6.804114802559328989e-01 7.113774869425891767e-01
6.798276684641963996e-01 6.975169564965331137e-01 6.802854581264470291e-01 7.113923416377470055e-01
6.801312726799577657e-01 6.971603505485772789e-01 6.801990429519424453e-01 7.112600690508144030e-01
6.800011565874886088e-01 6.966283751988805450e-01 6.803538701395964727e-01 7.112969066997294476e-01
6.795674362792579748e-01 6.966829086313071073e-01 6.798929892089051741e-01 7.107999757487729608e-01
6.794806922176119812e-01 6.965069858113235313e-01 6.800766214547273592e-01 7.115132420096113020e-01
6.788301117552660857e-01 6.960395783382975488e-01 6.799974075447647870e-01 7.116419485854977856e-01
6.789168558169121903e-01 6.967160998691471763e-01 6.793384918391668359e-01 7.105235110037970703e-01
6.792782894071043298e-01 6.970072532925757347e-01 6.787011799271951418e-01 7.095392806221131332e-01
6.789168558169123013e-01 6.966617837396704704e-01 6.786183653849616748e-01 7.096475058872409036e-01
6.780638725440587544e-01 6.965413174313344058e-01 6.787911957339709534e-01 7.098053344467734060e-01
6.767916263065825166e-01 6.961721933409339425e-01 6.785067457845597172e-01 7.092112814966318179e-01
6.760398444389827954e-01 6.961164163724145038e-01 6.779810534729897586e-01 7.090021400429523668e-01
6.772253466148130396e-01 6.960135705223894353e-01 6.772105181669901830e-01 7.086084895714626075e-01
6.792638320634967197e-01 6.970681144511552407e-01 6.771889143733640370e-01 7.085514999152268123e-01
6.803336754904654171e-01 6.975945940215586560e-01 6.776786003622234933e-01 7.091762002137114163e-01
6.801023579927424345e-01 6.973241081407697273e-01 6.773293390319340412e-01 7.089359877273166965e-01
6.796541803409041904e-01 6.973464672566501710e-01 6.774409586323358878e-01 7.091115486020638237e-01
6.783096473853893471e-01 6.968274346544486297e-01 6.783375160678215554e-01 7.102693772403083639e-01
6.782807326981739049e-01 6.967924130358751356e-01 6.783771230228027305e-01 7.101161316147139857e-01
6.794228628431812078e-01 6.972549550468872814e-01 6.780170597957000389e-01 7.095005150797080162e-01
6.796541803409041904e-01 6.976168067962505992e-01 6.771349048892985056e-01 7.084411533204592049e-01
6.798276684641966217e-01 6.971601986868578571e-01 6.775417763359246059e-01 7.090656669502144460e-01
6.810420853272419750e-01 6.976077725375152694e-01 6.775165719100273432e-01 7.086959797442728970e-01
6.809119692347727071e-01 6.977986324447909006e-01 6.775111709616207234e-01 7.092241001547607837e-01
6.804348768957193538e-01 6.981155499597204717e-01 6.778622326080459004e-01 7.099119973201282185e-01
6.799433272130578354e-01 6.976963065333885439e-01 6.782330977319617205e-01 7.102749774700668484e-01
6.817504951640185329e-01 6.991960296912799189e-01 6.781790882478964111e-01 7.100204042249200764e-01
6.828637106218102826e-01 6.999129872589909818e-01 6.781646857188121658e-01 7.096752642673045397e-01
6.825022770316182541e-01 7.003942908740434792e-01 6.778694338725879120e-01 7.085413212046656195e-01
6.810854573580650273e-01 6.989260522630363903e-01 6.781682863510833936e-01 7.084075180793995008e-01
6.809264265783804282e-01 6.989026776331248580e-01 6.780422642215973017e-01 7.085011701012448038e-01
6.794951495612195913e-01 6.981644063813842171e-01 6.784563369327654136e-01 7.096367968741987831e-01
6.784397634778586150e-01 6.972348939580990113e-01 6.782222958351487030e-01 7.099867695066559570e-01
6.786132516011509352e-01 6.969948271863474210e-01 6.782042926737934518e-01 7.096664001115351450e-01
6.781939886365280223e-01 6.968902661647431440e-01 6.776641978331395810e-01 7.092609101241358349e-01
6.794517775303967611e-01 6.975769510695560838e-01 6.785535540040832370e-01 7.103910453338067033e-01
6.799433272130579464e-01 6.980082301502892328e-01 6.790468406252138100e-01 7.108355962197636657e-01
6.801457300235654868e-01 6.981222137766472935e-01 6.779018395630272975e-01 7.097007022447574531e-01
6.797481530743541001e-01 6.975440552756724255e-01 6.775885845554480147e-01 7.094803598696398650e-01
6.787867397244430334e-01 6.970541384908003346e-01 6.770772947729620794e-01 7.085456886011035627e-01
6.778614697335512140e-01 6.967471165955825274e-01 6.776029870845320380e-01 7.086440656776120672e-01
6.777747256719051094e-01 6.964044963573181590e-01 6.780674686474943424e-01 7.093755895822770885e-01
6.781650739493126911e-01 6.968376841407781797e-01 6.780098585311581383e-01 7.095786420957601592e-01
6.778180977027281617e-01 6.963748794860817881e-01 6.772393232251583406e-01 7.088569147420455963e-01
6.779192991079818764e-01 6.972642788995777607e-01 6.776029870845320380e-01 7.092732706963763567e-01
6.777891830155127195e-01 6.967565739301181393e-01 6.776930028913077386e-01 7.091131709425189111e-01
6.767193395885440221e-01 6.961240874752742114e-01 6.773365402964759419e-01 7.090420736978531036e-01
6.768060836501902378e-01 6.963120727206077998e-01 6.769728764371023555e-01 7.088971558442880294e-01
6.784397634778586150e-01 6.973807574069026405e-01 6.770628922438779451e-01 7.088762137721436041e-01
6.792638320634967197e-01 6.983098170358993384e-01 6.775921851877189095e-01 7.089402924841509135e-01
6.798421258078040097e-01 6.982804733676808429e-01 6.779702515761767412e-01 7.089416890520973125e-01
6.802469314288193125e-01 6.980631721958172609e-01 6.787083811917373755e-01 7.088412292702477302e-01
6.804059622085039116e-01 6.979197544973223533e-01 6.793853000586902446e-01 7.096234641234877571e-01
6.805939076754037309e-01 6.978850104861542558e-01 6.792772810905595149e-01 7.097540458868693003e-01
6.797409244025502950e-01 6.968960309554830257e-01 6.784239312423261392e-01 7.090722639315455433e-01
6.808685972039498768e-01 6.977110986511300128e-01 6.786291672817748033e-01 7.091664976556271149e-01
6.804059622085039116e-01 6.980187982514391987e-01 6.793276899423538184e-01 7.095751912977656950e-01
6.802903034596423648e-01 6.978104737818828784e-01 6.793276899423539295e-01 7.094986708317845281e-01
6.809842559528112016e-01 6.982042466221201060e-01 6.791296551674473880e-01 7.097359893470868153e-01
6.811577440761034108e-01 6.979351774672339914e-01 6.795725329367836576e-01 7.099392650630933499e-01
6.799288698694502253e-01 6.979191909806294891e-01 6.797777689762322106e-01 7.098593783146023295e-01
6.783241047289971792e-01 6.969616585657441021e-01 6.798497816216526601e-01 7.098514058042741937e-01
6.778614697335511030e-01 6.966594326451297503e-01 6.798029734021293624e-01 7.103911984620711051e-01
6.779482137951973186e-01 6.969110087805183706e-01 6.802026435842133401e-01 7.111784463618042729e-01
6.778036403591204406e-01 6.969663269335211186e-01 6.802242473778394860e-01 7.115185030551243184e-01
6.783674767598201205e-01 6.976503422087674267e-01 6.794105044845873964e-01 7.111562325098629289e-01
6.804637915829344630e-01 6.986052100766156903e-01 6.791800640192416916e-01 7.105554769598114717e-01
6.811288293888881906e-01 6.989251721957479013e-01 6.792412747678491236e-01 7.103878608948643869e-01
6.809697986092034805e-01 6.985015243686553132e-01 6.793276899423539295e-01 7.103844511878432133e-01
6.803192181468578070e-01 6.974131061175300461e-01 6.791044507415502363e-01 7.101617854057169499e-01
6.805939076754037309e-01 6.973216481543066392e-01 6.786831767658401127e-01 7.101049472320704048e-01
6.813023175121803998e-01 6.981914985237440696e-01 6.786939786626532412e-01 7.102064614872340975e-01
