8.252540878139050795e-01 8.435802431027362713e-01 8.274216952496860067e-01 8.523314740688676672e-01
8.272925732625887596e-01 8.457257651616665317e-01 8.296396847286382492e-01 8.544396205738985506e-01
8.290129971519032415e-01 8.472223338412305793e-01 8.318864792657590934e-01 8.565430526420907409e-01
8.312394280674869629e-01 8.493223137190609728e-01 8.339820472474965829e-01 8.583214237969757354e-01
8.329020225823706713e-01 8.506497224511181399e-01 8.353754919363840514e-01 8.594796297473168423e-01
8.336104324191473403e-01 8.507809334435920690e-01 8.360704139646921718e-01 8.602352780741548965e-01
8.339429513221241486e-01 8.512003312452892656e-01 8.367257290380192281e-01 8.609329325089878360e-01
8.349694227182697936e-01 8.521383024462033662e-01 8.383244097663549166e-01 8.621270047906739453e-01
8.364440717662535718e-01 8.534978730254989543e-01 8.396674456034478595e-01 8.630812145498268917e-01
8.375283725368301013e-01 8.547387684078597836e-01 8.411905130540923148e-01 8.644528293278195274e-01
8.388873628359524437e-01 8.564043955268775266e-01 8.424795394071198373e-01 8.658333460375453594e-01
8.410704217207130018e-01 8.585679221014158591e-01 8.428684076923907975e-01 8.663800299854087505e-01
8.426173574867353855e-01 8.602732435023637825e-01 8.434193044298579078e-01 8.670487369151742563e-01
8.437450302881348563e-01 8.616571371586994044e-01 8.440386131804744618e-01 8.677167600380454315e-01
8.446124709045959023e-01 8.620899300595081804e-01 8.450467902163620870e-01 8.687643342325275242e-01
8.455666555827032749e-01 8.628920226756555678e-01 8.463466184662026270e-01 8.699957315311267481e-01
8.470123899434717218e-01 8.643334798593559354e-01 8.476032391287909862e-01 8.712010183018320530e-01
8.486171550839248789e-01 8.660502028686998255e-01 8.488778629527344854e-01 8.723699404747612407e-01
8.496291691364629139e-01 8.670810149595213900e-01 8.503865278742948064e-01 8.737812378748345266e-01
8.516676545851464830e-01 8.691843762282142061e-01 8.516719535950514341e-01 8.749309852333645443e-01
8.516531972415388729e-01 8.689234913440515573e-01 8.529645805803499625e-01 8.759252524535315887e-01
8.525929245760384134e-01 8.701895375276162969e-01 8.535082760532749502e-01 8.764158508374246814e-01
8.539085428443378145e-01 8.717381008367723894e-01 8.542031980815831815e-01 8.771444203026772524e-01
8.545446659630758779e-01 8.717677116849855690e-01 8.551249599429660009e-01 8.776081461345006662e-01
8.542699764345298430e-01 8.716824534200431351e-01 8.552473814401808649e-01 8.776757010993243568e-01
8.541109456548454659e-01 8.717215779347080584e-01 8.557406680613115491e-01 8.782599840534828228e-01
8.546024953375066513e-01 8.725991258863411426e-01 8.561979483597318419e-01 8.786510226666901513e-01
8.543711778397837797e-01 8.728957992122235998e-01 8.561151338174983749e-01 8.787282760316323937e-01
8.538940855007300934e-01 8.728285394642957273e-01 8.558918946166946817e-01 8.788462172421133145e-01
8.539374575315531457e-01 8.732015681053415523e-01 8.551969725883864504e-01 8.788411450328902363e-01
8.534025358180685750e-01 8.733128781929009321e-01 8.551501643688632637e-01 8.791877176407305594e-01
8.532435050383841979e-01 8.731454000044787112e-01 8.548153055676577239e-01 8.794199551250222457e-01
8.528965287917997795e-01 8.733260923250862895e-01 8.548009030385735896e-01 8.794817164893533601e-01
8.524628084835692565e-01 8.728934026085881648e-01 8.548225068321998465e-01 8.796081148612260314e-01
8.523037777038846574e-01 8.726448024365239808e-01 8.551357618397791294e-01 8.799390693453086332e-01
8.518556000520463023e-01 8.724890538367791049e-01 8.543256195787980456e-01 8.791634837686785886e-01
8.509881594355852563e-01 8.714161215149228701e-01 8.535370811114431078e-01 8.786136893750631227e-01
8.501785481935549837e-01 8.700889478722064752e-01 8.534740700467001728e-01 8.781634886993758826e-01
8.502363775679855351e-01 8.698598937674435483e-01 8.538971443385459104e-01 8.784320138356658259e-01
8.502508349115933672e-01 8.692409167737130682e-01 8.540231664680317802e-01 8.785022853291396538e-01
8.498749439777935066e-01 8.689978213426559073e-01 8.543184183142560340e-01 8.788395880526336246e-01
8.489207592996863561e-01 8.683321949060635037e-01 8.535262792146300903e-01 8.782090985990764764e-01
8.477207997802483908e-01 8.674558202691800002e-01 8.524892971205743075e-01 8.775736653234899043e-01
8.463184374503027740e-01 8.660738489829812314e-01 8.515207270396683015e-01 8.769856473108657013e-01
8.450751059000419785e-01 8.649752968130736130e-01 8.500552697053602724e-01 8.755947855614648612e-01
8.439474330986425077e-01 8.639952870988121258e-01 8.496267944651080262e-01 8.753086607421740606e-01
8.434703407595889324e-01 8.632404630421703917e-01 8.501704899380330138e-01 8.757894512064894332e-01
8.432968526362965012e-01 8.631733305169124737e-01 8.503793266097526837e-01 8.763779111134475386e-01
8.424872413942661176e-01 8.625170062528484394e-01 8.500588703376312782e-01 8.758520258171373918e-01
8.413884832800819780e-01 8.616214802311296106e-01 8.494395615870147243e-01 8.754534523234617227e-01
8.405788720380515944e-01 8.606599856010460625e-01 8.491875173280427624e-01 8.753419864997136202e-01
8.405933293816594265e-01 8.603366917423964644e-01 8.484205826543140816e-01 8.749671965545673391e-01
8.405933293816594265e-01 8.601012677148517360e-01 8.476536479805854007e-01 8.744362716555937887e-01
8.398126328268444851e-01 8.593023863476865198e-01 8.470307385976977299e-01 8.738791064138755615e-01
8.391909670517139208e-01 8.586525028621042610e-01 8.464330336407073219e-01 8.732242019353009255e-01
8.395090286110828970e-01 8.587688931245750501e-01 8.462133950721746345e-01 8.729972506917901276e-01
8.401451517298210714e-01 8.594306072152037013e-01 8.452052180362870093e-01 8.724201806565293760e-01
8.405788720380517054e-01 8.600728058875722892e-01 8.445895099179416832e-01 8.721804067922037662e-01
8.400728650117827989e-01 8.598645023318802760e-01 8.446327175051939751e-01 8.722891577563245402e-01
8.398849195448828686e-01 8.603647045432711860e-01 8.435345246625307603e-01 8.718205788954345170e-01
8.393789125186139621e-01 8.599732342410726371e-01 8.427387849306338108e-01 8.714438855820463292e-01
8.386271306510141299e-01 8.591606159430326128e-01 8.424579356134938024e-01 8.713228834922281951e-01
8.387427893998756767e-01 8.589479721545412172e-01 8.421986900899798290e-01 8.714160494464986417e-01
8.383958131532911473e-01 8.586364242409072478e-01 8.424867406716619600e-01 8.716112822256560921e-01
8.386560453382296831e-01 8.588069298786691341e-01 8.435489271916147835e-01 8.723611816234830840e-01
8.392921684569676355e-01 8.591597940355857332e-01 8.448379535446424171e-01 8.733709137603224981e-01
8.406222440688747577e-01 8.601012524717205343e-01 8.466274677833427464e-01 8.750101673180439299e-01
8.415475140597665771e-01 8.605408631130582187e-01 8.464078292148101701e-01 8.752261265933882761e-01
8.421402651476819212e-01 8.604089744968448361e-01 8.467966975000809082e-01 8.753947900976943863e-01
8.420101490552126533e-01 8.606309069642992249e-01 8.460693697813336245e-01 8.746185061016518159e-01
8.410993364079283330e-01 8.600056401370104187e-01 8.456156901151843375e-01 8.738732281481139674e-01
8.399861209501365833e-01 8.597702512180624979e-01 8.459505489163896552e-01 8.737418906400256091e-01
8.387861614306987290e-01 8.589542886333081384e-01 8.455760831602029404e-01 8.730005483630641772e-01
8.374850005060070490e-01 8.582548503849760646e-01 8.448775604996239252e-01 8.721678313233647284e-01
8.369934508233458637e-01 8.575795761655911065e-01 8.437793676569605994e-01 8.711867489969227218e-01
8.368199627000535434e-01 8.575115552513462580e-01 8.430808449963813622e-01 8.710847922986277858e-01
8.371524816030303517e-01 8.579337702835999613e-01 8.427747912533440910e-01 8.711720761999882656e-01
8.370946522285995783e-01 8.575713455194108326e-01 8.437505625987924418e-01 8.721490694647424657e-01
8.368777920744840948e-01 8.569153653402798998e-01 8.444022770398482702e-01 8.728940833695462143e-01
8.372536830082841774e-01 8.571008942276194809e-01 8.444166795689322935e-01 8.729695910074913856e-01
8.380343795630990078e-01 8.583778084659414720e-01 8.439918049609511641e-01 8.722216803446687372e-01
8.383813558096835372e-01 8.587134220379853966e-01 8.443518681880539667e-01 8.721149649579662544e-01
8.380777515939221711e-01 8.583390171898892529e-01 8.450611927454461103e-01 8.724929122541235094e-01
8.373115123827147288e-01 8.575960372946563881e-01 8.446831263569882786e-01 8.720186638288864867e-01
8.377452326909454738e-01 8.575618497117165617e-01 8.456084888506422148e-01 8.728424434505328566e-01
8.379331781578455152e-01 8.576406078864955429e-01 8.452664287848945524e-01 8.730621011487182948e-01
8.382801544044297115e-01 8.585454161450394306e-01 8.447911453251192304e-01 8.733871636352520396e-01
8.373259697263224499e-01 8.580978060336637014e-01 8.447083307828855414e-01 8.735070501014250421e-01
8.370368228541689160e-01 8.577687041466161011e-01 8.445282991693341401e-01 8.733958965071940694e-01
8.377163180037301426e-01 8.576548801470452732e-01 8.448451548091844288e-01 8.737241604999188560e-01
8.385259292457605262e-01 8.584072423891719872e-01 8.442942580717174295e-01 8.731138301749320485e-01
8.390897656464600951e-01 8.585614855133942847e-01 8.436173392047643382e-01 8.727698806897548067e-01
8.393355404877907988e-01 8.587058776457739961e-01 8.427279830338206823e-01 8.720227603635746227e-01
8.392632537697524153e-01 8.592503711036117986e-01 8.439449967414278664e-01 8.728272077323212530e-01
8.389741068975985483e-01 8.592840381078501455e-01 8.443482675557827388e-01 8.730500304883539453e-01
8.384102704968989794e-01 8.589391914757036339e-01 8.437541632310634476e-01 8.722724936206025514e-01
8.374271711315763866e-01 8.577938164276028843e-01 8.433004835649140496e-01 8.715713852556992158e-01
8.372030823056570981e-01 8.573759971740035901e-01 8.442222454262968689e-01 8.722058525900817649e-01
8.375139151932224912e-01 8.574879606760006379e-01 8.453132370044179611e-01 8.730325817247333031e-01
8.380488369067067289e-01 8.578656296901955303e-01 8.453204382689600838e-01 8.732837202498922036e-01
8.384970145585450840e-01 8.582519368271791516e-01 8.465698576670064313e-01 8.743305485067354166e-01
8.393789125186139621e-01 8.594336593941103164e-01 8.468291031905201827e-01 8.746758006722928913e-01
8.390897656464600951e-01 8.597340772279226107e-01 8.450107838936516957e-01 8.729982405359634212e-01
8.380343795630991188e-01 8.589191464228898010e-01 8.444994941111658715e-01 8.725181846720713175e-01
8.375139151932223802e-01 8.579642282865244107e-01 8.443050599685305579e-01 8.723953218923374830e-01
8.372103109774610141e-01 8.580402497970598397e-01 8.446651231956331385e-01 8.725861578285822873e-01
8.372392256646763453e-01 8.580600353034726346e-01 8.448811611318947090e-01 8.731804458527060442e-01
8.376729459729070904e-01 8.581749568967391717e-01 8.442834561749043010e-01 8.724727343746848662e-01
8.371091095722074105e-01 8.572428579357285194e-01 8.438693834637363000e-01 8.720121425435232165e-01
8.372247683210686242e-01 8.573655269030000525e-01 8.451656110813059453e-01 8.731999540895857281e-01
8.380343795630992298e-01 8.579153583697882723e-01 8.451764129781189627e-01 8.729847445397560524e-01
8.383235264352526528e-01 8.583759770040886306e-01 8.450323876872779527e-01 8.727778080952514062e-01
8.397548034524136007e-01 8.598605392695948257e-01 8.457633160382962423e-01 8.738540826967462483e-01
8.386271306510141299e-01 8.586091845949048729e-01 8.455328755729505374e-01 8.732167937516981393e-01
8.380199222194912867e-01 8.577615249904300132e-01 8.454968692502403682e-01 8.728870188313955225e-01
8.381355809683529445e-01 8.580995585453344843e-01 8.457777185673803766e-01 8.732719913443617310e-01
8.384680998713296418e-01 8.581960529757869383e-01 8.455976869538290863e-01 8.736055202794785757e-01
8.385982159637989097e-01 8.586728183459786390e-01 8.457849198319224993e-01 8.737221603947468163e-01
8.379331781578454041e-01 8.584796243030561325e-01 8.457309103478570789e-01 8.735230643875333545e-01
8.386126733074065198e-01 8.589950917779286543e-01 8.462674045562400549e-01 8.741224034834655932e-01
8.386994173690527354e-01 8.590215500599408527e-01 8.465662570347353144e-01 8.744362592440489967e-01
8.390030215848141015e-01 8.592219784709519415e-01 8.462890083498662008e-01 8.740318373502106164e-01
8.392343390825370841e-01 8.590992844400271444e-01 8.458065236255487562e-01 8.736676043900303279e-01
8.391186803336754263e-01 8.591863603355509582e-01 8.462530020271559206e-01 8.742647930804452461e-01
8.397114314215906594e-01 8.596434746827134044e-01 8.459865552390999355e-01 8.739210601719649141e-01
8.393933698622215722e-01 8.592011271960016128e-01 8.458497312128010481e-01 8.735068008523266814e-01
8.397258887651982695e-01 8.593583935756978764e-01 8.468074993968940367e-01 8.739861664577209810e-01
8.408246468793825201e-01 8.601462536154242944e-01 8.467714930741837565e-01 8.741203130408841115e-01
8.414173979672975312e-01 8.605010008994475879e-01 8.466814772674081668e-01 8.742929325707493593e-01
8.413884832800820890e-01 8.606416541248163021e-01 8.463754235243707846e-01 8.742483160274290288e-01
8.405499573508363742e-01 8.602218762251502282e-01 8.462782064530531834e-01 8.738954004810275400e-01
8.407234454741285834e-01 8.603945202738738640e-01 8.464186311116232986e-01 8.743857589269938835e-01
8.394656565802599557e-01 8.594035663102105316e-01 8.473691980311742755e-01 8.746563787108554422e-01
8.383379837788604849e-01 8.586161533842984195e-01 8.472863834889406975e-01 8.748449437607377366e-01
8.386271306510142409e-01 8.587417311503249273e-01 8.472503771662304173e-01 8.747803219510239536e-01
8.381644956555682757e-01 8.584595626605902030e-01 8.479344972977254091e-01 8.747982178404335452e-01
8.379765501886683454e-01 8.578494544383918896e-01 8.464726405956887190e-01 8.734988555348979222e-01
8.396391447035521649e-01 8.590557836563368355e-01 8.450611927454461103e-01 8.726312159881661756e-01
8.404776706327978797e-01 8.595474210387787917e-01 8.451548091844928168e-01 8.730545472906920956e-01
8.409692203154592871e-01 8.599638262119306820e-01 8.454824667211562339e-01 8.735949945272483141e-01
8.403186398531135026e-01 8.596865610020951731e-01 8.464762412279596138e-01 8.741256921932640811e-01
8.393355404877907988e-01 8.596631975211167509e-01 8.469227196295670002e-01 8.740850305654752628e-01
8.394656565802598447e-01 8.602169135457319316e-01 8.463214140403054753e-01 8.738032019034933651e-01
8.392921684569678575e-01 8.593971446377204337e-01 8.461701874849223426e-01 8.737504223468590681e-01
8.397114314215905484e-01 8.594697751066250335e-01 8.460297628263523384e-01 8.738204145008136026e-01
8.389451922103832171e-01 8.587900389287785874e-01 8.463646216275577672e-01 8.742070126512355710e-01
8.383379837788604849e-01 8.582949797104019174e-01 8.460225615618102157e-01 8.738655875226739589e-01
8.390174789284217116e-01 8.589938472162302885e-01 8.456805014960626643e-01 8.734289710622938907e-01
8.401017796989981301e-01 8.595838034177538667e-01 8.460261621940813326e-01 8.739958288425699884e-01
8.395813153291215025e-01 8.588947540088206489e-01 8.461845900140064769e-01 8.739976896170631449e-01
8.402897251658980604e-01 8.595414666171394824e-01 8.458317280514457970e-01 8.737802521569200120e-01
8.399282915757059209e-01 8.595928603332024798e-01 8.459289451227635093e-01 8.734454944878223825e-01
8.394078272058291823e-01 8.586953664203859082e-01 8.456228913797261271e-01 8.731850824433460279e-01
8.397258887651983805e-01 8.593657799252927276e-01 8.467066816933053186e-01 8.744534476597789485e-01
8.401740664170365136e-01 8.599038975392903073e-01 8.463394172016607264e-01 8.744886952076246223e-01
8.403620118839364439e-01 8.601107912244465581e-01 8.462241969689878740e-01 8.745420957432814557e-01
8.395957726727291126e-01 8.601773575600013544e-01 8.460153602972683151e-01 8.738856196451800784e-01
8.392921684569676355e-01 8.595891764397350920e-01 8.439413961091567495e-01 8.724609791459710939e-01
8.398270901704519842e-01 8.599384302164357896e-01 8.438081727151288680e-01 8.721165955402006009e-01
8.400728650117826879e-01 8.600887170856630348e-01 8.446903276215302903e-01 8.726462281218158035e-01
8.403909265711519971e-01 8.603776391810147306e-01 8.452304224621844941e-01 8.732992228945894997e-01
8.405355000072286531e-01 8.607179829773026203e-01 8.464258323761653102e-01 8.742941830621456800e-01
8.402463531350750081e-01 8.609847577375324690e-01 8.467822949709968849e-01 8.745593392015170719e-01
8.397837181396290429e-01 8.604295061871838346e-01 8.467534899128286163e-01 8.746730664523139076e-01
8.404632132891902696e-01 8.608237326104690723e-01 8.461845900140065879e-01 8.742771473791217662e-01
8.407523601613438036e-01 8.607171193932523501e-01 8.459577501809317779e-01 8.738011917048289501e-01
8.401162370426058512e-01 8.599995564497606715e-01 8.466166658865297290e-01 8.742180396014181953e-01
8.397692607960213218e-01 8.598819222139881813e-01 8.471927670498939911e-01 8.746987081608245118e-01
8.397258887651981585e-01 8.600662164314554214e-01 8.463718228920997788e-01 8.741996988558028425e-01
8.401017796989980191e-01 8.605271260682736401e-01 8.455148724115955083e-01 8.739135430317550579e-01
8.404487559455826595e-01 8.609373880259786338e-01 8.460657691490625076e-01 8.745378808159667283e-01
8.401162370426058512e-01 8.605961471653140737e-01 8.463106121434924578e-01 8.749463241223807142e-01
8.407668175049516357e-01 8.607886882428852360e-01 8.475492296447255658e-01 8.757052959788297342e-01
8.402897251658980604e-01 8.601999595591065528e-01 8.477724688455292590e-01 8.753759640056755220e-01
8.404342986019750494e-01 8.604055599445747937e-01 8.477256606260059613e-01 8.751985813947359416e-01
8.400150356373520255e-01 8.602628040063936554e-01 8.471531600949127050e-01 8.746353004544853427e-01
8.393210831441830777e-01 8.599155077016493731e-01 8.460693697813336245e-01 8.735841180863328503e-01
8.392198817389293630e-01 8.600232341005209502e-01 8.453996521789226559e-01 8.732411696272507351e-01
8.405210426636209320e-01 8.610370923842058932e-01 8.460081590327260814e-01 8.739995295213032200e-01
8.414896846853359147e-01 8.612299578095363728e-01 8.453924509143805333e-01 8.734307468064912428e-01
8.414318553109052523e-01 8.608703976031784055e-01 8.446975288860724129e-01 8.730709544549034584e-01
8.413017392184360954e-01 8.603418494018727491e-01 8.452052180362870093e-01 8.732746734447542902e-01
8.403620118839364439e-01 8.599520948409294929e-01 8.463394172016606154e-01 8.742080414747159800e-01
8.387717040870910079e-01 8.591711752638001576e-01 8.465086469183988882e-01 8.744080317102478350e-01
8.380922089375298922e-01 8.587978746572864086e-01 8.472467765339593004e-01 8.746478107656188161e-01
8.389596495539909382e-01 8.589583634603299434e-01 8.473187891793798610e-01 8.745734571080936437e-01
8.396391447035522759e-01 8.596361104995230429e-01 8.479921074140619464e-01 8.751882393167952356e-01
8.406656160996979210e-01 8.602052324492321933e-01 8.478912897104732282e-01 8.750823293471177156e-01
8.407957321921669669e-01 8.607755180111127391e-01 8.468687101455016908e-01 8.741023948300037372e-01
8.408246468793825201e-01 8.607165274263659516e-01 8.466238671510716296e-01 8.742861169766378282e-01
8.404632132891902696e-01 8.602644793678562163e-01 8.460333634586234552e-01 8.741910927330367453e-01
8.402029811042519558e-01 8.595443312752459875e-01 8.459073413291373633e-01 8.741926781373515754e-01
8.399572062629212521e-01 8.597561713289471053e-01 8.456733002315207637e-01 8.741155819730053178e-01
8.395957726727291126e-01 8.598934547456003052e-01 8.456769008637916585e-01 8.740411694679892651e-01
8.390174789284217116e-01 8.596434474209825316e-01 8.459541495486607721e-01 8.744294196460031809e-01
8.401162370426057402e-01 8.602417744268523458e-01 8.473475942375481296e-01 8.750836503400019062e-01
8.397981754832366530e-01 8.602254584782003111e-01 8.478012739036975276e-01 8.751493956925588957e-01
8.398849195448827576e-01 8.602089903760864464e-01 8.478516827554918311e-01 8.750213779750175558e-01
8.396536020471597750e-01 8.600776638422756859e-01 8.486510231196597864e-01 8.758857261341396194e-01
8.387138747126602345e-01 8.591641190330741029e-01 8.483629725379776554e-01 8.757772363269682447e-01
8.387572467434833978e-01 8.591262304428305407e-01 8.480209124722302150e-01 8.756692173296645176e-01
8.386994173690526244e-01 8.593734264289357716e-01 8.477328618905479729e-01 8.753211861552518958e-01
8.391186803336754263e-01 8.599012689018290523e-01 8.473295910761929894e-01 8.745658607966197984e-01
8.395813153291215025e-01 8.599310259014079083e-01 8.474916195283892506e-01 8.747915798568098866e-01
8.398415475140597053e-01 8.595495292748409621e-01 8.469587259522772804e-01 8.740380524563438058e-01
8.399861209501366943e-01 8.596707070728825117e-01 8.462061938076326228e-01 8.739370135230004610e-01
8.409258482846361238e-01 8.603286093032704862e-01 8.471819651530809736e-01 8.748804149607980474e-01
8.406077867252670366e-01 8.603083604911974103e-01 8.474628144702210930e-01 8.748287633478550873e-01
8.408391042229901302e-01 8.605895278349716682e-01 8.486726269132859324e-01 8.757034381453508987e-01
8.401885237606441237e-01 8.600159270732465888e-01 8.490218882435756065e-01 8.757619360940785969e-01
8.396246873599444438e-01 8.597544999811926880e-01 8.471207544044734306e-01 8.746174459795155176e-01
8.397114314215905484e-01 8.595547435200744379e-01 8.463538197307447497e-01 8.738929702610720440e-01
8.402318957914673980e-01 8.597491364840261774e-01 8.458893381677823342e-01 8.735305186719227732e-01
8.408391042229901302e-01 8.603873465516973518e-01 8.466310684156138633e-01 8.740482489549554757e-01
8.417788315574896707e-01 8.607784534075324512e-01 8.469299208941091228e-01 8.742982935626906205e-01
8.414463126545128624e-01 8.607878293470808684e-01 8.470307385976978409e-01 8.745473984013871771e-01
8.416631728086281239e-01 8.614299174424491223e-01 8.475816353351648402e-01 8.753803264909463255e-01
8.409981350026745073e-01 8.610142626806315258e-01 8.465482538733801743e-01 8.749267238904652189e-01
8.413884832800819780e-01 8.612357144395936803e-01 8.463070115112213410e-01 8.744574718036026706e-01
8.408246468793822981e-01 8.609620559846699051e-01 8.471423581980996875e-01 8.748583935625986463e-01
8.408246468793822981e-01 8.606904285087542128e-01 8.483017617893702234e-01 8.755039325399447403e-01
8.406222440688747577e-01 8.604016619319680981e-01 8.485718092096972143e-01 8.758143900719566055e-01
8.406800734433055311e-01 8.604894011862149750e-01 8.476752517742114357e-01 8.752341674479834355e-01
8.401017796989981301e-01 8.599105439698008224e-01 8.477040568323797043e-01 8.748437636714540000e-01
8.400873223553904090e-01 8.595903988033577470e-01 8.477112580969218270e-01 8.746239310146212143e-01
8.405355000072287641e-01 8.601608212996664227e-01 8.479921074140619464e-01 8.748957692107399708e-01
8.407812748485593568e-01 8.603514613872375039e-01 8.467426880160155989e-01 8.744607892881127720e-01
8.412583671876129321e-01 8.607167818537784232e-01 8.470919493463051619e-01 8.749159084919645446e-01
8.413161965620437055e-01 8.605005068892088715e-01 8.473259904439219836e-01 8.749734634652057697e-01
8.414752273417283046e-01 8.605208313867048764e-01 8.471315563012865590e-01 8.746632678434903552e-01
8.418222035883127230e-01 8.613464054364345923e-01 8.480137112076879813e-01 8.754125694830423576e-01
8.412728245312206532e-01 8.610939259188313821e-01 8.483593719057066496e-01 8.757876438494458515e-01
8.415619714033744092e-01 8.610923117114968051e-01 8.478408808586788137e-01 8.752441595829502097e-01
8.421836371785047515e-01 8.612092120498187064e-01 8.474196068829685791e-01 8.749157143087396005e-01
8.422848385837585772e-01 8.612852932422643271e-01 8.479452991945386486e-01 8.751752355289890151e-01
8.411427084387516073e-01 8.605159627587386506e-01 8.480425162658563609e-01 8.752080776093912329e-01
8.404342986019750494e-01 8.600779596246643788e-01 8.479236954009122806e-01 8.753552797161768817e-01
8.392198817389293630e-01 8.591248548327454770e-01 8.474592138379499762e-01 8.747993544481972306e-01
8.387427893998755657e-01 8.587034068274144172e-01 8.472431759016884056e-01 8.741288412193404245e-01
8.385403865893680253e-01 8.584950226104608451e-01 8.471351569335576759e-01 8.739098994361749195e-01
8.403330971967210017e-01 8.599687193348959369e-01 8.476104403933331088e-01 8.748294664492932693e-01
8.410559643771053917e-01 8.601468493692656647e-01 8.483413687443515094e-01 8.757793693370801158e-01
8.410993364079285550e-01 8.602343582032074831e-01 8.484925952997346421e-01 8.759787854524291317e-01
8.410704217207131128e-01 8.601618078094572795e-01 8.485069978288186654e-01 8.757562327844140571e-01
8.401017796989980191e-01 8.597954601854416179e-01 8.479092928718283684e-01 8.751762020413011989e-01
8.399716636065288622e-01 8.598430479726958398e-01 8.483809756993329065e-01 8.752910382969136815e-01
8.395813153291213915e-01 8.599798004341342450e-01 8.480461168981273667e-01 8.750356007220662091e-01
8.395234859546905071e-01 8.597407708590191211e-01 8.481253308080898279e-01 8.749538985547515857e-01
8.394801139238674548e-01 8.596159996236800716e-01 8.476320441869592548e-01 8.747794374766689751e-01
8.394801139238677878e-01 8.595752667748091103e-01 8.483737744347907839e-01 8.757281945414906454e-01
8.402318957914671760e-01 8.598536794265294603e-01 8.481973434535104994e-01 8.757133635986658060e-01
8.400584076681750778e-01 8.598584804734602516e-01 8.480893244853796586e-01 8.753650527489791333e-01
8.404632132891902696e-01 8.603612481739189022e-01 8.479777048849778120e-01 8.751897369889685141e-01
8.406222440688748687e-01 8.607637694166677678e-01 8.484817934029216246e-01 8.754559112104450813e-01
8.392921684569676355e-01 8.594186627324964523e-01 8.473799999279874040e-01 8.743871895695254359e-01
8.392921684569676355e-01 8.593805669799523539e-01 8.469335215263799066e-01 8.740859114346593017e-01
8.396391447035520539e-01 8.597666850077395617e-01 8.475204245865574082e-01 8.749133972938495374e-01
8.409113909410284027e-01 8.609302791847569525e-01 8.479488998268096545e-01 8.756109011333511605e-01
8.408680189102053504e-01 8.608236156667082861e-01 8.489642781272390692e-01 8.765531220299909165e-01
8.406077867252671476e-01 8.606250524055749640e-01 8.484673908738373793e-01 8.761489244541339483e-01
8.407957321921670779e-01 8.607368966273016841e-01 8.477364625228190897e-01 8.754199385590673010e-01
8.404053839147594962e-01 8.604555410995344822e-01 8.472899841212118144e-01 8.748783719147981142e-01
8.406077867252671476e-01 8.605381478470105483e-01 8.486906300746410725e-01 8.757660791597273731e-01
8.406367014124824788e-01 8.604869862800832436e-01 8.489030673786317482e-01 8.760599235196420143e-01
8.400439503245673567e-01 8.601036236531727219e-01 8.488454572622952110e-01 8.764582983374792358e-01
8.407957321921670779e-01 8.601550742111105929e-01 8.484817934029216246e-01 8.759548553446165897e-01
8.423137532709739084e-01 8.609635174258482015e-01 8.483665731702485502e-01 8.756048952619341907e-01
8.428342176408507580e-01 8.615779823081539668e-01 8.487518408232486156e-01 8.762273005090710498e-01
8.432245659182582287e-01 8.622030166520417982e-01 8.477652675809871363e-01 8.752068080461035127e-01
8.433257673235119434e-01 8.627936879124509240e-01 8.484205826543140816e-01 8.758461846253413619e-01
8.417643742138818386e-01 8.617958419689384364e-01 8.478624846523048486e-01 8.751031012703665013e-01
8.409403056282438449e-01 8.611263862778923972e-01 8.483953782284169298e-01 8.754065264046017036e-01
8.407379028177363045e-01 8.609061123950395578e-01 8.487158345005382243e-01 8.756284384326330494e-01
8.416053434341973505e-01 8.617955928760139273e-01 8.483917775961458130e-01 8.752295465324625434e-01
8.411427084387513853e-01 8.613426808197379714e-01 8.485033971965476596e-01 8.753216884238019802e-01
8.405210426636210430e-01 8.609597493304749216e-01 8.485970136355944771e-01 8.753329177511233183e-01
8.407812748485593568e-01 8.605334143219396381e-01 8.478408808586787027e-01 8.749505194577895661e-01
8.396102300163368337e-01 8.601813727648055519e-01 8.474160062506976843e-01 8.752713927768454028e-01
8.402174384478595659e-01 8.602723562878148433e-01 8.485718092096972143e-01 8.761719351549589474e-01
8.404776706327978797e-01 8.603876510838217584e-01 8.485718092096972143e-01 8.761232474829492300e-01
8.405788720380518164e-01 8.603552261670861512e-01 8.480245131045011098e-01 8.755886110763622110e-01
8.418944903063509955e-01 8.608806064165774874e-01 8.472287733726042713e-01 8.753592239183247692e-01
8.427330162355969323e-01 8.612214666049964329e-01 8.477868713746133933e-01 8.753109750492589214e-01
8.419667770243894900e-01 8.608216214335806526e-01 8.483305668475386030e-01 8.756923313507060103e-01
8.409258482846362348e-01 8.602036865999447279e-01 8.483917775961458130e-01 8.756453998699380570e-01
8.408246468793824091e-01 8.599032725009388978e-01 8.475816353351648402e-01 8.746482224942453421e-01
8.404776706327979907e-01 8.601150046371295321e-01 8.472143708435200260e-01 8.744415398226473846e-01
8.406656160996979210e-01 8.608458427213406816e-01 8.472539777985015341e-01 8.744951795466429090e-01
8.410704217207130018e-01 8.608459116337104922e-01 8.483233655829964803e-01 8.752772273740561104e-01
8.415185993725512459e-01 8.614117290064633448e-01 8.498716374595378653e-01 8.764781487502385504e-01
8.418366609319204441e-01 8.616773807399158436e-01 8.498788387240799880e-01 8.765575669086843602e-01
8.419956917116050432e-01 8.622225224845637692e-01 8.494539641160988586e-01 8.761659293779449076e-01
8.418366609319204441e-01 8.619469225361415798e-01 8.492055204893979026e-01 8.760925489807682709e-01
8.416342581214127927e-01 8.614926619896096094e-01 8.492811337670893579e-01 8.762415442905093776e-01
8.418944903063509955e-01 8.615057553349609876e-01 8.491731147989587392e-01 8.759405145946943527e-01
8.422270092093279148e-01 8.611186337085655618e-01 8.497816216527622757e-01 8.767366011718261687e-01
8.421113504604662570e-01 8.608655082201752684e-01 8.502893108029769831e-01 8.771042288837992418e-01
8.415619714033741872e-01 8.607675712843958493e-01 8.498968418854351281e-01 8.768757260015598298e-01
8.422414665529356359e-01 8.610090427696504012e-01 8.490939008889961670e-01 8.761053871591809594e-01
8.424727840506586185e-01 8.614568187432297686e-01 8.492019198571268968e-01 8.761647378377828144e-01
