7.547456230392226573e-01 7.747447030253962197e-01 7.219303709731428320e-01 7.371911526006647009e-01
7.543408174182075765e-01 7.736597807514730141e-01 7.211922413575824198e-01 7.366149336836372852e-01
7.546155069467535004e-01 7.741658645421189977e-01 7.202848820252835127e-01 7.357526532425611165e-01
7.543697321054230187e-01 7.735167171655711327e-01 7.198312023591342257e-01 7.354785580332436901e-01
7.542107013257383086e-01 7.725685423833635879e-01 7.197519884491717646e-01 7.357438861264804508e-01
7.535456635197848030e-01 7.718188804636619826e-01 7.198023973009659571e-01 7.359244213516913380e-01
7.529962844626928442e-01 7.713362537260924912e-01 7.198600074173024943e-01 7.361167760745779276e-01
7.518686116612932624e-01 7.700357492830489647e-01 7.195323498806389662e-01 7.358115466474973720e-01
7.509867137012244953e-01 7.689755960645767718e-01 7.197303846555455076e-01 7.361705876085922196e-01
7.502204744900171640e-01 7.680624129757451790e-01 7.198204004623212082e-01 7.364903861883342895e-01
7.499313276178635190e-01 7.675327429128889767e-01 7.199716270177043409e-01 7.369758863322198872e-01
7.493819485607713382e-01 7.671043019304595312e-01 7.203352908770781493e-01 7.374148580233248484e-01
7.492662898119099024e-01 7.672951744067697533e-01 7.201318551537649881e-01 7.373283096585857566e-01
7.477771834203184032e-01 7.656493553381520378e-01 7.196259663196856726e-01 7.371364916775332565e-01
7.465049371828420544e-01 7.641765799904305378e-01 7.194171296479661137e-01 7.370787381965311358e-01
7.448278853243505138e-01 7.623215741396268674e-01 7.193199125766484014e-01 7.372574284943707035e-01
7.428038572192745548e-01 7.602164972103878648e-01 7.189382455559196750e-01 7.369850890893798745e-01
7.406063409909062756e-01 7.583194933111994107e-01 7.183693456570974245e-01 7.362878561732866256e-01
7.394497535022914736e-01 7.573206903875788765e-01 7.177464362742097537e-01 7.354826382744059643e-01
7.393919241278608112e-01 7.569812794134449518e-01 7.177896438614621566e-01 7.354078625333493324e-01
7.396087842819760727e-01 7.567624628037881163e-01 7.178040463905461799e-01 7.350805658693887468e-01
7.403027367751449095e-01 7.568116707398496734e-01 7.174187787375463365e-01 7.350462223263360961e-01
7.389871185068455084e-01 7.548382630545280580e-01 7.166266396379203929e-01 7.344707196627930923e-01
7.366884008732235145e-01 7.521129310213054975e-01 7.149379431028088927e-01 7.333619913155037251e-01
7.347944888606166014e-01 7.491220169310510713e-01 7.140233825059680850e-01 7.327388616192522797e-01
7.347800315170089913e-01 7.486050008263330779e-01 7.135300958848374009e-01 7.329812559184817333e-01
7.341294510546632068e-01 7.466084604586906703e-01 7.126911485656881595e-01 7.328920553217250777e-01
7.341149937110554857e-01 7.461062441399926026e-01 7.122662739577070301e-01 7.329105068812133972e-01
7.353583252613165033e-01 7.466562157271756650e-01 7.119494183178566304e-01 7.323450553286756648e-01
7.350258063583396950e-01 7.456177401113723846e-01 7.119062107306043385e-01 7.323751731868735071e-01
7.345631713628938408e-01 7.447084156704812941e-01 7.117801886011184687e-01 7.323602732564494788e-01
7.350402637019475272e-01 7.447543793062472162e-01 7.118305974529127722e-01 7.324292452644599605e-01
7.348234035478321546e-01 7.440333766097899648e-01 7.107360052425205632e-01 7.313389627831081707e-01
7.352282091688472354e-01 7.440903845016580975e-01 7.098574509683901468e-01 7.304777047917789812e-01
7.356619294770778694e-01 7.434502583350250937e-01 7.089104846811099536e-01 7.293603000946530246e-01
7.345631713628937298e-01 7.417644368391770326e-01 7.083667892081849660e-01 7.288405396800963221e-01
7.334644132487097012e-01 7.403567705400234678e-01 7.075350431535776252e-01 7.277923746138441619e-01
7.331752663765560563e-01 7.405005986639318083e-01 7.071461748683067761e-01 7.272273606565398119e-01
7.330306929404791783e-01 7.408105712083167260e-01 7.066816933053444716e-01 7.274583049110610045e-01
7.336668160592173527e-01 7.418898391025882111e-01 7.063684382977650777e-01 7.278509491206585080e-01
7.329439488788329626e-01 7.412678193198687371e-01 7.059759693802231117e-01 7.275742646229399480e-01
7.320042215443334221e-01 7.400036483021316114e-01 7.046365341754012857e-01 7.271647543412605996e-01
7.323222831037025093e-01 7.396204390553463570e-01 7.036355584040556721e-01 7.265940456765704880e-01
7.319030201390795964e-01 7.394174664849090250e-01 7.030234509179811297e-01 7.262102240523975460e-01
7.314837571744565725e-01 7.394915094342482398e-01 7.029334351112055401e-01 7.261893827751249031e-01
7.319753068571180910e-01 7.403389679326419781e-01 7.024005415350935699e-01 7.253856419563946556e-01
7.313825557692029689e-01 7.393687686659823344e-01 7.029946458598130832e-01 7.264755179808819463e-01
7.324957712269948296e-01 7.399860310695715038e-01 7.037543792689996414e-01 7.273371888678055175e-01
7.342740244907401959e-01 7.413467168543432795e-01 7.051658271192422500e-01 7.284162324235297081e-01
7.353294105741011721e-01 7.431859578971032887e-01 7.056015036240362859e-01 7.285821663362836986e-01
7.334499559051019801e-01 7.431546905823549487e-01 7.062964256523445172e-01 7.287094657435900791e-01
7.331608090329482241e-01 7.431483480152905052e-01 7.068149166993723531e-01 7.296857555062987721e-01
7.314259278000260212e-01 7.424497055872445461e-01 7.072289894105404651e-01 7.302751066015320536e-01
7.301681389061573935e-01 7.420980245056565394e-01 7.065988787631107826e-01 7.297557072632965269e-01
7.301970535933727247e-01 7.425705374477714615e-01 7.064116458850174807e-01 7.297643614441335913e-01
7.297344185979268705e-01 7.424384109700454815e-01 7.059291611606999250e-01 7.296384142786600524e-01
7.296187598490652126e-01 7.430256585352253973e-01 7.056411105790176830e-01 7.296970823211736956e-01
7.292862409460887374e-01 7.420754578859286577e-01 7.053170536746251607e-01 7.292409794209645524e-01
7.299223640648268008e-01 7.425039841665087570e-01 7.050037986670459889e-01 7.291461803720704626e-01
7.300235654700804044e-01 7.420664094039672865e-01 7.044853076200181530e-01 7.287724424028227954e-01
7.289970940739348704e-01 7.403305344366384322e-01 7.041756532447098760e-01 7.287041019969259237e-01
7.291416675100117484e-01 7.400618516103867339e-01 7.037903855917099216e-01 7.283308302408071366e-01
7.284910870476657418e-01 7.394577073455986804e-01 7.032070831638034258e-01 7.280500099349611620e-01
7.290982954791888071e-01 7.405460493963487156e-01 7.032718945446820857e-01 7.283723388317014935e-01
7.286645751709579510e-01 7.396592297991138043e-01 7.038587976048593653e-01 7.289359938344870393e-01
7.267706631583512600e-01 7.373914755780119901e-01 7.038281922305555938e-01 7.290274222699195672e-01
7.262501987884746324e-01 7.377217663165851480e-01 7.041432475542706015e-01 7.292380178041281136e-01
7.263947722245516214e-01 7.379269312557324989e-01 7.036859672558501977e-01 7.292153038244812979e-01
7.262501987884746324e-01 7.373002713909965200e-01 7.044024930777843529e-01 7.299001535263471840e-01
7.266839190967051554e-01 7.378534819773376885e-01 7.050290030929430296e-01 7.301140332439512992e-01
7.271031820613280683e-01 7.385215716648718676e-01 7.056159061531204202e-01 7.304943544967563707e-01
7.267851205019590921e-01 7.389359113583829908e-01 7.053818650555038205e-01 7.305667771712816005e-01
7.274501583079125977e-01 7.393852597952623729e-01 7.046293329108591630e-01 7.301128327733905632e-01
7.275658170567740335e-01 7.401459503329668177e-01 7.042800715805695999e-01 7.298216403701396349e-01
7.274790729951278179e-01 7.394757839293075730e-01 7.025553687227477084e-01 7.279165359919340661e-01
7.271465540921510096e-01 7.392474775851070046e-01 7.031998818992615252e-01 7.285085191385354264e-01
7.286501178273503410e-01 7.410264003245734532e-01 7.035167375391118139e-01 7.289648343126273744e-01
7.289537220431117071e-01 7.415919015317760099e-01 7.035815489199903627e-01 7.292635654992719596e-01
7.295898451618498814e-01 7.428572275722423734e-01 7.027786079235512906e-01 7.281728783586709497e-01
7.288525206378578813e-01 7.419714536518262626e-01 7.024005415350936810e-01 7.278238391890554659e-01
7.295031011002038879e-01 7.422258503044311118e-01 7.026075778906776259e-01 7.280532850757386321e-01
7.305295724963495330e-01 7.421214733483797454e-01 7.021881042311030052e-01 7.276429901006237211e-01
7.311223235842646551e-01 7.432191917192993991e-01 7.011151158143370532e-01 7.276567041407993042e-01
7.301681389061573935e-01 7.413454168975572856e-01 7.015976005386546088e-01 7.281199382067723436e-01
7.303127123422342715e-01 7.415476662572874078e-01 7.017380251972246130e-01 7.281255444913682373e-01
7.302548829678034981e-01 7.421603543809947023e-01 7.022457143474394314e-01 7.287672467693330214e-01
7.302548829678034981e-01 7.424232646980617467e-01 7.031998818992615252e-01 7.295543642964257280e-01
7.303560843730574348e-01 7.429105095593853125e-01 7.041792538769807708e-01 7.299950515292636943e-01
7.305729445271724742e-01 7.433358679390822399e-01 7.043772886518873122e-01 7.299104665166253891e-01
7.306596885888186899e-01 7.439170795409262293e-01 7.038335931789622135e-01 7.290810455280702929e-01
7.298789920340036375e-01 7.426408862680641265e-01 7.037363761076445012e-01 7.288646335567168233e-01
7.295320157874192191e-01 7.412683434155842299e-01 7.020602817854815214e-01 7.276904093008451646e-01
7.304283710910957073e-01 7.422992210209449215e-01 7.020476795725328900e-01 7.277486303878032414e-01
7.306307739016031366e-01 7.423025036392471021e-01 7.013815626023930383e-01 7.275817479427086898e-01
7.308042620248954568e-01 7.423056635299345452e-01 7.017164214035984671e-01 7.283202722790897976e-01
7.289681793867195392e-01 7.406852233966355614e-01 7.015579935836732117e-01 7.282159619585388821e-01
7.279995373650045565e-01 7.395275478256289059e-01 7.027065952781307301e-01 7.293899191492139167e-01
7.262212841012591902e-01 7.381948111750880059e-01 7.030162496534391181e-01 7.295885103461388077e-01
7.271610114357587307e-01 7.399628045313488833e-01 7.039956216311584747e-01 7.301264084609841998e-01
7.278549639289275675e-01 7.410836328656535965e-01 7.038335931789623245e-01 7.295466336767890692e-01
7.286934898581733933e-01 7.423254599665936038e-01 7.033943160418969498e-01 7.291317599653418524e-01
7.293729850077346200e-01 7.432328631945478437e-01 7.028866268916821314e-01 7.284654829249057606e-01
7.294018996949500622e-01 7.430051369713754905e-01 7.022601168765234547e-01 7.273815003565553550e-01
7.289826367303271493e-01 7.418583763474728698e-01 7.009998955816640898e-01 7.263425439567461339e-01
7.292428689152655741e-01 7.415157798658255084e-01 7.000349261330288675e-01 7.256488359270534261e-01
7.298645346903958053e-01 7.429357274183938653e-01 6.996352559509450009e-01 7.256973599503677708e-01
7.309343781173647248e-01 7.430939524630784110e-01 7.009566879944117979e-01 7.270243545684655917e-01
7.303849990602726550e-01 7.422060087885398172e-01 7.017920346812900334e-01 7.276801040462691494e-01
7.304572857783111495e-01 7.422714213431365060e-01 7.025733718841027375e-01 7.282989489681014339e-01
7.296765892234960971e-01 7.418553603674020724e-01 7.021665004374768593e-01 7.280806371060547511e-01
7.287657765762118878e-01 7.422488399365719802e-01 7.014895815705237681e-01 7.277847648624656829e-01
7.286790325145657832e-01 7.431531428437514464e-01 7.006902412063559238e-01 7.269183771886003065e-01
7.282597695499428703e-01 7.429315448482756157e-01 6.998981021067298691e-01 7.258233900847272935e-01
7.279995373650045565e-01 7.424646050190546465e-01 6.996028502605058375e-01 7.254708236656268738e-01
7.276814758056353583e-01 7.420052494259876674e-01 7.002221590111223914e-01 7.262820307891251215e-01
7.294597290693807246e-01 7.441348296640629689e-01 7.018064372103742787e-01 7.279544812556414390e-01
7.305006578091340907e-01 7.452158854395450893e-01 7.027570041299251447e-01 7.289658188916010584e-01
7.300380228136881255e-01 7.451778039645768903e-01 7.033511084546446579e-01 7.296950261976398178e-01
7.290549234483656438e-01 7.432899345327274032e-01 7.021340947470375848e-01 7.289521683935242802e-01
7.271176394049357894e-01 7.422350197211295963e-01 7.015471916868601943e-01 7.288022161680982602e-01
7.264670589425898939e-01 7.413298067081059983e-01 7.018082375265095596e-01 7.286657595765171358e-01
7.263369428501207370e-01 7.421071524082185622e-01 7.026669883231495550e-01 7.287163600678907560e-01
7.269730659688589114e-01 7.427366834998125888e-01 7.036139546104296372e-01 7.296850044453544459e-01
7.266405470658818810e-01 7.417654472040302593e-01 7.038587976048594763e-01 7.300337268514531797e-01
7.260622533215747021e-01 7.412730976128046878e-01 7.036283571395136605e-01 7.304553962894217989e-01
7.269730659688589114e-01 7.414292806777653677e-01 7.032826964414951032e-01 7.300332025040813244e-01
7.285633737657042364e-01 7.420485737045737773e-01 7.028074129817195592e-01 7.293376502934572070e-01
7.306018592143880275e-01 7.433554263204200652e-01 7.028218155108038045e-01 7.290370624327587867e-01
7.309632928045801670e-01 7.441570512507473811e-01 7.039488134116351770e-01 7.297317689031288523e-01
7.299657360956497421e-01 7.440963252501855418e-01 7.048165657889525759e-01 7.307400494465421392e-01
7.291705821972271906e-01 7.433123816627902336e-01 7.048309683180367102e-01 7.306898189303139279e-01
7.279995373650045565e-01 7.424638390943119060e-01 7.047193487176348636e-01 7.306868829063972726e-01
7.287946912634273300e-01 7.427372432293537496e-01 7.040064235279713811e-01 7.302037028842658373e-01
7.284766297040581318e-01 7.420151864461392854e-01 7.036103539781585203e-01 7.299460157127051207e-01
7.295031011002037769e-01 7.431618655133461759e-01 7.034843318486726504e-01 7.300889812917208399e-01
7.296765892234959860e-01 7.430113647568716839e-01 7.037147723140183553e-01 7.301275791715462482e-01
7.304572857783110384e-01 7.446674824332473186e-01 7.048201664212235817e-01 7.309487971130912420e-01
7.317439893593949973e-01 7.457122690442522517e-01 7.055762991981391341e-01 7.316070386749875532e-01
7.305584871835648642e-01 7.447079852931992594e-01 7.061163940387932270e-01 7.320321914263144825e-01
7.302693403114111081e-01 7.436349566656027532e-01 7.061632022583166357e-01 7.317386471951834448e-01
7.286356604837426199e-01 7.420063666012729486e-01 7.051514245901580047e-01 7.308011187071342674e-01
7.287079472017811144e-01 7.419644195703507528e-01 7.043952918132423413e-01 7.305282830860750920e-01
7.305440298399572541e-01 7.434151142285796432e-01 7.038263919144200909e-01 7.303141679238452921e-01
7.312668970203415331e-01 7.441630133378864809e-01 7.032610926478689573e-01 7.297821046710006865e-01
7.330885223149098406e-01 7.458458045449382068e-01 7.034519261582333760e-01 7.299594667223572309e-01
7.328716621607946902e-01 7.457301087265199024e-01 7.037435773721865129e-01 7.299378662021323017e-01
7.314259278000260212e-01 7.442022387014131102e-01 7.038191906498781902e-01 7.295369217319277455e-01
7.297777906287499228e-01 7.434606964979396659e-01 7.047589556726161497e-01 7.304483588909290726e-01
7.284766297040583538e-01 7.422354133367931039e-01 7.058715510443633878e-01 7.313291520342264374e-01
7.285055443912734630e-01 7.423464740097436287e-01 7.050650094156533099e-01 7.302534972241943034e-01
7.291994968844425218e-01 7.431087551664874447e-01 7.049929967702328604e-01 7.305704611087852074e-01
7.305729445271724742e-01 7.447755780215601362e-01 7.055222897140738247e-01 7.308224233622031552e-01
7.300669375009034567e-01 7.443245802005818978e-01 7.058589488314147564e-01 7.311319385935175497e-01
7.296476745362807659e-01 7.434957086348541466e-01 7.047337512467188869e-01 7.297755698402230706e-01
7.282453122063352602e-01 7.427640516574949281e-01 7.033907154096259440e-01 7.291613465998546539e-01
7.266116323786666609e-01 7.407914345671947620e-01 7.024329472255328444e-01 7.283250137751549058e-01
7.279561653341815042e-01 7.415694720364318648e-01 7.027894098203644191e-01 7.290416781817041780e-01
7.300380228136881255e-01 7.439121450352432774e-01 7.039308102502799258e-01 7.306136490144916618e-01
7.307464326504647945e-01 7.458182826379627928e-01 7.048237670534945876e-01 7.312442130609499991e-01
7.307175179632494633e-01 7.459418679408053032e-01 7.054646795977373985e-01 7.316001336881030603e-01
7.297488759415344806e-01 7.440769854828602758e-01 7.050722106801953215e-01 7.313947069546843371e-01
7.292284115716578530e-01 7.431476471091187364e-01 7.049497891829805685e-01 7.311757872534218050e-01
7.302548829678034981e-01 7.440979210365599172e-01 7.055042865527187956e-01 7.311554387367504848e-01
7.310066648354029972e-01 7.452210500327703935e-01 7.056411105790176830e-01 7.312546515858999729e-01
7.308620913993262302e-01 7.454451383757259020e-01 7.055114878172608073e-01 7.310468957579026039e-01
7.307319753068570733e-01 7.452368684081465133e-01 7.053458587327934293e-01 7.309389523664244770e-01
7.304717431219186485e-01 7.444428666527255212e-01 7.054826827590924276e-01 7.310916180211217696e-01
7.299223640648266898e-01 7.443370241886286820e-01 7.055726985658682393e-01 7.315198433206033801e-01
7.296187598490652126e-01 7.449179987783804968e-01 7.048057638921394474e-01 7.307306302508541629e-01
7.278983359597508418e-01 7.431404293858853150e-01 7.039056058243826630e-01 7.302369822311098879e-01
7.291127528227965282e-01 7.443731123841696995e-01 7.038912032952986397e-01 7.302435885726495934e-01
7.293151556333039576e-01 7.444875565362170100e-01 7.040532317474947899e-01 7.305314835163599918e-01
7.285778311093120685e-01 7.443410297930556085e-01 7.036463603008689116e-01 7.296865774846572616e-01
7.286212031401348987e-01 7.444403061012156986e-01 7.038695995016724938e-01 7.293362722276455212e-01
7.299801934392574632e-01 7.450484923315736641e-01 7.045177133104572054e-01 7.293654154543337542e-01
7.310355795226186615e-01 7.459117440035841762e-01 7.064908597949798308e-01 7.312042162599656780e-01
7.328716621607946902e-01 7.472824904290976678e-01 7.066312844535500570e-01 7.319718989614552029e-01
7.336379013720019104e-01 7.478491427300615335e-01 7.068149166993723531e-01 7.322540700267312630e-01
7.324090271653487250e-01 7.463674715958394934e-01 7.060263782320175263e-01 7.313436491643908743e-01
7.319463921699026487e-01 7.466560223969523902e-01 7.044961095168310594e-01 7.298708792253214561e-01
7.314692998308491845e-01 7.458937039103614719e-01 7.037327754753734954e-01 7.296115776707645662e-01
7.298789920340036375e-01 7.442675206465535487e-01 7.035527438618220941e-01 7.297003244586252046e-01
7.285922884529196786e-01 7.434023730201486657e-01 7.041576500833546248e-01 7.303338505184728824e-01
7.277248478364585216e-01 7.435775636389659882e-01 7.055726985658681283e-01 7.312088408957957419e-01
7.289826367303271493e-01 7.446658847025278138e-01 7.071857818232881732e-01 7.325248967892017404e-01
7.290838381355808639e-01 7.449192484962129379e-01 7.070849641196993440e-01 7.319760376640134236e-01
7.298356200031805852e-01 7.445719369489609551e-01 7.062964256523445172e-01 7.312812636805723354e-01
7.314837571744566835e-01 7.452754606263723991e-01 7.057275257535222668e-01 7.305157493590593853e-01
7.320620509187641956e-01 7.456922837338412213e-01 7.059111579993446739e-01 7.305687388625576872e-01
7.332330957509867186e-01 7.463787303151119268e-01 7.058283434571112069e-01 7.310508013596344057e-01
7.335511573103556948e-01 7.461638549035014556e-01 7.057095225921672377e-01 7.312063258267289534e-01
7.321632523240181323e-01 7.454104566983500435e-01 7.065808756017556425e-01 7.315701970201132776e-01
7.308910060865416725e-01 7.447030235611463711e-01 7.073730147013815861e-01 7.325041608250922875e-01
7.307608899940725156e-01 7.451011191360578101e-01 7.069913476806526376e-01 7.318279816520028014e-01
7.309488354609723348e-01 7.451830928089380190e-01 7.053602612618775636e-01 7.303624742858959573e-01
7.317584467030027184e-01 7.453323457826590559e-01 7.041810541931163847e-01 7.296630512648061284e-01
7.308910060865415614e-01 7.446072059749458960e-01 7.039668165729902061e-01 7.294307183723705013e-01
7.318162760774336029e-01 7.459985587037100130e-01 7.042620684192144598e-01 7.297183176197308274e-01
7.325536006014254919e-01 7.466742862923778645e-01 7.045357164718124565e-01 7.302364280046533818e-01
7.322933684164871782e-01 7.468623000388350253e-01 7.051982328096813024e-01 7.308988697245653032e-01
7.311801529586954285e-01 7.451805782823299751e-01 7.053134530423542659e-01 7.313441799723121584e-01
7.309343781173647248e-01 7.439439321639722547e-01 7.065016616917930703e-01 7.319944866827057250e-01
7.305874018707803064e-01 7.440259627091586614e-01 7.071461748683068871e-01 7.324635275672920498e-01
7.295464731310268292e-01 7.431879543449886327e-01 7.065052623240640761e-01 7.314689447982529735e-01
7.298934493776113586e-01 7.430030148626434183e-01 7.049497891829805685e-01 7.297188048630506296e-01
7.296765892234960971e-01 7.429871789102933111e-01 7.042620684192143488e-01 7.294763863399769122e-01
7.291705821972269685e-01 7.428043352417377232e-01 7.047661569371581614e-01 7.299412635604445310e-01
7.298934493776113586e-01 7.450080476641235405e-01 7.051514245901581157e-01 7.306017449935736652e-01
7.307175179632494633e-01 7.445834711152248264e-01 7.057203244889802551e-01 7.305606594799236575e-01
7.318307334210413240e-01 7.452090036467624579e-01 7.065916774985686599e-01 7.308816340824881852e-01
7.320186788879412543e-01 7.454572417763023484e-01 7.069697438870264916e-01 7.313827169183217958e-01
7.309632928045801670e-01 7.443974184528345805e-01 7.063288313427837917e-01 7.313318709505156612e-01
7.308910060865416725e-01 7.444083199954896202e-01 7.055366922431578480e-01 7.311243070139080702e-01
7.305729445271724742e-01 7.431571236689119564e-01 7.055222897140737137e-01 7.310610430107791213e-01
7.315705012361028992e-01 7.443949981335984400e-01 7.044132949745975925e-01 7.301592791222024648e-01
7.326548020066793176e-01 7.457539223832927444e-01 7.049857955056906267e-01 7.304830890772724405e-01
7.328572048171869691e-01 7.463313213790379042e-01 7.057383276503353953e-01 7.307277699499596935e-01
7.339559629313709976e-01 7.475333197625315673e-01 7.059795700124942286e-01 7.307908043689688160e-01
7.341872804290938692e-01 7.478507537951228912e-01 7.066276838212790512e-01 7.315139833819587212e-01
7.324523991961716662e-01 7.467379919904091334e-01 7.058679504120923820e-01 7.309413749220947665e-01
7.311801529586953174e-01 7.447063226818150250e-01 7.058787523089053995e-01 7.309033049125424064e-01
7.306307739016033587e-01 7.437851977922930180e-01 7.064836585304379302e-01 7.313500485185533417e-01
7.307464326504647945e-01 7.433634962839252847e-01 7.062604193296342370e-01 7.308958642702247932e-01
7.308331767121108991e-01 7.434883642582776897e-01 7.060839883483540635e-01 7.308404859483227378e-01
7.294308143821653934e-01 7.423602636931501131e-01 7.057707333407747807e-01 7.305816093423725954e-01
7.293296129769117897e-01 7.430291202581447152e-01 7.058013387150783302e-01 7.308652150767726008e-01
7.287368618889964456e-01 7.420998268437892786e-01 7.053818650555038205e-01 7.307193002933201065e-01
7.292139542280501319e-01 7.421896424982495910e-01 7.056483118435596946e-01 7.310782485043483270e-01
7.290838381355809750e-01 7.420755265429910263e-01 7.048093645244104533e-01 7.302082797569673378e-01
7.300380228136882366e-01 7.426586028310651066e-01 7.052342391323915827e-01 7.305180976748439914e-01
7.300813948445112889e-01 7.426691366415942852e-01 7.050902138415505727e-01 7.307085391955099318e-01
7.297777906287499228e-01 7.424943301437041399e-01 7.057779346053165703e-01 7.315735620196743838e-01
7.316138732669258404e-01 7.451476273626668201e-01 7.071569767651200156e-01 7.322937738384922568e-01
7.329150341916176314e-01 7.453895598314528304e-01 7.081615531687364129e-01 7.329440410288891039e-01
7.337391027772557361e-01 7.464209342923542323e-01 7.077690842511944469e-01 7.322851785675752456e-01
7.341439083982710390e-01 7.470021555748097564e-01 7.077186753994001434e-01 7.326202795886662678e-01
7.335656146539635269e-01 7.462367156934910373e-01 7.072577944687087337e-01 7.323558710661974835e-01
7.334499559051018691e-01 7.453026508435238728e-01 7.064440515754566441e-01 7.315564985343072646e-01
7.326258873194637644e-01 7.448372398092795166e-01 7.058499472507371308e-01 7.305958300464252542e-01
7.316138732669259515e-01 7.436296957014452147e-01 7.051262201642608529e-01 7.299559701722817540e-01
7.321198802931949690e-01 7.444180495112934226e-01 7.051766290160552675e-01 7.302934878377405070e-01
7.316861599849643349e-01 7.438514589805290678e-01 7.048813771698310138e-01 7.303875310241551011e-01
7.307753473376802367e-01 7.430624128633122050e-01 7.049209841248122999e-01 7.306851546131334363e-01
7.303849990602726550e-01 7.429614545761562550e-01 7.062532180650922253e-01 7.319189007222777210e-01
7.305874018707803064e-01 7.436183947703307595e-01 7.063612370332230661e-01 7.323672546666435412e-01
7.308620913993263413e-01 7.436841278122027221e-01 7.066348850858210628e-01 7.321196685128430470e-01
7.313825557692029689e-01 7.440035986128241685e-01 7.064728566336249127e-01 7.317477304844441921e-01
7.311946103023030386e-01 7.434361681125720711e-01 7.052486416614757170e-01 7.308100941372898118e-01
7.311946103023030386e-01 7.436647775610902844e-01 7.057815352375877982e-01 7.308922482015529631e-01
7.301681389061573935e-01 7.426140246762115149e-01 7.048093645244104533e-01 7.299585431663189183e-01
7.300235654700806265e-01 7.436023736051980970e-01 7.050830125770084500e-01 7.309371855240037741e-01
7.304139137474879862e-01 7.433553303897428854e-01 7.058679504120922710e-01 7.317304429239621655e-01
7.300380228136882366e-01 7.420094229941394115e-01 7.061668028905876415e-01 7.315759915033920313e-01
7.300958521881188990e-01 7.415973648826988951e-01 7.058031390312139441e-01 7.315991084117263732e-01
7.307608899940725156e-01 7.422175033478022321e-01 7.049317860216253173e-01 7.310714843280285979e-01
7.301825962497650035e-01 7.419106318624114627e-01 7.044024930777845750e-01 7.302990567030328561e-01
7.301103095317266201e-01 7.417589157810516864e-01 7.040316279538687549e-01 7.298027043026205085e-01
7.294886437565961668e-01 7.424856655352518597e-01 7.044565025618498844e-01 7.301535510860550637e-01
7.276959331492430794e-01 7.411895908637291530e-01 7.053530599973354409e-01 7.309688182023540426e-01
7.277103904928508005e-01 7.413073817183603031e-01 7.063972433559333464e-01 7.318491051643232215e-01
7.288236059506425502e-01 7.415220669276195720e-01 7.070669609583442039e-01 7.323535205741236176e-01
7.306018592143880275e-01 7.429736412230039111e-01 7.062352149037370852e-01 7.320784168510054979e-01
7.304572857783111495e-01 7.424174151599010063e-01 7.051334214288029756e-01 7.311976363880052787e-01
7.311656956150875963e-01 7.433903696354597912e-01 7.046941442917376008e-01 7.308220584566358369e-01
7.308476340557185091e-01 7.433979210343517607e-01 7.042368639933171970e-01 7.306269780845726647e-01
7.302404256241957770e-01 7.434291479181922568e-01 7.049137828602702882e-01 7.309839117999480385e-01
7.304717431219187596e-01 7.430745506173290771e-01 7.056699156371859516e-01 7.312351914870655056e-01
7.302115109369805568e-01 7.416537014397612815e-01 7.050758113124664384e-01 7.308353578084575419e-01
7.306307739016032476e-01 7.423894957739124445e-01 7.062100104778399334e-01 7.317934874646017107e-01
7.317295320157874983e-01 7.439576367235340992e-01 7.070597596938021923e-01 7.322775450408043341e-01
7.322933684164871782e-01 7.436444629612174451e-01 7.076250589603534369e-01 7.328679912855142753e-01
7.318596481082566552e-01 7.429146704136855295e-01 7.077222760316710382e-01 7.329204502407414834e-01
7.316572452977490038e-01 7.425604970348074207e-01 7.070705615906153207e-01 7.320238532089575756e-01
7.320620509187640845e-01 7.439245281605794125e-01 7.054430758041112526e-01 7.304854129004222374e-01
7.328572048171868580e-01 7.452928257071866902e-01 7.049317860216253173e-01 7.302345185981965470e-01
7.325246859142101608e-01 7.449626203164605442e-01 7.040460304829527782e-01 7.299302651883048387e-01
7.318596481082566552e-01 7.445529094199176967e-01 7.036103539781585203e-01 7.296382267389320830e-01
7.310355795226185505e-01 7.441531046817947415e-01 7.039884203666164630e-01 7.297528002118764956e-01
7.296476745362806549e-01 7.439000088338365568e-01 7.037507786367286355e-01 7.292152617186291597e-01
7.302404256241957770e-01 7.444501097701954340e-01 7.042152601996910510e-01 7.292564888785407762e-01
7.306163165579955265e-01 7.436699204435065491e-01 7.043988924455134581e-01 7.300380441603147030e-01
7.318596481082566552e-01 7.443432937574154806e-01 7.052450410292048222e-01 7.304544197625304491e-01
7.303705417166649339e-01 7.425788376365985988e-01 7.056213071015271510e-01 7.305968894056557028e-01
7.302837976550187182e-01 7.431899848651319918e-01 7.054718808622794102e-01 7.300031762315651873e-01
7.298211626595729751e-01 7.418582203269408204e-01 7.051406226933449872e-01 7.293408638976619507e-01
7.296332171926731558e-01 7.413147768433152596e-01 7.055402928754288538e-01 7.297988958730812215e-01
7.285055443912735740e-01 7.400698424028184785e-01 7.060551832901856839e-01 7.306890084885881986e-01
7.281151961138661033e-01 7.396790506866438575e-01 7.046185310140460345e-01 7.299879262668166335e-01
7.279706226777892253e-01 7.396926469702251872e-01 7.050506068865692866e-01 7.302653885865987293e-01
7.295464731310268292e-01 7.414547939965338008e-01 7.056267080499335487e-01 7.308480195620952191e-01
7.301970535933727247e-01 7.422574148771889924e-01 7.063000262846155231e-01 7.310175873546871372e-01
7.296476745362806549e-01 7.415957765026475190e-01 7.053962675845877328e-01 7.300107397059384384e-01
7.297633332851420906e-01 7.415710831228574662e-01 7.041756532447098760e-01 7.291955380207316706e-01
7.303994564038804871e-01 7.423080501526020392e-01 7.050866132092795668e-01 7.298971188401559562e-01
7.312668970203414220e-01 7.429170632087629400e-01 7.054142707459429840e-01 7.305716054192441522e-01
7.315415865488874569e-01 7.432275206125384948e-01 7.059471643220548431e-01 7.311462984956611511e-01
7.318307334210413240e-01 7.437365921081584563e-01 7.059669677995454862e-01 7.310616141156507375e-01
7.309632928045800560e-01 7.418153442364023853e-01 7.058067396634849500e-01 7.309322043331766272e-01
7.321921670112333524e-01 7.429554849604638189e-01 7.062280136391950736e-01 7.311466670661743716e-01
7.324523991961716662e-01 7.431346232463480472e-01 7.058499472507371308e-01 7.307204304459989919e-01
