8.668912374040393942e-01 8.880500080584893263e-01 8.489246711722578942e-01 8.761092416497885393e-01
8.671803842761930392e-01 8.885032286956807690e-01 8.500048608535658579e-01 8.769325849177899146e-01
8.684381731700617779e-01 8.895907521577883781e-01 8.520104130285278687e-01 8.784093897360202297e-01
8.698694501872226148e-01 8.911188269833648645e-01 8.535874899632374113e-01 8.796972278188166516e-01
8.709392936141913122e-01 8.919189516816188323e-01 8.543868303274055886e-01 8.804586530297970892e-01
8.714597579840679398e-01 8.924328286221270279e-01 8.551033561493397439e-01 8.809910689674163020e-01
8.722115398516675500e-01 8.932216807370210176e-01 8.567056375099466603e-01 8.823112830339012724e-01
8.740331651462359686e-01 8.950154008597668298e-01 8.589992402665909133e-01 8.836857058720383185e-01
8.760427359077043175e-01 8.968950880826305205e-01 8.613144468168609791e-01 8.852970239593377366e-01
8.773583541760037185e-01 8.979075882105111983e-01 8.635540400894397006e-01 8.867371418934992811e-01
8.791076927525337537e-01 8.995454088958454442e-01 8.654299695026447248e-01 8.879066426877026963e-01
8.801630788358947299e-01 9.002407773939478108e-01 8.671726755218216454e-01 8.889113989880503830e-01
8.812040075756479851e-01 9.005429407461457147e-01 8.685517176816249796e-01 8.898180333008721687e-01
8.819268747560323751e-01 9.010419294271881929e-01 8.699595648995963604e-01 8.907493202974180457e-01
8.830111755266087936e-01 9.021775128696711832e-01 8.710973646972408613e-01 8.915840555817077240e-01
8.833581517731932120e-01 9.023438856604391045e-01 8.716122551119976913e-01 8.920782607043518109e-01
8.848472581647848223e-01 9.036615943859731548e-01 8.727608568064550987e-01 8.927729187074431305e-01
8.861773337766918335e-01 9.046693558095204590e-01 8.741182951726323980e-01 8.936049034729637297e-01
8.874206653269529621e-01 9.057676468002839876e-01 8.753965196288469031e-01 8.944698182092518657e-01
8.880857031329063567e-01 9.062360086308802742e-01 8.765811276460147017e-01 8.953642690722507513e-01
8.886784542208214788e-01 9.068117300119277191e-01 8.780357830835094912e-01 8.963667182799991417e-01
8.897916696786132285e-01 9.074212364451348378e-01 8.788675291381166099e-01 8.970532111482567572e-01
8.900952738943747056e-01 9.073972163826945492e-01 8.792131898361352782e-01 8.973445888578839291e-01
8.907603117003282112e-01 9.078831994074427758e-01 8.802141656074807807e-01 8.980750610501344600e-01
8.909337998236204204e-01 9.074495675994368460e-01 8.811359274688634891e-01 8.988000389783014077e-01
8.906591102950744965e-01 9.068320223805435010e-01 8.816724216772465761e-01 8.990943552321738474e-01
8.902976767048822460e-01 9.058776445715801540e-01 8.827526113585545398e-01 8.997560541726913330e-01
8.900952738943747056e-01 9.052084599388487973e-01 8.832711024055824867e-01 9.000772161013304018e-01
8.901675606124130891e-01 9.052422522960996698e-01 8.832747030378534925e-01 9.000951691354435180e-01
8.899362431146899954e-01 9.050908337542280524e-01 8.836203637358719387e-01 9.002571201155586955e-01
8.895169801500670825e-01 9.049305109874890007e-01 8.832783036701244983e-01 8.999229402853645698e-01
8.901675606124130891e-01 9.054453468088925483e-01 8.841496566797129031e-01 9.004942109822358098e-01
8.903265913920975771e-01 9.054509818681232280e-01 8.847329591076192878e-01 9.008540630036430130e-01
8.908904277927973681e-01 9.056609735513321269e-01 8.849453964116097415e-01 9.005835871067631171e-01
8.909627145108358626e-01 9.055408706128337259e-01 8.855034944136190855e-01 9.007158735619650303e-01
8.919313565325507343e-01 9.063688957454151263e-01 8.860327873574599389e-01 9.009810229183533581e-01
8.922494180919198214e-01 9.067450368802636440e-01 8.859643753443104952e-01 9.009258942598538100e-01
8.924951929332505252e-01 9.073759702983844599e-01 8.859535734474974777e-01 9.007330457308084792e-01
8.925819369948966298e-01 9.075894710317111702e-01 8.858383532148245143e-01 9.003067082010094424e-01
8.925530223076811875e-01 9.077535785816535086e-01 8.857699412016749596e-01 9.000942531721183304e-01
8.922638754355273205e-01 9.075503134067448574e-01 8.859067652279739580e-01 9.000495050097349070e-01
8.922349607483122114e-01 9.073464756685305499e-01 8.856367178076469671e-01 8.996957162447750678e-01
8.915410082551431525e-01 9.066305419110385344e-01 8.845889338167781668e-01 8.990182865626170639e-01
8.916277523167893682e-01 9.064756878330761936e-01 8.840524396083953018e-01 8.987860816063466540e-01
8.900519018635516533e-01 9.057525491097577763e-01 8.836131624713299271e-01 8.983561358733339608e-01
8.898639563966517230e-01 9.059122219968139822e-01 8.839120149498251866e-01 8.983480712734888129e-01
8.893290346831671522e-01 9.054194775108482807e-01 8.836131624713300381e-01 8.981432839173029148e-01
8.885627954719599320e-01 9.048278486422227651e-01 8.834331308577785258e-01 8.978817289740691487e-01
8.876808975118911649e-01 9.042058159886998681e-01 8.833503163155450588e-01 8.975186683210890637e-01
8.879845017276526420e-01 9.043294200194902377e-01 8.829794511916292388e-01 8.970718049734481836e-01
8.876664401682834438e-01 9.038817182587515209e-01 8.824609601446014029e-01 8.967416917162218670e-01
8.862929925255533803e-01 9.028055221897394178e-01 8.819352678330314443e-01 8.965021052896315901e-01
8.863363645563764326e-01 9.031427276850527708e-01 8.816580191481624418e-01 8.961729461140481856e-01
8.868857436134685024e-01 9.036164235996350103e-01 8.817660381162931715e-01 8.964882920117671627e-01
8.880134164148679732e-01 9.047881789333459546e-01 8.812727514951624874e-01 8.961672676818990269e-01
8.884905087539216595e-01 9.054640634282302702e-01 8.810747167202561680e-01 8.961719251040660694e-01
8.876664401682834438e-01 9.050752944336593053e-01 8.790835670743784025e-01 8.951922848452711357e-01
8.867411701773915134e-01 9.043135591459656730e-01 8.784966640142009009e-01 8.950185486105305399e-01
8.871748904856222584e-01 9.044050158899761271e-01 8.792167904684061730e-01 8.956331260442795816e-01
8.868423715826452280e-01 9.039132821707004384e-01 8.797316808831632251e-01 8.957141804214203695e-01
8.871315184547990951e-01 9.042449959969012241e-01 8.802681750915460901e-01 8.958551181542813158e-01
8.867411701773915134e-01 9.037040704549790249e-01 8.804085997501160943e-01 8.958046940408687098e-01
8.868568289262531712e-01 9.035290677827340078e-01 8.810279085007327593e-01 8.962681745461604788e-01
8.864231086180226482e-01 9.030118903818147302e-01 8.807686629772187858e-01 8.960126860862782650e-01
8.861917911202996656e-01 9.028762052210189681e-01 8.799045112321723927e-01 8.953588637531623151e-01
8.863941939308070950e-01 9.030370717146771753e-01 8.808154711967420836e-01 8.958721474782420646e-01
8.851364050369384673e-01 9.025057038862309700e-01 8.800125302003031225e-01 8.955777512407272489e-01
8.853243505038385086e-01 9.024771775422031350e-01 8.799657219807799358e-01 8.954632758248852742e-01
8.850207462880770315e-01 9.019759448259160317e-01 8.799837251421350759e-01 8.954784756267689660e-01
8.854255519090921123e-01 9.022358399403060947e-01 8.799225143935275328e-01 8.952745909108061895e-01
8.858448148737151362e-01 9.023474379506575271e-01 8.801169485361629574e-01 8.953786563705961044e-01
8.860905897150458399e-01 9.026289093135705377e-01 8.802429706656488273e-01 8.952641130691270099e-01
8.857869854992842518e-01 9.022646970323933147e-01 8.802105649752095529e-01 8.953316604365257891e-01
8.861484190894763913e-01 9.024910147015717810e-01 8.794616334628360121e-01 8.949137603640558991e-01
8.858881869045382995e-01 9.024769398292434852e-01 8.790835670743781805e-01 8.947139816281082236e-01
8.854544665963076655e-01 9.023557642183747118e-01 8.792996050106399730e-01 8.950770142824890918e-01
8.852665211294077352e-01 9.020487488370376727e-01 8.792311929974904183e-01 8.950021996198741503e-01
8.837918720814237350e-01 9.008646771072044146e-01 8.775388958301076903e-01 8.939100812316376210e-01
8.830400902138241248e-01 9.006611345028061599e-01 8.766171339687248709e-01 8.933805187037356932e-01
8.832714077115471074e-01 9.008434418350652617e-01 8.763326840193137457e-01 8.933510797352222088e-01
8.839653602047159442e-01 9.008867322463722793e-01 8.770852161639584033e-01 8.939545928275020037e-01
8.843412511385159158e-01 9.010886085414827606e-01 8.780969938321170343e-01 8.943696432007721686e-01
8.850352036316845306e-01 9.017744052190898030e-01 8.783454374588177682e-01 8.945583836016297585e-01
8.853388078474461187e-01 9.020442314288730223e-01 8.779997767607992110e-01 8.943409328942200087e-01
8.857725281556765307e-01 9.029606823920903746e-01 8.788099190217802947e-01 8.949352896969416937e-01
8.854255519090921123e-01 9.029071730352138392e-01 8.786190855114157650e-01 8.949243478712265443e-01
8.854689239399153866e-01 9.028362035770942651e-01 8.786874975245653197e-01 8.949377321412713693e-01
8.854544665963074435e-01 9.025300287503797980e-01 8.787091013181914656e-01 8.949250761106459784e-01
8.847460567595308856e-01 9.018117739134693389e-01 8.781113963612010576e-01 8.945380365505284370e-01
8.844135378565542993e-01 9.015523292132960886e-01 8.776433141659676362e-01 8.942230185455094515e-01
8.847605141031387177e-01 9.019634587731246711e-01 8.775677008882759589e-01 8.941368839504704180e-01
8.849629169136462581e-01 9.022769383920655750e-01 8.774776850815003693e-01 8.940399447312062930e-01
8.852954358166229554e-01 9.024185872843050182e-01 8.774344774942479663e-01 8.939716045149557200e-01
8.841388483280082644e-01 9.014936823362940110e-01 8.778917577926683702e-01 8.943612686475923557e-01
8.842255923896543690e-01 9.012614772288369824e-01 8.780969938321169233e-01 8.944230417935404853e-01
8.852520637857999031e-01 9.025018680418676054e-01 8.785038652787431346e-01 8.945946880917861055e-01
8.846737700414925021e-01 9.019380532687006902e-01 8.782878273424812310e-01 8.944547552915813604e-01
8.850785756625076939e-01 9.024319378786533896e-01 8.780285818189673686e-01 8.943820879957470327e-01
8.857146987812459793e-01 9.029947698942095702e-01 8.781113963612009465e-01 8.946103382177643670e-01
8.858737295609305784e-01 9.027049089424279416e-01 8.779565691735469191e-01 8.947214318664586941e-01
8.852665211294076242e-01 9.020182098480493682e-01 8.788351234476774465e-01 8.953321014696230540e-01
8.859026442481459096e-01 9.026035154970443175e-01 8.789971518998737077e-01 8.951669086018845256e-01
8.867700848646069556e-01 9.035071336407162201e-01 8.801385523297891034e-01 8.956884101404471998e-01
8.866255114285301886e-01 9.037945251078026709e-01 8.801781592847703894e-01 8.955822615683382004e-01
8.862929925255533803e-01 9.035290354212666131e-01 8.797784891026863008e-01 8.953704155391958297e-01
8.863508218999840427e-01 9.031905632361515446e-01 8.801997630783966464e-01 8.955224811440175570e-01
8.858448148737150252e-01 9.023539264071919197e-01 8.797208789863499856e-01 8.950496360542177232e-01
8.858159001864998050e-01 9.023424078075703569e-01 8.790079537966867251e-01 8.949076985672095308e-01
8.856134973759922646e-01 9.026018292022321976e-01 8.792744005847425992e-01 8.953448417890896849e-01
8.853821798782692820e-01 9.027034883518196828e-01 8.796164606504901506e-01 8.953164087229973367e-01
8.852665211294076242e-01 9.023724450899717198e-01 8.794436303014809830e-01 8.950908222231551692e-01
8.853243505038382866e-01 9.021568903987093879e-01 8.791123721325463380e-01 8.950402252540929915e-01
8.865676820540993042e-01 9.031954695856785342e-01 8.796524669732005419e-01 8.955390088171203411e-01
8.865821393977071363e-01 9.034570428153636534e-01 8.799513194516958015e-01 8.959225920906499496e-01
8.867267128337839033e-01 9.038128491711061585e-01 8.793356113333501423e-01 8.954421691762317614e-01
8.870592317367607116e-01 9.044209432483238942e-01 8.792744005847425992e-01 8.953534937021989659e-01
8.870303170495452694e-01 9.043203918973177213e-01 8.797136777218079740e-01 8.957199575550234272e-01
8.870447743931531015e-01 9.042158034649649956e-01 8.806822478027140910e-01 8.961904922479717595e-01
8.878688429787910952e-01 9.047786194853649766e-01 8.812079401142840496e-01 8.964546193675513308e-01
8.883459353178446705e-01 9.049578572020072764e-01 8.804374048082843629e-01 8.960362035608169240e-01
8.876808975118910539e-01 9.041404021852234019e-01 8.792780012170137161e-01 8.954570764212315126e-01
8.871170611111913740e-01 9.039621102241924833e-01 8.783958463106120718e-01 8.950541430749365812e-01
8.859893883097920142e-01 9.031089030647578841e-01 8.775424964623786961e-01 8.948563768937495277e-01
8.862062484639072757e-01 9.031675466400418406e-01 8.785578747628084439e-01 8.955797648621282026e-01
8.861773337766920555e-01 9.029951900145787302e-01 8.795048410500885261e-01 8.960400384582711819e-01
8.860327603406150665e-01 9.025580957895067424e-01 8.790943689711913089e-01 8.955178567598167660e-01
8.861050470586534500e-01 9.028134193168106947e-01 8.791555797197987410e-01 8.954889080522918654e-01
8.862785351819455482e-01 9.028377862594352266e-01 8.788459253444906860e-01 8.952898134485371973e-01
8.871170611111915960e-01 9.036060614463473639e-01 8.787883152281541488e-01 8.952021062483952463e-01
8.873772932961297988e-01 9.039394566985073931e-01 8.785974817177897300e-01 8.950422841312887234e-01
8.873194639216990254e-01 9.039268949571109824e-01 8.795156429469015436e-01 8.956059774744141722e-01
8.869002009570761125e-01 9.033031650170358917e-01 8.806966503317981143e-01 8.960934521822621068e-01
8.861917911202995546e-01 9.024817358724370742e-01 8.806642446413589509e-01 8.959931880229250467e-01
8.860038456533995133e-01 9.028710019237329298e-01 8.804806123955366548e-01 8.961453209727251457e-01
8.866110540849223565e-01 9.033133731809261935e-01 8.809486945907701871e-01 8.964139908150171587e-01
8.862640778383379381e-01 9.028285272206535428e-01 8.812151413788260612e-01 8.964726364907634748e-01
8.860327603406149555e-01 9.025304965447078498e-01 8.817876419099194285e-01 8.969245098185942844e-01
8.861917911202996656e-01 9.026877366357334287e-01 8.816724216772464651e-01 8.970250405384291303e-01
8.863219072127688225e-01 9.027594480646680131e-01 8.813195597146856741e-01 8.968473694632116411e-01
8.872327198600530318e-01 9.037123537570203036e-01 8.802033637106674302e-01 8.958856152123682026e-01
8.886350821899984265e-01 9.051669364722304545e-01 8.800305333616582626e-01 8.957268427813832590e-01
8.881290751637294090e-01 9.047532272742864201e-01 8.791411771907147177e-01 8.952699471865273040e-01
8.871748904856222584e-01 9.039031057862652041e-01 8.786622930986681679e-01 8.951330306206022325e-01
8.870447743931531015e-01 9.038469665903279271e-01 8.792095892038640503e-01 8.954552069253618463e-01
8.865532247104916941e-01 9.031794835770647900e-01 8.799693226130509416e-01 8.960571000898664984e-01
8.860183029970074564e-01 9.025016352897137217e-01 8.806678452736300677e-01 8.964318265140783781e-01
8.863074498691609904e-01 9.028180329037609475e-01 8.819100634071344036e-01 8.969845597530393677e-01
8.871026037675837639e-01 9.037269816293693747e-01 8.821152994465828456e-01 8.970281928666865578e-01
8.870736890803684327e-01 9.038826092294125480e-01 8.808838832098915272e-01 8.963493698990803171e-01
8.875218667322066768e-01 9.044727035612911692e-01 8.802393700333779325e-01 8.960754482961690304e-01
8.871604331420145373e-01 9.042105407143508078e-01 8.793860201851444458e-01 8.956873363406938626e-01
8.870014023623298272e-01 9.038219219268193161e-01 8.795480486373407070e-01 8.957398658876520869e-01
8.866255114285300776e-01 9.035154170135086815e-01 8.803653921628638024e-01 8.962085116045258593e-01
8.863219072127688225e-01 9.032408901769746201e-01 8.806894490672561027e-01 8.961856803248835490e-01
8.860905897150458399e-01 9.030780436925873733e-01 8.797676872058733943e-01 8.957012329089412139e-01
8.866399687721377987e-01 9.035418411334804611e-01 8.801889611815835179e-01 8.958450852028576605e-01
8.876086107938527814e-01 9.042163036158312739e-01 8.807830655063028091e-01 8.960625967670724501e-01
8.874640373577757924e-01 9.039873910547391311e-01 8.806714459059010736e-01 8.958625841424118219e-01
8.874495800141681823e-01 9.040606401799666791e-01 8.794472309337519889e-01 8.951101264269677449e-01
8.865098526796686418e-01 9.031193705054432197e-01 8.793860201851445568e-01 8.952352370652584268e-01
8.859460162789687399e-01 9.028261305485349997e-01 8.798757061740042351e-01 8.955749797556663561e-01
8.853243505038383976e-01 9.022323453551945871e-01 8.805202193505179409e-01 8.958604945347858894e-01
8.861484190894763913e-01 9.029280678323533538e-01 8.806858484349853189e-01 8.959381040699041510e-01
8.874206653269528511e-01 9.041925215456563247e-01 8.802933795174432419e-01 8.959372867865833534e-01
8.881724471945525723e-01 9.046273522947981816e-01 8.802501719301909500e-01 8.961034150171383050e-01
8.883314779742370604e-01 9.047837578275470527e-01 8.800737409489105545e-01 8.959579154703638526e-01
8.884471367230986072e-01 9.047261808216443546e-01 8.804518073373683862e-01 8.961031547193512026e-01
8.879411296968294787e-01 9.040833926352209726e-01 8.800737409489105545e-01 8.956901134321464397e-01
8.879989590712603631e-01 9.041889152541782160e-01 8.796002578052706244e-01 8.954492594480768508e-01
8.878977576660065374e-01 9.044478549414052271e-01 8.788135196540513006e-01 8.950426894652971921e-01
8.877387268863219383e-01 9.043283829459156653e-01 8.785146671755560410e-01 8.947172607859914528e-01
8.869146583006838336e-01 9.035080367230796661e-01 8.787379063763596232e-01 8.948038016772749126e-01
8.867845422082145657e-01 9.034077213535973705e-01 8.787091013181913546e-01 8.947277453733591956e-01
8.864086512744147051e-01 9.028109501831169670e-01 8.795930565407286128e-01 8.953844984549257369e-01
8.863363645563763216e-01 9.026823596914015368e-01 8.792924037460977393e-01 8.952173843934674302e-01
8.864953953360610317e-01 9.028917609527986610e-01 8.790943689711913089e-01 8.951890817116947563e-01
8.868857436134686134e-01 9.031326517902360518e-01 8.800629390520975370e-01 8.957052435270569379e-01
8.875074093885989557e-01 9.035526076111380922e-01 8.812547483338073473e-01 8.964156834833352239e-01
8.872038051728374786e-01 9.034757804181060559e-01 8.809883015457513622e-01 8.962441434130226092e-01
8.876375254810680016e-01 9.040875088461038933e-01 8.800809422134527882e-01 8.958187952951749411e-01
8.880423311020831934e-01 9.042698630845408259e-01 8.792960043783686341e-01 8.952657294954674549e-01
8.878543856351833741e-01 9.043232115603081489e-01 8.795696524309668529e-01 8.954728965541863817e-01
8.875363240758142869e-01 9.038573411488408649e-01 8.796416650763873024e-01 8.954002845940127742e-01
8.876664401682834438e-01 9.041577222437885419e-01 8.795732530632378587e-01 8.951889865008646474e-01
8.872905492344838052e-01 9.038107612493851972e-01 8.794364290369388604e-01 8.952286883983133770e-01
8.875074093885989557e-01 9.039059367696304914e-01 8.798613036449199898e-01 8.954221382331030155e-01
8.873483786089142455e-01 9.036308049633512418e-01 8.803221845756115105e-01 8.955876197229896141e-01
8.873772932961299098e-01 9.037754557587072135e-01 8.810207072361906366e-01 8.959210538741155805e-01
8.882736485998062870e-01 9.046207617501518250e-01 8.813411635083120421e-01 8.959844547697438655e-01
8.883603926614523916e-01 9.043623548973025450e-01 8.809234901648729243e-01 8.959200936423890038e-01
8.883748500050601127e-01 9.046220962555752143e-01 8.808658800485366092e-01 8.961062907690968693e-01
8.876664401682834438e-01 9.039351632921533986e-01 8.797748884704155170e-01 8.954702064571974374e-01
8.873339212653066355e-01 9.036715847507408306e-01 8.796668695022845652e-01 8.953243331708459207e-01
8.871315184547992061e-01 9.032873342527116822e-01 8.795660517986958471e-01 8.953894587670904182e-01
8.871026037675837639e-01 9.034446594877445502e-01 8.797892909994996513e-01 8.956935173065453393e-01
8.875363240758142869e-01 9.043540068556570333e-01 8.799873257744059707e-01 8.957961764782768066e-01
8.881435325073371301e-01 9.051984405667778955e-01 8.793860201851444458e-01 8.954097649632013489e-01
8.882447339125909558e-01 9.053717914099834729e-01 8.786262867759579986e-01 8.950776879989470469e-01
8.876086107938526704e-01 9.048209239283058203e-01 8.784426545301353695e-01 8.947069494701188619e-01
8.873772932961297988e-01 9.043928752978120933e-01 8.783706418847150310e-01 8.945826389329737394e-01
8.872038051728377006e-01 9.037426026481070185e-01 8.789215386221821413e-01 8.949978649926418894e-01
8.872760918908760841e-01 9.037464436774930165e-01 8.795444480050698122e-01 8.952308270534701240e-01
8.872471772036607529e-01 9.037170861102047370e-01 8.796632688700135594e-01 8.955327824405873161e-01
8.868423715826454501e-01 9.032633550472444206e-01 8.798937093353592642e-01 8.957688203237188507e-01
8.871026037675837639e-01 9.034763569498285296e-01 8.797856903672284234e-01 8.956835726699723388e-01
8.873050065780913043e-01 9.035815233098192234e-01 8.800953447425368115e-01 8.958836717588827270e-01
8.879266723532218686e-01 9.043618337816340391e-01 8.802933795174432419e-01 8.959414563788687946e-01
8.879989590712602521e-01 9.041252832072672607e-01 8.801961624461256406e-01 8.960063090912844253e-01
8.877820989171448796e-01 9.040332757622118187e-01 8.796164606504901506e-01 8.957503238524848754e-01
8.881146178201217989e-01 9.043272615698650929e-01 8.805490244086862095e-01 8.961819669843554825e-01
8.884326793794908861e-01 9.043462795628439688e-01 8.807326566545083946e-01 8.962071302582856891e-01
8.882013618817679035e-01 9.040955245150489317e-01 8.812907546565177386e-01 8.965926016398378939e-01
8.886784542208214788e-01 9.049588952579484813e-01 8.805670275700412386e-01 8.961350413429173267e-01
8.880712457892986356e-01 9.043025909221074077e-01 8.797460834122472484e-01 8.957774809284810846e-01
8.879411296968295897e-01 9.042843421558758310e-01 8.792996050106399730e-01 8.954209244278944491e-01
8.879845017276524199e-01 9.042809864752792137e-01 8.796344638118452908e-01 8.956307703964097033e-01
8.886784542208214788e-01 9.051414839562154091e-01 8.797424827799760205e-01 8.958887512941438036e-01
8.889965157801906770e-01 9.054892332533333033e-01 8.794256271401257319e-01 8.955573693468588115e-01
8.886929115644293109e-01 9.049541403041654331e-01 8.802393700333778215e-01 8.959406692034663777e-01
8.885483381283522109e-01 9.046768039546090323e-01 8.805922319959385014e-01 8.961905061673922646e-01
8.890832598418366706e-01 9.052282256630609369e-01 8.801241498007050801e-01 8.957676890355086297e-01
8.892422906215212697e-01 9.053229369749599131e-01 8.796524669732004309e-01 8.954947715706358391e-01
8.879411296968294787e-01 9.043366185925423295e-01 8.793644163915184109e-01 8.952275272992387123e-01
8.872327198600529208e-01 9.032850173532638305e-01 8.782698241811262019e-01 8.947216475492547616e-01
8.878688429787910952e-01 9.036488464193713765e-01 8.790907683389204141e-01 8.951375275055589720e-01
8.886784542208214788e-01 9.047340752604415837e-01 8.807722636094899027e-01 8.960725061622445420e-01
8.880423311020833044e-01 9.041527776349522760e-01 8.808010686676579493e-01 8.960744352650616973e-01
8.873772932961299098e-01 9.036246827817085991e-01 8.801637567556862551e-01 8.957052070008143518e-01
8.879845017276526420e-01 9.044744361872476546e-01 8.799045112321723927e-01 8.956452873553386596e-01
8.880134164148680842e-01 9.044256397268218839e-01 8.799261150257985387e-01 8.957335902987207943e-01
8.881290751637294090e-01 9.044852002059213802e-01 8.794004227142285801e-01 8.954298006050127601e-01
8.877242695427142172e-01 9.035725468414852468e-01 8.794184258755837202e-01 8.951791962727513319e-01
8.876086107938527814e-01 9.032406192838320358e-01 8.801097472716208348e-01 8.956181125745162896e-01
8.880134164148679732e-01 9.035134608150243718e-01 8.807038515963403480e-01 8.961029709520675901e-01
8.891700039034828862e-01 9.047951305098782537e-01 8.806894490672561027e-01 8.960644794119334566e-01
8.891700039034828862e-01 9.049124235916179426e-01 8.804698104987235263e-01 8.960163643069654071e-01
8.889676010929752348e-01 9.051363595469906764e-01 8.799981276712189882e-01 8.960111946489963675e-01
8.889820584365828449e-01 9.053281542896466361e-01 8.798324985867518322e-01 8.958057521057523065e-01
8.882447339125909558e-01 9.045716329848421111e-01 8.803869959564899483e-01 8.959419830513933869e-01
8.882591912561985659e-01 9.044770835671356313e-01 8.801133479038919516e-01 8.958298874615584495e-01
8.884471367230986072e-01 9.047315790303487315e-01 8.799477188194246846e-01 8.959583937441359947e-01
8.888953143749368513e-01 9.052738596099485502e-01 8.806966503317982253e-01 8.964714007794819528e-01
8.889097717185445724e-01 9.053452878473523535e-01 8.809558958553123098e-01 8.964320324153496333e-01
8.894880654628518624e-01 9.058645331368062603e-01 8.803941972210321820e-01 8.960034874001022720e-01
8.888663996877214091e-01 9.050171013406755893e-01 8.798649042771909956e-01 8.956576855997442355e-01
8.886495395336060366e-01 9.048590117386363652e-01 8.808514775194523638e-01 8.959945198467277327e-01
8.891266318726597229e-01 9.053197203792923142e-01 8.818488526585268605e-01 8.966542397038088641e-01
8.884615940667062173e-01 9.045297678114723183e-01 8.809883015457513622e-01 8.962133395394501489e-01
8.875941534502450603e-01 9.035792678892575758e-01 8.800305333616583736e-01 8.956479984552402351e-01
8.878977576660065374e-01 9.039011730227278774e-01 8.792167904684062840e-01 8.950757604382360011e-01
8.883748500050600017e-01 9.044344465961153823e-01 8.794580328305651173e-01 8.951899761273156564e-01
8.891410892162674440e-01 9.053791651790012995e-01 8.795660517986958471e-01 8.955109498859702422e-01
8.893724067139904266e-01 9.057189171387545201e-01 8.793068062751818736e-01 8.955380023394682310e-01
8.891555465598750541e-01 9.053292565816650761e-01 8.798288979544808264e-01 8.959224446642226614e-01
8.889676010929752348e-01 9.047674686413897938e-01 8.805706282023121334e-01 8.961804330572110677e-01
8.888808570313289081e-01 9.045320496886672945e-01 8.807146534931534765e-01 8.961337575427609226e-01
8.883748500050598906e-01 9.040404127033998538e-01 8.801565554911441325e-01 8.954772393341037251e-01
8.888808570313291302e-01 9.048935367067236779e-01 8.797928916317705461e-01 8.950137307653064367e-01
8.892133759343058275e-01 9.054769402739509809e-01 8.789395417835372815e-01 8.946673823869124575e-01
8.897482976477902872e-01 9.061166684780516123e-01 8.789899506353315850e-01 8.946855118910164162e-01
8.892567479651288798e-01 9.057529966141996125e-01 8.794256271401258429e-01 8.951614610100540048e-01
8.892278332779135486e-01 9.056069384450946558e-01 8.798829074385461357e-01 8.955282979669562105e-01
8.888663996877214091e-01 9.050530467001016710e-01 8.803077820465273762e-01 8.957363748307604068e-01
8.890543451546211173e-01 9.052260453895746295e-01 8.807830655063029202e-01 8.958207377101493618e-01
8.890254304674061192e-01 9.051979295175588414e-01 8.804049991178450885e-01 8.955376554161269542e-01
8.893001199959519321e-01 9.050055271114020305e-01 8.796308631795742849e-01 8.950794706459376249e-01
8.899940724891208799e-01 9.056523471118194113e-01 8.795552499018827186e-01 8.948411701424401343e-01
8.901675606124130891e-01 9.059574694768641745e-01 8.792221914168126817e-01 8.949489020545075002e-01
8.899651578019054377e-01 9.058813119181188256e-01 8.792635986879295817e-01 8.950692837382658862e-01
8.903121340484899671e-01 9.062648724064650274e-01 8.797748884704154060e-01 8.952955405721029214e-01
8.904133354537436817e-01 9.065640928877466420e-01 8.798000928963126688e-01 8.952582025311581759e-01
8.900519018635516533e-01 9.064090025209401436e-01 8.798216966899387037e-01 8.952207986657089167e-01
8.893290346831672633e-01 9.055665216012019902e-01 8.798108947931255752e-01 8.951080028201313654e-01
8.889820584365828449e-01 9.047037887165021441e-01 8.801061466393500510e-01 8.954661660623141062e-01
8.884615940667061063e-01 9.039459392576830732e-01 8.808082699321999609e-01 8.959785614399308207e-01
8.893724067139903156e-01 9.048131190744930219e-01 8.811503299979475123e-01 8.963684375403313531e-01
8.896615535861440716e-01 9.057940245786317845e-01 8.810351097652746599e-01 8.962451032000439133e-01
8.902253899868438625e-01 9.065503893027002658e-01 8.809018863712467784e-01 8.960318908802510363e-01
8.896037242117131871e-01 9.059831089528680437e-01 8.804410054405553687e-01 8.958816442528622082e-01
8.894880654628518624e-01 9.054468860166866584e-01 8.810279085007326483e-01 8.962222344590436984e-01
8.892133759343057164e-01 9.050310859685852805e-01 8.815572014445736126e-01 8.963906359885470687e-01
8.896904682733595138e-01 9.054890676541564876e-01 8.820036798461811101e-01 8.966276922627297585e-01
8.904567074845668451e-01 9.062981189279152305e-01 8.815608020768446185e-01 8.963072332580839241e-01
8.909916291980510827e-01 9.069478295175685822e-01 8.806894490672561027e-01 8.957647916688082912e-01
8.905579088898205598e-01 9.063709076399321107e-01 8.806858484349853189e-01 8.958157642371106233e-01
8.902543046740591937e-01 9.057521807799766567e-01 8.803509896337795571e-01 8.956028611041814136e-01
8.893868640575980367e-01 9.053667075358198257e-01 8.795192435791725494e-01 8.954900439888403563e-01
8.887073689080368100e-01 9.048345977441976107e-01 8.789395417835371704e-01 8.950870913589139555e-01
8.889386864057596815e-01 9.049527644152653982e-01 8.786874975245653197e-01 8.948308799390447543e-01
8.892278332779135486e-01 9.053160578216734589e-01 8.789287398867241530e-01 8.949186508328416112e-01
8.896470962425363505e-01 9.059015273683626024e-01 8.797028758249948455e-01 8.953155219913108143e-01
8.897916696786133395e-01 9.062010617491129683e-01 8.806714459059010736e-01 8.958962694000784932e-01
8.896470962425364615e-01 9.055079904873364338e-01 8.808946851067047668e-01 8.960072712515675386e-01
8.897193829605749560e-01 9.052202982958825750e-01 8.811719337915737693e-01 8.963100355732951385e-01
8.904277927973514029e-01 9.061353126289100057e-01 8.806642446413590619e-01 8.960848898564606202e-01
8.900374445199439322e-01 9.059714533371909795e-01 8.803437883692377675e-01 8.958628466152821490e-01
8.895892668681056881e-01 9.054025143501878148e-01 8.797640865736022775e-01 8.953559339463176281e-01
8.894736081192442523e-01 9.052235736168031677e-01 8.797532846767892600e-01 8.953204269573331597e-01
8.889965157801904549e-01 9.048410121274803597e-01 8.798469011158360775e-01 8.953130480943128910e-01
8.891266318726596118e-01 9.051041368673925502e-01 8.795444480050695901e-01 8.952998456459748677e-01
