8.763029680926426312e-01 9.041034584586806755e-01 8.858815608020769172e-01 9.049338407302771614e-01
8.777053304225881369e-01 9.051630911608156138e-01 8.872101941100856148e-01 9.061065722123136101e-01
8.785583136954415728e-01 9.058921268310737851e-01 8.882759812623097773e-01 9.069973678942648831e-01
8.795558704043719978e-01 9.069008327649441537e-01 8.889420982324498510e-01 9.075668933381213499e-01
8.803076522719717190e-01 9.075376877077652171e-01 8.898530581970194309e-01 9.082436436870663377e-01
8.820425335048938109e-01 9.091070352738255256e-01 8.912609054149907006e-01 9.092779469363038158e-01
8.838497014558546194e-01 9.106347428871348626e-01 8.926615513684202918e-01 9.103317275966000821e-01
8.853966372218768921e-01 9.117779793215905482e-01 8.942782352581112315e-01 9.115544742437884373e-01
8.863941939308072060e-01 9.126938369997610323e-01 8.959021204123442939e-01 9.125851410427293642e-01
8.867556275209993455e-01 9.131959378600653654e-01 8.977096378123999854e-01 9.137896617271399347e-01
8.873483786089142455e-01 9.135093187612272070e-01 8.987970287582498496e-01 9.145179032544801245e-01
8.889965157801905660e-01 9.146389367037415230e-01 9.003092943120812874e-01 9.156167672735424645e-01
8.906301956078588322e-01 9.159394527658581975e-01 9.030961836898558914e-01 9.178970161463277933e-01
8.926831384001503444e-01 9.173500557257974197e-01 9.056814376604530592e-01 9.200800803525253091e-01
8.950396854082030007e-01 9.187954912354282522e-01 9.065923976250227501e-01 9.208183324576783013e-01
8.960950714915640880e-01 9.194163828691228613e-01 9.070388760266302475e-01 9.212391999771956108e-01
8.971215428877097331e-01 9.199787058220609826e-01 9.079066284039476464e-01 9.215892557084267578e-01
8.975191198369211198e-01 9.199618691361366452e-01 9.077554018485645138e-01 9.213993028406355368e-01
8.982636730327171470e-01 9.202975030680715651e-01 9.079858423139102186e-01 9.213843670722818846e-01
8.993913458341163958e-01 9.210239266888333720e-01 9.093000730928351150e-01 9.220846702580013377e-01
8.995070045829779426e-01 9.210459865802508306e-01 9.101606242056103913e-01 9.223968467485693656e-01
8.992034003672164655e-01 9.208807578368535252e-01 9.103658602450589443e-01 9.225454821675920236e-01
8.990299122439241453e-01 9.207855781394529426e-01 9.109455620406945453e-01 9.231173782697037478e-01
9.002298717633622216e-01 9.217934710008122146e-01 9.119465378120397148e-01 9.240823869061347562e-01
9.006491347279850235e-01 9.219043721120434576e-01 9.133111774427589147e-01 9.250711672203049130e-01
9.007503361332389602e-01 9.216826520447121140e-01 9.135236147467495904e-01 9.250806191381933941e-01
9.005045612919082565e-01 9.214531676661550375e-01 9.137108476248430033e-01 9.254260903276503303e-01
9.019502956526768145e-01 9.220535000417849902e-01 9.135128128499364619e-01 9.255746883775077816e-01
9.021093264323613026e-01 9.220614510605303904e-01 9.129439129511141005e-01 9.253140151829284399e-01
9.016033194060922851e-01 9.219336529132520219e-01 9.122273871291798342e-01 9.247172590632747324e-01
9.008370801948850648e-01 9.214258232020270389e-01 9.128250920861702422e-01 9.251053085890337258e-01
8.994925472393702215e-01 9.205107809282618847e-01 9.133111774427589147e-01 9.254900394546244913e-01
8.984805331868322975e-01 9.202142458131745695e-01 9.136748413021327231e-01 9.260716285509936752e-01
8.974829764779019836e-01 9.196010744527340908e-01 9.134083945140765159e-01 9.258616065433077358e-01
8.962541022712486871e-01 9.187516250772164161e-01 9.131851553132729338e-01 9.256200636600911968e-01
8.956468938397258439e-01 9.185605882723543170e-01 9.136964450957587580e-01 9.261525470993970943e-01
8.950830574390260530e-01 9.180911449967050775e-01 9.139628918838147431e-01 9.264129730817393105e-01
8.959071260246642687e-01 9.188012056367996783e-01 9.142221374073287166e-01 9.266564289228642615e-01
8.965143344561872230e-01 9.184519361403047366e-01 9.143697633304407324e-01 9.269646495173261558e-01
8.965866211742254954e-01 9.181281573122468398e-01 9.136172311857961859e-01 9.263359953123575519e-01
8.966733652358714890e-01 9.182619744660432959e-01 9.130771363451422040e-01 9.258810501612667609e-01
8.955312350908644081e-01 9.176246722125935840e-01 9.125946516208246484e-01 9.252563828435670379e-01
8.945915077563647566e-01 9.172873076600116526e-01 9.119537390765819485e-01 9.246883544744844974e-01
8.948083679104801291e-01 9.172064938922568356e-01 9.113632353841334410e-01 9.241891680782731155e-01
8.943891049458573272e-01 9.167261192566278361e-01 9.111724018737691333e-01 9.237961835732918514e-01
8.939698419812343033e-01 9.163179927404548897e-01 9.108627474984606343e-01 9.236052270969132838e-01
8.935216643293961702e-01 9.159118833025922113e-01 9.107655304271430330e-01 9.236107130409791921e-01
8.932325174572424142e-01 9.159106304398880738e-01 9.106899171494513556e-01 9.232686071360128865e-01
8.931168587083808674e-01 9.160087585781380159e-01 9.111579993446848880e-01 9.235357214096909795e-01
8.930301146467347628e-01 9.162513684884087128e-01 9.110499803765540472e-01 9.234885890235565720e-01
8.933481762061039611e-01 9.162332252925882159e-01 9.108051373821244301e-01 9.233694206363893819e-01
8.930301146467347628e-01 9.162199954899979959e-01 9.103262532900777693e-01 9.232806014621492974e-01
8.932180601136346931e-01 9.160781867824433489e-01 9.094909066031996447e-01 9.227967446394231832e-01
8.931457733955963096e-01 9.157864532227655285e-01 9.097969603462369159e-01 9.229909817052787124e-01
8.935072069857884491e-01 9.159168391589268543e-01 9.104486747872926333e-01 9.234245171958217480e-01
8.935361216730038914e-01 9.159451333729726752e-01 9.103550583482460379e-01 9.231723174288397615e-01
8.937818965143344840e-01 9.159480531024932759e-01 9.104846811100029136e-01 9.231571330141925547e-01
8.946059650999725887e-01 9.167690523095723965e-01 9.114172448681987504e-01 9.237230842099319883e-01
8.950686000954185539e-01 9.175987710321649171e-01 9.123498086263948093e-01 9.241948438361364815e-01
8.955601497780796283e-01 9.177694489335511685e-01 9.126018528853666600e-01 9.244863878527752599e-01
8.965143344561870009e-01 9.180006619220602015e-01 9.130879382419552215e-01 9.249565033066586839e-01
8.956902658705488962e-01 9.170006111323475428e-01 9.132139603714413134e-01 9.247500599728442072e-01
8.960372421171334256e-01 9.171432793062852529e-01 9.133291806041140548e-01 9.248020015377322878e-01
8.952854602495338154e-01 9.164897251814241308e-01 9.125226389754040879e-01 9.243251312302486200e-01
8.943746476022493841e-01 9.162944230243370569e-01 9.121121668965070928e-01 9.241708568777473598e-01
8.943746476022496061e-01 9.162130889033464065e-01 9.121157675287780986e-01 9.242345533121818502e-01
8.944180196330726584e-01 9.164623647044484178e-01 9.120509561478995497e-01 9.244570211574596463e-01
8.951264294698492163e-01 9.171247142709709754e-01 9.127098718534975008e-01 9.249250002914515267e-01
8.949673986901647282e-01 9.170521959942041779e-01 9.129799192738246028e-01 9.250491568493728334e-01
8.940421286992726868e-01 9.163197164033994868e-01 9.120509561478995497e-01 9.241812630632167958e-01
8.936662377654729372e-01 9.159959749122695838e-01 9.118925283279744054e-01 9.240806428373214976e-01
8.928566265234426647e-01 9.159015556965307558e-01 9.113812385454886922e-01 9.237645543309219720e-01
8.929289132414810481e-01 9.159240060881244094e-01 9.122885978777873772e-01 9.245266203127877613e-01
8.925963943385042398e-01 9.158343922250121727e-01 9.115684714235821051e-01 9.242589110210837067e-01
8.924662782460350829e-01 9.160245442958114825e-01 9.114928581458904278e-01 9.245144927848896188e-01
8.932325174572424142e-01 9.163827667695406687e-01 9.117665061984885355e-01 9.247397255355881418e-01
8.950686000954184429e-01 9.169259515487760970e-01 9.127314756471236468e-01 9.249673051848298355e-01
8.956758085269411751e-01 9.165453621482622104e-01 9.125226389754041989e-01 9.245694166175378870e-01
8.953866616547876411e-01 9.169065041237276503e-01 9.123858149491049785e-01 9.244281491351067359e-01
8.945336783819339832e-01 9.166530007531475954e-01 9.118493207407220025e-01 9.239720619816844671e-01
8.932469748008500243e-01 9.158522102815920274e-01 9.109995715247597436e-01 9.232475131061749218e-01
8.921265306712544696e-01 9.153375519668910387e-01 9.113092259000680206e-01 9.234506436639938753e-01
8.918735271581199608e-01 9.150553380333433795e-01 9.120869624706097190e-01 9.240022885512967354e-01
8.936228657346498849e-01 9.161180806689745992e-01 9.127710826021050439e-01 9.247413686967588253e-01
8.957914672758026109e-01 9.175791037216605162e-01 9.135704229662728881e-01 9.255929436067864557e-01
8.967456519539100945e-01 9.184025364193931784e-01 9.137792596379924470e-01 9.256000835793403159e-01
8.966733652358716000e-01 9.177647109923667834e-01 9.136100299212541742e-01 9.253572262931238912e-01
8.957191805577643384e-01 9.170448358775169506e-01 9.134011932495346153e-01 9.251251491766395718e-01
8.936951524526883794e-01 9.158047321207689606e-01 9.129367116865721998e-01 9.250758851828876361e-01
8.930879440211654252e-01 9.152814312203947367e-01 9.121985820710116766e-01 9.246338512134425480e-01
8.941288727609190135e-01 9.158924245237967110e-01 9.124146200072733581e-01 9.248115509584824423e-01
8.937096097962961005e-01 9.154799859020028574e-01 9.122381890259929627e-01 9.244349927878430240e-01
8.931024013647732573e-01 9.160512371280857824e-01 9.115828739526661284e-01 9.238227070466421553e-01
8.937963538579420941e-01 9.164055254942627959e-01 9.117413017725913837e-01 9.237130479997568422e-01
8.943023608842111116e-01 9.165266089268637728e-01 9.126954693244133665e-01 9.244111333797868646e-01
8.951698015006721576e-01 9.169130055923768730e-01 9.130699350806001924e-01 9.247094971110483286e-01
8.954011189983952512e-01 9.167354763254045302e-01 9.132283629005254477e-01 9.248537539535480745e-01
8.953288322803568677e-01 9.168744651029561155e-01 9.126846674276003490e-01 9.243294483984275667e-01
8.948228252540877392e-01 9.165955601372222095e-01 9.122309877614509510e-01 9.240877333546791972e-01
8.949384840029492860e-01 9.167500755765070064e-01 9.125514440335721345e-01 9.243103583003533519e-01
8.949384840029492860e-01 9.167940780074006479e-01 9.121661763805724021e-01 9.240509183794090031e-01
8.958059246194105540e-01 9.174935753882319522e-01 9.123606105232078267e-01 9.243270542006764012e-01
8.965866211742254954e-01 9.180622272828521391e-01 9.122921985100582720e-01 9.244211836894198342e-01
8.956468938397261770e-01 9.173354106972515520e-01 9.120725599415256957e-01 9.242735608229447619e-01
8.948806546285186236e-01 9.164925837275448295e-01 9.121877801741985481e-01 9.241845525520040461e-01
8.938686405759804776e-01 9.155329875293106712e-01 9.117160973466941210e-01 9.237011609897831654e-01
8.932469748008501353e-01 9.154267828734543588e-01 9.115576695267689766e-01 9.235939681137335100e-01
8.936662377654729372e-01 9.155569325820233084e-01 9.119429371797687089e-01 9.239094097548428142e-01
8.942156168225648960e-01 9.159840249684557678e-01 9.124974345495069361e-01 9.239748198264985390e-01
8.950686000954184429e-01 9.172253898011533124e-01 9.126126547821797885e-01 9.240371041242677608e-01
8.959215833682718788e-01 9.179928575855612616e-01 9.133579856622823234e-01 9.246005688998115701e-01
8.963986757073255651e-01 9.180193659169797460e-01 9.131599508873757820e-01 9.244813817944306233e-01
8.962251875840332449e-01 9.177908378088714958e-01 9.137684577411793185e-01 9.251442792357496003e-01
8.957914672758027219e-01 9.175319272467838960e-01 9.141357222328241328e-01 9.256294419815634944e-01
8.956902658705490072e-01 9.174713471082371896e-01 9.133543850300113176e-01 9.251216838092189976e-01
8.946059650999726998e-01 9.164842878895727019e-01 9.131851553132730448e-01 9.249302479992276282e-01
8.942445315097803382e-01 9.160664645610727685e-01 9.126774661630582264e-01 9.245583763346230111e-01
8.950686000954184429e-01 9.164793636248871334e-01 9.129259097897591824e-01 9.246897131149833804e-01
8.945047636947187630e-01 9.159952294984335941e-01 9.126306579435349287e-01 9.244898642797405586e-01
8.950975147826338851e-01 9.161860634441801876e-01 9.128899034670489021e-01 9.247828057812924607e-01
8.957191805577644494e-01 9.166542225743206096e-01 9.126738655307873316e-01 9.247609266822117702e-01
8.952131735314953209e-01 9.164416356725400004e-01 9.116656884948997064e-01 9.238862282416864247e-01
8.955890644652951815e-01 9.168423708311116416e-01 9.121841795419275423e-01 9.240972007521115472e-01
8.953143749367491466e-01 9.168641550528645601e-01 9.125514440335723565e-01 9.244585421401936287e-01
8.959071260246642687e-01 9.173574076442337910e-01 9.126558623694319694e-01 9.244069885482755211e-01
8.947071665052261924e-01 9.167551820477283231e-01 9.122309877614508400e-01 9.241990902143929487e-01
8.940710433864881290e-01 9.164649097624698593e-01 9.115972764817501517e-01 9.238433075927497962e-01
8.949095693157337328e-01 9.167175345757294647e-01 9.118637232698061368e-01 9.241637831081267462e-01
8.968468533591638092e-01 9.178006510814108454e-01 9.128106895570862189e-01 9.246139371437969157e-01
8.961962728968178027e-01 9.172601841142870027e-01 9.129295104220300772e-01 9.246897595446569307e-01
8.960806141479564779e-01 9.172060166688216221e-01 9.131599508873757820e-01 9.247631170930388222e-01
8.957770099321950008e-01 9.170898809372689531e-01 9.132643692232356170e-01 9.250031309607164021e-01
8.946782518180109722e-01 9.165810123763128425e-01 9.122561921873481028e-01 9.241498355426894795e-01
8.942445315097803382e-01 9.165504098180621284e-01 9.115792733203951226e-01 9.235010076136065393e-01
8.938975552631959198e-01 9.163560404089448053e-01 9.122525915550769859e-01 9.239801319064167018e-01
8.939698419812344143e-01 9.166471627902349484e-01 9.125406421367593390e-01 9.243813550193856754e-01
8.948228252540877392e-01 9.172699869180366283e-01 9.125910509885536426e-01 9.243108724751665228e-01
8.957770099321951118e-01 9.177343549153681446e-01 9.129583154801983458e-01 9.245548006819511722e-01
8.964275903945408963e-01 9.177715446750368544e-01 9.126630636339742031e-01 9.247095426708623611e-01
8.973239456982173845e-01 9.182788691425791683e-01 9.125190383431330821e-01 9.246644710321301197e-01
8.970203414824560184e-01 9.180619798919732455e-01 9.122633934518902254e-01 9.245015481909319988e-01
8.957047232141566173e-01 9.166775134550914084e-01 9.114424492940960132e-01 9.236955555865408174e-01
8.942011594789572859e-01 9.156002795524439408e-01 9.114352480295540015e-01 9.235725212506386006e-01
8.934493776113576757e-01 9.152991279255111579e-01 9.120725599415256957e-01 9.238837473599168515e-01
8.934349202677500656e-01 9.154132607777673014e-01 9.125694471949274966e-01 9.240626045169748615e-01
8.942589888533880593e-01 9.164112304555287469e-01 9.130555325515159470e-01 9.244313221513552614e-01
8.944035622894650484e-01 9.163014348063758252e-01 9.124578275945255390e-01 9.240103645205459681e-01
8.946782518180109722e-01 9.163600681570909234e-01 9.123318054650396691e-01 9.240069866171122248e-01
8.954011189983952512e-01 9.167538458908744969e-01 9.124182206395442529e-01 9.243248772239904820e-01
8.943457329150341639e-01 9.165922829432965324e-01 9.131851553132728228e-01 9.250207883668031261e-01
8.943746476022496061e-01 9.166018461387680505e-01 9.126234566789928060e-01 9.244091241769707423e-01
8.946493371307956410e-01 9.167149296354073496e-01 9.120941637351518416e-01 9.240257720194243740e-01
8.959649553990950421e-01 9.173849053190683556e-01 9.128178908216283416e-01 9.246683005751763496e-01
8.960806141479564779e-01 9.174797005202276479e-01 9.128106895570861079e-01 9.248094878268050545e-01
8.950975147826336631e-01 9.170013478621399372e-01 9.126378592080769403e-01 9.245600214112097426e-01
8.953722043111799200e-01 9.172152431175069065e-01 9.130015230674506377e-01 9.247179002181049601e-01
8.964709624253639486e-01 9.175852715393499892e-01 9.132031584746280739e-01 9.249881289835942821e-01
8.971070855441021230e-01 9.178723208709442805e-01 9.140060994710670350e-01 9.255827479978899763e-01
8.971360002313173432e-01 9.179543196699000429e-01 9.140997159101137415e-01 9.255426356838305502e-01
8.957047232141566173e-01 9.173446601614420048e-01 9.136352343471514370e-01 9.251475002220308497e-01
8.960516994607410357e-01 9.175928251616973785e-01 9.134552027336000357e-01 9.249523482680694908e-01
8.963408463328949027e-01 9.177152744820080699e-01 9.126486611048900688e-01 9.242018853054255745e-01
8.969625121080253560e-01 9.181893908756466605e-01 9.128034882925443183e-01 9.241739602708476387e-01
8.975263485087250359e-01 9.185685079041780998e-01 9.136028286567120515e-01 9.246443846617150575e-01
8.971360002313175652e-01 9.183101421466632885e-01 9.133543850300113176e-01 9.246494098460666944e-01
8.970492561696713496e-01 9.183362759427751154e-01 9.129079066284039312e-01 9.245577651690843890e-01
8.961239861787794192e-01 9.180956428459644547e-01 9.131779540487310332e-01 9.249125850401934690e-01
8.958348393066257742e-01 9.177888706553457565e-01 9.143625620658989428e-01 9.257508930850238960e-01
8.972372016365711689e-01 9.186840960102901077e-01 9.154391511149357896e-01 9.264622663201634856e-01
8.974829764779019836e-01 9.184107079973060639e-01 9.158064156065804928e-01 9.265887895457765033e-01
8.973094883546097744e-01 9.178670943978779473e-01 9.153347327790759547e-01 9.262104886808417703e-01
8.974974338215095937e-01 9.181109639843253456e-01 9.135632217017308765e-01 9.247784034804271691e-01
8.961529008659948614e-01 9.172662778647568960e-01 9.125694471949273856e-01 9.239403426025862842e-01
8.964998771125792798e-01 9.178063637476290282e-01 9.120905631028809468e-01 9.238085377375864216e-01
8.962107302404256348e-01 9.175934955004894089e-01 9.119105314893296566e-01 9.237189687177905784e-01
8.954444910292181925e-01 9.171884369227998324e-01 9.115396663654137255e-01 9.236497878334906098e-01
8.957770099321951118e-01 9.176304971093738327e-01 9.117232986112362436e-01 9.238164295421547045e-01
8.966299932050485477e-01 9.180327142126620821e-01 9.120617580447125672e-01 9.240455897712647193e-01
8.973528603854328267e-01 9.185302844603520089e-01 9.128142901893572247e-01 9.245982214788663889e-01
8.980323555349940534e-01 9.190240323608498407e-01 9.133723881913663467e-01 9.249991502875902771e-01
8.983504170943629186e-01 9.188764695119470138e-01 9.138224672252447389e-01 9.250537894326961164e-01
8.970492561696713496e-01 9.181969291270338784e-01 9.140781121164875955e-01 9.252953811327302436e-01
8.959794127427027632e-01 9.175278901638240781e-01 9.138620741802259140e-01 9.250316466989266795e-01
8.947505385360494667e-01 9.170640380112861090e-01 9.134732058949552869e-01 9.248228009015289075e-01
8.953577469675721989e-01 9.176848577095420012e-01 9.127494788084787869e-01 9.246190423222415689e-01
8.970203414824560184e-01 9.187121410120953069e-01 9.129439129511142115e-01 9.249326618964289759e-01
8.975841778831556983e-01 9.191092877518680648e-01 9.133471837654691949e-01 9.249856406483100146e-01
8.981335569402477681e-01 9.193557356389774338e-01 9.134444008367870182e-01 9.247201431526494986e-01
8.980323555349939424e-01 9.190111219069845294e-01 9.134480014690580241e-01 9.248296437842544737e-01
8.978877820989172864e-01 9.189066463064344825e-01 9.139160836642914454e-01 9.251343276822702189e-01
8.964709624253639486e-01 9.182352147712381507e-01 9.133507843977402008e-01 9.247167528295936467e-01
8.952420882187107631e-01 9.174476684248986658e-01 9.134876084240391991e-01 9.250170865130444842e-01
8.962541022712486871e-01 9.181390667618402057e-01 9.136676400375906004e-01 9.251686950566272438e-01
8.957336379013720595e-01 9.173780172343874995e-01 9.131743534164598053e-01 9.246881638919499657e-01
8.956758085269413971e-01 9.173139237217806663e-01 9.128646990411516393e-01 9.243696329066135586e-01
8.963263889892871816e-01 9.177120143675798758e-01 9.133471837654693060e-01 9.246112438974931624e-01
8.963986757073254541e-01 9.177513970066449867e-01 9.138944798706652994e-01 9.249897585307181869e-01
8.966878225794792101e-01 9.177314050414075997e-01 9.148774524806554398e-01 9.256595751054998988e-01
8.966299932050485477e-01 9.177749110342134919e-01 9.150070752424126486e-01 9.258246563625600611e-01
8.971215428877097331e-01 9.179222984385528861e-01 9.146434113830388402e-01 9.256546540269714463e-01
8.979166967861322846e-01 9.184680410655163829e-01 9.138404703865998790e-01 9.252107139159381211e-01
8.986251066229091755e-01 9.194668781872676888e-01 9.144093702854222405e-01 9.257440034807262741e-01
8.991166563055703609e-01 9.195898647791829195e-01 9.154139466890385268e-01 9.264564872573746168e-01
8.993624311469011756e-01 9.197787735950634369e-01 9.149134588033658311e-01 9.261305851416183899e-01
9.001864997325392803e-01 9.201476597567087579e-01 9.146506126475808518e-01 9.257472973444735853e-01
9.001575850453238381e-01 9.203995064381604863e-01 9.135632217017308765e-01 9.249192572673583523e-01
8.993046017724704022e-01 9.198042201628643388e-01 9.131815546810020390e-01 9.245558724065251477e-01
8.983648744379708617e-01 9.189401111088005836e-01 9.132427654296093600e-01 9.246021725491078147e-01
8.984949905304397966e-01 9.189541363168955979e-01 9.142185367750574887e-01 9.251449397023442378e-01
8.987118506845552801e-01 9.189719224271116760e-01 9.149350625969921991e-01 9.259066352572350445e-01
8.984805331868324085e-01 9.189166263136547830e-01 9.156119814639451793e-01 9.262839600292156472e-01
8.979311541297402277e-01 9.187300766662320761e-01 9.154499530117490291e-01 9.262066199725549343e-01
8.966878225794793211e-01 9.180774399727342772e-01 9.145461943117212389e-01 9.256291935457650055e-01
8.963408463328946807e-01 9.177003637782714662e-01 9.139988982065249123e-01 9.254417213917984775e-01
8.973384030418252166e-01 9.182131998513836102e-01 9.135200141144785846e-01 9.250964176250494608e-01
8.979600688169557809e-01 9.186651346383227779e-01 9.136640394053198166e-01 9.249608637230666286e-01
8.985383625612630709e-01 9.190050310907325049e-01 9.144237728145061528e-01 9.250761482481690834e-01
8.985817345920860122e-01 9.187451579838810112e-01 9.146362101184968285e-01 9.251448427414723508e-01
8.985672772484782911e-01 9.189641602235285589e-01 9.144633797694875499e-01 9.251773988932260329e-01
8.980757275658171057e-01 9.188257946996810643e-01 9.142905494204782713e-01 9.253163170412543881e-01
8.978877820989170644e-01 9.187779565332223619e-01 9.142329393041417340e-01 9.252503517643241304e-01
8.974251471034712102e-01 9.186492587233106022e-01 9.134624039981419363e-01 9.248145863868639793e-01
8.985239052176553498e-01 9.198128809126158156e-01 9.141357222328241328e-01 9.252755733300397356e-01
8.983937891251861929e-01 9.199139445644248791e-01 9.147262259252724181e-01 9.256383657242556184e-01
8.983793317815783608e-01 9.196264995052719771e-01 9.149962733455995201e-01 9.256645084351007302e-01
8.977287513192325763e-01 9.190669759789572568e-01 9.143553608013565981e-01 9.252687732699979017e-01
8.982203010018938727e-01 9.193102718999500711e-01 9.144885841953847017e-01 9.256030234209162710e-01
8.990299122439242563e-01 9.196517128582537559e-01 9.139448887224594920e-01 9.251417501341967498e-01
8.981769289710710424e-01 9.191475907725155103e-01 9.136028286567121626e-01 9.249552901931903381e-01
8.977432086628402974e-01 9.186828442948109519e-01 9.131959572100860623e-01 9.246839944003364398e-01
8.973384030418252166e-01 9.184315999030245870e-01 9.132967749136746693e-01 9.248063100447921903e-01
8.973673177290404368e-01 9.186378613780249447e-01 9.141969329814315648e-01 9.255212745688468079e-01
8.978010380372709598e-01 9.190041712528246309e-01 9.147046221316462722e-01 9.258639320467403344e-01
8.974829764779018726e-01 9.182601689023380809e-01 9.144489772404034156e-01 9.257703296991247610e-01
8.975697205395481992e-01 9.180930056297879061e-01 9.139052817674784279e-01 9.253380999043150368e-01
8.980034408477787222e-01 9.184343930670815226e-01 9.142473418332260904e-01 9.253726313144252646e-01
8.983504170943630296e-01 9.188565184496377825e-01 9.147172243445949036e-01 9.257556367192716351e-01
8.985672772484782911e-01 9.193319929465810780e-01 9.145641974730762680e-01 9.256396980440509958e-01
8.987696800589859425e-01 9.194963972115615114e-01 9.146470120153098460e-01 9.258285566160535662e-01
8.982347583455015938e-01 9.190385275959573885e-01 9.145173892535529703e-01 9.257527367723434875e-01
8.969480547644175239e-01 9.182666105836481130e-01 9.139376874579175913e-01 9.254096027332358032e-01
8.962251875840332449e-01 9.175110862286744995e-01 9.138944798706651884e-01 9.252628675928902258e-01
8.963119316456793495e-01 9.178912910622017973e-01 9.141465241296371502e-01 9.252953664105563192e-01
8.967167372666946523e-01 9.183038931894600410e-01 9.143517601690855923e-01 9.254240750984764619e-01
8.977576660064480185e-01 9.186085528181615611e-01 9.146686158089361030e-01 9.256928428096747874e-01
8.975118911651174258e-01 9.186062464628216295e-01 9.143229551109173237e-01 9.256794526894472908e-01
8.981046422530324369e-01 9.187860696852950815e-01 9.137036463603008807e-01 9.254557755942878217e-01
8.986106492793013434e-01 9.192039461729069050e-01 9.138476716511420017e-01 9.255784096540342620e-01
8.980757275658171057e-01 9.191096421107652903e-01 9.141321216005532380e-01 9.256623446635100505e-01
8.963553036765026238e-01 9.181851785412853406e-01 9.142869487882071544e-01 9.255400336841841380e-01
8.953722043111798090e-01 9.175732507257415849e-01 9.140241026324220641e-01 9.252407618608226025e-01
8.959794127427026522e-01 9.177424733658376965e-01 9.139736937806277606e-01 9.251817158465639457e-01
8.968468533591638092e-01 9.182111280547163856e-01 9.142545430977678800e-01 9.254219859250795155e-01
8.979745261605631690e-01 9.189148838637799521e-01 9.147118233961881728e-01 9.256937044050025376e-01
8.987841374025936636e-01 9.195047027599951850e-01 9.143301563754594463e-01 9.253787780103436278e-01
8.992034003672164655e-01 9.197042619099240479e-01 9.141105178069268700e-01 9.251035036866226413e-01
8.976420072575865827e-01 9.186723919001020811e-01 9.141069171746558641e-01 9.251465237472941139e-01
8.973239456982173845e-01 9.186897349287482806e-01 9.136928444634878632e-01 9.252449866770062759e-01
8.970347988260637395e-01 9.183539347817588627e-01 9.135236147467495904e-01 9.250315963983891665e-01
8.964420477381485064e-01 9.184226311425792710e-01 9.138368697543288732e-01 9.252340658960906961e-01
8.970637135132790707e-01 9.188602726954194777e-01 9.141501247619081560e-01 9.254373629453384043e-01
8.968613107027715303e-01 9.187700462089768427e-01 9.136532375085064661e-01 9.253116615825776048e-01
8.977142939756248552e-01 9.191427358473632792e-01 9.144129709176931353e-01 9.258632199187987188e-01
8.970781708568866808e-01 9.185473116053436415e-01 9.146110056925997878e-01 9.257723767328666087e-01
8.961673582096025825e-01 9.178004427825634526e-01 9.141825304523474305e-01 9.254359353125771737e-01
8.965432491434024431e-01 9.182868989243683222e-01 9.145281911503660988e-01 9.258862609538717203e-01
8.972516589801788900e-01 9.188063234308836424e-01 9.146398107507678343e-01 9.260288672127802156e-01
8.972805736673945542e-01 9.183670471063486440e-01 9.149890720810573974e-01 9.262033685417956352e-01
8.972950310110021643e-01 9.182870696069607153e-01 9.148774524806555508e-01 9.260677896355463679e-01
8.972082869493559487e-01 9.181530162779469872e-01 9.148090404675061071e-01 9.258919745853483318e-01
8.976275499139788616e-01 9.186154508071562308e-01 9.154247485858516553e-01 9.264462039569452134e-01
8.982347583455014828e-01 9.193680018116263675e-01 9.152843239272815401e-01 9.265996352369099132e-01
8.977287513192326873e-01 9.191734307134548088e-01 9.144813829308426900e-01 9.258232768390546319e-01
8.973817750726481579e-01 9.189404945392187773e-01 9.144273734467771586e-01 9.255495057100318057e-01
8.973673177290403258e-01 9.191839379195917425e-01 9.148738518483845450e-01 9.259696930644469859e-01
8.973817750726481579e-01 9.187833156986385807e-01 9.150142765069546602e-01 9.263100136680132435e-01
8.974974338215095937e-01 9.186337997416317291e-01 9.143733639627117382e-01 9.259445175073838241e-01
8.978299527244864020e-01 9.187915767552213842e-01 9.141249203360110043e-01 9.255644000878350264e-01
8.984227038124014131e-01 9.191774602907012426e-01 9.146938202348332547e-01 9.257515944778385020e-01
8.988275094334166049e-01 9.196409219908624477e-01 9.152375157077583534e-01 9.263359794861082408e-01
8.993696598187048696e-01 9.200572664260346922e-01 9.146938202348331437e-01 9.260442363810263977e-01
8.991021989619626398e-01 9.196127759671701707e-01 9.149962733455994091e-01 9.262670702798011524e-01
8.981480142838554892e-01 9.191669853806880841e-01 9.153275315145339430e-01 9.263264425824045967e-01
8.971215428877099551e-01 9.189366549958363217e-01 9.152663207659266220e-01 9.264247274033469148e-01
8.967890239847331468e-01 9.188693441293981357e-01 9.155903776703188113e-01 9.266395108285431226e-01
8.963697610201101229e-01 9.182225837531612367e-01 9.158568244583749074e-01 9.269512960403698543e-01
8.966444505486561578e-01 9.184370400973547177e-01 9.154859593344593094e-01 9.265597345983277444e-01
8.972805736673943322e-01 9.186864690836390457e-01 9.156227833607583078e-01 9.263512318653038813e-01
8.983359597507556416e-01 9.192571146910271107e-01 9.156587896834683660e-01 9.262141178863003699e-01
8.989431681822782627e-01 9.195830666569531076e-01 9.157812111806833411e-01 9.262936663975833707e-01
8.984516184996169663e-01 9.192353744086338985e-01 9.157596073870573061e-01 9.261898927335527887e-01
8.991744856800011343e-01 9.194457145903669470e-01 9.150466821973937126e-01 9.255658104676697251e-01
8.988564241206320471e-01 9.193124215947481304e-01 9.146830183380201262e-01 9.254357196091834714e-01
8.982925877199322562e-01 9.187386588546586630e-01 9.141285209682820101e-01 9.252148443940603206e-01
8.967167372666945413e-01 9.180731393631925696e-01 9.133975926172634985e-01 9.251025457349631997e-01
8.968034813283407569e-01 9.183499922372984070e-01 9.132823723845906461e-01 9.253360936534936743e-01
8.974974338215097047e-01 9.186997331722634996e-01 9.133291806041141658e-01 9.252073559329370145e-01
8.972805736673943322e-01 9.184855524916388791e-01 9.140889140133007240e-01 9.255551032447348891e-01
8.971360002313174542e-01 9.187401728484263508e-01 9.153095283531788029e-01 9.264131270817124175e-01
8.976709219448018029e-01 9.191030850924292173e-01 9.158892301488141818e-01 9.266921166647630326e-01
