9.277566539923953748e-01 9.446699961337275964e-01 8.976988359155867458e-01 9.183052507755283811e-01
9.286963813268949153e-01 9.453376340025213542e-01 8.986025946156144251e-01 9.190236963435907125e-01
9.285662652344257584e-01 9.452426300656439073e-01 8.993119191730069018e-01 9.196582773419513801e-01
9.289710708554410612e-01 9.455352588038504758e-01 9.000212437303990454e-01 9.200635395476479683e-01
9.294915352253175778e-01 9.459447773682740923e-01 9.005325335128848696e-01 9.204046909895864381e-01
9.302288597493096889e-01 9.464155062429482346e-01 9.007989803009408547e-01 9.204938182421489312e-01
9.307926961500093688e-01 9.468881955556462948e-01 9.011194365730621492e-01 9.207741870229630976e-01
9.312842458326707762e-01 9.472288169021199078e-01 9.020808053894262546e-01 9.215052709137979692e-01
9.320793997310934387e-01 9.477491781849562980e-01 9.033410266842857306e-01 9.224375983789436795e-01
9.328022669114777177e-01 9.482057464572657413e-01 9.043420024556311221e-01 9.231687255915685952e-01
9.332649019069235719e-01 9.485937221610237780e-01 9.054509971951074654e-01 9.239972875557085352e-01
9.340166837745232931e-01 9.491273935511618243e-01 9.064663754955369912e-01 9.247272702573209324e-01
9.344359467391462060e-01 9.493650453136671663e-01 9.073629329310225478e-01 9.253719002846511055e-01
9.350720698578842693e-01 9.498998407842068614e-01 9.086735630776765493e-01 9.263382638219422871e-01
9.356792782894071125e-01 9.502708709192220216e-01 9.091308433760969532e-01 9.266552964845629070e-01
9.364310601570067227e-01 9.508296817268788725e-01 9.096637369522087013e-01 9.271835410304627434e-01
9.369370671832757402e-01 9.511611506635204716e-01 9.104846811100028026e-01 9.277943229290106508e-01
9.377033063944830715e-01 9.517124777115384404e-01 9.117881099921145704e-01 9.286341476706737597e-01
9.383538868568289670e-01 9.521436384595659552e-01 9.128214914538994584e-01 9.294907435530589401e-01
9.388598938830978735e-01 9.526076613772010981e-01 9.134732058949552869e-01 9.300724580585868484e-01
9.388888085703132047e-01 9.525604556348323815e-01 9.138944798706651884e-01 9.304740263098465469e-01
9.395538463762668213e-01 9.529015370666995555e-01 9.148054398352351013e-01 9.312292989787069875e-01
9.401465974641819434e-01 9.534017287016857134e-01 9.155903776703189223e-01 9.318003795024276670e-01
9.405947751160200765e-01 9.536677071855661492e-01 9.164185230926551462e-01 9.324041097353107377e-01
9.409417513626046059e-01 9.539890258050539584e-01 9.169046084492438187e-01 9.328354763680758444e-01
9.410718674550737628e-01 9.540946298712602580e-01 9.179343892787573678e-01 9.336729975332066500e-01
9.416501611993811638e-01 9.544897773627718518e-01 9.186581163652337567e-01 9.342130107224400071e-01
9.425465165030577630e-01 9.551015283210970708e-01 9.199399414537193787e-01 9.351602953442226251e-01
9.429224074368575126e-01 9.554025740645867293e-01 9.209769235477749394e-01 9.360095679980304784e-01
9.431392675909727741e-01 9.555138020744229355e-01 9.221435284035877089e-01 9.369295668892034801e-01
9.435151585247725237e-01 9.558416924978991869e-01 9.229860763550079561e-01 9.376610995072595101e-01
9.440500802382569834e-01 9.562067001983878267e-01 9.239906527586245755e-01 9.385105496310174322e-01
9.446283739825644954e-01 9.567981712065836142e-01 9.249052133554651611e-01 9.391858352578213998e-01
9.450042649163643560e-01 9.569517875909329119e-01 9.255965347515024977e-01 9.396653051603957030e-01
9.453367838193410533e-01 9.570870068499425232e-01 9.261726359148666488e-01 9.399761012219084444e-01
9.456403880351025304e-01 9.572467849028121201e-01 9.269071648981560552e-01 9.405506917143152679e-01
9.459439922508637855e-01 9.573017714845891701e-01 9.276020869264641755e-01 9.411486328904008491e-01
9.464355419335251929e-01 9.576357926910836760e-01 9.281313798703050288e-01 9.416275932628557221e-01
9.470282930214403150e-01 9.580998169045917834e-01 9.286930785045852677e-01 9.421431029525281220e-01
9.469270916161863783e-01 9.578882596667503968e-01 9.297408624954542899e-01 9.429963193812079814e-01
9.474620133296708380e-01 9.583728008539131871e-01 9.304753914787435853e-01 9.435641632979978599e-01
9.475921294221399949e-01 9.585807798220926657e-01 9.307202344731735355e-01 9.437434110267239884e-01
9.480692217611936812e-01 9.588171844204746996e-01 9.315231754696124966e-01 9.443588262660124188e-01
9.485318567566395354e-01 9.590835337957535067e-01 9.320524684134534610e-01 9.447211417945521328e-01
9.489366623776548382e-01 9.593852888841533089e-01 9.324485379632663218e-01 9.449743731332546082e-01
9.491968945625930409e-01 9.595554064919002979e-01 9.326753777963410208e-01 9.452362525706168306e-01
9.493703826858853612e-01 9.597895224460305519e-01 9.328050005580980075e-01 9.454322890600046492e-01
9.496595295580390061e-01 9.600209236764110088e-01 9.329274220553127606e-01 9.456397640212509392e-01
9.499197617429774310e-01 9.604615079397019750e-01 9.333522966632942230e-01 9.459777342423529856e-01
9.501221645534849713e-01 9.605148859897638669e-01 9.337771712712752414e-01 9.464202807591618472e-01
9.501221645534849713e-01 9.603985546923645700e-01 9.342236496728826278e-01 9.467589840552778080e-01
9.502522806459541282e-01 9.605641233727243433e-01 9.351166064760972896e-01 9.475436030933750420e-01
9.502233659587386860e-01 9.606919566433489432e-01 9.357071101685456860e-01 9.479919439345098064e-01
9.504691408000693897e-01 9.608218700214190555e-01 9.367332903657882293e-01 9.487259451269686172e-01
9.505558848617154943e-01 9.608045738580961448e-01 9.374210111295543379e-01 9.491604881098180124e-01
9.499631337738003722e-01 9.602867017202956212e-01 9.376262471690028910e-01 9.492681624897039150e-01
9.498185603377234942e-01 9.600536832113316654e-01 9.380115148220027343e-01 9.494873212472441093e-01
9.498908470557619887e-01 9.601407684549959631e-01 9.379250996474980395e-01 9.494763089791588007e-01
9.498908470557620998e-01 9.602777280425195405e-01 9.380727255706102774e-01 9.496040887067084268e-01
9.500209631482311456e-01 9.603302499472452514e-01 9.383211691973109003e-01 9.498366293928510729e-01
9.502739666613656544e-01 9.603573053795173564e-01 9.382959647714137486e-01 9.498966740614838145e-01
9.507438303286154246e-01 9.605481070804297028e-01 9.387352419084791233e-01 9.502006609453147457e-01
9.510618918879845118e-01 9.606196618706315249e-01 9.384111850040867120e-01 9.499147834916539246e-01
9.512353800112767210e-01 9.606376299831369536e-01 9.384147856363578288e-01 9.498591176326198759e-01
9.515389842270381981e-01 9.607067655527838923e-01 9.379214990152270337e-01 9.493950303696065962e-01
9.511630932932383375e-01 9.604089886569961987e-01 9.374066086004702036e-01 9.490067255416024805e-01
9.512642946984920522e-01 9.604580186396528552e-01 9.375470332590402078e-01 9.491236407493572891e-01
9.515968136014688605e-01 9.606447568952981575e-01 9.375074263040589218e-01 9.490823261303861225e-01
9.521461926585608193e-01 9.609426556902046501e-01 9.380295179833578745e-01 9.494787059919331806e-01
9.524497968743224074e-01 9.611651779840423293e-01 9.384147856363576068e-01 9.498077556657692488e-01
9.523630528126761918e-01 9.610313472441631699e-01 9.389548804770116996e-01 9.502369503836547437e-01
9.522329367202070349e-01 9.608991353578003602e-01 9.394373652013292553e-01 9.506680671957454809e-01
9.524353395307145753e-01 9.610043734571229734e-01 9.402295043009553099e-01 9.512110818949619517e-01
9.525654556231838432e-01 9.610175969453218503e-01 9.406759827025625853e-01 9.514134389686231819e-01
9.525076262487530698e-01 9.609189632446126783e-01 9.407047877607307429e-01 9.513150356650907913e-01
9.521895646893839826e-01 9.606069330434831022e-01 9.410252440328520374e-01 9.514681169617613676e-01
9.520305339096993835e-01 9.602890311006555546e-01 9.413276971436184137e-01 9.517017712753679248e-01
9.514233254781766513e-01 9.599861391299437940e-01 9.418785938810854130e-01 9.523395762772064455e-01
9.506570862669693200e-01 9.594671871688398301e-01 9.417921787065809403e-01 9.523549166341775951e-01
9.504546834564617797e-01 9.593944820302809928e-01 9.421342387723284917e-01 9.527526612226028258e-01
9.503101100203849017e-01 9.592016146453626879e-01 9.428039563747394602e-01 9.532335661317015152e-01
9.510329772007690696e-01 9.597256930073486680e-01 9.431100101177766204e-01 9.533203910260176217e-01
9.510618918879845118e-01 9.598791506250335948e-01 9.433836581703747282e-01 9.535860108473707131e-01
9.515968136014688605e-01 9.603533707955494991e-01 9.431820227631972919e-01 9.534281288245137764e-01
9.520160765660916624e-01 9.606596430681137999e-01 9.429119753428701900e-01 9.531138138612448296e-01
9.528835171825529304e-01 9.612762431891793691e-01 9.429983905173748848e-01 9.531751936311833040e-01
9.538810738914832443e-01 9.619757264953390230e-01 9.433764569058327165e-01 9.535120920323088001e-01
9.547774291951597325e-01 9.626927749197391471e-01 9.438121334106269744e-01 9.538642714478644535e-01
9.543726235741444297e-01 9.624436839330181570e-01 9.440425738759723462e-01 9.540265031941409513e-01
9.549075452876287784e-01 9.628562776539892898e-01 9.436032967389073045e-01 9.537861380360180830e-01
9.543437088869290985e-01 9.626318611359061528e-01 9.435312840934868550e-01 9.537214039508700170e-01
9.534618109268602204e-01 9.621395066871718527e-01 9.434628720803371893e-01 9.537807781272203966e-01
9.529413465569835928e-01 9.617328611064565047e-01 9.437797277201877000e-01 9.539424471658171090e-01
9.520016192224840523e-01 9.610603940151930535e-01 9.435708910484681411e-01 9.536907075696405833e-01
9.509606904827306861e-01 9.605728017547666697e-01 9.433692556412905939e-01 9.534954126749873859e-01
9.500498778354464768e-01 9.600934308872888234e-01 9.433332493185804246e-01 9.533750891177951159e-01
9.494137547167083024e-01 9.596409219142525426e-01 9.437941302492717233e-01 9.535640740922106673e-01
9.488354609724009014e-01 9.591658660109521062e-01 9.440173694500754165e-01 9.537928635786113718e-01
9.487776315979702391e-01 9.590715606716168073e-01 9.437905296170006064e-01 9.536389289081728116e-01
9.489511197212624483e-01 9.591412262656260346e-01 9.437941302492717233e-01 9.537546015741035221e-01
9.495872428400006227e-01 9.594391744525406773e-01 9.437437213974774197e-01 9.538047854261740843e-01
9.500209631482311456e-01 9.596765279260628390e-01 9.435960954743654039e-01 9.536912925511422667e-01
9.492980959678468666e-01 9.592703933836611574e-01 9.437293188683933964e-01 9.537656206409994564e-01
9.488788330032240648e-01 9.588957871205177064e-01 9.435888942098232812e-01 9.536457349305776932e-01
9.487920889415779602e-01 9.589093772470700383e-01 9.434124632285429968e-01 9.535264776931871022e-01
9.490667784701238840e-01 9.591085325978149223e-01 9.434376676544400375e-01 9.535598878726683214e-01
9.487920889415778491e-01 9.590192068624570076e-01 9.433872588026457340e-01 9.534297258273469744e-01
9.485752287874625877e-01 9.588298023840694517e-01 9.430127930464590191e-01 9.531596213816336816e-01
9.487342595671470757e-01 9.589272491728604297e-01 9.424690975735338094e-01 9.528998514045755597e-01
9.493270106550623089e-01 9.591380872938771729e-01 9.416985622675340117e-01 9.523356439020727038e-01
9.503101100203847906e-01 9.597625950524605321e-01 9.416085464607585331e-01 9.522189726915855079e-01
9.502956526767771805e-01 9.596163347933729382e-01 9.420478235978236858e-01 9.525471925096450354e-01
9.499920484610158145e-01 9.593090735505106492e-01 9.426995380388797363e-01 9.529758126130786211e-01
9.490089490956931106e-01 9.587196135845160727e-01 9.422782640631695017e-01 9.526095586134581961e-01
9.489655770648701694e-01 9.587488482904125142e-01 9.420802292882629603e-01 9.524051829943449565e-01
9.484161980077779885e-01 9.583626675078655843e-01 9.420730280237208376e-01 9.523408540066441441e-01
9.484595700386011519e-01 9.583117688248775634e-01 9.420046160105715050e-01 9.523135631151973257e-01
9.484884847258164831e-01 9.583742626142042198e-01 9.416445527834688134e-01 9.522033848727864402e-01
9.490089490956932217e-01 9.587013130179636855e-01 9.417921787065808292e-01 9.523787946007955529e-01
9.496884442452543373e-01 9.591140117058594150e-01 9.419037983069827868e-01 9.525498155078419016e-01
9.496739869016468383e-01 9.591206555301423631e-01 9.420622261269079312e-01 9.526852039299759101e-01
9.491390651881622675e-01 9.587453481173915382e-01 9.415185306539828325e-01 9.523477755866345262e-01
9.489077476904392849e-01 9.587744009601968376e-01 9.412124769109455613e-01 9.521170253155065710e-01
9.487631742543624069e-01 9.586718979239384764e-01 9.412340807045718183e-01 9.521592437972168366e-01
9.480403070739783500e-01 9.581423344628434702e-01 9.413060933499923788e-01 9.522582426085148821e-01
9.470427503650479251e-01 9.573270429334401754e-01 9.416625559448239535e-01 9.525515233244398194e-01
9.465945727132096810e-01 9.570132597880220970e-01 9.417561723838706600e-01 9.525790001055175482e-01
9.462765111538405938e-01 9.567271012482947423e-01 9.419974147460294933e-01 9.526953764235840394e-01
9.472451531755554655e-01 9.573328563469543084e-01 9.420622261269079312e-01 9.527108094094736135e-01
9.474620133296708380e-01 9.574302392117970406e-01 9.416517540480109361e-01 9.524851474950600805e-01
9.472451531755554655e-01 9.573343740817942260e-01 9.414645211699174121e-01 9.522816022318070228e-01
9.472306958319478554e-01 9.573569379320114869e-01 9.415653388735061302e-01 9.523900072234227077e-01
9.476933308273938206e-01 9.576030490557924102e-01 9.416661565770949593e-01 9.525360732486231052e-01
9.480258497303705179e-01 9.580864258088820362e-01 9.418785938810855241e-01 9.527821395977074115e-01
9.477800748890398141e-01 9.579553649527476900e-01 9.414717224344593127e-01 9.525238706246016429e-01
9.476644161401783784e-01 9.576581999935959155e-01 9.408272092579456070e-01 9.520712153311307047e-01
9.473174398935939600e-01 9.574782909670465081e-01 9.408236086256747122e-01 9.519486918400491549e-01
9.473897266116324545e-01 9.576371510430267131e-01 9.411872724850482985e-01 9.521485128489695082e-01
9.476933308273938206e-01 9.576400653300176646e-01 9.412412819691138299e-01 9.521581708271934508e-01
9.485318567566396464e-01 9.583169963252283763e-01 9.411908731173193043e-01 9.522005739046867090e-01
9.490523211265162740e-01 9.587354830142613693e-01 9.412412819691138299e-01 9.522067686979488466e-01
9.496595295580390061e-01 9.592831236178882559e-01 9.409532313874316989e-01 9.519489064893540409e-01
9.500498778354464768e-01 9.594596823623016135e-01 9.408920206388242669e-01 9.518540174183364178e-01
9.493559253422775290e-01 9.592230716733122220e-01 9.409748351810577338e-01 9.519887335478061097e-01
9.490667784701238840e-01 9.590324033265099635e-01 9.410144421360390199e-01 9.520590671328769128e-01
9.493848400294929712e-01 9.592500954542030334e-01 9.405787656312447620e-01 9.517824078299148560e-01
9.493848400294928602e-01 9.592481661208136501e-01 9.405967687926001242e-01 9.517023535935006384e-01
9.491679798753777098e-01 9.590010709459425575e-01 9.405571618376186160e-01 9.516275069325232927e-01
9.485318567566395354e-01 9.586294180180530144e-01 9.404743472953850381e-01 9.516078038600843669e-01
9.489655770648700583e-01 9.589713822647512043e-01 9.407227909220858830e-01 9.517941879410209971e-01
9.489077476904393960e-01 9.588820028296651810e-01 9.412340807045717073e-01 9.522196514222879271e-01
9.488643756596163437e-01 9.589305050888162762e-01 9.413240965113472969e-01 9.522797772631443891e-01
9.488788330032239537e-01 9.589873634831684868e-01 9.412232788077586898e-01 9.521728206959770846e-01
9.500498778354464768e-01 9.596725902139604525e-01 9.416517540480107140e-01 9.524339530204253279e-01
9.502089086151309649e-01 9.597944461688400208e-01 9.417957793388518350e-01 9.525565190183649111e-01
9.495872428400006227e-01 9.593478981170135977e-01 9.415581376089641186e-01 9.523822588228421093e-01
9.496739869016466162e-01 9.594754356217196634e-01 9.417525717515996542e-01 9.524693816208166242e-01
9.486764301927164134e-01 9.587701430275125114e-01 9.413457003049735539e-01 9.521185833998467851e-01
9.489800344084777795e-01 9.587699825778739360e-01 9.414501186408332778e-01 9.522530140636424889e-01
9.484161980077780996e-01 9.581290338887697988e-01 9.408380111547588465e-01 9.518556265669437799e-01
9.482427098844858904e-01 9.578383585816370172e-01 9.405355580439925811e-01 9.516608757489107839e-01
9.480258497303705179e-01 9.576984333949986050e-01 9.408920206388242669e-01 9.519120103212506123e-01
9.484161980077780996e-01 9.579915305763266886e-01 9.411656686914222636e-01 9.520017710313050108e-01
9.484740273822087619e-01 9.579731631902010935e-01 9.416481534157398192e-01 9.521365663189232942e-01
9.486908875363241345e-01 9.582084327835701520e-01 9.418893957778986525e-01 9.522569867613257522e-01
9.490667784701239951e-01 9.584653149757975665e-01 9.422278552113751982e-01 9.523806660814949643e-01
9.489944917520853895e-01 9.585057110145942527e-01 9.425123051607862124e-01 9.525250178905790843e-01
9.489511197212623372e-01 9.586319807512482249e-01 9.422962672245246418e-01 9.523833875046333608e-01
9.486475155055009711e-01 9.586497356052833263e-01 9.420478235978237969e-01 9.521815345416002607e-01
9.487053448799317446e-01 9.585663465102058911e-01 9.421378394045993865e-01 9.521602641284030444e-01
9.489655770648700583e-01 9.588374160948219815e-01 9.425879184384777787e-01 9.525142237830206415e-01
9.492691812806314244e-01 9.590279588398964439e-01 9.430379974723561709e-01 9.529042988277272030e-01
9.494282120603161346e-01 9.591252926138055246e-01 9.433224474217671851e-01 9.531398461177605919e-01
9.493270106550621978e-01 9.590802733834170590e-01 9.434304663898980259e-01 9.532829976761317825e-01
9.487631742543625180e-01 9.587223720999378251e-01 9.432432335118048350e-01 9.531536838183998217e-01
9.487920889415778491e-01 9.587233325589472610e-01 9.429947898851038790e-01 9.529318413330514215e-01
9.480836791048011802e-01 9.583047295540375599e-01 9.429515822978513651e-01 9.529055996763474701e-01
9.471150370830863086e-01 9.576393718602091987e-01 9.427031386711507421e-01 9.526843180605469863e-01
9.465367433387789076e-01 9.573221200983536017e-01 9.431784221309261751e-01 9.529572643075885363e-01
9.465078286515635764e-01 9.571817031315376090e-01 9.434016613317298683e-01 9.530601442888338992e-01
9.469126342725787682e-01 9.573795611693917129e-01 9.437329195006642912e-01 9.532667935148568805e-01
9.468403475545402737e-01 9.573984960522414767e-01 9.438265359397109977e-01 9.533711544173334440e-01
9.467536034928941691e-01 9.571975968048475059e-01 9.433332493185804246e-01 9.530053689878784651e-01
9.468548048981482168e-01 9.571803346316690719e-01 9.428003557424684544e-01 9.526579532724099852e-01
9.470861223958709774e-01 9.572591994030090756e-01 9.424871007348891716e-01 9.524572279087663018e-01
9.471150370830864196e-01 9.572221550457711281e-01 9.420874305528050829e-01 9.523217845814118121e-01
9.473608119244170123e-01 9.572819303138337954e-01 9.418677919842725066e-01 9.521986798128714291e-01
9.478379042634705876e-01 9.576786839426826292e-01 9.418245843970201037e-01 9.521680693479847024e-01
9.477367028582167618e-01 9.577686765276143266e-01 9.420046160105712829e-01 9.522886287405114558e-01
9.473897266116324545e-01 9.575239666362101998e-01 9.417165654288892629e-01 9.519639129334414029e-01
9.477077881710015417e-01 9.577579538921937585e-01 9.418281850292912205e-01 9.520197397774758930e-01
9.484161980077780996e-01 9.581279194278669031e-01 9.418749932488144072e-01 9.520654139369568725e-01
9.489366623776547272e-01 9.583830588513794213e-01 9.423862830313003425e-01 9.524090962750173528e-01
9.495872428400006227e-01 9.588021413438119200e-01 9.431460164404870117e-01 9.529800204577417722e-01
9.494571267475314658e-01 9.587671109425820459e-01 9.434412682867111544e-01 9.531564518003673436e-01
9.489077476904392849e-01 9.584382666270157003e-01 9.432216297181785780e-01 9.530226759364063271e-01
9.495438708091776814e-01 9.588595828167605362e-01 9.434592714480664055e-01 9.531930910635683096e-01
9.496739869016467273e-01 9.589855923812728999e-01 9.437185169715802679e-01 9.534288306473737151e-01
9.496450722144315071e-01 9.590119076952696719e-01 9.433944600671877456e-01 9.532924621414100574e-01
9.486330581618932500e-01 9.584718177599529376e-01 9.431748214986551693e-01 9.532635923247104737e-01
9.484161980077780996e-01 9.584112981983912150e-01 9.427823525811134253e-01 9.530590434726343707e-01
9.477511602018245940e-01 9.581148937388992426e-01 9.421666444627676551e-01 9.525901246028886105e-01
9.476210441093553261e-01 9.580804572614707304e-01 9.420802292882630713e-01 9.524551655952220308e-01
9.471294944266940297e-01 9.577008660609646062e-01 9.418713926165434014e-01 9.522268735989004584e-01
9.472885252063786288e-01 9.578714696601747791e-01 9.417201660611602687e-01 9.521264324201283991e-01
9.472306958319478554e-01 9.579014907310506866e-01 9.416265496221135622e-01 9.520314720466498404e-01
9.469415489597942104e-01 9.576607372718094480e-01 9.420730280237209486e-01 9.523442614009716145e-01
9.466379447440326222e-01 9.575210808131553453e-01 9.424474937799078855e-01 9.526121070134974111e-01
9.468548048981479948e-01 9.574153618439188440e-01 9.426959374066085084e-01 9.528501116162347850e-01
9.472306958319477443e-01 9.576602583219280262e-01 9.425015032639731949e-01 9.527881866144618517e-01
9.467391461492864480e-01 9.574459142097073716e-01 9.424726982058050373e-01 9.528705236876711115e-01
9.469270916161864893e-01 9.574297424955547919e-01 9.420694273914498318e-01 9.525602346444074220e-01
9.473463545808094022e-01 9.577067232690532617e-01 9.417273673257022804e-01 9.523013870476955134e-01
9.471439517703017508e-01 9.577371102955662963e-01 9.418029806033938467e-01 9.522563332893633214e-01
9.478523616070783087e-01 9.581680994106334115e-01 9.419470058942350787e-01 9.522641996939534836e-01
9.480113923867627967e-01 9.584232457954093842e-01 9.419326033651509444e-01 9.521434679102093179e-01
9.478089895762553674e-01 9.584282425558234841e-01 9.420334210687395515e-01 9.521844751219308289e-01
9.477511602018244830e-01 9.583262752625849590e-01 9.422098520500198360e-01 9.523394503608098027e-01
9.479680203559397444e-01 9.582227553306784662e-01 9.420226191719265341e-01 9.521875796161614058e-01
9.479680203559398555e-01 9.580823890418604938e-01 9.418965970424407752e-01 9.520778188576439760e-01
9.484740273822087619e-01 9.583459798087469173e-01 9.415545369766931127e-01 9.516909267291979724e-01
9.492980959678468666e-01 9.587320236199748935e-01 9.413925085244968516e-01 9.514316601592516243e-01
9.495294134655698493e-01 9.588961524002823644e-01 9.416841597384499885e-01 9.516656209387318599e-01
9.492258092498084832e-01 9.586165129578088084e-01 9.412880901886371277e-01 9.514899166202461789e-01
9.487776315979703501e-01 9.583199596046780844e-01 9.407407940834410232e-01 9.511983413207221183e-01
9.482860819153089427e-01 9.579340926401754830e-01 9.402835137850206193e-01 9.509101612345458587e-01
9.487198022235394657e-01 9.582792189109263781e-01 9.405247561471793416e-01 9.510464364876289878e-01
9.487198022235394657e-01 9.584186246087148531e-01 9.407731997738804086e-01 9.512735389924733553e-01
9.483728259769550473e-01 9.581494933744235665e-01 9.411116592073567322e-01 9.514699154239245615e-01
9.483005392589166638e-01 9.580632913356067482e-01 9.408308098902168348e-01 9.512585004556635138e-01
9.483728259769550473e-01 9.580036057053198384e-01 9.413060933499921568e-01 9.515477505275172776e-01
9.478234469198628664e-01 9.576576063861030885e-01 9.415437350798800953e-01 9.517378279211359260e-01
9.479824776995475766e-01 9.576572894363455379e-01 9.417957793388518350e-01 9.519370919800957953e-01
9.474330986424555068e-01 9.571639904803767029e-01 9.417669742806837885e-01 9.520196015486513952e-01
9.465078286515635764e-01 9.564944469714331543e-01 9.417453704870575315e-01 9.520792630907352061e-01
9.463343405282713672e-01 9.563362977770530904e-01 9.417057635320762454e-01 9.521063290074995855e-01
9.462331391230174304e-01 9.562549637247063083e-01 9.413961091567679684e-01 9.519476930914601009e-01
9.460741083433329424e-01 9.561761026367985306e-01 9.411908731173195264e-01 9.517804862607421867e-01
9.468548048981479948e-01 9.566672367399146060e-01 9.416661565770949593e-01 9.520685289241946903e-01
9.471005797394786985e-01 9.568577832124252058e-01 9.416841597384500995e-01 9.519655887196776245e-01
9.472885252063786288e-01 9.569679667303434556e-01 9.421630438304965383e-01 9.522082868736678751e-01
9.471294944266940297e-01 9.568343050708527642e-01 9.421162356109732405e-01 9.521607099529760809e-01
9.475632147349246637e-01 9.571995616898992809e-01 9.420910311850760888e-01 9.522174182672014098e-01
9.476210441093554371e-01 9.572367669524853850e-01 9.421450406691415091e-01 9.523500598796250660e-01
9.475198427041015004e-01 9.572809744545026645e-01 9.418713926165435124e-01 9.522070929693440267e-01
9.471005797394788095e-01 9.570114463306766961e-01 9.416445527834687024e-01 9.520632812380083188e-01
9.466379447440328443e-01 9.568771626738216129e-01 9.414249142149362370e-01 9.519792523322077038e-01
9.469560063034019315e-01 9.572776343491286033e-01 9.414609205376464063e-01 9.519844232142669060e-01
9.473752692680247334e-01 9.575135551620864716e-01 9.412916908209081335e-01 9.518365538940901649e-01
9.479680203559398555e-01 9.579463022286922591e-01 9.412556844981978532e-01 9.518076339737147062e-01
9.472596105191632976e-01 9.575671782845415203e-01 9.410468478264784054e-01 9.517116161727798840e-01
9.470572077086556462e-01 9.574897429204584087e-01 9.411800712205062869e-01 9.519099391367311647e-01
9.466668594312480645e-01 9.572699039471188609e-01 9.411224611041698607e-01 9.519372178558507258e-01
9.466668594312480645e-01 9.571772002252775247e-01 9.413384990404314312e-01 9.521171614711162468e-01
9.465222859951712975e-01 9.569762416299197882e-01 9.413168952468053963e-01 9.520770140400482973e-01
9.467825181801096113e-01 9.570536558360539514e-01 9.415365338153379726e-01 9.521565621665450951e-01
9.471728664575170820e-01 9.573558952309479952e-01 9.417021628998051286e-01 9.522619437524255659e-01
9.470572077086555351e-01 9.573271255591374596e-01 9.417813768097677007e-01 9.522224234528652298e-01
9.468258902109326636e-01 9.571680473682224743e-01 9.418713926165435124e-01 9.522663886339175487e-01
9.466957741184633957e-01 9.570063163607145373e-01 9.421918488886649179e-01 9.525253762071460573e-01
9.466957741184635067e-01 9.570204605953442911e-01 9.424078868249263774e-01 9.526588619922781165e-01
9.470282930214403150e-01 9.572402665555851398e-01 9.421414400368705033e-01 9.524622449821433801e-01
9.468981769289711581e-01 9.572050127461626534e-01 9.415509363444221069e-01 9.519960059639148708e-01
9.473752692680246223e-01 9.575875762430948734e-01 9.415437350798799843e-01 9.519012407579082735e-01
9.472017811447325242e-01 9.574067405971430356e-01 9.415797414025902645e-01 9.518395203415673800e-01
9.470427503650480361e-01 9.574158381320284628e-01 9.412664863950108707e-01 9.516790676099103896e-01
9.473318972372015701e-01 9.575406194229381107e-01 9.410900554137306973e-01 9.515186196782488004e-01
9.475198427041015004e-01 9.575992329100477818e-01 9.406723820702915795e-01 9.512267630426630705e-01
9.475343000477092215e-01 9.576781554963618159e-01 9.401070828037403349e-01 9.507704168839705705e-01
9.474330986424555068e-01 9.575450884227805215e-01 9.399990638356093831e-01 9.507297448484263169e-01
9.478812762942937509e-01 9.577462360783914885e-01 9.400170669969647452e-01 9.507431400107599906e-01
9.481704231664473959e-01 9.579094273721273645e-01 9.403447245336280513e-01 9.510124481507653549e-01
9.490812358137314941e-01 9.584371320846140074e-01 9.410792535169176798e-01 9.514548582856028336e-01
9.489222050340472281e-01 9.582465020998779393e-01 9.414105116858519917e-01 9.515980508978683083e-01
9.486908875363240234e-01 9.581567073920523869e-01 9.414465180085622720e-01 9.515536387556239317e-01
9.484161980077780996e-01 9.579712047072551639e-01 9.415905432994032820e-01 9.516392122959724809e-01
9.486619728491088033e-01 9.581173141806353932e-01 9.417885780743098234e-01 9.517301005552716298e-01
9.491101505009470474e-01 9.585254261867423020e-01 9.421666444627676551e-01 9.519040712587842901e-01
9.499920484610157034e-01 9.591108826649938912e-01 9.423214716504217936e-01 9.519864422179968866e-01
9.499775911174080933e-01 9.590878213621236714e-01 9.423682798699450913e-01 9.520542994420769789e-01
9.494860414347467970e-01 9.587187380029025263e-01 9.421414400368705033e-01 9.518336110996492572e-01
9.494426694039237447e-01 9.585436253989648714e-01 9.421990501532068185e-01 9.518301342859312175e-01
9.496595295580390061e-01 9.586450308469718351e-01 9.420946318173470946e-01 9.517844765810625773e-01
9.493848400294929712e-01 9.585504584707351672e-01 9.416553546802817198e-01 9.514747376792277445e-01
9.495872428400005116e-01 9.585826472869152237e-01 9.414861249635435581e-01 9.513666632513609889e-01
9.496595295580391172e-01 9.585408611913365240e-01 9.413168952468051742e-01 9.512766248462251051e-01
9.496595295580390061e-01 9.585293792729046025e-01 9.412592851304688590e-01 9.513106793183419008e-01
9.495583281527852915e-01 9.584675075083319840e-01 9.412844895563660108e-01 9.513158209261491915e-01
9.495872428400005116e-01 9.583731154447675538e-01 9.413493009372446707e-01 9.513360721989646551e-01
9.498908470557619887e-01 9.585749178075413379e-01 9.416589553125529477e-01 9.515346439130902834e-01
9.499486764301926511e-01 9.586559529205476160e-01 9.415113293894407098e-01 9.514686137539647426e-01
9.497318162760773896e-01 9.584923170049405305e-01 9.417381692225155199e-01 9.516304043456657036e-01
9.492258092498084832e-01 9.582464755255695188e-01 9.414393167440201493e-01 9.514117063166557253e-01
9.485029420694243152e-01 9.576960575022658295e-01 9.415833420348613814e-01 9.516146018092643821e-01
9.487053448799317446e-01 9.578456346591592840e-01 9.418677919842723956e-01 9.518614681290460400e-01
9.487631742543625180e-01 9.578830085447767040e-01 9.417705749129546833e-01 9.518584882115055379e-01
9.488788330032239537e-01 9.579887168576348699e-01 9.418317856615623374e-01 9.519712542120570831e-01
9.491246078445546575e-01 9.581392820324999837e-01 9.414861249635435581e-01 9.516518066109814766e-01
9.487342595671471868e-01 9.579130734954222071e-01 9.413565022017866823e-01 9.515414119531605541e-01
9.489800344084777795e-01 9.580235302232683603e-01 9.413132946145343904e-01 9.515293464361592735e-01
