9.021093264323614136e-01 9.157414433782574692e-01 9.043708075137993907e-01 9.168919749966546462e-01
9.031647125157222789e-01 9.165087171012287204e-01 9.051413428197990774e-01 9.173986871758686990e-01
9.035406034495221395e-01 9.168106765269284919e-01 9.059910920357614472e-01 9.181437620479542261e-01
9.039454090705373313e-01 9.170905053724086597e-01 9.065311868764155401e-01 9.186317048286600784e-01
9.046249042200986690e-01 9.176690818680333095e-01 9.073557316664806471e-01 9.193675287150382403e-01
9.050007951538984186e-01 9.180763114055705554e-01 9.079318328298449092e-01 9.197992297438473130e-01
9.054056007749136104e-01 9.185553055810182776e-01 9.091380446406388538e-01 9.207531813347469285e-01
9.058971504575749067e-01 9.191998544657398185e-01 9.102974482319095006e-01 9.216261785208446078e-01
9.062007546733362728e-01 9.196437797464138697e-01 9.113056252677971258e-01 9.224529778584448225e-01
9.068224204484669482e-01 9.203843959323083634e-01 9.122633934518900034e-01 9.230927686657595110e-01
9.068513351356822794e-01 9.203684623118700836e-01 9.126810667953293432e-01 9.233371486855955768e-01
9.071838540386589766e-01 9.208394022684018854e-01 9.135092122176654561e-01 9.239522515582432316e-01
9.078778065318278134e-01 9.214984618498591740e-01 9.143229551109175457e-01 9.247158610993992944e-01
9.089331926151889007e-01 9.225655795642676571e-01 9.149602670228892398e-01 9.253252013414138277e-01
9.101331521346269771e-01 9.236922555920538125e-01 9.156479877866554595e-01 9.258941812397865068e-01
9.109861354074803019e-01 9.245311899348999107e-01 9.167101743066081720e-01 9.268624901617169565e-01
9.118535760239414589e-01 9.256149865553645606e-01 9.177867633556452409e-01 9.278752057802941433e-01
9.125041564862872434e-01 9.262953536104336916e-01 9.187157264815701829e-01 9.287493389985770342e-01
9.130390781997715921e-01 9.269090568110102124e-01 9.196590921365792592e-01 9.295722474464153118e-01
9.137764027237635922e-01 9.276436088185665563e-01 9.205592502043358216e-01 9.303837408458622837e-01
9.148751608379476208e-01 9.285190306315909137e-01 9.211533545290552238e-01 9.307684292444460272e-01
9.157642874698203039e-01 9.291423247362140536e-01 9.217150531633353516e-01 9.312193750309470941e-01
9.175208547181541441e-01 9.306871927698059377e-01 9.223919720302885539e-01 9.318981649847001281e-01
9.192701932946839571e-01 9.320016121062197900e-01 9.232237180848956726e-01 9.326589325551452037e-01
9.199641457878530160e-01 9.326382413634970447e-01 9.236881996478581991e-01 9.330562657552582406e-01
9.203111220344374344e-01 9.331190601079252245e-01 9.240446622426897738e-01 9.334060299817399375e-01
9.208171290607062298e-01 9.334494237232136005e-01 9.246675716255774446e-01 9.338622588805243208e-01
9.204990675013372536e-01 9.331975785121453537e-01 9.252004652016894148e-01 9.343545515431430637e-01
9.208894157787447243e-01 9.338279617236506791e-01 9.254921164156425517e-01 9.345690528115138118e-01
9.212653067125446960e-01 9.342617801083427098e-01 9.256541448678389239e-01 9.346724459573738653e-01
9.216267403027367244e-01 9.346488525394993641e-01 9.263742713220441960e-01 9.351929473042469576e-01
9.222050340470442364e-01 9.350536864121576919e-01 9.266011111551187840e-01 9.353411077489848235e-01
9.228989865402129622e-01 9.357647208631795221e-01 9.271916148475671804e-01 9.356863821420163818e-01
9.237664271566743412e-01 9.365379381280508619e-01 9.274346575258616276e-01 9.359527141881089918e-01
9.242290621521200844e-01 9.369389228265182501e-01 9.279333450953987095e-01 9.364255608209736126e-01
9.241278607468663697e-01 9.368869963348787078e-01 9.279693514181088787e-01 9.363818437342124046e-01
9.245182090242739514e-01 9.371490057605875723e-01 9.284590374069686680e-01 9.366974028224871462e-01
9.250386733941505790e-01 9.375900010711402111e-01 9.284086285551742534e-01 9.367725055291535874e-01
9.249808440197198056e-01 9.376452508699990585e-01 9.283042102193144185e-01 9.366403349459330174e-01
9.249808440197196946e-01 9.379446228182233281e-01 9.283978266583612360e-01 9.368742514314677416e-01
9.246916971475662717e-01 9.379586899797001109e-01 9.289235189699309725e-01 9.373354245250662409e-01
9.250820454249735203e-01 9.384684418298016029e-01 9.295464283528187543e-01 9.377943969954394277e-01
9.254434790151657708e-01 9.387500916023069353e-01 9.296724504823047353e-01 9.378991180650322335e-01
9.253856496407349974e-01 9.385502959441545112e-01 9.300217118125941873e-01 9.381940920726975497e-01
9.255735951076349277e-01 9.387239757102854298e-01 9.304897940078276086e-01 9.385176498168414927e-01
9.253278202663043350e-01 9.385146200952863005e-01 9.310046844225845497e-01 9.389086695240943525e-01
9.245904957423124459e-01 9.380913035870082073e-01 9.313143387978928267e-01 9.391725005363846801e-01
9.238820859055356660e-01 9.374419328721721456e-01 9.314295590305656791e-01 9.392380104569422183e-01
9.236218537205973522e-01 9.373078865828070594e-01 9.313215400624349494e-01 9.393557187995763558e-01
9.228556145093900209e-01 9.367486254956616243e-01 9.312243229911172371e-01 9.391704486314670364e-01
9.228989865402130732e-01 9.367819948218290005e-01 9.313683482819584691e-01 9.393356024610355348e-01
9.226532116988823695e-01 9.365923725781124531e-01 9.316095906441169694e-01 9.394069546252921121e-01
9.221327473290057419e-01 9.361607677914700609e-01 9.313971533401265157e-01 9.392878806656990154e-01
9.222484060778671777e-01 9.363636023323937962e-01 9.311235052875284079e-01 9.390829256619815935e-01
9.224218942011594979e-01 9.365366980752733994e-01 9.309902818935005264e-01 9.389656559762288301e-01
9.217568563952059923e-01 9.360145099459532547e-01 9.307058319440892902e-01 9.388206542516794872e-01
9.216845696771674978e-01 9.361322213098243195e-01 9.306122155050426947e-01 9.387433557288298314e-01
9.215399962410906198e-01 9.360759346309337481e-01 9.306302186663977238e-01 9.385549805192681116e-01
9.223785221703364456e-01 9.366454372260361039e-01 9.302737560715661491e-01 9.379187990561541621e-01
9.221182899853980208e-01 9.365613655543231220e-01 9.297264599663701556e-01 9.373963476781230764e-01
9.213665081177985217e-01 9.362322141223726746e-01 9.293087866229310379e-01 9.371217206831267132e-01
9.205424395321603059e-01 9.356579159930927814e-01 9.289163177053891829e-01 9.369591498146100372e-01
9.190533331405688067e-01 9.348856366097453297e-01 9.282610026320623486e-01 9.364277535280396414e-01
9.178389162775231203e-01 9.342986879036001557e-01 9.269971807049318668e-01 9.355269599422101345e-01
9.171015917535312312e-01 9.338955570411406892e-01 9.260142080949413934e-01 9.348581271129131620e-01
9.165088406656161091e-01 9.337156673866495726e-01 9.256505442355678070e-01 9.345120307171034257e-01
9.161618644190316907e-01 9.335929612671455269e-01 9.256865505582780873e-01 9.344674578133883580e-01
9.159739189521316494e-01 9.333906265618913123e-01 9.253084841698202556e-01 9.341390505468938343e-01
9.156992294235857255e-01 9.332932507585285364e-01 9.258161733200349630e-01 9.343460877982030510e-01
9.151353930228861566e-01 9.329986187596780445e-01 9.259529973463340724e-01 9.343772329592755499e-01
9.135739999132559408e-01 9.321075148279595046e-01 9.261402302244272633e-01 9.344908835870131547e-01
9.134005117899636206e-01 9.320438551342504763e-01 9.267667402395861620e-01 9.350363085860005086e-01
9.134005117899636206e-01 9.319563194883524471e-01 9.271844135830251687e-01 9.353814926614499869e-01
9.136029146004713830e-01 9.321929473899618346e-01 9.271880142152961746e-01 9.355297626503393804e-01
9.141233789703480106e-01 9.326488552414865518e-01 9.273284388738661788e-01 9.357864303519868310e-01
9.137619453801558711e-01 9.325009400500808843e-01 9.258233745845769747e-01 9.347154227893476053e-01
9.133426824155329582e-01 9.321418560952218213e-01 9.247143798451008534e-01 9.338969508848068424e-01
9.136462866312944353e-01 9.323252599533695673e-01 9.243435147211849223e-01 9.336033575773234894e-01
9.137474880365481500e-01 9.323025729354281754e-01 9.238718318936806062e-01 9.331424453265126928e-01
9.129089621073023242e-01 9.317401076327800347e-01 9.229572712968396875e-01 9.324638183085535159e-01
9.116800879006491387e-01 9.310125262466865115e-01 9.218950847768868639e-01 9.317260840099103048e-01
9.111162514999494588e-01 9.307669709358015186e-01 9.214918139625317695e-01 9.313285299236313541e-01
9.103210976015267963e-01 9.304693769697577332e-01 9.208941090055413614e-01 9.308073274845393152e-01
9.092946262053809292e-01 9.298984274140101869e-01 9.206744704370086740e-01 9.305753408699689588e-01
9.093669129234194237e-01 9.299897590406825953e-01 9.198607275437568065e-01 9.300049067445806950e-01
9.092512541745580990e-01 9.298327673768660429e-01 9.190901922377568978e-01 9.296400801911358647e-01
9.090199366768350053e-01 9.298678240792539462e-01 9.191333998250093007e-01 9.296655508304506599e-01
9.091211380820886090e-01 9.299270850226388774e-01 9.189245631532897418e-01 9.295945980715279999e-01
9.084561002761352144e-01 9.297911478944843600e-01 9.188777549337662220e-01 9.297069422684920426e-01
9.083982709017043300e-01 9.299561340374856711e-01 9.186869214234021364e-01 9.296752920743577286e-01
9.083693562144892208e-01 9.298645093363310243e-01 9.185500973971029159e-01 9.294452194052152949e-01
9.092801688617734301e-01 9.306261850600281438e-01 9.188381479787850470e-01 9.296502215421105220e-01
9.096849744827886219e-01 9.307647686720876834e-01 9.192414187931400305e-01 9.300395921569469815e-01
9.097428038572192843e-01 9.309908112438369798e-01 9.198715294405697129e-01 9.306366065879735361e-01
9.094825716722808595e-01 9.310790245542182042e-01 9.201415768608969259e-01 9.309507277986550644e-01
9.094825716722808595e-01 9.312101909698689006e-01 9.205196432493545355e-01 9.312124109856920740e-01
9.081814107475892905e-01 9.302134207469922034e-01 9.212325684390179070e-01 9.318867595462767550e-01
9.083693562144892208e-01 9.303046646678477805e-01 9.210993450449899145e-01 9.317404453022424260e-01
9.078344345010047611e-01 9.299315855139049791e-01 9.210201311350273423e-01 9.314460804165594077e-01
9.085862163686043713e-01 9.304566287657265455e-01 9.209589203864199103e-01 9.312242866607880476e-01
9.098150905752576678e-01 9.312157022914815396e-01 9.208437001537470579e-01 9.310977056714970779e-01
9.102921829143113541e-01 9.313731246644819661e-01 9.207896906696815265e-01 9.310158017736239744e-01
9.107403605661494872e-01 9.314619441367313346e-01 9.203396116358031342e-01 9.306709130686758868e-01
9.110584221255187964e-01 9.315491016891567222e-01 9.193602396580839997e-01 9.301052846304205257e-01
9.110584221255187964e-01 9.312436328022619669e-01 9.187661353333644865e-01 9.298514412571603494e-01
9.105235004120343367e-01 9.306228308100588098e-01 9.192198149995138845e-01 9.303353442644056726e-01
9.095404010467117439e-01 9.299733395945544157e-01 9.192666232190371822e-01 9.304381358524352885e-01
9.094825716722809705e-01 9.304147408849966494e-01 9.194502554648595893e-01 9.303976805447029541e-01
9.083982709017045520e-01 9.301115018667960310e-01 9.193170320708315968e-01 9.302668653878233274e-01
9.073717995055590180e-01 9.296621153186328534e-01 9.190541859150467285e-01 9.301175462294961616e-01
9.073428848183434647e-01 9.298443273264564990e-01 9.187049245847570544e-01 9.297321218092196027e-01
9.077332330957509354e-01 9.300894546856550704e-01 9.188417486110562749e-01 9.297182495780376144e-01
9.078922638754354235e-01 9.302385002932672675e-01 9.193782428194390288e-01 9.300664911217091380e-01
9.085573016813890401e-01 9.304696741756928180e-01 9.197059003561025570e-01 9.304563167257573486e-01
9.091211380820889421e-01 9.310898875255561036e-01 9.194718592584858463e-01 9.299573426003125975e-01
9.103500122887421275e-01 9.319982456868016740e-01 9.195186674780090330e-01 9.298907341874547150e-01
9.106247018172881624e-01 9.321053789156052982e-01 9.198967338664668647e-01 9.303310080673943272e-01
9.092367968309503778e-01 9.314181928577613956e-01 9.200515610541211142e-01 9.305688471661248684e-01
9.082681548092353951e-01 9.309608204763760719e-01 9.205412470429806815e-01 9.309582942951538653e-01
9.075308302852435061e-01 9.303493300556432422e-01 9.205520489397938100e-01 9.310429650587276340e-01
9.074151715363820703e-01 9.297863423946319816e-01 9.202495958290274336e-01 9.307285888733144441e-01
9.080946666859430749e-01 9.300591434013563141e-01 9.203108065776348656e-01 9.307757007000619920e-01
9.083838135580967199e-01 9.302449711465021753e-01 9.202639983581116789e-01 9.307494391209319984e-01
9.079500932498663079e-01 9.299945384463939035e-01 9.199507433505322851e-01 9.305442519521798239e-01
9.088175338663273539e-01 9.305436266139369694e-01 9.198571269114858007e-01 9.304511356396439892e-01
9.092946262053809292e-01 9.306821763065280528e-01 9.201055705381864236e-01 9.306114441133457316e-01
9.098729199496885522e-01 9.308749649135878990e-01 9.212289678067469012e-01 9.311320218291113671e-01
9.099162919805116045e-01 9.308375488757847371e-01 9.210669393545507511e-01 9.310470108686457191e-01
9.102921829143112431e-01 9.311523444110944014e-01 9.210165305027562255e-01 9.310287834896653347e-01
9.103789269759574587e-01 9.313375862831665408e-01 9.212433703358309245e-01 9.312278056007172733e-01
9.108849340022264762e-01 9.315755247884850432e-01 9.214666095366348397e-01 9.314416523021138428e-01
9.102343535398804697e-01 9.313850623208307367e-01 9.210345336641114766e-01 9.310668799953157881e-01
9.092801688617733191e-01 9.305732248167355447e-01 9.206384641142985048e-01 9.307160175021270687e-01
9.089187352715812906e-01 9.306751635388916810e-01 9.202856021517378249e-01 9.303721971242672195e-01
9.084561002761353254e-01 9.303934809349675428e-01 9.204224261780369343e-01 9.304388719213243508e-01
9.090922233948733888e-01 9.307728577387791580e-01 9.206636685401955456e-01 9.304968022592331467e-01
9.093669129234195347e-01 9.307576348478762140e-01 9.212217665422048896e-01 9.309175059105795347e-01
9.100608654165882605e-01 9.309910638124279103e-01 9.217438582215036202e-01 9.312583965380014650e-01
9.102632682270959119e-01 9.311598110957773899e-01 9.216538424147279196e-01 9.311403176137167392e-01
9.105090430684267266e-01 9.314120257488978094e-01 9.213297855103357303e-01 9.309660562946108220e-01
9.100825514319998977e-01 9.312136078154178431e-01 9.205916558947750961e-01 9.305244501441874982e-01
9.098006332316500577e-01 9.312876326424096574e-01 9.205880552625042013e-01 9.306282896768089952e-01
9.093958276106348659e-01 9.311578129807714932e-01 9.204440299716629692e-01 9.307372583499969876e-01
9.083259841836661685e-01 9.305065730779220612e-01 9.203126068937705906e-01 9.306555659675858072e-01
9.084561002761353254e-01 9.305382476364963962e-01 9.199039351310089874e-01 9.305095672095140547e-01
9.084127282453122731e-01 9.302981509372195701e-01 9.204404293393920744e-01 9.309252455437956320e-01
9.092223394873425457e-01 9.306790933509334618e-01 9.209985273414011964e-01 9.312352885244327139e-01
9.096271451083578485e-01 9.310326001341365787e-01 9.206492660111114112e-01 9.308427722963518169e-01
9.093669129234194237e-01 9.307830783899418980e-01 9.208869077409993498e-01 9.307989100674427529e-01
9.092801688617733191e-01 9.308978499261770789e-01 9.204980394557285006e-01 9.303705628621963264e-01
9.092223394873426567e-01 9.307082922348030030e-01 9.203324103712612336e-01 9.301624960432968159e-01
9.093524555798118136e-01 9.308284649646038078e-01 9.205232438816255414e-01 9.302766701100986246e-01
9.100897801038037027e-01 9.312688320439270750e-01 9.202748002549248074e-01 9.303016750977408655e-01
9.109283060330495285e-01 9.318732636647120149e-01 9.206852723338218025e-01 9.308087784932979059e-01
9.102777255707037440e-01 9.314037611343012335e-01 9.208328982569339294e-01 9.309713318563880291e-01
9.109427633766571386e-01 9.319487635430327988e-01 9.208509014182891805e-01 9.309227250448040003e-01
9.114632277465337662e-01 9.322486629689449300e-01 9.206528666433825281e-01 9.308437929276984768e-01
9.109283060330494175e-01 9.319099049452088668e-01 9.202315926676724045e-01 9.304880889408632116e-01
9.110005927510878010e-01 9.321619066259446695e-01 9.205808539979619676e-01 9.306993183933018887e-01
9.103789269759574587e-01 9.318343073882685568e-01 9.205088413525416291e-01 9.307527743472276960e-01
9.095404010467115219e-01 9.312650327460784139e-01 9.203540141648873796e-01 9.306732460324697032e-01
9.089187352715811796e-01 9.307022201168744235e-01 9.203936211198686657e-01 9.306092221201458514e-01
9.087597044918968026e-01 9.304820943594949156e-01 9.218734809832607180e-01 9.315709754892412819e-01
9.085573016813890401e-01 9.302806009384910757e-01 9.227088276701388425e-01 9.320099541200399518e-01
9.083838135580968309e-01 9.302665331271451343e-01 9.229752744581949386e-01 9.321741696501614216e-01
9.085428443377813190e-01 9.303819343256547469e-01 9.228096453737275606e-01 9.320451596144898598e-01
9.084561002761353254e-01 9.304086475627096897e-01 9.222983555912417364e-01 9.316650004924807993e-01
9.086006737122120924e-01 9.306768823991993234e-01 9.219022860414288756e-01 9.315980340762713974e-01
9.087886191791120227e-01 9.310194013518108269e-01 9.217654620151298772e-01 9.315741019972869630e-01
9.099307493241192146e-01 9.319032153233864912e-01 9.212073640131206442e-01 9.313178625843269165e-01
9.103066402579190752e-01 9.321221592461526040e-01 9.210957444127189087e-01 9.312773095667592482e-01
9.102921829143113541e-01 9.321376987753532406e-01 9.209049109023543789e-01 9.311355699906094241e-01
9.102921829143113541e-01 9.320855924786685121e-01 9.206384641142985048e-01 9.309458256981106850e-01
9.099452066677269357e-01 9.318543338773755957e-01 9.210705399868217569e-01 9.311659517806609720e-01
9.094681143286733604e-01 9.313106240751176657e-01 9.215206190207000381e-01 9.315207669152525405e-01
9.091500527693041622e-01 9.309675365778943279e-01 9.214198013171114310e-01 9.313794238074254439e-01
9.098440052624729990e-01 9.313168513204531651e-01 9.213009804521673507e-01 9.313326546648976745e-01
9.105813297864649991e-01 9.315987830788632351e-01 9.205844546302330844e-01 9.309931094247076988e-01
9.099307493241191036e-01 9.311213576251414770e-01 9.200659635832051375e-01 9.307147006878320195e-01
9.095259437031041339e-01 9.308521367141470160e-01 9.203360110035324615e-01 9.307977699045285602e-01
9.094681143286732494e-01 9.310322917877309479e-01 9.209121121668965015e-01 9.312358499064399275e-01
9.102777255707035220e-01 9.315852169804297311e-01 9.213441880394197536e-01 9.314351344134181865e-01
9.103355549451344064e-01 9.316716376093259200e-01 9.215566253434103183e-01 9.315387282551170767e-01
9.101909815090575284e-01 9.317164867124542171e-01 9.215350215497840614e-01 9.314092086324011754e-01
9.105379577556419468e-01 9.320438093223848419e-01 9.211677570581394692e-01 9.310862100776962080e-01
9.106391591608958835e-01 9.321053551964626482e-01 9.208364988892049352e-01 9.309016664048094247e-01
9.108704766586186441e-01 9.320644664419477365e-01 9.209589203864199103e-01 9.310731667233990150e-01
9.111596235307724001e-01 9.320525627701844451e-01 9.212937791876253391e-01 9.314329730734356438e-01
9.112897396232414460e-01 9.321485021955221439e-01 9.218626790864474785e-01 9.317708974280317635e-01
9.103066402579189642e-01 9.314210305455126182e-01 9.222623492685315671e-01 9.321148779605333834e-01
9.100030360421575981e-01 9.312038984038468747e-01 9.218482765573634552e-01 9.318186647274060430e-01
9.096705171391809008e-01 9.310901826702233652e-01 9.217978677055691517e-01 9.317671475618253263e-01
9.100030360421575981e-01 9.311184085318453540e-01 9.206996748629059368e-01 9.309070286843609265e-01
9.097428038572192843e-01 9.310170581218226715e-01 9.209265146959806358e-01 9.310312954548838338e-01
9.109427633766570276e-01 9.318152634186993577e-01 9.212901785553543332e-01 9.311590939338053596e-01
9.114487704029261561e-01 9.323435093651669670e-01 9.212397697035599187e-01 9.310863313573278788e-01
9.114632277465337662e-01 9.323980334491330790e-01 9.214702101689056235e-01 9.312714996909327025e-01
9.106969885353264349e-01 9.319087994295480737e-01 9.215350215497841724e-01 9.313234784652465459e-01
9.104078416631729009e-01 9.317969252026129245e-01 9.212613734971859536e-01 9.311846660634846007e-01
9.103500122887421275e-01 9.316897616775253743e-01 9.209841248123169510e-01 9.310377920051409184e-01
9.103210976015266853e-01 9.315413087954194093e-01 9.207356811856162171e-01 9.308129507049581752e-01
9.099162919805114935e-01 9.315279335394738291e-01 9.205448476752516873e-01 9.308942443818559731e-01
9.098006332316499467e-01 9.313612661907412216e-01 9.202423945644855330e-01 9.308140830759146223e-01
9.097717185444346155e-01 9.313757253561890659e-01 9.201163724349995521e-01 9.308940481434031522e-01
9.097717185444347265e-01 9.314797776542257379e-01 9.199291395569062502e-01 9.308330022374936563e-01
9.100319507293729293e-01 9.316830598406552477e-01 9.201127718027285463e-01 9.309406686473626902e-01
9.095259437031040228e-01 9.314327711666098297e-01 9.198031174274202693e-01 9.306556376649541829e-01
9.093524555798118136e-01 9.312395840483460585e-01 9.197275041497285919e-01 9.305463738560384446e-01
9.091789674565196044e-01 9.312151497104060871e-01 9.195222681102801499e-01 9.302601960399053960e-01
9.088753632407580163e-01 9.309542997067197234e-01 9.198031174274202693e-01 9.304067196733214473e-01
9.093669129234195347e-01 9.308839098364931619e-01 9.201271743318127916e-01 9.307000463043746397e-01
9.096416024519655696e-01 9.308929512848560517e-01 9.200083534668688223e-01 9.305672440308394577e-01
9.100030360421575981e-01 9.310673150573238743e-01 9.207572849792423630e-01 9.309846892717643652e-01
9.105668724428575000e-01 9.314445518424472326e-01 9.217078518987933400e-01 9.315517291544579415e-01
9.112174529052031735e-01 9.320280680408150609e-01 9.223307612816811218e-01 9.318320070171532965e-01
9.109138486894418074e-01 9.320314913064495776e-01 9.223415631784941393e-01 9.317483470461012107e-01
9.101476094782345871e-01 9.316550621392748477e-01 9.217978677055690406e-01 9.314405758443469185e-01
9.100030360421577091e-01 9.315857163625054227e-01 9.217294556924195970e-01 9.313370858910847705e-01
9.101186947910191449e-01 9.315955255528779455e-01 9.217906664410271400e-01 9.311630045402243816e-01
9.095259437031040228e-01 9.310619125035913823e-01 9.215386221820550672e-01 9.308777461380022267e-01
9.094825716722808595e-01 9.308380432602032517e-01 9.213333861426066251e-01 9.306894176283189157e-01
9.097428038572192843e-01 9.309595478300576321e-01 9.213621912007747827e-01 9.306758929365721578e-01
9.087018751174659181e-01 9.302376514152181919e-01 9.207284799210739834e-01 9.303056895681270921e-01
9.095114863594963017e-01 9.307777481188393986e-01 9.204044230166819052e-01 9.301855939248547811e-01
9.097138891700038421e-01 9.310688577770583896e-01 9.205844546302329734e-01 9.305273790690852254e-01
9.103500122887420165e-01 9.316040192536905185e-01 9.210201311350272313e-01 9.308222830221635213e-01
9.106969885353265459e-01 9.319120055107302791e-01 9.215242196529711549e-01 9.311245462483880297e-01
9.108415619714033129e-01 9.322822117140321385e-01 9.213765937298590281e-01 9.311081827333711480e-01
9.104801283812112844e-01 9.322249437202461131e-01 9.209337159605226475e-01 9.309244630811344123e-01
9.101476094782344761e-01 9.320711480858483444e-01 9.206132596884012420e-01 9.308280627323323175e-01
9.098729199496884412e-01 9.315692992423436625e-01 9.210633387222797452e-01 9.310196322886126197e-01
9.104512136939958422e-01 9.320400197199472103e-01 9.218698803509896011e-01 9.315447951728557108e-01
9.101620668218421972e-01 9.317816202518052204e-01 9.222551480039894445e-01 9.317710346157563883e-01
9.099307493241193256e-01 9.315222667326904515e-01 9.223199593848681044e-01 9.319098834600832992e-01
9.097861758880423366e-01 9.315325969486476509e-01 9.220175062741018390e-01 9.316947084911881838e-01
9.097428038572192843e-01 9.315212616916312971e-01 9.215386221820551782e-01 9.313680413304512573e-01
9.096849744827886219e-01 9.312078853888379193e-01 9.212973798198962339e-01 9.312446427914484737e-01
9.095404010467116329e-01 9.312094978685069302e-01 9.209481184896068928e-01 9.309502036306200878e-01
9.098006332316500577e-01 9.313724159664501512e-01 9.207968919342236491e-01 9.308214016584385186e-01
9.094681143286731384e-01 9.310855596763100150e-01 9.207212786565319718e-01 9.309455315171935030e-01
9.093090835489886503e-01 9.308431040704059356e-01 9.210273323995693540e-01 9.312471146979267589e-01
9.096705171391807898e-01 9.310013407838739763e-01 9.215998329306627213e-01 9.314459138960952123e-01
9.094536569850656393e-01 9.306606986173733276e-01 9.222227423135501700e-01 9.316721118800306289e-01
9.092078821437349356e-01 9.304768373098272205e-01 9.222011385199240241e-01 9.313937118189895559e-01
9.090922233948734998e-01 9.306157638190758474e-01 9.219923018482045762e-01 9.312440183623665879e-01
9.095259437031039118e-01 9.310639724375494586e-01 9.220427106999989908e-01 9.314966739776194826e-01
9.099885786985499880e-01 9.315039097721137251e-01 9.219202892027840157e-01 9.315546633063148674e-01
9.102488108834881908e-01 9.318150254324609749e-01 9.214594082720926060e-01 9.313458180214038151e-01
9.103355549451342954e-01 9.318265714411038125e-01 9.217042512665223342e-01 9.315569272346140295e-01
9.097138891700039531e-01 9.313909390548799072e-01 9.219778993191204419e-01 9.316626782328260026e-01
9.093090835489887613e-01 9.311082988147301176e-01 9.221363271390455862e-01 9.317791825582544263e-01
9.091066807384812209e-01 9.310589684030958768e-01 9.215314209175131666e-01 9.315143350894971030e-01
9.091789674565196044e-01 9.311722657605187026e-01 9.209121121668965015e-01 9.312230268201019401e-01
9.090922233948733888e-01 9.311498414694925341e-01 9.207572849792423630e-01 9.310918909380635489e-01
9.095259437031041339e-01 9.315014358725839383e-01 9.206384641142982828e-01 9.308592747634371056e-01
9.094825716722809705e-01 9.314354072980054466e-01 9.211245494708870662e-01 9.311114440263013048e-01
9.082536974656277851e-01 9.305040982247403392e-01 9.212469709681020413e-01 9.311535445330236804e-01
9.077621477829663776e-01 9.302799996457935539e-01 9.211425526322423174e-01 9.310614297098716019e-01
9.080512946551200226e-01 9.302198512032429090e-01 9.210885431481767860e-01 9.309838837966706304e-01
9.084271855889197722e-01 9.301697342535526492e-01 9.210561374577375116e-01 9.309076365964095157e-01
9.083693562144892208e-01 9.300041752121444016e-01 9.210669393545506400e-01 9.310163427260341740e-01
9.085573016813891511e-01 9.300956394499368951e-01 9.207752881405973922e-01 9.308534665393837226e-01
9.091211380820888310e-01 9.305562716594841799e-01 9.207104767597189543e-01 9.308326891561446992e-01
9.094681143286731384e-01 9.308748516963618602e-01 9.204980394557282786e-01 9.307179778949214999e-01
9.095982304211424063e-01 9.311710864145843480e-01 9.205556495720648158e-01 9.308148876786498382e-01
9.105235004120343367e-01 9.316282555702134482e-01 9.207824894051395148e-01 9.310697145473767478e-01
9.113041969668492781e-01 9.319695430534143954e-01 9.214774114334476351e-01 9.314624661195557431e-01
9.118102039931184066e-01 9.322487117349558261e-01 9.216250373565597620e-01 9.315032829251538304e-01
9.109427633766572496e-01 9.317271266644940875e-01 9.213081817167094734e-01 9.312950591240289899e-01
9.108993913458341973e-01 9.315450425838416315e-01 9.212361690712890239e-01 9.310534391076916716e-01
9.103500122887420165e-01 9.312304730223677218e-01 9.211461532645132122e-01 9.308972344069522675e-01
9.095982304211425173e-01 9.308223942777672510e-01 9.210345336641113656e-01 9.307583511709258683e-01
9.094247422978504192e-01 9.309068774374050781e-01 9.216142354597467445e-01 9.311626936421388834e-01
9.096416024519654586e-01 9.310729795469802061e-01 9.223163587525968765e-01 9.317619138806524370e-01
9.096560597955732907e-01 9.309902048924346696e-01 9.221939372553819014e-01 9.317393472103217000e-01
9.098006332316500577e-01 9.312331475408899273e-01 9.221039214486064228e-01 9.318112542185087444e-01
9.106969885353264349e-01 9.317430093793320767e-01 9.222533476878540526e-01 9.320153117974611101e-01
9.109283060330495285e-01 9.317314854094147503e-01 9.224171764561857056e-01 9.321498846621274481e-01
9.111017941563417377e-01 9.316738739597817398e-01 9.225864061729239785e-01 9.322109979807917668e-01
9.094825716722809705e-01 9.309264644369348307e-01 9.222515473717184387e-01 9.320119282618476442e-01
9.090633087076580576e-01 9.306822876551408275e-01 9.222731511653445846e-01 9.321074130347771769e-01
9.093235408925963714e-01 9.309844522565159375e-01 9.218086696023821691e-01 9.319444821106961374e-01
9.100319507293729293e-01 9.315041620517190424e-01 9.217978677055690406e-01 9.318711845389725523e-01
9.104295276785843161e-01 9.318082582007573000e-01 9.218986854091578698e-01 9.319419934594679322e-01
9.106969885353265459e-01 9.319334593123770327e-01 9.216898487374383109e-01 9.318407911130135446e-01
9.113475689976723304e-01 9.324648190616949828e-01 9.212901785553543332e-01 9.316824591688130930e-01
9.115644291517877029e-01 9.325041019173406776e-01 9.212829772908124326e-01 9.316061327382623158e-01
9.108849340022264762e-01 9.319896571498721416e-01 9.208581026828308591e-01 9.312208667461915335e-01
9.100753227601959816e-01 9.313905124733488083e-01 9.212145652776626559e-01 9.313614282599627092e-01
9.095259437031040228e-01 9.311610169763767653e-01 9.218374746605503267e-01 9.318025951205426427e-01
9.102488108834884128e-01 9.314818269889485469e-01 9.220247075386438507e-01 9.317975114106955559e-01
9.103933843195651798e-01 9.314375712293756493e-01 9.217654620151298772e-01 9.315346835641820089e-01
9.108704766586187551e-01 9.316781354682632799e-01 9.217870658087560232e-01 9.316222827335932655e-01
9.107548179097572083e-01 9.317497185035256146e-01 9.217438582215037313e-01 9.315868806850458039e-01
9.103644696323497376e-01 9.315830826342088589e-01 9.216178360920177504e-01 9.315711862158400081e-01
9.098584626060808311e-01 9.311308845580726912e-01 9.219058866736999924e-01 9.316582681718856840e-01
9.098729199496884412e-01 9.312373768534525365e-01 9.221399277713167031e-01 9.319094634418688683e-01
9.106247018172880514e-01 9.318425279012496620e-01 9.226800226119705739e-01 9.324429593693791540e-01
9.114487704029261561e-01 9.325730212839417055e-01 9.225756042761109610e-01 9.323264554928992753e-01
9.126053578915410691e-01 9.332841982332812369e-01 9.228294488512182037e-01 9.324850964965617495e-01
