8.697827061255765102e-01 8.967034254214920619e-01 8.947643206147000150e-01 9.090183331745854689e-01
8.710549523630528590e-01 8.983642337149917445e-01 8.958049033410268036e-01 9.101668424887755515e-01
8.741488238950976264e-01 9.011901292775272854e-01 8.981093079944839630e-01 9.124156059189203472e-01
8.763029680926427423e-01 9.026104801736082317e-01 8.997295925164457975e-01 9.136979891908494356e-01
8.786306004134800673e-01 9.046316798792933822e-01 9.012094523798379608e-01 9.149608464469649594e-01
8.800618774306407932e-01 9.058876329120634230e-01 9.017819529109312171e-01 9.157046557704066059e-01
8.829533461521780202e-01 9.084042276943987693e-01 9.032510108775100299e-01 9.172367643495373812e-01
8.862496204947302170e-01 9.110869721982901570e-01 9.059586863453221728e-01 9.196292434118027437e-01
8.886929115644291999e-01 9.133551708726960205e-01 9.087311731940129755e-01 9.225183996656876051e-01
8.923506194971735361e-01 9.165136497143030470e-01 9.117521036694044012e-01 9.255015218325869375e-01
8.957480952449796696e-01 9.193885724249372116e-01 9.143301563754596684e-01 9.281300989347505137e-01
8.976420072575864717e-01 9.209854675838490268e-01 9.168830046556175617e-01 9.305846343642146801e-01
8.989431681822781517e-01 9.220079957164256657e-01 9.192018118381587444e-01 9.326908961429054568e-01
8.999118102039931344e-01 9.223098616318405885e-01 9.208437001537468358e-01 9.341565090558601181e-01
9.005479333227313088e-01 9.227118875372559703e-01 9.217690626474009941e-01 9.353967766248474369e-01
9.028755656435686339e-01 9.247092141488381101e-01 9.222155410490082694e-01 9.361398372976313942e-01
9.035695181367375817e-01 9.254141688734214277e-01 9.223019562235128532e-01 9.363760588665338558e-01
9.032369992337607734e-01 9.255821763184783890e-01 9.218914841446158581e-01 9.364277289978552021e-01
9.031068831412915054e-01 9.265319481544056490e-01 9.210525368254665057e-01 9.362057307759670266e-01
9.038152929780681744e-01 9.280026538457191165e-01 9.205196432493545355e-01 9.362300393941992427e-01
9.038297503216757844e-01 9.288051935505483581e-01 9.198679288082987071e-01 9.357890246479911855e-01
9.043213000043371919e-01 9.294798634175108765e-01 9.201703819190650835e-01 9.360550661167655884e-01
9.045959895328832268e-01 9.295290978139877369e-01 9.210345336641114766e-01 9.364088970001123169e-01
9.054056007749136104e-01 9.297029987852887256e-01 9.208797064764573381e-01 9.361739856554389672e-01
9.039454090705374423e-01 9.284516590509658274e-01 9.202784008871957022e-01 9.356026452320151954e-01
9.049718804666829763e-01 9.287422824558341228e-01 9.209733229155039336e-01 9.356959562450951617e-01
9.079067212190431446e-01 9.299061499196547009e-01 9.211857602194943873e-01 9.354572819186357524e-01
9.088609058971504062e-01 9.303236301747908055e-01 9.200695642154761433e-01 9.345724838776814369e-01
9.083838135580969420e-01 9.300029994770263597e-01 9.198031174274201582e-01 9.348719735501827000e-01
9.087452471482890815e-01 9.304312222951014455e-01 9.195222681102800388e-01 9.352067387121263398e-01
9.095548583903194650e-01 9.312162733853333041e-01 9.196338877106819965e-01 9.358469563015302528e-01
9.087741618355043016e-01 9.304700799732004146e-01 9.208977096378123672e-01 9.369677670876529474e-01
9.088030765227197438e-01 9.300627889599977216e-01 9.225828055406528616e-01 9.378467116029278738e-01
9.100608654165884825e-01 9.309663592354510131e-01 9.234469572856995878e-01 9.381389601849750015e-01
9.088753632407581273e-01 9.303110773390688149e-01 9.232813282012322098e-01 9.381871791304419173e-01
9.082247827784123428e-01 9.295818866797826985e-01 9.235909825765403758e-01 9.380855485777138680e-01
9.076031170032818896e-01 9.300570167023016754e-01 9.236125863701665217e-01 9.382660205212463023e-01
9.077476904393586565e-01 9.297879900707470835e-01 9.235117686665778036e-01 9.383111736953435589e-01
9.080946666859430749e-01 9.300870902496938264e-01 9.238646306291384835e-01 9.385633348897903794e-01
9.076464890341048308e-01 9.298913922991336456e-01 9.236881996478581991e-01 9.386117265710032243e-01
9.075886596596740574e-01 9.298121133204680921e-01 9.219238898350550215e-01 9.375995180711659271e-01
9.070392806025820986e-01 9.299005928193152526e-01 9.215242196529711549e-01 9.368471357290211188e-01
9.064176148274516454e-01 9.296188148739630286e-01 9.212073640131206442e-01 9.365131891394401498e-01
9.061718399861209416e-01 9.291278772659203877e-01 9.218698803509897122e-01 9.364473627126853605e-01
9.064320721710592554e-01 9.295464868078758824e-01 9.225540004824848150e-01 9.372046627163346244e-01
9.069525365409361051e-01 9.297124249950678987e-01 9.229500700322975648e-01 9.375014158523058416e-01
9.078488918446123712e-01 9.301411171503586317e-01 9.229932776195500788e-01 9.375134344016711196e-01
9.079500932498663079e-01 9.304566214254799128e-01 9.223919720302884429e-01 9.373219878020608853e-01
9.083115268400585585e-01 9.308879422214653143e-01 9.225936074374661011e-01 9.376469999800067789e-01
9.076464890341049419e-01 9.304762916526259087e-01 9.216790468406251824e-01 9.369466397592536300e-01
9.068224204484669482e-01 9.297517848571167365e-01 9.215278202852419387e-01 9.369740156139586551e-01
9.060995532680825582e-01 9.288062774634358032e-01 9.209625210186908051e-01 9.366188364636687247e-01
9.075597449724588373e-01 9.297112461279185558e-01 9.209589203864197993e-01 9.368831162820847602e-01
9.088464485535429072e-01 9.305113362094828977e-01 9.229968782518210846e-01 9.381039498614809347e-01
9.098006332316499467e-01 9.305151717237627462e-01 9.237998192482600457e-01 9.382691767623406731e-01
9.092223394873425457e-01 9.300156703785019685e-01 9.236954009124002107e-01 9.381046493784892526e-01
9.088319912099350750e-01 9.299897793300928583e-01 9.244587349538577747e-01 9.385751488181481861e-01
9.098440052624731100e-01 9.308608940835368939e-01 9.242138919594280466e-01 9.385676892442460506e-01
9.100753227601959816e-01 9.311222820724303073e-01 9.242534989144094437e-01 9.387200149562142659e-01
9.094970290158886916e-01 9.310548996587819648e-01 9.236954009124002107e-01 9.384080865356875245e-01
9.075886596596741684e-01 9.297995110836723143e-01 9.227340320960361053e-01 9.377260527852484540e-01
9.069814512281513252e-01 9.293935056392381711e-01 9.215854304015784759e-01 9.369517054845721837e-01
9.078488918446125933e-01 9.302688193656938331e-01 9.216502417824570248e-01 9.372396163594727270e-01
9.099596640113346568e-01 9.317837684797586340e-01 9.235297718279329438e-01 9.381615624244283858e-01
9.116222585262183653e-01 9.329812032363231644e-01 9.247431849032690110e-01 9.383598443415684942e-01
9.115499718081799818e-01 9.325139752681761429e-01 9.255641290610631122e-01 9.388579243916463923e-01
9.122150096141333764e-01 9.327603747381618682e-01 9.261690352825956429e-01 9.394913740408220582e-01
9.115355144645723717e-01 9.319956851373274453e-01 9.249808266331568385e-01 9.389917642016553101e-01
9.117523746186875222e-01 9.325788964145331761e-01 9.240392612942831541e-01 9.387511870068786513e-01
9.118535760239413479e-01 9.329014261672594621e-01 9.239870521263533476e-01 9.386649717718003050e-01
9.116222585262184763e-01 9.331245535200219932e-01 9.247215811096429761e-01 9.392687879921652883e-01
9.116511732134338075e-01 9.327998713644630735e-01 9.243003071339326304e-01 9.388676005874386776e-01
9.108415619714034239e-01 9.318468444498811953e-01 9.236125863701665217e-01 9.380530961990291017e-01
9.107259032225418771e-01 9.316764063326927747e-01 9.235081680343069088e-01 9.379333486151627541e-01
9.107403605661495982e-01 9.316645111995399686e-01 9.231769098653723749e-01 9.378675549615661522e-01
9.117812893059029644e-01 9.319056782317363119e-01 9.235009667697647862e-01 9.379361936045207404e-01
9.121860949269181562e-01 9.326169931724480611e-01 9.249520215749886809e-01 9.389496147579916574e-01
9.130679928869870343e-01 9.333377262750076619e-01 9.253516917570724365e-01 9.393398913186312704e-01
9.133860544463560105e-01 9.331358964987740423e-01 9.255065189447265750e-01 9.391171576480293881e-01
9.130535355433794242e-01 9.331051765101594508e-01 9.257009530873619996e-01 9.395448900246545776e-01
9.129523341381254875e-01 9.332449406000984382e-01 9.255317233706238378e-01 9.395660168409828428e-01
9.132414810102792435e-01 9.333302480494838349e-01 9.254561100929321604e-01 9.394635836969065235e-01
9.129378767945178774e-01 9.332034498337291595e-01 9.243111090307458699e-01 9.387540578632830313e-01
9.127643886712255572e-01 9.335152189175437432e-01 9.238682312614094894e-01 9.385861208726151705e-01
9.111162514999494588e-01 9.327142351575116175e-01 9.246747728901194563e-01 9.393419324126106584e-01
9.107981899405802606e-01 9.320928460989845732e-01 9.249844272654278443e-01 9.395849326304969162e-01
9.104512136939958422e-01 9.316232822851702178e-01 9.258341764813899921e-01 9.398998049089957174e-01
9.104512136939958422e-01 9.317040166463497197e-01 9.260646169467358080e-01 9.397351339249058189e-01
9.124896991426795223e-01 9.323918028694050397e-01 9.260178087272126213e-01 9.392642914093008999e-01
9.125186138298949645e-01 9.323821023763160243e-01 9.263166612057077698e-01 9.393245863545174323e-01
9.139788055342712436e-01 9.329944833928638381e-01 9.255209214738108203e-01 9.390064023272357563e-01
9.152076797409243181e-01 9.339037763749340471e-01 9.248512038713996297e-01 9.387711280457693430e-01
9.149185328687706731e-01 9.340027953011839079e-01 9.251140500271847200e-01 9.391366016334659061e-01
9.145570992785785336e-01 9.343036923240261027e-01 9.249736253686147158e-01 9.391705879471312635e-01
9.140944642831326794e-01 9.342528594135576236e-01 9.247287823741849877e-01 9.393469251325354819e-01
9.139065188162326381e-01 9.342201584633730294e-01 9.261222270630723452e-01 9.401451190845002692e-01
9.126198152351486792e-01 9.335600100508998356e-01 9.270799952471652228e-01 9.405554612824341687e-01
9.116367158698260864e-01 9.326584231234659184e-01 9.277029046300530046e-01 9.406304757707386610e-01
9.120415214908412782e-01 9.326373898058054612e-01 9.278217254949968629e-01 9.405667797155079501e-01
9.130969075742023655e-01 9.337811353797457192e-01 9.272852312866137758e-01 9.405075778337088632e-01
9.146149286530093070e-01 9.342401930178317881e-01 9.269107655304271720e-01 9.400522198397067708e-01
9.140944642831326794e-01 9.337111330524232589e-01 9.265254978774273287e-01 9.398097404256949838e-01
9.135161705388251674e-01 9.329936310301122360e-01 9.267559383427731445e-01 9.396739841272094829e-01
9.131113649178099756e-01 9.330499851287219482e-01 9.266515200069131986e-01 9.399903792309808326e-01
9.126487299223640104e-01 9.336657418388036866e-01 9.264678877610909025e-01 9.399827970243610498e-01
9.114632277465338772e-01 9.334041496411080718e-01 9.261510321212405028e-01 9.397232981021147458e-01
9.116656305570415286e-01 9.334762564870611179e-01 9.257189562487172507e-01 9.394664518583565327e-01
9.133137677283176270e-01 9.338058713664538768e-01 9.259385948172500491e-01 9.393957154374162899e-01
9.144269831861093767e-01 9.343206242356805191e-01 9.258305758491189863e-01 9.392804026496490710e-01
9.134005117899637316e-01 9.335855542727695688e-01 9.256937518228200990e-01 9.390379659786037836e-01
9.135306278824329995e-01 9.337581239384042942e-01 9.251788614080632689e-01 9.387397382091607900e-01
9.138053174109789234e-01 9.340830539612418049e-01 9.263706706897730792e-01 9.395231108738746340e-01
9.153811678642166383e-01 9.353117695189795411e-01 9.264642871288197856e-01 9.400079559920396788e-01
9.162052364498546320e-01 9.359063461351488922e-01 9.258701828041004944e-01 9.395331135215855278e-01
9.163642672295393421e-01 9.355904035028755894e-01 9.259529973463340724e-01 9.394107898275000368e-01
9.141378363139557317e-01 9.335326635245247973e-01 9.257873682618668054e-01 9.392993993364083805e-01
9.129234194509100453e-01 9.327519400542128025e-01 9.252220689953154498e-01 9.392540376490493559e-01
9.130824502305946444e-01 9.325893951137487203e-01 9.261330289598853627e-01 9.400773901159454882e-01
9.123740403938180865e-01 9.326813369762643191e-01 9.259782017722313352e-01 9.403862861844385357e-01
9.143402391244631611e-01 9.337946574687878698e-01 9.264138782770254821e-01 9.403744111388145921e-01
9.156847720799780044e-01 9.347381842632809246e-01 9.269467718531374523e-01 9.406463091749285299e-01
9.154968266130781851e-01 9.346971175206459925e-01 9.268387528850065005e-01 9.400693460247768751e-01
9.167690728505545339e-01 9.353971363214487189e-01 9.278433292886230088e-01 9.407417772582177262e-01
9.186051554887305626e-01 9.370199523213624815e-01 9.289163177053890719e-01 9.414250171470609496e-01
9.185762408015151204e-01 9.370855783060054733e-01 9.288875126472208033e-01 9.412734698450663240e-01
9.165377553528315513e-01 9.355500601939038541e-01 9.286714747109592327e-01 9.413126818574424348e-01
9.143113244372479409e-01 9.339382655883056161e-01 9.274508603710811538e-01 9.406944880257877006e-01
9.132414810102792435e-01 9.333398128752589118e-01 9.268243503559224772e-01 9.404370424917720683e-01
9.133715971027482894e-01 9.330923026992221647e-01 9.264534852320066571e-01 9.400386167219438871e-01
9.150631063048474401e-01 9.341318139881243932e-01 9.266767244328103503e-01 9.398326115760515798e-01
9.156558573927625622e-01 9.348525617561870282e-01 9.271628097893991338e-01 9.401867348030470417e-01
9.160606630137778650e-01 9.356131733184220867e-01 9.270151838662868959e-01 9.400809025870504598e-01
9.176798854978387432e-01 9.368357429048563834e-01 9.270727939826233222e-01 9.403325325872634588e-01
9.183738379910075800e-01 9.373416066262501012e-01 9.281781880898286596e-01 9.410781477681211538e-01
9.178244589339153992e-01 9.371050800013555060e-01 9.288731101181367800e-01 9.415962736911757114e-01
9.170437623791005688e-01 9.362819604912633320e-01 9.282934083225015121e-01 9.410696217543539355e-01
9.156703147363702833e-01 9.351265044997493225e-01 9.273500426674924357e-01 9.404123598666473960e-01
9.154968266130780741e-01 9.350715118070167531e-01 9.270619920858103047e-01 9.400815347120853316e-01
9.152221370845320392e-01 9.350547237698370040e-01 9.274400584742680254e-01 9.403774787097163301e-01
9.164799259784007779e-01 9.352852895700746183e-01 9.275912850296511580e-01 9.406770216342685842e-01
9.181280631496769873e-01 9.359199384965704027e-01 9.270187844985580128e-01 9.403879724432476772e-01
9.173618239384696560e-01 9.355088722368910537e-01 9.263598687929601727e-01 9.400408657170088444e-01
9.149185328687707841e-01 9.345135544483523793e-01 9.267163313877916364e-01 9.403133248063401117e-01
9.143691538116787143e-01 9.339584774796734212e-01 9.277245084236793726e-01 9.407838017661680485e-01
9.149185328687707841e-01 9.344745306517767691e-01 9.284410342456134169e-01 9.413773708250553485e-01
9.157570587980163879e-01 9.352434152141144708e-01 9.283042102193144185e-01 9.414998723800760416e-01
9.161329497318162485e-01 9.354118125607955303e-01 9.284914430974078314e-01 9.415338481981787577e-01
9.170148476918850156e-01 9.357183932153467776e-01 9.292223714484263430e-01 9.417048967804539927e-01
9.173473665948619349e-01 9.359555956865335258e-01 9.299965073866971466e-01 9.423642351606508205e-01
9.176509708106233010e-01 9.360709178825314947e-01 9.292763809324918745e-01 9.417242402337893115e-01
9.178100015903077891e-01 9.360642266315341020e-01 9.284446348778846447e-01 9.412729005654584258e-01
9.160317483265624228e-01 9.351135581462339808e-01 9.274544610033521597e-01 9.408171500670695631e-01
9.149908195868090566e-01 9.345202206462428496e-01 9.262662523539133552e-01 9.399332840780483256e-01
9.156847720799781154e-01 9.348147674463386236e-01 9.261078245339882109e-01 9.397431969905810645e-01
9.174196533129003184e-01 9.359563756681280600e-01 9.268495547818196290e-01 9.402386392020412043e-01
9.162052364498547430e-01 9.354993886178061269e-01 9.274256559451837800e-01 9.407808807679839402e-01
9.157136867671934466e-01 9.352006125647753798e-01 9.277209077914080337e-01 9.411279101765329669e-01
9.168413595685928064e-01 9.359646780748155370e-01 9.281385811348473736e-01 9.412546203338441053e-01
9.188653876736687653e-01 9.375229651634076067e-01 9.287326854595667758e-01 9.415976642689493081e-01
9.199496884442454059e-01 9.379392499100169811e-01 9.289631259249122586e-01 9.416040182961462612e-01
9.202099206291834976e-01 9.381389963408219845e-01 9.290027328798937667e-01 9.414443887326826577e-01
9.204990675013373647e-01 9.378034512799298117e-01 9.294960195010243398e-01 9.414944388741545156e-01
9.197328282901300334e-01 9.369709039922504701e-01 9.295824346755290346e-01 9.415298487614242040e-01
9.186485275195535039e-01 9.363534160730951905e-01 9.292979847261177984e-01 9.414321106882257428e-01
9.182292645549307020e-01 9.361266188497934237e-01 9.289631259249122586e-01 9.413953142517035300e-01
9.180557764316384928e-01 9.363760575397610531e-01 9.289019151763049376e-01 9.412707490572823632e-01
9.183015512729691965e-01 9.365878817305709481e-01 9.284266317165295046e-01 9.411532036970712278e-01
9.191689918894302425e-01 9.370715438501479033e-01 9.285886601687256547e-01 9.414087644378537068e-01
9.192701932946840682e-01 9.368037059417482215e-01 9.290387392026039359e-01 9.420167155381681257e-01
9.189232170480995388e-01 9.363214762890811338e-01 9.287758930468189567e-01 9.418618031830279236e-01
9.191400772022148002e-01 9.359499479795703181e-01 9.280773703862398305e-01 9.414315535375439303e-01
9.196605415720915389e-01 9.364736759465291938e-01 9.287578898854639275e-01 9.418376979545801664e-01
9.193569373563301728e-01 9.371559420071491342e-01 9.289361211828797149e-01 9.421143121948846177e-01
9.187063568939842773e-01 9.369589434682285001e-01 9.297228593340990388e-01 9.423487213275184571e-01
9.162486084806777953e-01 9.355238339527065516e-01 9.304285832592202876e-01 9.426967161866069977e-01
9.149908195868090566e-01 9.344674509061218215e-01 9.307994483831362187e-01 9.428246225540239944e-01
9.161329497318162485e-01 9.351242892037370247e-01 9.310118856871265614e-01 9.427405055156201641e-01
9.177232575286615734e-01 9.360366782037931044e-01 9.304465864205754277e-01 9.421905083518538060e-01
9.171015917535312312e-01 9.357246952384149496e-01 9.296724504823046242e-01 9.419490439221679390e-01
9.182148072113230919e-01 9.363817906279250369e-01 9.294852176042114333e-01 9.420872902454251463e-01
9.189665890789227021e-01 9.369176438542976548e-01 9.300865231934727362e-01 9.426761807982703134e-01
9.186196128323382837e-01 9.366356387637608805e-01 9.300397149739494385e-01 9.424917499593674641e-01
9.191256198586070791e-01 9.369746805098532194e-01 9.300361143416784326e-01 9.424303408705303475e-01
9.198774017262068003e-01 9.373863583280257483e-01 9.305474041241641459e-01 9.430527104716612818e-01
9.199786031314606261e-01 9.376827099622173645e-01 9.304177813624072702e-01 9.430095058712045786e-01
9.195448828232299920e-01 9.377620074784728255e-01 9.301081269870988821e-01 9.425888152189454416e-01
9.194292240743685563e-01 9.376466639305830464e-01 9.297444631277251847e-01 9.422233281054268605e-01
9.200508898494991206e-01 9.375374340359612368e-01 9.306878287827342611e-01 9.428325651462188262e-01
9.190244184533533645e-01 9.363962660212743483e-01 9.313935527078555099e-01 9.429828626999769980e-01
9.182003498677152598e-01 9.360414082934748192e-01 9.315843862182199286e-01 9.431460132802054197e-01
9.183738379910075800e-01 9.364606905323300534e-01 9.310874989648182387e-01 9.428927372946172003e-01
9.201376339111451141e-01 9.378525284294773057e-01 9.300361143416783216e-01 9.423325954304631047e-01
9.202822073472221032e-01 9.380321063840854068e-01 9.301189288839120106e-01 9.423656127444608455e-01
9.201231765675375041e-01 9.376388789873227880e-01 9.307670426926968332e-01 9.428043081853652030e-01
9.204846101577296436e-01 9.382005414926726239e-01 9.314079552369397552e-01 9.431895078820906608e-01
9.205424395321605280e-01 9.385112241366161401e-01 9.310478920098368416e-01 9.430547994777278564e-01
9.200653471931066196e-01 9.379045756212401885e-01 9.302917592329212892e-01 9.428042544584256390e-01
9.193280226691147305e-01 9.374061750337019383e-01 9.299244947412765860e-01 9.427858029690201480e-01
9.165377553528315513e-01 9.354407872830918791e-01 9.301837402647904485e-01 9.430426904077612305e-01
9.172461651896081092e-01 9.358091126938936632e-01 9.304537876851176614e-01 9.432132315470108663e-01
9.199207737570298526e-01 9.367081903557603617e-01 9.308318540735752711e-01 9.428846424245214131e-01
9.211641053072908703e-01 9.375697572314682926e-01 9.309434736739771177e-01 9.429932965076097684e-01
9.207448423426680684e-01 9.374077438177477184e-01 9.312135210943041086e-01 9.430143053813982990e-01
9.203689514088680967e-01 9.379630616583639613e-01 9.313323419592480779e-01 9.431455310035083972e-01
9.193713946999377828e-01 9.374243710868448431e-01 9.314079552369395332e-01 9.434548335699440846e-01
9.199063164134222426e-01 9.376979251056719589e-01 9.314727666178181931e-01 9.440306921071538460e-01
9.204701528141219224e-01 9.379675477136005801e-01 9.319156443871544626e-01 9.440670532535492265e-01
9.199930604750683472e-01 9.375428390867230899e-01 9.314115558692106500e-01 9.435782889103789817e-01
9.207592996862754564e-01 9.384039221333819736e-01 9.308498572349303002e-01 9.429943213067006891e-01
9.205568968757681381e-01 9.381108089627581137e-01 9.304213819946782760e-01 9.427504880669305143e-01
9.207882143734910096e-01 9.381079704774454298e-01 9.298740858894822825e-01 9.426129843306665368e-01
9.207014703118449050e-01 9.378351697381737129e-01 9.298704852572112767e-01 9.427108259648343536e-01
9.212363920253292537e-01 9.380959113590479070e-01 9.302737560715662601e-01 9.428289390633906031e-01
9.223062354522980621e-01 9.383374483085797912e-01 9.318940405935282056e-01 9.436470381145967146e-01
9.220749179545749685e-01 9.381840926725099061e-01 9.325637581959392852e-01 9.438406511932145859e-01
9.219592592057135327e-01 9.384270693839329436e-01 9.322397012915468739e-01 9.437413215677369349e-01
9.195159681360146608e-01 9.366979612948017619e-01 9.322361006592757571e-01 9.438205059898666649e-01
9.195448828232301031e-01 9.368479395406018595e-01 9.321928930720233542e-01 9.439125835718011892e-01
9.201520912547528352e-01 9.372524761710444574e-01 9.321712892783972082e-01 9.440466094527740770e-01
9.205858115629833582e-01 9.373909685197765462e-01 9.317428140381450730e-01 9.440736437088756983e-01
9.208460437479217831e-01 9.375571524233003995e-01 9.315771849536778060e-01 9.435375905370647631e-01
9.214532521794445152e-01 9.378286120744865340e-01 9.322361006592757571e-01 9.435490294120174593e-01
9.226821263860979228e-01 9.388836793256163382e-01 9.328878151003314745e-01 9.439267005330338467e-01
9.224941809191979925e-01 9.386847326544464076e-01 9.330246391266305839e-01 9.441700105199661852e-01
9.216411976463444455e-01 9.381970990918572229e-01 9.322541038206310082e-01 9.440008151139749337e-01
9.211496479636831491e-01 9.379939102433805242e-01 9.314547634564630529e-01 9.436383745139863555e-01
9.200364325058915105e-01 9.375941236821994096e-01 9.303961775687811242e-01 9.431409575924892819e-01
9.196749989156993710e-01 9.375422395416711518e-01 9.300973250902858647e-01 9.428333392425740644e-01
9.183304659601845277e-01 9.365179601790306618e-01 9.300397149739494385e-01 9.426611052088851306e-01
9.198484870389913581e-01 9.374574217451719926e-01 9.310334894807527073e-01 9.431818948260708435e-01
9.207303849990602362e-01 9.380436251931423275e-01 9.314151565014816558e-01 9.433692825706174734e-01
9.209183304659601665e-01 9.381786651280963341e-01 9.315843862182199286e-01 9.436775482784460767e-01
9.196894562593068700e-01 9.372213288498498773e-01 9.316636001281825008e-01 9.437617999276723957e-01
9.190099611097456433e-01 9.368948261131814226e-01 9.312459267847433830e-01 9.433802117062106696e-01
9.186774422067689461e-01 9.364468942033148391e-01 9.313755495465003698e-01 9.435856242397216986e-01
9.191834492330378525e-01 9.367351750889505446e-01 9.315699836891356833e-01 9.437473820116966117e-01
9.187931009556303819e-01 9.363623498770203835e-01 9.307670426926967222e-01 9.430862834917542736e-01
9.201954632855757765e-01 9.371669139931347869e-01 9.311811154038649452e-01 9.431140962014913365e-01
9.211930199945060904e-01 9.380104243231752736e-01 9.316527982313695944e-01 9.435338729538765845e-01
9.213665081177984106e-01 9.379936648088630369e-01 9.318292292126497678e-01 9.434875866937902922e-01
9.213375934305830794e-01 9.380883052668723687e-01 9.314871691469021053e-01 9.434050083660611152e-01
9.217207130361868561e-01 9.385074680732183872e-01 9.312891343719956749e-01 9.431293173578783051e-01
9.218146857696367658e-01 9.382543418790185719e-01 9.323225158337803409e-01 9.435060064560527593e-01
9.220460032673597484e-01 9.386491952310656028e-01 9.336727529354155175e-01 9.445235209039137825e-01
9.211930199945063125e-01 9.382504760800118859e-01 9.342812597892189430e-01 9.451383816310664487e-01
9.206002689065910793e-01 9.377219374154055487e-01 9.333847023537332754e-01 9.449666648509906786e-01
9.204412381269064802e-01 9.376775458752815151e-01 9.328662113067054396e-01 9.447889348994693570e-01
9.214243374922291840e-01 9.381108810153026001e-01 9.332154726369951137e-01 9.448372345550317686e-01
9.234483655973051430e-01 9.389197013571748407e-01 9.328302049839951593e-01 9.442652908086360819e-01
9.234483655973051430e-01 9.390249563023901347e-01 9.327473904417615813e-01 9.441563023064976079e-01
9.224797235755902713e-01 9.387364608785873088e-01 9.319408488130515034e-01 9.436561041266414707e-01
9.211496479636831491e-01 9.377869839296669729e-01 9.315519805277806542e-01 9.435661347249107989e-01
9.223062354522979511e-01 9.382954762091584300e-01 9.320560690457243558e-01 9.437020017481863032e-01
9.228556145093900209e-01 9.386371477183045320e-01 9.322577044529020140e-01 9.436202286661852234e-01
9.214532521794446263e-01 9.379145443781354841e-01 9.320272639875563092e-01 9.435772201993855024e-01
9.217568563952059923e-01 9.383871698413106532e-01 9.316744020249955183e-01 9.434952425318883229e-01
9.206147262501986894e-01 9.380450420351886809e-01 9.312603293138275173e-01 9.431591049907300794e-01
9.213231360869753583e-01 9.386141210432141779e-01 9.314511628241918251e-01 9.434932245362407377e-01
9.218580578004597070e-01 9.388769382756152471e-01 9.315483798955096484e-01 9.436824354141386539e-01
9.220315459237520272e-01 9.387636771736421748e-01 9.323333177305934694e-01 9.443927854882874229e-01
9.216122829591290033e-01 9.384582090861247616e-01 9.324161322728270473e-01 9.444051581021324360e-01
9.229857306018593999e-01 9.391606560510061819e-01 9.324089310082851467e-01 9.444351650877788051e-01
9.243591782445892413e-01 9.398886898413472135e-01 9.325349531377709056e-01 9.443657540595182809e-01
9.235061949717358054e-01 9.393651287629902757e-01 9.318652355353599370e-01 9.438261478012379690e-01
9.223351501395133933e-01 9.386918173553514544e-01 9.329670290102941577e-01 9.445097123132448758e-01
9.226965837297055328e-01 9.387918498079289575e-01 9.328266043517241535e-01 9.441108727952709501e-01
9.222194913906519576e-01 9.386576240725534870e-01 9.322829088787991658e-01 9.437589799180372552e-01
9.219737165493211428e-01 9.384824221804209943e-01 9.316672007604535066e-01 9.434962604298722244e-01
9.222050340470442364e-01 9.386737277339877172e-01 9.310370901130239352e-01 9.431138113820674018e-01
9.218725151440674281e-01 9.384225266409641497e-01 9.313899520755843930e-01 9.435396585682085391e-01
9.217568563952059923e-01 9.381635340105733967e-01 9.317428140381450730e-01 9.436609041543279064e-01
9.211641053072908703e-01 9.377149799010023878e-01 9.317770200447197393e-01 9.437427794053312446e-01
9.204556954705142013e-01 9.371371291962744543e-01 9.322397012915468739e-01 9.439814034223228401e-01
9.204556954705143124e-01 9.373132482512456232e-01 9.327185853835933127e-01 9.442872392442178686e-01
9.205858115629833582e-01 9.372668706985132214e-01 9.332946865469575748e-01 9.445923894311702984e-01
9.216122829591290033e-01 9.377446156695087298e-01 9.336943567290416635e-01 9.446195276419081521e-01
9.223640648267287245e-01 9.383761962581662619e-01 9.341408351306489388e-01 9.448261553279109215e-01
9.212653067125446960e-01 9.377443979856651124e-01 9.347133356617421951e-01 9.453288333107123798e-01
9.224652662319825502e-01 9.387361285733112348e-01 9.343748762282657605e-01 9.452005302595957170e-01
9.222917781086902300e-01 9.386911380731455257e-01 9.334531143668828301e-01 9.446488391592301470e-01
9.228122424785670797e-01 9.390276020909665844e-01 9.328842144680603576e-01 9.442992211868078689e-01
9.228266998221746897e-01 9.387907660337092564e-01 9.328878151003315855e-01 9.447656921663036833e-01
9.231158466943283347e-01 9.394149914918554778e-01 9.328446075130792936e-01 9.450182157086630674e-01
9.245037516806661193e-01 9.403153930258856263e-01 9.330858498752380159e-01 9.448553520246563142e-01
9.254723937023811020e-01 9.405549849993424250e-01 9.325889626218364370e-01 9.440594792090375442e-01
9.264265783804884746e-01 9.408774868231415400e-01 9.325781607250233085e-01 9.437045043837346547e-01
9.260651447902961131e-01 9.406864361304512201e-01 9.334351112055276900e-01 9.441487663474212866e-01
9.252699908918734506e-01 9.401421110134953185e-01 9.333090890760415981e-01 9.441736357615637676e-01
9.246772398039583285e-01 9.397397211317248811e-01 9.327149847513223069e-01 9.440438885371715827e-01
9.234917376281281953e-01 9.390288272772169265e-01 9.326753777963411318e-01 9.442720507990848278e-01
9.231881334123668292e-01 9.388558400917431657e-01 9.328662113067054396e-01 9.442232673312846991e-01
9.239688299671817706e-01 9.393864530203697161e-01 9.335971396577238401e-01 9.445714001525374881e-01
9.244459223062354569e-01 9.397848222480778002e-01 9.342740585246770424e-01 9.450052930166150666e-01
9.238676285619281670e-01 9.396049197274897180e-01 9.340796243820415068e-01 9.451454152582744461e-01
9.221905767034364043e-01 9.386088504438310220e-01 9.340976275433966469e-01 9.451905505648237060e-01
9.230001879454668989e-01 9.393620408791616416e-01 9.338167782262566385e-01 9.450832289093795691e-01
9.231881334123668292e-01 9.394516408592671342e-01 9.342200490406115110e-01 9.453273285722991748e-01
9.234917376281281953e-01 9.396683414850883764e-01 9.350337919338634896e-01 9.457806312510934621e-01
9.223640648267287245e-01 9.387806756121601648e-01 9.346953325003871660e-01 9.455724242726092355e-01
9.214098801486214629e-01 9.381398118257817664e-01 9.346449236485926404e-01 9.453938762080568159e-01
