9.167614265792594086e-01 9.326975914008155399e-01 9.169761127637530151e-01 9.298217781458301134e-01
9.187213480235634222e-01 9.340588188423663007e-01 9.187900506571831105e-01 9.311223686051410819e-01
9.206812694678675468e-01 9.353666172946736301e-01 9.207354373835185957e-01 9.324432973232783528e-01
9.220085870401021344e-01 9.362449204498695110e-01 9.220552712305647436e-01 9.333479023402688757e-01
9.228795501049147365e-01 9.367843191045304163e-01 9.229455799795382998e-01 9.338827058167109563e-01
9.241292813017243368e-01 9.375993308252734693e-01 9.239508428201854695e-01 9.345701929612770797e-01
9.254586352617654166e-01 9.385092690637566459e-01 9.252977860799045384e-01 9.355205556142758283e-01
9.272787586831575668e-01 9.398143258414580758e-01 9.270621379302479426e-01 9.367764492367223195e-01
9.288357807999583216e-01 9.408989570477656050e-01 9.285750722510394128e-01 9.377790901041377358e-01
9.302370192495665879e-01 9.418167841029597698e-01 9.299936199970023631e-01 9.387337347716457892e-01
9.315174999022534097e-01 9.427366698572894332e-01 9.313733745552529308e-01 9.396644067084798380e-01
9.320918630830585805e-01 9.431766050583910710e-01 9.319363848740370715e-01 9.400414960633955985e-01
9.332032217284207398e-01 9.439748225460489195e-01 9.330329797078027454e-01 9.408228059551716482e-01
9.345032517040492426e-01 9.449042817281219087e-01 9.341664077060173321e-01 9.416473559241210767e-01
9.355092272804285125e-01 9.455798148403100623e-01 9.352512169453532920e-01 9.423936658387987997e-01
9.363989251130602209e-01 9.461921900848182521e-01 9.361507912588460378e-01 9.429436317817894153e-01
9.373821949653977637e-01 9.468563428297612772e-01 9.370622275313115201e-01 9.435071874563875083e-01
9.382508161842326722e-01 9.474907800569924987e-01 9.377769996513704021e-01 9.439271377275866293e-01
9.387786479036609455e-01 9.478373178771771768e-01 9.381432949080529271e-01 9.441772032650951330e-01
9.394241828383008697e-01 9.483181398763175229e-01 9.386390280646821349e-01 9.444738805494999889e-01
9.399280870010034983e-01 9.487474992409912211e-01 9.389567300173337072e-01 9.446262995574216115e-01
9.400359137353544448e-01 9.488079003382201559e-01 9.388499723865812996e-01 9.444909699655140711e-01
9.403459537788840805e-01 9.490264242430065389e-01 9.388544015300602785e-01 9.444767475024039571e-01
9.405474543523308917e-01 9.491125929022895535e-01 9.388508123965514374e-01 9.444222712123778729e-01
9.406274843931238250e-01 9.491496113010009505e-01 9.387776551646052070e-01 9.443166254097161705e-01
9.404887045641152632e-01 9.490174151455632590e-01 9.384530294934118055e-01 9.440069746044644772e-01
9.403535902331581209e-01 9.488967972986300792e-01 9.380714613281810887e-01 9.437500501071613979e-01
9.403976780291675164e-01 9.489672164949598532e-01 9.383434718294255683e-01 9.438739113746391629e-01
9.405016356266863164e-01 9.490566449018540407e-01 9.385933111584278121e-01 9.439223599266013398e-01
9.407580168515163876e-01 9.492444052749875461e-01 9.385856747041535497e-01 9.439035543604827883e-01
9.406698412594978187e-01 9.490757227221190417e-01 9.383637338880997936e-01 9.436544569015894446e-01
9.405527489606277936e-01 9.488961377256073249e-01 9.383467555047634301e-01 9.435500487480663612e-01
9.405765746979629638e-01 9.489210421440090748e-01 9.382242922330539248e-01 9.434785683978190729e-01
9.407926354442257555e-01 9.490702394744375825e-01 9.383247625164539141e-01 9.435454874281965498e-01
9.406798195597492196e-01 9.489876012765070534e-01 9.381665097290463606e-01 9.433426465325562837e-01
9.405346251091503129e-01 9.488509731714229734e-01 9.378855391214532267e-01 9.430678065504712881e-01
9.404687479636120173e-01 9.487964707133770270e-01 9.376689947330867358e-01 9.429142100322591702e-01
9.404767916954476226e-01 9.487677534785763367e-01 9.374613595413727740e-01 9.427649538483335867e-01
9.404175328102802878e-01 9.486650925497207565e-01 9.373445472458262762e-01 9.426180066516254286e-01
9.398695408515684857e-01 9.481738021909067449e-01 9.373248706486464465e-01 9.425145112823015703e-01
9.398096710500593032e-01 9.480366590759905510e-01 9.375292221650224356e-01 9.426020267822060594e-01
9.400809179058765563e-01 9.482582319148648020e-01 9.379786784087502660e-01 9.428792925171092243e-01
9.402475962478331617e-01 9.484261894971217632e-01 9.379984313704726739e-01 9.428439947495201867e-01
9.410425002280754514e-01 9.490244671713099489e-01 9.383901051101930513e-01 9.431846207250427216e-01
9.412447135372544738e-01 9.491758373411366412e-01 9.384435602901119999e-01 9.432701472633910900e-01
9.412418625943254069e-01 9.491040888112632912e-01 9.384696005991867152e-01 9.433111120821002782e-01
9.412259787694354785e-01 9.491259438581242103e-01 9.382933257796922666e-01 9.431781402273005099e-01
9.413516238970923711e-01 9.492077891491715880e-01 9.381914045699799587e-01 9.430996985859776416e-01
9.413626203912471846e-01 9.491547594454259329e-01 9.382258958884515110e-01 9.431232762313270790e-01
9.414210647212917227e-01 9.491823467043186691e-01 9.380775195819051060e-01 9.430250888134970033e-01
