9.238049865435494779e-01 9.361338226553045372e-01 9.182100874099101695e-01 9.303827781712253886e-01
9.250969727873424864e-01 9.370752316277994876e-01 9.194264473015417716e-01 9.312998278363312510e-01
9.261924476078144952e-01 9.378827300028198533e-01 9.204348156335935283e-01 9.320254168262785965e-01
9.272423073414224337e-01 9.386458146151592796e-01 9.215305959122365165e-01 9.327779906410165189e-01
9.277833755815922956e-01 9.390321647400478033e-01 9.221065882032869476e-01 9.331505128935517757e-01
9.285802141302506030e-01 9.396133727869590002e-01 9.228955102943477984e-01 9.336727713983464794e-01
9.296941182603708498e-01 9.404471188421155148e-01 9.239916723957042333e-01 9.344615669337008601e-01
9.306406313128022800e-01 9.411735358409250018e-01 9.248451734350766618e-01 9.351005409014141456e-01
9.315246272595759658e-01 9.417950350626953515e-01 9.257113509885441793e-01 9.357140662100129624e-01
9.325171626764325872e-01 9.425057677884071117e-01 9.264687345234525750e-01 9.362419063295566168e-01
9.331274681020214068e-01 9.429608836460744437e-01 9.268540190964302816e-01 9.364958826611989862e-01
9.341234653781490538e-01 9.437113389658986495e-01 9.277248039773098309e-01 9.371324303930459454e-01
9.347309198608089176e-01 9.442091901459221948e-01 9.281579945734338422e-01 9.374754212100170347e-01
9.353985496031487212e-01 9.447403618820721105e-01 9.288165369351875089e-01 9.379619387684605680e-01
9.360100768614214584e-01 9.452625676036731095e-01 9.294588900138799348e-01 9.384251657337864261e-01
9.369707428091074153e-01 9.460404488105311760e-01 9.305289099867717351e-01 9.391867383700700511e-01
9.378141128191427311e-01 9.466791922820390059e-01 9.312798534452424448e-01 9.397005287122683903e-01
9.384503821892635766e-01 9.471607122587482053e-01 9.318768459855466535e-01 9.400872490039684504e-01
9.386723484601650069e-01 9.472973978002587891e-01 9.322109663148875347e-01 9.402992805947525401e-01
9.389778066311303961e-01 9.475195794637373270e-01 9.326226984745011883e-01 9.405437591854693968e-01
9.395962576079448514e-01 9.479515456504327142e-01 9.333861911728291716e-01 9.410282447434930031e-01
9.403267099141133789e-01 9.485378752290241078e-01 9.341001996474604940e-01 9.415890626133636143e-01
9.409626738260631340e-01 9.490608200737814526e-01 9.346837011185469279e-01 9.420343820011550795e-01
9.416318308592579456e-01 9.496103144796667062e-01 9.353830985106674767e-01 9.425411471906645078e-01
9.421670953941795323e-01 9.500831077352851484e-01 9.360048586176673568e-01 9.429907825549412870e-01
9.430422330539952602e-01 9.508292180418160822e-01 9.366368770282422762e-01 9.434951815504815098e-01
9.436965244562031119e-01 9.513695496626599635e-01 9.371147154270222934e-01 9.438388446566877699e-01
9.440793653638127614e-01 9.517063981596097788e-01 9.373888386806161765e-01 9.440442382015338252e-01
9.443426703071849948e-01 9.519713391417330417e-01 9.374694287280558314e-01 9.441131690827426759e-01
9.444974357804741816e-01 9.521048305746327989e-01 9.375976957050137228e-01 9.441960533676956313e-01
9.445511964185641096e-01 9.521218476642699935e-01 9.377741996181364614e-01 9.442688540105097506e-01
9.447444496213946996e-01 9.522410044990547995e-01 9.380394645847723867e-01 9.444271931530598962e-01
9.446109644006828177e-01 9.521773690887248565e-01 9.377713232203598315e-01 9.441710930244603395e-01
9.447082019184401824e-01 9.522129679394684132e-01 9.378820263524872969e-01 9.441926749692355347e-01
9.448660219734390520e-01 9.523410377028475038e-01 9.381067417469275416e-01 9.443145862764225074e-01
9.448130758904715876e-01 9.523033571252661478e-01 9.380505374434697785e-01 9.442304974329972511e-01
9.449480884020382554e-01 9.523791354450305002e-01 9.380549156772538533e-01 9.441932757594431180e-01
9.449719141393736477e-01 9.523431579950349946e-01 9.379091103103129878e-01 9.440277343446745739e-01
9.449014551212708835e-01 9.522157103141781764e-01 9.378085636623701982e-01 9.438824460874648548e-01
9.446395756493632945e-01 9.519698018959724672e-01 9.375647825870923047e-01 9.436657190433750397e-01
9.446644195806018773e-01 9.520024916907467993e-01 9.372685899806462162e-01 9.434786674381370197e-01
9.445638220229638504e-01 9.519278144302224520e-01 9.370851623489815374e-01 9.433602885123109072e-01
9.447208275228401453e-01 9.520016217150158999e-01 9.373584201377576086e-01 9.435002384497342964e-01
9.446157499120280132e-01 9.518464783167057686e-01 9.373057031484184343e-01 9.433756913942854538e-01
9.444306422604229478e-01 9.515922638503560016e-01 9.372892593168814512e-01 9.432632107288591028e-01
9.443467430827977571e-01 9.513839359788943684e-01 9.374156935448136885e-01 9.432388215177958113e-01
9.441805738377926360e-01 9.510899176678448974e-01 9.374241954639054297e-01 9.430958914752498590e-01
9.442015486321990725e-01 9.511037425248352051e-01 9.374211154273482949e-01 9.430596190403516266e-01
9.441059402246869681e-01 9.510040096961038802e-01 9.372076001658433686e-01 9.429240059623569259e-01
9.439909861330136875e-01 9.509444387808493326e-01 9.370007286195571883e-01 9.428207480587034173e-01
