9.217603513664976989e-01 9.317562328013058170e-01 9.168569331673812606e-01 9.306461303919624228e-01
9.223993698601571367e-01 9.322193328320618200e-01 9.174571584733282048e-01 9.310661259013748303e-01
9.228960448461468458e-01 9.325806720636264924e-01 9.178986218949157783e-01 9.313433733121651015e-01
9.238727982575036801e-01 9.332662531424529284e-01 9.187567302617002385e-01 9.319089860218088273e-01
9.250055389748335077e-01 9.340865593161670200e-01 9.197464656453231413e-01 9.325362605518938697e-01
9.258142903921594558e-01 9.346615469762239448e-01 9.205600789385368632e-01 9.330646876957082725e-01
9.267040900441814166e-01 9.353057068759920156e-01 9.214053326072930705e-01 9.336388860466517947e-01
9.274270077154661562e-01 9.358118092690341783e-01 9.219853213094135747e-01 9.340108069981194472e-01
9.286331602132179563e-01 9.367001757653449223e-01 9.228530770634308933e-01 9.346024004225297332e-01
9.298920551551563829e-01 9.376163171751417114e-01 9.238763619361647361e-01 9.352774798881988705e-01
9.306216929062023357e-01 9.381215146385393222e-01 9.245358206724315631e-01 9.357126601388929821e-01
9.314221969529121736e-01 9.386961964579597639e-01 9.251452606332024597e-01 9.360886505408233527e-01
9.319815926833401321e-01 9.390630895831248992e-01 9.256305827571713607e-01 9.363756042469806307e-01
9.326204075382189540e-01 9.395082478300165185e-01 9.261307450572793254e-01 9.367032767929489578e-01
9.334186715583417948e-01 9.400922676937990552e-01 9.267398541050320127e-01 9.370945825663088424e-01
9.336198666736175156e-01 9.402250196775422397e-01 9.269195398741023606e-01 9.371684148032740636e-01
9.339953765851243261e-01 9.404883599131630412e-01 9.271633464042278172e-01 9.373140890138015324e-01
9.342580706121544898e-01 9.406423723929808745e-01 9.273140900115990348e-01 9.373431595268486571e-01
9.347520982939957479e-01 9.410368317465765964e-01 9.277624007871859702e-01 9.376611811771097260e-01
9.352561042760885179e-01 9.414213444144641230e-01 9.282274099427856306e-01 9.379937493640109203e-01
9.359974512570214955e-01 9.419455475575655434e-01 9.289812807087280966e-01 9.385010174012829998e-01
9.365445268412204705e-01 9.423087921324129201e-01 9.295554911604477777e-01 9.388966466337081984e-01
9.369837756910683879e-01 9.425818900775760900e-01 9.298398218079214628e-01 9.390457425735635466e-01
9.372674445125049880e-01 9.427187428327039598e-01 9.301066904299548632e-01 9.391968322031337690e-01
9.373436054164656639e-01 9.426884537324575764e-01 9.302361283299013239e-01 9.392367104011019041e-01
9.375594625239479507e-01 9.427913552813433906e-01 9.305085715635549315e-01 9.393935832556701282e-01
9.379349724354546503e-01 9.430020115933145375e-01 9.308535356579651365e-01 9.395949543840594886e-01
9.384507894668248085e-01 9.433335496000196940e-01 9.312812280070117410e-01 9.398781396955978584e-01
9.390813569510875203e-01 9.437875296314974793e-01 9.316451814177170165e-01 9.401439647672079625e-01
9.392932431023471862e-01 9.439718699771278976e-01 9.316955311062311562e-01 9.401734743484313483e-01
9.393268435011533635e-01 9.439759475017380774e-01 9.314801321860053385e-01 9.400256167462315293e-01
9.393618693714241852e-01 9.439566696071940433e-01 9.313764545918101767e-01 9.399131488430956249e-01
9.388898346778923321e-01 9.435045266636182815e-01 9.307354251651918098e-01 9.393605411628214163e-01
9.384340910868119723e-01 9.430803311187485605e-01 9.303592279728003511e-01 9.390162802876547143e-01
9.385222666788307633e-01 9.431963998101494662e-01 9.304439671603956796e-01 9.390026673994250617e-01
9.390183307484785136e-01 9.435293162682915069e-01 9.306782535775259824e-01 9.391200783829897203e-01
9.389541845325757308e-01 9.433927342548951156e-01 9.305613140077415579e-01 9.390060437846975416e-01
9.389631446389240521e-01 9.433576281220603654e-01 9.306768790157566862e-01 9.390380602893102502e-01
9.393030177638180822e-01 9.435979280538782099e-01 9.310890439077792458e-01 9.392955651235930237e-01
9.391908127956833940e-01 9.434507492020820507e-01 9.312063398454299978e-01 9.393308371622919317e-01
9.392973158779600595e-01 9.434838763444373111e-01 9.314159350604075405e-01 9.394173792645164056e-01
9.391867400200706317e-01 9.433500713173457175e-01 9.312435293777450163e-01 9.392294671456091759e-01
9.391557869254127944e-01 9.433112935086708228e-01 9.310215376519960229e-01 9.390529430091194563e-01
9.392593372453700296e-01 9.433866527622016829e-01 9.310374723865814106e-01 9.390860123554938266e-01
9.394233682831784060e-01 9.434598413121010330e-01 9.311408699774530451e-01 9.391362030534216032e-01
9.392050675103286173e-01 9.432171141634269063e-01 9.310559271510772117e-01 9.390072493597616532e-01
9.390252544670203427e-01 9.430144848592338924e-01 9.311997470399067112e-01 9.391040016015105296e-01
9.389295442401177638e-01 9.428304171232900766e-01 9.312424857289942626e-01 9.391031394440813029e-01
9.390474510941104747e-01 9.429056553339858482e-01 9.312952027183334369e-01 9.391234114572235558e-01
9.390774878142553739e-01 9.429832150533186130e-01 9.312473476048820364e-01 9.391142440964028726e-01
