5.664531798927264772e-01 5.856377196225530657e-01 5.735771201422970034e-01 5.698136831962549165e-01
5.671905044167184773e-01 5.863806442482937253e-01 5.742468377447079719e-01 5.704140835612721006e-01
5.679712009715334187e-01 5.872490648730459561e-01 5.751217913865673825e-01 5.714102485664021014e-01
5.681591464384334600e-01 5.872977658261727685e-01 5.756906912853897440e-01 5.722014843006281160e-01
5.683181772181180591e-01 5.874400831710622217e-01 5.762235848615017142e-01 5.725982588811041607e-01
5.688530989316022968e-01 5.879864941415521296e-01 5.767384752762585443e-01 5.732994978539716069e-01
5.696916248608481226e-01 5.886213355361208377e-01 5.773649852914172209e-01 5.738558842651795278e-01
5.702410039179400814e-01 5.883065281919260814e-01 5.780941133263000076e-01 5.744104410865633614e-01
5.705590654773091686e-01 5.882239711967718332e-01 5.790140748715474350e-01 5.754407774915544227e-01
5.710217004727551338e-01 5.885847492867490871e-01 5.796333836221641000e-01 5.760669769290762687e-01
5.710795298471859072e-01 5.885259124000942199e-01 5.803499094440983663e-01 5.763746455137368496e-01
5.716722809351010293e-01 5.887679003999743976e-01 5.810700358983037495e-01 5.778967348250738656e-01
5.716867382787087504e-01 5.887211450486236064e-01 5.815633225194344336e-01 5.789723557195713965e-01
5.717879396839624651e-01 5.884729511252486667e-01 5.820728119857846439e-01 5.796939157162115386e-01
5.718313117147855174e-01 5.886031153224864365e-01 5.824166723676678092e-01 5.799840566078195980e-01
5.723951481154851972e-01 5.891082419834889894e-01 5.829423646792376568e-01 5.805704528299213685e-01
5.727999537365005001e-01 5.899515039516314285e-01 5.834824595198917496e-01 5.813467574142530125e-01
5.730891006086540340e-01 5.899840638463221820e-01 5.839037334956018732e-01 5.815135829485820196e-01
5.725830935823852386e-01 5.895790239629473684e-01 5.842097872386391444e-01 5.819077694945782309e-01
5.726264656132082909e-01 5.895789977721990205e-01 5.847138757565828460e-01 5.824721719213293847e-01
5.724674348335236918e-01 5.893510646160300404e-01 5.848903067378632414e-01 5.827891546842233206e-01
5.725108068643467440e-01 5.893686320751898577e-01 5.852647724940498453e-01 5.829479437203193282e-01
5.726553803004235110e-01 5.897657058735207292e-01 5.855816281339003559e-01 5.836249368991193176e-01
5.732047593575156919e-01 5.902396686249085089e-01 5.859236881996479074e-01 5.836904362608457131e-01
5.737830531018230928e-01 5.907903843496218332e-01 5.863809684980682002e-01 5.840310047440877561e-01
5.739854559123306332e-01 5.910562456234861317e-01 5.866870222411055824e-01 5.845105989687235937e-01
5.744770055949919296e-01 5.914509749862967292e-01 5.870614879972922973e-01 5.848620989424353489e-01
5.745782070002458664e-01 5.917878013552497762e-01 5.875403720893388471e-01 5.853909984152241286e-01
5.744914629385996507e-01 5.918544684876884121e-01 5.882929042339835046e-01 5.859534467850270323e-01
5.744625482513843195e-01 5.920239454123793488e-01 5.886277630351889334e-01 5.859257161169154626e-01
5.742167734100536158e-01 5.921319289856410428e-01 5.891174490240486117e-01 5.862559628438159809e-01
5.746938657491071911e-01 5.927404818276176268e-01 5.896143362774503016e-01 5.869495501382487879e-01
5.749396405904378948e-01 5.932601517556008730e-01 5.900284089886184136e-01 5.876818108677721586e-01
5.752143301189839297e-01 5.936251482105641131e-01 5.903380633639266906e-01 5.882782668653780966e-01
5.752577021498070931e-01 5.939691143123883021e-01 5.906801234296743530e-01 5.882210592467307375e-01
5.753155315242377554e-01 5.942255282957484841e-01 5.911842119476179436e-01 5.889462137140933917e-01
5.755034769911375747e-01 5.940187535675539587e-01 5.916162878201411957e-01 5.896990088172190392e-01
5.755468490219607380e-01 5.942906827905459766e-01 5.918323257564027662e-01 5.897811053216802657e-01
5.757058798016452261e-01 5.946095559671393804e-01 5.919943542085990273e-01 5.897345712348043278e-01
5.755613063655684591e-01 5.952754554669830167e-01 5.919835523117860099e-01 5.897363751760665851e-01
5.754890196475299646e-01 5.951828448524332238e-01 5.923292130098045671e-01 5.901327576776127515e-01
5.754311902730991912e-01 5.955976620129359578e-01 5.923832224938699875e-01 5.903192926917470995e-01
5.752287874625916508e-01 5.952621441288061810e-01 5.924066266036316364e-01 5.905919385012882161e-01
5.754456476167069123e-01 5.953323347311754166e-01 5.923328136420755730e-01 5.900605935062241958e-01
5.747950671543611278e-01 5.952337651157417753e-01 5.926316661205708325e-01 5.905213451122016677e-01
5.751854154317684875e-01 5.962404235456115753e-01 5.927450860371080710e-01 5.908420188469547529e-01
5.749974699648686682e-01 5.961508473759858928e-01 5.929449211281501153e-01 5.907724356575521085e-01
5.751420434009455462e-01 5.968444323242070304e-01 5.930601413608229677e-01 5.904497764770100243e-01
5.746649510618918599e-01 5.965928865532776904e-01 5.931681603289538085e-01 5.906528719871433353e-01
5.747661524671456856e-01 5.970855443319184053e-01 5.932797799293555441e-01 5.905556973658570019e-01
5.753155315242376444e-01 5.975721286357866813e-01 5.935390254528696286e-01 5.910968517120142041e-01
5.749685552776533370e-01 5.976681710790487934e-01 5.936470444210002473e-01 5.913267367447296863e-01
5.749396405904378948e-01 5.977589897199390157e-01 5.938738842540749463e-01 5.916540946149798641e-01
5.749974699648687793e-01 5.974356561842003588e-01 5.940359127062712075e-01 5.914472341121447263e-01
5.748673538723995113e-01 5.975219409270851045e-01 5.942087430552804861e-01 5.919308452863252246e-01
5.745492923130304241e-01 5.972600147916231617e-01 5.941151266162337796e-01 5.917506301499937393e-01
5.748528965287917902e-01 5.977470546528225182e-01 5.941403310421309314e-01 5.922278218493759461e-01
5.746794084054995810e-01 5.974251628903659572e-01 5.942087430552805971e-01 5.923551350137712390e-01
5.748239818415764590e-01 5.973835498170263492e-01 5.942447493779907663e-01 5.923227421252120761e-01
5.744480909077767095e-01 5.974951286935299422e-01 5.941007240871497563e-01 5.924762291221523647e-01
5.746215790310689187e-01 5.977408050482130308e-01 5.942015417907384744e-01 5.932865887240693636e-01
5.749540979340456159e-01 5.982706789845823048e-01 5.941403310421310424e-01 5.932404700726880975e-01
5.752866168370225353e-01 5.989555100200425475e-01 5.941511329389440599e-01 5.935256583086541138e-01
5.756625077708221738e-01 5.993211055813795207e-01 5.942303468489066320e-01 5.936179321564664102e-01
5.755902210527837903e-01 5.996882746256092522e-01 5.943059601265983094e-01 5.939115879789997887e-01
5.758793679249374353e-01 6.002722917670476610e-01 5.942699538038879181e-01 5.939188851482677389e-01
5.759805693301912610e-01 6.004976774433251618e-01 5.941403310421310424e-01 5.938649918763564406e-01
5.759516546429759298e-01 6.001968450627385154e-01 5.941943405261964628e-01 5.938955494905202581e-01
5.758649105813298252e-01 6.004767754604821706e-01 5.941439316744020482e-01 5.941797616433381890e-01
5.760239413610143133e-01 6.008245409924871661e-01 5.941115259839627738e-01 5.940688823665549734e-01
5.762697162023450170e-01 6.008776071534429608e-01 5.940935228226076337e-01 5.941510603828861203e-01
5.762118868279142436e-01 6.011707784577854374e-01 5.940953231387431366e-01 5.941273436557006349e-01
5.764576616692448363e-01 6.018148729612735615e-01 5.939963057512900324e-01 5.945907886568989609e-01
5.766022351053218253e-01 6.020841319404062197e-01 5.937910697118413683e-01 5.944263641186002811e-01
5.765010337000679996e-01 6.024120509635442211e-01 5.936218399951032065e-01 5.944252077518743516e-01
5.762697162023450170e-01 6.022338642583664470e-01 5.935030191301592373e-01 5.948391434302231495e-01
5.764576616692449473e-01 6.027845334640561381e-01 5.936542456855423699e-01 5.952957693155080943e-01
5.766022351053217143e-01 6.021046979431926571e-01 5.939314943704114835e-01 5.957168281647422514e-01
5.768046379158293657e-01 6.024092080339661370e-01 5.940035070158319330e-01 5.961607861397661967e-01
5.766311497925371565e-01 6.024166684813335726e-01 5.940719190289814877e-01 5.962900807302495831e-01
5.769636686955139648e-01 6.023406794452260682e-01 5.941187272485048965e-01 5.964320275409740191e-01
5.771082421315907318e-01 6.026083701886243427e-01 5.939639000608506469e-01 5.964351402140390945e-01
5.772672729112752199e-01 6.030833434791745828e-01 5.940305117578645877e-01 5.966125816168880158e-01
5.775130477526059236e-01 6.036518868265349225e-01 5.939711013253927696e-01 5.967374963841639568e-01
5.777588225939365163e-01 6.040132029712137474e-01 5.939170918413273492e-01 5.970659118952049704e-01
5.779612254044441677e-01 6.045739551095934416e-01 5.939855038544767929e-01 5.971329888386325280e-01
5.781780855585594292e-01 6.048390055378219943e-01 5.941079253516917680e-01 5.974480116285165732e-01
5.784672324307131852e-01 6.052321584388004050e-01 5.941295291453179139e-01 5.975924301837669539e-01
5.783082016510286971e-01 6.051075945766278830e-01 5.940719190289813767e-01 5.976392055143870952e-01
5.787852939900822724e-01 6.053332711413463851e-01 5.941223278807759023e-01 5.977275542213787984e-01
5.788575807081207669e-01 6.051639180918304550e-01 5.939747019576637754e-01 5.978208428269662367e-01
5.793202157035666211e-01 6.058289357336639203e-01 5.939206924735982440e-01 5.979826207448488695e-01
5.795370758576818826e-01 6.062791027929939069e-01 5.938054722409256136e-01 5.982670114907125969e-01
5.800430828839509001e-01 6.067477824391699359e-01 5.938198747700096369e-01 5.982875891718522077e-01
5.806792060026890745e-01 6.070069672707951725e-01 5.936938526405237671e-01 5.986764825914978605e-01
5.810044962338620778e-01 6.068727995016871546e-01 5.936362425241872298e-01 5.987683005643182899e-01
5.811707556853503709e-01 6.073491862173646672e-01 5.936398431564582356e-01 5.987899576872485197e-01
5.814309878702887957e-01 6.079281934316433933e-01 5.935714311433087920e-01 5.987510530851913870e-01
5.816189333371886150e-01 6.082399822634322328e-01 5.934958178656172256e-01 5.987820073542230448e-01
5.820960256762421903e-01 6.085069369213884638e-01 5.933625944715891221e-01 5.990871147895432403e-01
5.825008312972573821e-01 6.096187557853469663e-01 5.934418083815518052e-01 5.991155688980357441e-01
5.827755208258034170e-01 6.100330651638484758e-01 5.934526102783648227e-01 5.992333643058649351e-01
5.829490089490957372e-01 6.099493296073810189e-01 5.935462267174115292e-01 5.993311214980910906e-01
5.833827292573262602e-01 6.102420017556049459e-01 5.936218399951032065e-01 5.995952071880547019e-01
5.836285040986568529e-01 6.108092025165313688e-01 5.936866513759816444e-01 5.996796420163944541e-01
5.838742789399875566e-01 6.106039862984682376e-01 5.938450791959067887e-01 6.000073703976043227e-01
5.843369139354335218e-01 6.113967080946256516e-01 5.940287114417291958e-01 6.001360117055117849e-01
5.851031531466408531e-01 6.118641679925853616e-01 5.941763373648413227e-01 6.003315409193556995e-01
5.855224161112637660e-01 6.122167996975892423e-01 5.942555512748038948e-01 6.002823499271006114e-01
5.858693923578481844e-01 6.125194092157202341e-01 5.943779727720187589e-01 6.007027076478794747e-01
5.865488875074094111e-01 6.131771288719900515e-01 5.945904100760093236e-01 6.012280464454460294e-01
5.869103210976015506e-01 6.135199177978921670e-01 5.948892625545045831e-01 6.014932599363699284e-01
5.872139253133629166e-01 6.137508269457262466e-01 5.950152846839904530e-01 6.017474664473912993e-01
5.874597001546936204e-01 6.140077629899676204e-01 5.950728948003269903e-01 6.017750382961593036e-01
5.878066764012779277e-01 6.143169195076852995e-01 5.951953162975418543e-01 6.019984025564324437e-01
5.883849701455854397e-01 6.153089523429532415e-01 5.954203558144810504e-01 6.022461133407877032e-01
5.887319463921698581e-01 6.156412551783460030e-01 5.956669991250463925e-01 6.024553058626084256e-01
5.893246974800849802e-01 6.160634980438308705e-01 5.958182256804294141e-01 6.027049362589227410e-01
5.897150457574924509e-01 6.166118240165405773e-01 5.960270623521490840e-01 6.028966121520248356e-01
5.900041926296462069e-01 6.167656901774246636e-01 5.962647040820368005e-01 6.031408132512814380e-01
5.904812849686997822e-01 6.172302011502122099e-01 5.965959622509713345e-01 6.031060464131123844e-01
5.910884934002226254e-01 6.174673709858139459e-01 5.968624090390272086e-01 6.032589268528413262e-01
5.912619815235148346e-01 6.174331347423362981e-01 5.972260728984009059e-01 6.038905522495285894e-01
5.915222137084531484e-01 6.174095168643287668e-01 5.975717335964195742e-01 6.041143501118819703e-01
5.921294221399759916e-01 6.184079589306501479e-01 5.978381803844754483e-01 6.044830863864193438e-01
5.925486851045989045e-01 6.187638519582490115e-01 5.982162467729332800e-01 6.047802731840362656e-01
5.927655452587141660e-01 6.190888045285944941e-01 5.986807283358956955e-01 6.052969023849561481e-01
5.931703508797293578e-01 6.195571308095702001e-01 5.991668136924843679e-01 6.059809263295954374e-01
5.939076754037213579e-01 6.205553682570590368e-01 5.996384965199889061e-01 6.065456100783586102e-01
5.944136824299903754e-01 6.212933856581597247e-01 5.999913584825495860e-01 6.067387876746184183e-01
5.948907747690439507e-01 6.217517492781226007e-01 6.003694248710073067e-01 6.072439488341705438e-01
5.954112391389205783e-01 6.223167254752380861e-01 6.008627114921379908e-01 6.075722642385233963e-01
5.959172461651895958e-01 6.224525841151133942e-01 6.013343943196425290e-01 6.080371613376134299e-01
5.963365091298125087e-01 6.229984000696267010e-01 6.018168790439600846e-01 6.084775140522532544e-01
5.969437175613352409e-01 6.235933444427181893e-01 6.022345523873992024e-01 6.090001167311939190e-01
5.976087553672888575e-01 6.242846190844402177e-01 6.027458421698850266e-01 6.092798519431958937e-01
5.981003050499501539e-01 6.249184221102082049e-01 6.033399464946044288e-01 6.097372087187902245e-01
5.989677456664113109e-01 6.257705368265451540e-01 6.040096640970153974e-01 6.102797973805822451e-01
5.999363876881261826e-01 6.268990391275215401e-01 6.046361741121739630e-01 6.109071674290197373e-01
6.006014254940796881e-01 6.277475824473282007e-01 6.052878885532299025e-01 6.114251182013076269e-01
6.014399514233255140e-01 6.290630886485077955e-01 6.059648074201829937e-01 6.120968232726908820e-01
6.018881290751636470e-01 6.294695613479739382e-01 6.067425439907248030e-01 6.128211479592917676e-01
6.025531668811172636e-01 6.299261086893188644e-01 6.074950761353694606e-01 6.136774785861859316e-01
6.029579725021324554e-01 6.300768915399592718e-01 6.081359886796120495e-01 6.137763821117406815e-01
6.033627781231476472e-01 6.304496873127568568e-01 6.087877031206679890e-01 6.141669577688652071e-01
6.041579320215703097e-01 6.312035734050247537e-01 6.093818074453873912e-01 6.146816550242046873e-01
6.047940551403084841e-01 6.317074348051108235e-01 6.101883490740973581e-01 6.154611772903306743e-01
6.054446356026543796e-01 6.324130662463888219e-01 6.110380982900596170e-01 6.162844081194190915e-01
6.067024244965228963e-01 6.332926627906783068e-01 6.118590424478538292e-01 6.171177966382850322e-01
6.073674623024765129e-01 6.340962305835133872e-01 6.124963543598256344e-01 6.176492415343373121e-01
6.081770735445068965e-01 6.346318722136727875e-01 6.132308833431150408e-01 6.183335169114957397e-01
6.086830805707759140e-01 6.351610694348936992e-01 6.140986357204325508e-01 6.188817393943115697e-01
6.094782344691985765e-01 6.360581297457587047e-01 6.149051773491425177e-01 6.192125832924584294e-01
6.104613338345212803e-01 6.371469528348017164e-01 6.157765303587310335e-01 6.200453752506147609e-01
6.109962555480056290e-01 6.375044588818393754e-01 6.166586852651325668e-01 6.207228758313995121e-01
6.120660989749744374e-01 6.382745429587770580e-01 6.177046689398658641e-01 6.217142032548111930e-01
6.128323381861816577e-01 6.387850184056637071e-01 6.187614545114121789e-01 6.223912133100573119e-01
6.135552053665659367e-01 6.391676234309989768e-01 6.197696315472996931e-01 6.230751301816952470e-01
6.141334991108733377e-01 6.399699299711429923e-01 6.207814092154582131e-01 6.238543243249315973e-01
6.150876837889807103e-01 6.409048361046387754e-01 6.219192090131027140e-01 6.247931575432366103e-01
6.157093495641111636e-01 6.410447876428821967e-01 6.231038170302705126e-01 6.260309240116780360e-01
6.166635342422183141e-01 6.422645049371487058e-01 6.241191953307001494e-01 6.268809326596691545e-01
6.174586881406409766e-01 6.428184854265175385e-01 6.252858001865128079e-01 6.278606738168592827e-01
6.183695007879252969e-01 6.432104387685204649e-01 6.264272006164282036e-01 6.290762869395587487e-01
6.187887637525480988e-01 6.443050330596127306e-01 6.276874219112875686e-01 6.300398175558286074e-01
6.196128323381862035e-01 6.450637428546515117e-01 6.289296400447919044e-01 6.312717369662594891e-01
6.200754673336321687e-01 6.457095005161503920e-01 6.300998455328755687e-01 6.321771706677477010e-01
6.206393037343318486e-01 6.455421669855303524e-01 6.312016390078097894e-01 6.330688322056989836e-01
6.217958912229466506e-01 6.465753661091220295e-01 6.325950836966971469e-01 6.342143422639358041e-01
6.224609290289002672e-01 6.470052058112839566e-01 6.339381195337900898e-01 6.353490411617783717e-01
6.235452297994766857e-01 6.476097969229129836e-01 6.352955578999672781e-01 6.364604708347672002e-01
6.244849571339762262e-01 6.484514663446047100e-01 6.366998044856676531e-01 6.377343300839912743e-01
6.253379404068296621e-01 6.491096128163595935e-01 6.379492238837140006e-01 6.388125048809129014e-01
6.264945278954444641e-01 6.497387285264196732e-01 6.390546179909192270e-01 6.395903115683022611e-01
6.277378594457054817e-01 6.511630827871497385e-01 6.405308772220401625e-01 6.408587957546616476e-01
6.286342147493818588e-01 6.518682557747395023e-01 6.416614757551426518e-01 6.417948907988855201e-01
6.295739420838815104e-01 6.523425814887555685e-01 6.430333166504038633e-01 6.427641709849073459e-01
6.300944064537581379e-01 6.526021960811803080e-01 6.443295442679733975e-01 6.439206142509058539e-01
6.311208778499038941e-01 6.533283767191817581e-01 6.455069510205992955e-01 6.450447863559182204e-01
6.318292876866804519e-01 6.535103426177311103e-01 6.467635716831874326e-01 6.461566485628256196e-01
6.327545576775722713e-01 6.540068600719743941e-01 6.482254283852244559e-01 6.476692365813232488e-01
6.337376570428949751e-01 6.551965671846040618e-01 6.492840142729063846e-01 6.483494155537272707e-01
6.345472682849253587e-01 6.559055796129704685e-01 6.504650216578030664e-01 6.495230248236755211e-01
6.356026543682863350e-01 6.564035064466019476e-01 6.516496296749708650e-01 6.508638233355281688e-01
6.362532348306322305e-01 6.570378864630481708e-01 6.527568240983115944e-01 6.516733694349148287e-01
6.370917607598779453e-01 6.572126941560412217e-01 6.538172103021290260e-01 6.526379272329142500e-01
6.380170307507697647e-01 6.583306332116890536e-01 6.546345538276521214e-01 6.533609373290831801e-01
6.391591608957769566e-01 6.588477523905625910e-01 6.556319289667265071e-01 6.540570901810167648e-01
6.399832294814150613e-01 6.594487229455754385e-01 6.565572914603804433e-01 6.550239082631424958e-01
6.409663288467376541e-01 6.603574370420983719e-01 6.575402640703706947e-01 6.559727101609544864e-01
6.417614827451603166e-01 6.605106328192886789e-01 6.585160354158190454e-01 6.569568088294974739e-01
6.424554352383292644e-01 6.607951182591249584e-01 6.592613662959215803e-01 6.575699546282860464e-01
6.433662478856134737e-01 6.616681503466909087e-01 6.601255180409679735e-01 6.581072465786242942e-01
6.443638045945437876e-01 6.617223132168466027e-01 6.610256761087247579e-01 6.590844130834088155e-01
6.451878731801818923e-01 6.621874493664117178e-01 6.616773905497805863e-01 6.596314875933646515e-01
6.458962830169584501e-01 6.624751950803661193e-01 6.624119195330699927e-01 6.603487465581439064e-01
6.466336075409503392e-01 6.625559047942897184e-01 6.631572504131725276e-01 6.608967761208809355e-01
6.475588775318421586e-01 6.627849790929944973e-01 6.637513547378919299e-01 6.613686825065822061e-01
6.481371712761497816e-01 6.628733524043477487e-01 6.642410407267516081e-01 6.619784403165279718e-01
6.487588370512801239e-01 6.632635278206291396e-01 6.647271260833402806e-01 6.623947249112325242e-01
6.494961615752721240e-01 6.635455898317008661e-01 6.652672209239942624e-01 6.630347738193622664e-01
6.502768581300872874e-01 6.639951548764286837e-01 6.656956961642463977e-01 6.636334847249575342e-01
6.510575546849022288e-01 6.643785645665880590e-01 6.660773631849752352e-01 6.642028161578359402e-01
6.513322442134481527e-01 6.641022966281500128e-01 6.665814517029190478e-01 6.648538326448427682e-01
6.514334456187019784e-01 6.633523831528856940e-01 6.668839048136852021e-01 6.654725101287278788e-01
6.516792204600326821e-01 6.635193994975920884e-01 6.674852104029467270e-01 6.659694715859655334e-01
6.520261967066169895e-01 6.636985695745518665e-01 6.680325065081428315e-01 6.665244358047391904e-01
6.524020876404168501e-01 6.633630725354160429e-01 6.684501798515820603e-01 6.671443295701775522e-01
6.528068932614321529e-01 6.630923761602888211e-01 6.690226803826750945e-01 6.677047161375693207e-01
6.528791799794706474e-01 6.631756727820193875e-01 6.695267689006189071e-01 6.682678160770196829e-01
6.528647226358628153e-01 6.630004084312421941e-01 6.701640808125907123e-01 6.688678745274915238e-01
6.530815827899781878e-01 6.626926523150502568e-01 6.703729174843102712e-01 6.692193196317298698e-01
6.531104974771936300e-01 6.627514071911162485e-01 6.707005750209736883e-01 6.696425612639294034e-01
6.532839856004857282e-01 6.624821602560442280e-01 6.712946793456930905e-01 6.701932353807872333e-01
6.535153030982087108e-01 6.628626076689764224e-01 6.717843653345527688e-01 6.706552693865097670e-01
6.532984429440934493e-01 6.624899404898783040e-01 6.720616140194217714e-01 6.709204998764266570e-01
6.533562723185242227e-01 6.624896009297662758e-01 6.724036740851693228e-01 6.713706926867774039e-01
6.533418149749166126e-01 6.624490484593378303e-01 6.726845234023095532e-01 6.714058398233984093e-01
6.534863884109934906e-01 6.624609689458612616e-01 6.730625897907671629e-01 6.719035524819464422e-01
6.536887912215008090e-01 6.624180717788609174e-01 6.732822283592998502e-01 6.723198855413121677e-01
6.539056513756162925e-01 6.627752792989383135e-01 6.738043200385988030e-01 6.728089719218275366e-01
6.541803409041622164e-01 6.630900102147293529e-01 6.743192104533556330e-01 6.733112603732246404e-01
6.541514262169469962e-01 6.628222729937638391e-01 6.746864749450003362e-01 6.738533038486853588e-01
6.542526276222007109e-01 6.628847649029221412e-01 6.749745255266823563e-01 6.742552685408862434e-01
6.542959996530237632e-01 6.629631119119872018e-01 6.753561925474113048e-01 6.747143318485276930e-01
6.542381702785928788e-01 6.626284627275358385e-01 6.756118374386542724e-01 6.749211562318723212e-01
6.538478220011854081e-01 6.617814758296682864e-01 6.758890861235233860e-01 6.753496359956667749e-01
6.536309618470701466e-01 6.615132473732553420e-01 6.760727183693455711e-01 6.758126447516337176e-01
6.536020471598548154e-01 6.615217562993135347e-01 6.762311461892708264e-01 6.760011186708909658e-01
6.534863884109933796e-01 6.611769535047089530e-01 6.764075771705511109e-01 6.759423186169403186e-01
6.535008457546011007e-01 6.610780392794197713e-01 6.767568385008407850e-01 6.762949460620479858e-01
6.537321632523239723e-01 6.611770926859226183e-01 6.770952979343173306e-01 6.766628414565225569e-01
6.541658835605546063e-01 6.611745068948317039e-01 6.773653453546443215e-01 6.769131831133743393e-01
6.543393716838467045e-01 6.613950755166327911e-01 6.776894022590367328e-01 6.772956128404302723e-01
6.544116584018851990e-01 6.613073494383883144e-01 6.781178774992888680e-01 6.779176562842017528e-01
6.543393716838468155e-01 6.615450797812859607e-01 6.784383337714101625e-01 6.783601280997282323e-01
6.542526276222007109e-01 6.615318033176866841e-01 6.786759755012981010e-01 6.791012289438200789e-01
6.545273171507467458e-01 6.625055363071399306e-01 6.790360387284006816e-01 6.795721498259277293e-01
6.549465801153695477e-01 6.628516510787015870e-01 6.792124697096809660e-01 6.800852846553383513e-01
6.552357269875234147e-01 6.631260793426596578e-01 6.793240893100829236e-01 6.802250622843504235e-01
6.555537885468925019e-01 6.632355780927414735e-01 6.795401272463443831e-01 6.804289769012735745e-01
6.558140207318308157e-01 6.635478906541825150e-01 6.798749860475500340e-01 6.806717141216211964e-01
6.562188263528458965e-01 6.640020443324819999e-01 6.803142631846150756e-01 6.812409683496153390e-01
6.564356865069611580e-01 6.642944386709040971e-01 6.808039491734748649e-01 6.818302020750786063e-01
6.572163830617760993e-01 6.649451488689780421e-01 6.812936351623345432e-01 6.823233723943853413e-01
6.575055299339299664e-01 6.650774159714347711e-01 6.818013243125491396e-01 6.826881009764524944e-01
6.579537075857682105e-01 6.661642302149592965e-01 6.824026299018106645e-01 6.833626392247940107e-01
6.584307999248217858e-01 6.669853575878841312e-01 6.830291399169693412e-01 6.840931269576973062e-01
6.589223496074831932e-01 6.675268582850349963e-01 6.835188259058290194e-01 6.844903357213001360e-01
6.591825817924215070e-01 6.678940097307562995e-01 6.841507368693943159e-01 6.852617066791564238e-01
6.598187049111596814e-01 6.685664309869910893e-01 6.845089997803615045e-01 6.856578402781566828e-01
6.602813399066055355e-01 6.690423539748502346e-01 6.850274908273892294e-01 6.862521526914389103e-01
6.610475791178129779e-01 6.695583404520351056e-01 6.855423812421461705e-01 6.869214618582559773e-01
6.614668420824356687e-01 6.700741942525569872e-01 6.863237184449588746e-01 6.881906206319527985e-01
6.618571903598432504e-01 6.704781653301919997e-01 6.867269892593139691e-01 6.886635179735283163e-01
6.623198253552893267e-01 6.707429949938333857e-01 6.872562822031549334e-01 6.891435666063117083e-01
6.625945148838352505e-01 6.712859518553810911e-01 6.877243643983883548e-01 6.896585290074410679e-01
6.628547470687735643e-01 6.719070816232521892e-01 6.881168333159303208e-01 6.902687286917819076e-01
6.629270337868120588e-01 6.720787919359699769e-01 6.885669123498086019e-01 6.910850553421059583e-01
6.632740100333964772e-01 6.728120384734014303e-01 6.890349945450420233e-01 6.917256082139515705e-01
6.638812184649192094e-01 6.737623271640557077e-01 6.894850735789204155e-01 6.923117011795599796e-01
6.642426520551113489e-01 6.738184662864220575e-01 6.899459545096119362e-01 6.931056039446428230e-01
6.644450548656190003e-01 6.744609285454907788e-01 6.903672284853219487e-01 6.936154046034271881e-01
6.647486590813804774e-01 6.750845349378412630e-01 6.906588796992751966e-01 6.938982472871818574e-01
6.649510618918880178e-01 6.750464784953136288e-01 6.909325277518733044e-01 6.943119015760600421e-01
6.650956353279647848e-01 6.754089765731809969e-01 6.912565846562656047e-01 6.947585801280649065e-01
6.654715262617646454e-01 6.755851255472414829e-01 6.915194308120505839e-01 6.951295998518731700e-01
6.657462157903106803e-01 6.757877703995432972e-01 6.919479060523027192e-01 6.955719762031906672e-01
6.661943934421490354e-01 6.762933376392447071e-01 6.921603433562932839e-01 6.958619810167694375e-01
6.664690829706949593e-01 6.765447564900717303e-01 6.923871831893680939e-01 6.961649020478554162e-01
6.666425710939871685e-01 6.765877145785622604e-01 6.926068217579006703e-01 6.964348942252293062e-01
6.670184620277869181e-01 6.766880259388803331e-01 6.927940546359940832e-01 6.967752710012484751e-01
6.674377249924099420e-01 6.774866678694890787e-01 6.929596837204612392e-01 6.968737294926076187e-01
6.676256704593098723e-01 6.777450581253215978e-01 6.930388976304238113e-01 6.968198554960123303e-01
6.677124145209558659e-01 6.785112870012827146e-01 6.930641020563210741e-01 6.968532745696814912e-01
6.677557865517789182e-01 6.785956171524054614e-01 6.931289134371995120e-01 6.969954249327310336e-01
6.677268718645634760e-01 6.785200790270435878e-01 6.931145109081154887e-01 6.971933013353674990e-01
6.675678410848789879e-01 6.782173616076786482e-01 6.932513349344144871e-01 6.972148865199716550e-01
6.674088103051944998e-01 6.780569577618733579e-01 6.932729387280406330e-01 6.973000959558798284e-01
6.673943529615867787e-01 6.780012210430196307e-01 6.933305488443770592e-01 6.974719367266217773e-01
6.673943529615867787e-01 6.780991690558160201e-01 6.933521526380030942e-01 6.974704953049741807e-01
6.673943529615868897e-01 6.781208896869372893e-01 6.934457690770499116e-01 6.977285194904268018e-01
6.675678410848789879e-01 6.783537815174550678e-01 6.936294013228723188e-01 6.979164003188305099e-01
6.679003599878557962e-01 6.783743524353944565e-01 6.937842285105264573e-01 6.981367447165344187e-01
6.680593907675405063e-01 6.788128530126267268e-01 6.940074677113301505e-01 6.983334651023465067e-01
6.683485376396940403e-01 6.793765022247015839e-01 6.944575467452085427e-01 6.988264690970638071e-01
6.687244285734939009e-01 6.799374661406861753e-01 6.946015720360495527e-01 6.991513285674542111e-01
6.685509404502016917e-01 6.797204424099277942e-01 6.948248112368533569e-01 6.995746956646919923e-01
6.690280327892552670e-01 6.801664869679285852e-01 6.951848744639559374e-01 7.000053452675658594e-01
6.692159782561551973e-01 6.801641180043436208e-01 6.955485383233295238e-01 7.003838385148405399e-01
6.692304355997629184e-01 6.801707201093238897e-01 6.958797964922640578e-01 7.007367354622719979e-01
6.697798146568549882e-01 6.809267751294335591e-01 6.962578628807218895e-01 7.012508456466512996e-01
6.703291937139468359e-01 6.816075179040803622e-01 6.966503317982636334e-01 7.018450248690273341e-01
6.708207433966083544e-01 6.824054233118386215e-01 6.969923918640112959e-01 7.022631357184463408e-01
6.713845797973081453e-01 6.829529966344126679e-01 6.973632569879270049e-01 7.027060364641835033e-01
6.720351602596539298e-01 6.836827167300131292e-01 6.976405056727961185e-01 7.031707103966562400e-01
6.723098497881998536e-01 6.842953860683138601e-01 6.979357575190202612e-01 7.036264359778163779e-01
6.729026008761150868e-01 6.849909630137491767e-01 6.983822359206276476e-01 7.043388356385240634e-01
6.737122121181454704e-01 6.858809150113219788e-01 6.989871421421600672e-01 7.049269694121452767e-01
6.745362807037834640e-01 6.866273987158517667e-01 6.995596426732535456e-01 7.054581051892946375e-01
