7.470832309271493443e-01 7.579080742803704362e-01 7.533206831119544367e-01 7.521590840632531583e-01
7.480807876360796582e-01 7.587708534340511513e-01 7.531694565565714150e-01 7.523510063885672228e-01
7.486879960676026124e-01 7.584561608400602895e-01 7.530902426466086208e-01 7.524887175107384252e-01
7.493964059043790593e-01 7.589496690537321788e-01 7.528237958585527467e-01 7.525583057643636664e-01
7.495843513712792117e-01 7.592150321330449758e-01 7.525789528641229076e-01 7.523466080086201879e-01
7.496421807457098740e-01 7.587388026848886913e-01 7.522440940629173678e-01 7.522043353413228051e-01
7.500180716795095126e-01 7.589500655051215627e-01 7.515491720346092475e-01 7.516781931256464322e-01
7.506541947982477980e-01 7.588848270256777218e-01 7.510234797230393999e-01 7.515064500977615136e-01
7.500180716795096236e-01 7.581486284245124718e-01 7.504725829855721786e-01 7.511945781781720344e-01
7.503939626133093732e-01 7.585210131225516017e-01 7.498352710736007065e-01 7.508184857200995710e-01
7.503505905824864319e-01 7.580213550818883927e-01 7.494680065819556702e-01 7.507435011550888104e-01
7.500469863667249548e-01 7.567678590162630892e-01 7.487370782309372697e-01 7.504679956257040985e-01
7.493964059043791703e-01 7.558946736161128443e-01 7.478549233245358474e-01 7.500185080579617747e-01
7.487891974728564382e-01 7.552717419699783719e-01 7.472608189998164452e-01 7.495903550172771102e-01
7.479506715436106123e-01 7.536857450794188784e-01 7.465118874874427934e-01 7.497294147607375114e-01
7.474157498301261526e-01 7.534046525008640804e-01 7.457557547105271301e-01 7.499447028532315596e-01
7.464326504648035598e-01 7.528725972229270980e-01 7.447331751455555926e-01 7.495036443662962400e-01
7.452760629761886468e-01 7.521864964448626845e-01 7.440346524849763554e-01 7.493992019008464123e-01
7.445965678266276422e-01 7.516218751881831306e-01 7.432101076949112484e-01 7.491438572897802795e-01
7.437146698665586531e-01 7.510337501775673497e-01 7.424539749179956960e-01 7.489978633478362458e-01
7.425942257369629873e-01 7.503261608648013059e-01 7.412765681653699090e-01 7.486708221149016573e-01
7.409966892683137463e-01 7.494222891453534707e-01 7.404898300141504741e-01 7.484398787366148831e-01
7.396376989691915149e-01 7.486607794097788204e-01 7.396238779529684670e-01 7.481213458800757277e-01
7.384232821061458285e-01 7.481151469234208484e-01 7.386625091366043616e-01 7.478371110994719295e-01
7.370787491506312072e-01 7.471778189329282283e-01 7.375895207198384096e-01 7.476158973012773101e-01
7.357342161951163639e-01 7.466918270982925154e-01 7.362500855150163614e-01 7.470397657621377085e-01
7.343463112087785793e-01 7.458967090836223779e-01 7.349754616910729732e-01 7.465915371849758397e-01
7.326981740375023699e-01 7.452046034684445264e-01 7.337260422930266257e-01 7.461552168356655468e-01
7.308620913993262302e-01 7.436977987890722730e-01 7.326746576698868196e-01 7.458851533847331572e-01
7.289537220431117071e-01 7.421054785929322994e-01 7.313748294200461686e-01 7.450576356727521832e-01
7.272911275282279986e-01 7.412556556691518583e-01 7.299201739825513791e-01 7.444099920217007726e-01
7.248044644277060744e-01 7.393929552293165841e-01 7.286383488940657571e-01 7.438787047882872150e-01
7.227659789790223943e-01 7.380797375538321603e-01 7.270396681657298465e-01 7.431261629733353358e-01
7.201202850988159820e-01 7.365949285658783818e-01 7.257254373868051722e-01 7.426117048886958782e-01
7.179372262140553129e-01 7.348924973351469436e-01 7.240187376903384209e-01 7.416882623412374143e-01
7.159999421706254585e-01 7.340311824000020913e-01 7.224056544329184870e-01 7.409550939132074632e-01
7.134699070392807041e-01 7.326101532535027605e-01 7.208501812918348683e-01 7.401150305440442612e-01
7.108964998771126753e-01 7.306199818921692568e-01 7.193343151057325358e-01 7.394305844444994946e-01
7.085254955254521869e-01 7.290979780802588905e-01 7.176348166738079071e-01 7.385248371537393997e-01
7.062123205482224719e-01 7.272428002381479129e-01 7.160577397390981425e-01 7.376767527469241248e-01
7.039714322890311404e-01 7.257125655081921867e-01 7.145562760820800552e-01 7.368254461381908982e-01
7.021787216816781640e-01 7.243076820204177313e-01 7.131304257027533122e-01 7.358876692936984210e-01
7.001546935766022051e-01 7.230138604872513586e-01 7.117261791170529373e-01 7.352144377239991924e-01
6.982174095331723507e-01 7.216119971561787416e-01 7.100266806851283086e-01 7.340579413382741780e-01
6.961789240844886706e-01 7.201943661097897076e-01 7.084892107053999410e-01 7.330354231463294123e-01
6.941693533230204327e-01 7.189646934422797564e-01 7.069841464161106259e-01 7.321650937674852866e-01
6.922176119359828572e-01 7.175759131763109755e-01 7.055042865527185736e-01 7.313406461910361145e-01
6.900634677384378524e-01 7.159803249673200032e-01 7.044348987682237384e-01 7.307681491178987798e-01
6.883285865055155384e-01 7.148030408314116624e-01 7.031422717829250990e-01 7.299677375577993121e-01
6.865358758981625620e-01 7.137282415004098102e-01 7.019216574430469091e-01 7.291370363311993064e-01
6.848299093524556902e-01 7.124193090574497678e-01 7.006794393095426843e-01 7.282187613252146807e-01
6.827769665601641780e-01 7.110654539126926021e-01 6.992895952529263326e-01 7.273542678339333101e-01
6.811143720452803585e-01 7.097739748267205551e-01 6.981409935584690363e-01 7.265180527203045635e-01
6.789891425349505738e-01 7.085553091991607655e-01 6.971400177871233117e-01 7.259701433136811488e-01
6.770807731787362727e-01 7.072353065170213782e-01 6.962254571902826150e-01 7.253771703926854553e-01
6.754615506946753944e-01 7.057876058493610660e-01 6.953649060775071167e-01 7.248855570491895550e-01
6.742905058624528714e-01 7.050200161190407488e-01 6.944647480097505543e-01 7.244129405116956910e-01
6.724544232242768427e-01 7.038574723957095047e-01 6.934673728706760576e-01 7.239465306632890673e-01
6.709653168326851214e-01 7.028971863458377545e-01 6.924339914088913917e-01 7.234015739872329265e-01
6.698954734057164240e-01 7.022245721033694155e-01 6.915698396638449985e-01 7.229521701850841753e-01
6.684352817013401449e-01 7.012258708534950813e-01 6.906912853897144711e-01 7.222737473452840451e-01
6.671919501510792383e-01 7.003990011914824620e-01 6.900647753745556834e-01 7.219438667591192571e-01
6.658474171955646170e-01 6.992400871716198951e-01 6.895174792693596899e-01 7.217380941512177017e-01
6.647197443941650352e-01 6.986769649099993096e-01 6.889413781059954278e-01 7.214176548921560350e-01
6.632450953461810350e-01 6.973677830557827306e-01 6.883472737812759146e-01 7.209801017523022049e-01
6.622764533244661633e-01 6.965813970022867174e-01 6.876955593402200861e-01 7.206037992152215521e-01
6.612210672411051871e-01 6.959929560802372572e-01 6.871662663963792328e-01 7.203203731515421815e-01
6.602379678757824832e-01 6.952719623222622936e-01 6.865109513230522875e-01 7.200102969755093341e-01
6.594861860081828731e-01 6.948918214885300149e-01 6.859960609082953464e-01 7.197415781660858602e-01
6.587488614841909840e-01 6.945200880199940974e-01 6.856431989457347775e-01 7.195965078424757522e-01
6.583006838323526289e-01 6.944340574947692746e-01 6.853623496285947692e-01 7.194000522706784917e-01
6.576356460263991233e-01 6.940247249484058356e-01 6.850382927242022468e-01 7.192146726810215718e-01
6.570862669693070535e-01 6.937471700306179212e-01 6.848330566847538048e-01 7.191591959430612135e-01
6.567103760355073039e-01 6.935000364740214751e-01 6.846530250712025145e-01 7.192936137282809339e-01
6.561754543220228442e-01 6.931443638244227934e-01 6.845053991480903877e-01 7.192866674551794404e-01
6.557561913574000423e-01 6.931051943241830493e-01 6.843325687990811090e-01 7.191497407252909202e-01
6.553947577672077918e-01 6.928164660370115246e-01 6.842821599472866945e-01 7.192019301543957077e-01
6.551200682386618679e-01 6.926094818987955648e-01 6.843145656377258579e-01 7.192805657596992308e-01
6.548887507409388853e-01 6.924810534185433797e-01 6.843937795476885411e-01 7.194310620981790860e-01
6.545417744943544669e-01 6.921332728630293918e-01 6.845053991480903877e-01 7.196809256001570620e-01
6.543827437146698678e-01 6.920597974263132945e-01 6.845918143225949715e-01 7.198420331162586061e-01
6.542670849658083210e-01 6.918263543219147493e-01 6.847214370843519582e-01 7.199473087507594071e-01
6.541225115297315540e-01 6.918214227978465303e-01 6.848942674333613478e-01 7.201909768474299423e-01
6.540646821553007806e-01 6.917573972164740015e-01 6.849662800787817973e-01 7.203700964869017564e-01
6.540502248116932815e-01 6.915513246549429560e-01 6.849662800787817973e-01 7.204348400498312710e-01
6.538622793447932402e-01 6.914508556775962322e-01 6.850706984146415213e-01 7.206844568126620221e-01
6.535875898162470943e-01 6.913050242332843265e-01 6.853299439381556057e-01 7.209683267272055662e-01
6.534430163801702163e-01 6.911970596594154692e-01 6.854019565835760552e-01 7.210840898407157029e-01
6.533562723185242227e-01 6.910581405827092016e-01 6.856431989457347775e-01 7.213489177615481918e-01
6.531972415388396236e-01 6.909285750203429943e-01 6.858880419401647277e-01 7.215433316507172679e-01
6.532839856004857282e-01 6.910472064953677718e-01 6.860248659664636151e-01 7.217260509579392913e-01
6.531394121644089612e-01 6.908583786819302297e-01 6.862661083286225594e-01 7.220310264268344769e-01
6.532406135696627869e-01 6.909078284760217237e-01 6.865613601748467021e-01 7.222879319450081770e-01
6.534141016929548851e-01 6.911352196940896420e-01 6.868350082274446988e-01 7.224999213973560819e-01
6.536598765342855888e-01 6.913902844533654779e-01 6.870366436346222461e-01 7.227585539922913860e-01
6.539056513756161815e-01 6.916310019526822339e-01 6.873931062294538208e-01 7.231131184215364716e-01
6.543682863710622577e-01 6.920924780396078280e-01 6.876883580756779635e-01 7.233627628000077747e-01
6.544839451199238045e-01 6.922484004305526906e-01 6.880628238318647893e-01 7.237345258142149351e-01
6.548742933973311642e-01 6.927364183777874329e-01 6.883796794717151890e-01 7.239971758161555249e-01
6.551056108950541468e-01 6.930650475652231357e-01 6.886425256275001683e-01 7.242530415337897765e-01
6.552646416747387459e-01 6.932924539219469384e-01 6.889557806350795621e-01 7.244965618014651554e-01
6.556694472957538267e-01 6.935222964348737307e-01 6.894166615657709718e-01 7.248924097489573004e-01
6.562043690092382864e-01 6.941369001780639536e-01 6.897875266896866808e-01 7.251876238795906815e-01
6.567103760355073039e-01 6.947105989475261811e-01 6.901295867554342323e-01 7.254290385256748630e-01
6.574332432158913608e-01 6.953523379715748076e-01 6.905976689506677646e-01 7.258765830459690260e-01
6.579537075857682105e-01 6.959246633132682991e-01 6.910153422941067713e-01 7.262998787435751558e-01
6.585898307045061628e-01 6.964782798264144148e-01 6.914618206957141577e-01 7.266085760002067850e-01
6.591392097615984547e-01 6.970184102723073760e-01 6.918506889809850069e-01 7.268946288994473370e-01
6.594572713209674308e-01 6.972831503877400250e-01 6.923079692794055218e-01 7.272674662480573815e-01
6.598620769419827337e-01 6.977696486488660366e-01 6.927652495778258146e-01 7.276601458444571513e-01
6.605126574043285181e-01 6.984125417216925369e-01 6.932765393603117499e-01 7.279869741495390567e-01
6.610909511486359191e-01 6.988884146722984525e-01 6.937842285105264573e-01 7.283563007244980847e-01
6.617126169237664834e-01 6.995599558229999015e-01 6.943387258802644624e-01 7.287756866338646056e-01
6.625800575402276404e-01 7.002719629457605510e-01 6.948680188241055378e-01 7.291751897245625225e-01
6.632306380025734249e-01 7.011104661265794569e-01 6.953757079743203562e-01 7.295575290709659377e-01
6.637655597160577736e-01 7.015988803294381793e-01 6.958221863759275205e-01 7.298575770657954598e-01
6.644305975220113902e-01 7.021735596032792071e-01 6.963298755261423389e-01 7.302466233946185437e-01
6.653414101692954885e-01 7.030555076360232025e-01 6.969095773217778289e-01 7.307351868987399524e-01
6.664257109398719070e-01 7.039819442140853312e-01 6.973812601492822560e-01 7.311330581850493671e-01
6.669461753097485346e-01 7.043480926707670342e-01 6.979717638417305414e-01 7.314942767955604497e-01
6.678714453006405760e-01 7.051723367086297767e-01 6.985982738568893291e-01 7.320772987366598317e-01
6.687822579479245633e-01 7.059269616850184503e-01 6.991815762847956028e-01 7.325111599669363871e-01
6.696786132516011625e-01 7.066709170604407175e-01 6.996874651188748073e-01 7.328810512384600351e-01
6.704448524628084938e-01 7.074030574833920504e-01 7.004165931537577050e-01 7.333349208842827593e-01
6.709942315199004526e-01 7.078534203391210200e-01 7.010106974784771072e-01 7.337071040596941929e-01
6.717749280747156160e-01 7.085345114886251183e-01 7.016678128679395554e-01 7.342001886922977505e-01
6.726134540039613308e-01 7.092019597112522167e-01 7.022817206701497117e-01 7.346119154978880683e-01
6.733507785279532198e-01 7.099334456752683931e-01 7.030090483888971065e-01 7.351446695992551739e-01
6.742471338316295970e-01 7.106655680650905138e-01 7.036895678881212035e-01 7.357418509086504077e-01
6.750422877300524815e-01 7.116704945311614905e-01 7.043268798000927866e-01 7.362868352415113948e-01
6.758085269412597018e-01 7.123101491771477445e-01 7.048741759052890021e-01 7.367168703650808226e-01
6.766904249013285799e-01 7.129850678002647157e-01 7.054304735911625102e-01 7.370768584098433829e-01
6.775289508305745168e-01 7.136436755036439372e-01 7.059975731738492577e-01 7.374577645589472930e-01
6.783385620726049003e-01 7.143337417611745899e-01 7.066924952021576001e-01 7.380512864886795699e-01
6.790325145657736261e-01 7.150296239062046144e-01 7.076250589603534369e-01 7.387413819843875462e-01
6.798854978386271730e-01 7.160930177570594690e-01 7.082731727691382595e-01 7.392761337691767798e-01
6.812444881377496264e-01 7.171409413859861637e-01 7.090869156623903491e-01 7.398913228021839483e-01
6.823432462519336550e-01 7.183487927783293037e-01 7.098718534974740590e-01 7.404533809793329979e-01
6.835287484277638992e-01 7.193699986513201194e-01 7.108260210492962639e-01 7.411592288050372623e-01
6.849455681013172370e-01 7.204073002232049827e-01 7.116577671039033826e-01 7.418310611397486154e-01
6.858419234049935032e-01 7.209948449665080084e-01 7.126803466688750310e-01 7.426712536153110555e-01
6.870563402680391896e-01 7.220475994121243746e-01 7.135805047366319265e-01 7.433709577200365848e-01
6.882852144746924861e-01 7.231483042975738185e-01 7.144878640689305005e-01 7.440803016609067733e-01
6.896152900865994972e-01 7.243316733604006075e-01 7.155356480597991897e-01 7.448870127950243392e-01
6.909598230421143406e-01 7.252850350645123623e-01 7.164070010693877055e-01 7.455566687332814135e-01
6.921308678743367526e-01 7.261033320279994818e-01 7.175051939120510314e-01 7.464325631536206096e-01
6.934031141118132124e-01 7.271207385423528180e-01 7.185925848579011177e-01 7.472394233852694967e-01
6.947621044109355548e-01 7.284614055282627731e-01 7.195827587324333807e-01 7.479818790353010005e-01
6.961210947100580082e-01 7.301605672983600970e-01 7.205405269165265914e-01 7.486897850750081629e-01
6.973499689167111937e-01 7.311595117771765295e-01 7.214766913069935450e-01 7.494743637716450024e-01
6.985933004669722113e-01 7.320026983590814940e-01 7.224920696074230708e-01 7.503367552280137964e-01
6.997498879555871243e-01 7.330847763206642664e-01 7.236298694050675717e-01 7.511853183934091849e-01
7.012679090343940658e-01 7.340264431709655479e-01 7.247856723640671017e-01 7.521557271597784089e-01
7.028148448004164495e-01 7.352739915242724189e-01 7.258694626776460712e-01 7.529344169619472948e-01
7.043617805664387221e-01 7.364892481754390374e-01 7.269748567848514087e-01 7.537261529161408680e-01
7.060822044557532040e-01 7.379818367206730789e-01 7.282890875637761940e-01 7.547716093203127308e-01
7.076002255345601455e-01 7.392011941436364975e-01 7.296393246654112597e-01 7.557299180319909659e-01
7.096676256704592678e-01 7.409754777537074233e-01 7.308635396375603444e-01 7.567002144352640292e-01
7.113735922161661396e-01 7.425346521494866625e-01 7.321057577710645692e-01 7.577158266057517633e-01
7.130940161054808435e-01 7.440715041849040867e-01 7.335028030922230435e-01 7.588777476410111245e-01
7.148144399947954364e-01 7.456920208911803627e-01 7.349070496779234185e-01 7.599835548346431935e-01
7.167661813818329009e-01 7.473870679416669827e-01 7.363761076445023424e-01 7.611598889093835751e-01
7.190359843282395635e-01 7.495096406204229122e-01 7.379063763596886982e-01 7.623180175193049468e-01
7.208865243100233133e-01 7.510316414609511382e-01 7.396166766884264554e-01 7.637225048831570717e-01
7.226069481993380172e-01 7.524578751422124068e-01 7.409273068350802349e-01 7.649575719498766802e-01
7.242117133397909523e-01 7.536302307094485675e-01 7.423963648016591588e-01 7.660568062590171756e-01
7.261345400396131966e-01 7.556125499919457145e-01 7.437970107550885279e-01 7.670912562984200100e-01
7.281874828319044868e-01 7.574780166253255453e-01 7.451688516503498505e-01 7.681888380145817097e-01
7.300958521881190100e-01 7.590332723525915481e-01 7.467063216300782180e-01 7.694107194058728005e-01
7.321777096676256313e-01 7.608531782533185517e-01 7.481573764353020017e-01 7.706117155438763078e-01
7.341728230854862591e-01 7.625781514791303284e-01 7.497740603249931635e-01 7.719845768455102508e-01
7.362691379086006016e-01 7.643432625502506461e-01 7.513007284079085135e-01 7.732575289146546016e-01
7.385678555422225955e-01 7.659386577682155695e-01 7.528129939617396182e-01 7.744613068658857680e-01
7.409677745810985261e-01 7.679199293795732073e-01 7.543936715287203887e-01 7.757598171824453548e-01
7.426737411268052869e-01 7.696158748738529676e-01 7.559059370825517155e-01 7.769288132116092260e-01
7.445676531394122000e-01 7.708607300282441788e-01 7.572453722873735416e-01 7.777668913049267108e-01
7.465049371828421654e-01 7.723512469815810855e-01 7.585560024340274321e-01 7.787815581599353276e-01
7.483988491954487454e-01 7.735433107735485425e-01 7.599818528133539530e-01 7.798832384087437397e-01
7.501192730847634493e-01 7.751196722996153143e-01 7.612492753727553296e-01 7.806934987741684928e-01
7.520131850973701404e-01 7.766047238017673715e-01 7.624518865512783794e-01 7.816221279966473201e-01
7.539649264844076049e-01 7.782396492108052399e-01 7.637697179624741706e-01 7.826051952801448275e-01
7.558877531842298492e-01 7.797853248018230543e-01 7.650443417864176698e-01 7.835407429890521858e-01
7.572901155141754659e-01 7.806075862114415509e-01 7.665242016498096111e-01 7.846520383872630511e-01
7.591695701831745469e-01 7.819527591444082049e-01 7.678060267382953441e-01 7.855589122555095560e-01
7.609044514160968609e-01 7.832943538589096644e-01 7.689690309618368858e-01 7.864917303362722878e-01
7.621911549971809308e-01 7.842736535638819007e-01 7.704056832379766462e-01 7.875467268484201977e-01
7.643886712255489879e-01 7.859745504760522472e-01 7.713562501575276231e-01 7.881880170467373548e-01
7.658922349607482083e-01 7.869616485327155520e-01 7.724688455292749723e-01 7.890034000567980321e-01
7.677283175989242370e-01 7.886566263613804528e-01 7.737074630305083023e-01 7.898938543201372564e-01
7.693764547702004464e-01 7.899633333028803772e-01 7.747912533440871607e-01 7.907659135775797488e-01
7.709667625670459934e-01 7.911959829405910138e-01 7.758390373349560720e-01 7.915603131459530983e-01
7.726727291127528652e-01 7.924909374658154482e-01 7.770488497780210224e-01 7.926169881055203925e-01
7.743642383148519048e-01 7.935373635851619145e-01 7.781002344011608285e-01 7.932244242516959254e-01
7.758967167372667895e-01 7.944211396077480725e-01 7.791948266115530375e-01 7.941414767897392313e-01
7.775303965649350557e-01 7.957623734099729118e-01 7.801381922665621138e-01 7.948180262358899295e-01
7.790050456129189449e-01 7.971362132101925679e-01 7.811895768897019199e-01 7.956643922760937571e-01
7.798724862293802129e-01 7.977075500622611282e-01 7.819781153570566357e-01 7.961233872631990893e-01
7.813471352773641021e-01 7.988984042537736752e-01 7.830114968188414126e-01 7.968498327774345968e-01
7.828506990125635445e-01 8.002162993424204451e-01 7.838396422411775255e-01 7.973734117939696997e-01
7.841663172808627236e-01 8.008842247899070621e-01 7.846425832376164866e-01 7.979921091550642442e-01
7.851638739897930375e-01 8.016842102900277878e-01 7.854131185436162843e-01 7.986311593694113142e-01
7.863782908528387239e-01 8.024940467050667436e-01 7.861386459462281762e-01 7.991223337078714462e-01
7.875204209978459158e-01 8.029395920522842678e-01 7.869505885233446518e-01 7.997490526430193203e-01
7.884601483323453452e-01 8.038639933993858566e-01 7.873394568086155010e-01 8.000081015688729202e-01
7.897179372262139729e-01 8.045440039593909631e-01 7.880199763078397091e-01 8.005223575494950783e-01
7.909178967456519382e-01 8.051133778217784975e-01 7.888409204656336993e-01 8.012142783820470626e-01
7.920744842342668512e-01 8.058932291037579354e-01 7.894206222612689672e-01 8.015162127560877536e-01
7.933322731281353679e-01 8.063887627085541965e-01 7.900075253214463578e-01 8.018574250532026770e-01
7.944599459295349497e-01 8.068666959291451724e-01 7.905404188975584390e-01 8.020426063196122168e-01
7.954864173256805948e-01 8.075716389568189379e-01 7.911633282804459988e-01 8.024133129736675807e-01
7.966574621579032289e-01 8.083669393218528842e-01 7.918402471473990900e-01 8.029697431004625408e-01
7.979007937081641355e-01 8.090380385783830786e-01 7.925963799243147534e-01 8.032962193257900951e-01
7.991874972892482054e-01 8.100329778550188209e-01 7.933777171271274575e-01 8.036607045899681889e-01
8.005754022755859900e-01 8.108653259587651485e-01 7.941482524331273662e-01 8.041432910385875044e-01
8.022669114776849186e-01 8.124862163808956872e-01 7.949655959586504617e-01 8.048152340991407971e-01
8.034957856843383261e-01 8.130744367196696132e-01 7.957793388519024402e-01 8.053298486650039001e-01
8.051294655120069255e-01 8.143546725325119251e-01 7.964022482347900000e-01 8.055073392433510504e-01
8.057077592563142154e-01 8.145527628636060058e-01 7.968919342236496783e-01 8.056188561851264085e-01
8.066619439344215881e-01 8.152313079018427278e-01 7.972483968184813641e-01 8.056001588615286924e-01
8.079486475155055469e-01 8.160061179603016468e-01 7.978208973495745093e-01 8.060308845463977079e-01
8.089751189116511920e-01 8.166201178419936202e-01 7.985122187456117349e-01 8.062624078622081525e-01
8.102907371799504821e-01 8.174897477021615400e-01 7.992287445675461122e-01 8.068712734070692116e-01
8.111870924836270813e-01 8.179998408272065591e-01 7.997652387759289772e-01 8.072624240818532249e-01
8.123436799722419943e-01 8.184262759174876223e-01 8.004889658624054771e-01 8.078793001066192359e-01
8.133846087119953605e-01 8.189388953105352087e-01 8.010542651289567218e-01 8.083008732729968226e-01
8.140641038615564762e-01 8.188571693823512021e-01 8.016051618664237211e-01 8.086970612269175351e-01
8.152206913501712782e-01 8.197417880331815399e-01 8.023216876883580984e-01 8.090843917846766153e-01
8.160736746230248251e-01 8.203246978222877850e-01 8.029914052907689559e-01 8.096118626904054150e-01
8.172013474244241849e-01 8.213064234192178903e-01 8.039131671521519973e-01 8.100384400779527816e-01
8.184157642874697602e-01 8.222846764268700870e-01 8.046620986645255380e-01 8.105383781310273594e-01
8.195868091196925054e-01 8.234743429082567179e-01 8.053462187960205299e-01 8.110172612570756279e-01
8.207144819210918651e-01 8.241023952577886114e-01 8.058791123721325000e-01 8.112112837089948680e-01
8.213216903526145973e-01 8.244091688974646281e-01 8.062823831864875945e-01 8.113236598257352883e-01
8.224059911231911268e-01 8.250230009264063469e-01 8.066046397747443919e-01 8.113468246153516805e-01
8.230565715855369113e-01 8.253186466491275741e-01 8.066460470458611809e-01 8.112583247798532682e-01
8.231144009599675737e-01 8.250471109032804229e-01 8.066424464135901751e-01 8.109966409807275456e-01
8.230565715855370224e-01 8.248931806675807721e-01 8.066172419876931343e-01 8.107115189825300217e-01
8.228252540878139287e-01 8.245795416970826963e-01 8.063507951996371492e-01 8.101513267610341851e-01
8.227240526825601030e-01 8.240988932980000126e-01 8.062319743346930689e-01 8.097623522769166193e-01
8.229119981494601443e-01 8.239995211959714183e-01 8.063327920382818981e-01 8.094836970728233050e-01
8.232300597088290095e-01 8.241067786231628389e-01 8.065776350327117372e-01 8.096571242426473525e-01
8.237794387659211903e-01 8.244805581141764206e-01 8.068440818207677223e-01 8.098345309422740890e-01
8.238372681403518527e-01 8.244420834754260241e-01 8.070205128020478957e-01 8.097379122717600630e-01
8.243866471974439225e-01 8.246732788603938769e-01 8.070781229183844330e-01 8.096228782675207736e-01
8.249938556289666547e-01 8.250304424680372506e-01 8.076614253462908177e-01 8.099007009165908322e-01
8.252974598447282428e-01 8.249545788591881035e-01 8.081295075415243501e-01 8.101243039119095934e-01
8.259914123378969686e-01 8.255482302226938573e-01 8.087200112339727465e-01 8.103798657438017194e-01
8.266564501438505852e-01 8.258722191211318453e-01 8.091736909001220335e-01 8.104595438783499528e-01
8.272058292009426550e-01 8.261815162156465053e-01 8.097929996507386985e-01 8.108378880151493329e-01
8.280588124737960909e-01 8.271505366843646678e-01 8.105095254726730758e-01 8.112709543103565624e-01
8.292153999624108929e-01 8.280190670846115930e-01 8.113124664691119259e-01 8.117258570809446905e-01
8.301695846405181545e-01 8.287576708297867967e-01 8.121226087300928986e-01 8.123086434797007760e-01
8.312249707238791308e-01 8.298446268243977464e-01 8.133324211731580711e-01 8.132079063527655194e-01
8.324972169613555906e-01 8.311556658800998143e-01 8.146466519520827454e-01 8.141459084185455053e-01
8.335670603883242880e-01 8.319935878285364961e-01 8.157016372074935573e-01 8.148553402077489682e-01
8.343766716303547826e-01 8.321987340312539949e-01 8.163533516485494967e-01 8.151801738171259304e-01
8.355910884934002469e-01 8.331878021655851896e-01 8.169474559732688990e-01 8.154057482229701836e-01
8.359525220835924975e-01 8.333063420423397760e-01 8.174803495493809802e-01 8.157516345720678963e-01
8.363573277046075782e-01 8.334927086948932251e-01 8.179880386995956876e-01 8.159558147955138230e-01
8.368633347308764847e-01 8.336555279629875859e-01 8.185317341725206752e-01 8.163971998865507951e-01
8.371958536338532930e-01 8.337938864112981463e-01 8.190034170000253244e-01 8.167746787829428534e-01
8.371524816030302407e-01 8.334765828311443414e-01 8.193418764335017590e-01 8.169777049983758532e-01
8.373837991007532233e-01 8.337821978391546374e-01 8.199107763323240095e-01 8.172862151973043776e-01
8.379331781578452931e-01 8.343447703105180135e-01 8.205768933024639722e-01 8.177684536836293816e-01
8.381066662811376133e-01 8.342400416972051147e-01 8.211133875108469482e-01 8.181116780034815017e-01
8.384247278405065895e-01 8.344716780394608735e-01 8.216066741319776323e-01 8.184195739811112036e-01
8.382367823736066592e-01 8.342750125371367620e-01 8.217398975260055138e-01 8.183550656445096605e-01
8.379765501886683454e-01 8.338040998073483756e-01 8.220963601208371996e-01 8.185890061133753726e-01
8.377886047217684151e-01 8.336049651676277206e-01 8.221755740307997717e-01 8.184668953006506431e-01
8.374994578496147701e-01 8.331972533423132043e-01 8.221503696049026200e-01 8.182752042848002727e-01
8.377596900345530839e-01 8.334254377974579242e-01 8.224132157606875992e-01 8.182153458191188111e-01
8.377163180037300316e-01 8.331981383507280903e-01 8.229353074399863299e-01 8.186439156307091514e-01
8.376151165984762059e-01 8.330296334405955516e-01 8.232197573893975662e-01 8.187692856897585969e-01
8.377018606601223105e-01 8.331609716228571827e-01 8.240587047085468075e-01 8.194282990567898217e-01
8.377307753473376417e-01 8.330404268052138406e-01 8.249876678344717496e-01 8.202532319653897952e-01
8.381789529991758858e-01 8.335366504311116920e-01 8.257618037727425531e-01 8.207716254360677421e-01
8.389885642412062694e-01 8.343799711462360769e-01 8.268599966154057679e-01 8.217270895009241016e-01
8.394511992366522346e-01 8.348856124999448625e-01 8.277529534186203186e-01 8.222547320087889577e-01
8.402029811042519558e-01 8.352891758976300762e-01 8.285522937827882739e-01 8.229218760635692576e-01
8.410993364079284440e-01 8.357628491826014638e-01 8.298377195035449017e-01 8.239668212903075162e-01
8.414318553109052523e-01 8.360658548110908583e-01 8.308963053912267194e-01 8.245323550527320355e-01
8.422414665529355249e-01 8.367173472913526089e-01 8.321097184665626756e-01 8.256401498230458991e-01
8.427763882664198736e-01 8.372413471886194225e-01 8.332691220578334335e-01 8.264140781007871528e-01
8.426896442047737690e-01 8.369330296545642867e-01 8.338020156339454036e-01 8.267801678389266051e-01
8.426607295175585488e-01 8.364693778512251043e-01 8.344393275459169868e-01 8.272003461211855369e-01
8.427474735792045424e-01 8.362801383822090484e-01 8.351702558969356094e-01 8.277323672036711599e-01
8.428053029536353158e-01 8.364450015444493403e-01 8.356851463116924394e-01 8.279562248919256628e-01
8.428197602972430369e-01 8.365181753394204112e-01 8.361460272423837381e-01 8.282872140065543620e-01
8.424149546762278451e-01 8.358362559271859116e-01 8.364664835145051436e-01 8.284269750644039920e-01
8.424004973326202350e-01 8.356396996668865595e-01 8.366069081730752588e-01 8.284278942594855977e-01
8.418944903063511065e-01 8.348811391791577385e-01 8.369669714001779504e-01 8.285339553807573587e-01
8.418077462447050019e-01 8.348336766652124652e-01 8.373450377886356710e-01 8.287964114199815047e-01
8.417932889010973918e-01 8.344648286596364484e-01 8.374746605503926578e-01 8.288760789713569554e-01
8.416776301522358450e-01 8.342614902834262214e-01 8.377375067061775260e-01 8.289235662714476982e-01
8.413740259364744789e-01 8.339147011623743166e-01 8.378455256743084778e-01 8.289655236080711864e-01
8.410415070334976706e-01 8.335493712723076598e-01 8.380075541265046279e-01 8.289352204470618046e-01
8.411282510951436642e-01 8.335669866370194470e-01 8.382055889014111694e-01 8.290114935066433821e-01
8.411137937515360541e-01 8.333064374618521786e-01 8.384288281022147515e-01 8.290877690193384497e-01
8.409403056282439559e-01 8.332151008914883139e-01 8.386952748902707366e-01 8.291913672346157282e-01
8.412872818748282633e-01 8.332082428373455141e-01 8.390985457046257201e-01 8.294724682975853636e-01
