6.789891425349505738e-01 7.390048626218311822e-01 6.944179397902271456e-01 7.180436868389998839e-01
7.819688010524945554e-01 7.927326171182439429e-01 7.816504578203932185e-01 7.831489128072182115e-01
7.556998077173301409e-01 7.864442142066959684e-01 7.510414828843943180e-01 7.625410198940972828e-01
8.083389957929130176e-01 8.358041528528147301e-01 7.990847192767049911e-01 8.063597064926231184e-01
8.401306943862134613e-01 8.475417586000723036e-01 8.166702072883997854e-01 8.103993369033222205e-01
8.515664531798927683e-01 8.472774114246736099e-01 8.333375340709828771e-01 8.260141188794649647e-01
8.557879975133368955e-01 8.477214315024863556e-01 8.490362907726597408e-01 8.415045001570702343e-01
8.630744986916104589e-01 8.539340937716161095e-01 8.589236269888993469e-01 8.521047688931163711e-01
8.757391316919428403e-01 8.690066691029487700e-01 8.699271592091570859e-01 8.665947475016824164e-01
8.859604736225765720e-01 8.829587278340051970e-01 8.790439601193970054e-01 8.794303831815674100e-01
8.904133354537436817e-01 8.882221494765034642e-01 8.852586514191892464e-01 8.863928229713334828e-01
8.935505790166113904e-01 8.927921397142740689e-01 8.896586240543840063e-01 8.909421515021352933e-01
8.951842588442798787e-01 8.961589590719279963e-01 8.916893806552430579e-01 8.930792376283408496e-01
8.980757275658171057e-01 9.015400810301484880e-01 8.934860961584855099e-01 8.950179788122645252e-01
9.011406844106464309e-01 9.048896471899291472e-01 8.945194776202700648e-01 8.960026974083219464e-01
9.021671558067920760e-01 9.061971448167980281e-01 8.944330624457655921e-01 8.959211331775143172e-01
9.036996342292067386e-01 9.075374037111276770e-01 8.943250434776346403e-01 8.958366077215255130e-01
9.048851364050368717e-01 9.085005057377955051e-01 8.947499180856158807e-01 8.966520249089685590e-01
9.064320721710592554e-01 9.101296202723347939e-01 8.952180002808493020e-01 8.974427706357507306e-01
9.074730009108126216e-01 9.115970276713084575e-01 8.958949191478023932e-01 8.984340671509615239e-01
9.079790079370816391e-01 9.121551558246986380e-01 8.969066968159609132e-01 8.997117498435899252e-01
9.078778065318279245e-01 9.124206095336708788e-01 8.983541509889135801e-01 9.013479252414724474e-01
9.075163729416356739e-01 9.121251076634213639e-01 8.997097890389551544e-01 9.026516682505469902e-01
9.086151310558197025e-01 9.128886143328647229e-01 9.014362922129125488e-01 9.044065958721704268e-01
9.111307088435571799e-01 9.155938726737177236e-01 9.040827569321173707e-01 9.075235167508001188e-01
9.127933033584408884e-01 9.178663206654944506e-01 9.063655577919482731e-01 9.099531592926188850e-01
9.129089621073024352e-01 9.175288324049306610e-01 9.076401816158917724e-01 9.114512487302757204e-01
9.126776446095795636e-01 9.176123357858313456e-01 9.083675093346391671e-01 9.124520372671562907e-01
9.123451257066026443e-01 9.174875343530771721e-01 9.088715978525830907e-01 9.128649982633951776e-01
9.128366753892639407e-01 9.189401202871601004e-01 9.097429508621713845e-01 9.139327032763810976e-01
9.139788055342711326e-01 9.210785826604308557e-01 9.109095557179839320e-01 9.156226405812319946e-01
9.159594616085241503e-01 9.231740597642038582e-01 9.116908929207968582e-01 9.168166098014250975e-01
9.178533736211308414e-01 9.253636827324511760e-01 9.121049656319648591e-01 9.172075603967385637e-01
9.184894967398690158e-01 9.259990697551063743e-01 9.126270573112638118e-01 9.176919452496749008e-01
9.196027121976607654e-01 9.275343575158104814e-01 9.130015230674506377e-01 9.183207980439106466e-01
9.201520912547528352e-01 9.284288958680306791e-01 9.136784419344037289e-01 9.191310789995609243e-01
9.211785626508984803e-01 9.299791139933475392e-01 9.148666505838425334e-01 9.204953041278228776e-01
9.223929795139441667e-01 9.312708577981418934e-01 9.159000320456271993e-01 9.216188692732774079e-01
9.233327068484437072e-01 9.320942100789539886e-01 9.165985547062064365e-01 9.222605108322449174e-01
9.237953418438896724e-01 9.322658545893669491e-01 9.170234293141874549e-01 9.225647694553167355e-01
9.237519698130665091e-01 9.318713838582466380e-01 9.173474862185798662e-01 9.225271412809161742e-01
9.239254579363587183e-01 9.313561414891974310e-01 9.178407728397106613e-01 9.228127364443793335e-01
9.239688299671817706e-01 9.310660302866116123e-01 9.182368423895235221e-01 9.231874809535683957e-01
9.245182090242738404e-01 9.315214203600516996e-01 9.184636822225982211e-01 9.234802934325632151e-01
9.242724341829432477e-01 9.312064147070429065e-01 9.189101606242056075e-01 9.240814023893018092e-01
9.242579768393356376e-01 9.310237387855854196e-01 9.192954282772053398e-01 9.244932723423301413e-01
9.240266593416126550e-01 9.309853408485830872e-01 9.194898624198408754e-01 9.248767059938004520e-01
9.237230551258512889e-01 9.307259767021494046e-01 9.194862617875698696e-01 9.250961018017578308e-01
9.238242565311050036e-01 9.309495230060413906e-01 9.192846263803924334e-01 9.251120834811459304e-01
9.235061949717359164e-01 9.307548014159898742e-01 9.192810257481214276e-01 9.254839222148679712e-01
9.238097991874971715e-01 9.314057100633442721e-01 9.192810257481214276e-01 9.257160175402983082e-01
9.235061949717358054e-01 9.314634966650157111e-01 9.195546738007195353e-01 9.263270581425877559e-01
9.235495670025590798e-01 9.318201771815919354e-01 9.196626927688502651e-01 9.268848698550433696e-01
9.238242565311050036e-01 9.323462749133526462e-01 9.194034472453362916e-01 9.270120811383590897e-01
9.243158062137664110e-01 9.328215132268844467e-01 9.191874093090746101e-01 9.272374180314866265e-01
9.244314649626278468e-01 9.331170721929404888e-01 9.192954282772054508e-01 9.275850533030068901e-01
9.248073558964277074e-01 9.336559885228559175e-01 9.193314345999157311e-01 9.276965573106039642e-01
9.249085573016814221e-01 9.342219488146595863e-01 9.192234156317850013e-01 9.277147784254097251e-01
9.251109601121889625e-01 9.345823175353198398e-01 9.191261985604672891e-01 9.278769656622966044e-01
9.253278202663043350e-01 9.350139775650949669e-01 9.191045947668410321e-01 9.280303919160212134e-01
9.259928580722578406e-01 9.357361356207749559e-01 9.189965757987103023e-01 9.280692057042603249e-01
9.266868105654268994e-01 9.363652353841701581e-01 9.188021416560747667e-01 9.279217098064183045e-01
9.272795616533419105e-01 9.370384786872153482e-01 9.187949403915327551e-01 9.278531659296735956e-01
9.275397938382801133e-01 9.371909019847628475e-01 9.187085252170281713e-01 9.277499059993031816e-01
9.277132819615724335e-01 9.371630901412342229e-01 9.185284936034767700e-01 9.276196041356038480e-01
9.278867700848646427e-01 9.372852106502923553e-01 9.183880689449067658e-01 9.274614290166560693e-01
9.282482036750567822e-01 9.375292494025141421e-01 9.182332417572525163e-01 9.272836984429472240e-01
9.283494050803106079e-01 9.375672465841469183e-01 9.180784145695983778e-01 9.270190591137232872e-01
9.285518078908181483e-01 9.374991596528541304e-01 9.179199867496732335e-01 9.267608228616772692e-01
9.287252960141103575e-01 9.375442876363111466e-01 9.176103323743649565e-01 9.263075694634111956e-01
9.289566135118332291e-01 9.376440453563104072e-01 9.174915115094209872e-01 9.261139046042980993e-01
9.291301016351255493e-01 9.377699399993989493e-01 9.172826748377014283e-01 9.257850640535809639e-01
9.295204499125331310e-01 9.379314036507665486e-01 9.170342312110006944e-01 9.255015810951628952e-01
9.297806820974713338e-01 9.381887549155517592e-01 9.171350489145894125e-01 9.254806537924555876e-01
9.301276583440557522e-01 9.384963554944768527e-01 9.169874229914773966e-01 9.253839920137197916e-01
9.302577744365250201e-01 9.386206008324861072e-01 9.170198286819166711e-01 9.254157476108146874e-01
9.303011464673480724e-01 9.386864163029043917e-01 9.169478160364961106e-01 9.253392487807664546e-01
9.304312625598173403e-01 9.386998627753805335e-01 9.170810394305238811e-01 9.253830840863399576e-01
9.307493241191863165e-01 9.388779545051799680e-01 9.171422501791313131e-01 9.253924470975114502e-01
9.308505255244401422e-01 9.389910781386552330e-01 9.170378318432717002e-01 9.252798613630448532e-01
9.310818430221631248e-01 9.393605461709766402e-01 9.170810394305239921e-01 9.253557689415536913e-01
9.310240136477323514e-01 9.393319478970442171e-01 9.172052612438743591e-01 9.255195315761981512e-01
9.311830444274169505e-01 9.394645728620673042e-01 9.173834925412902574e-01 9.257070547581861542e-01
9.313565325507090487e-01 9.395969546054089294e-01 9.175383197289443959e-01 9.259745966261020422e-01
9.310963003657707349e-01 9.393798107504420791e-01 9.176679424907012717e-01 9.262100909049537645e-01
9.309517269296939679e-01 9.391618275409746586e-01 9.178191690460844043e-01 9.264240287326398482e-01
9.311541297402015083e-01 9.391958803322669747e-01 9.179163861174022276e-01 9.265337973234047952e-01
9.311107577093785670e-01 9.391321561581640331e-01 9.179523924401125079e-01 9.266262999834627978e-01
9.311830444274169505e-01 9.392369639404707371e-01 9.180244050855330684e-01 9.267814099457222232e-01
9.312408738018476129e-01 9.393385539958297725e-01 9.180892164664115063e-01 9.269123328259110117e-01
9.313709898943167698e-01 9.395282255371585345e-01 9.182260404927106157e-01 9.271299144371090151e-01
9.312987031762784973e-01 9.395211333782971241e-01 9.184456790612431920e-01 9.273890977434664507e-01
9.313999045815322120e-01 9.395520365428475795e-01 9.184708834871402328e-01 9.274030015107883607e-01
9.311541297402015083e-01 9.393886099246261390e-01 9.185320942357477758e-01 9.275163524201163190e-01
9.310529283349476826e-01 9.393674407090979450e-01 9.185464967648317991e-01 9.275490208307067830e-01
9.307493241191862055e-01 9.392615614605619445e-01 9.185176917066637525e-01 9.275218364101546209e-01
9.302577744365250201e-01 9.390192516425539537e-01 9.184096727385329118e-01 9.275311636216365674e-01
9.301854877184865256e-01 9.390767647830026155e-01 9.183448613576543629e-01 9.275626771508534985e-01
9.300987436568406430e-01 9.391241457067968090e-01 9.183556632544674914e-01 9.276942421594770449e-01
9.297662247538638347e-01 9.389809867606835336e-01 9.182656474476917907e-01 9.276061654497791409e-01
9.296650233486100090e-01 9.389374869421135417e-01 9.181864335377292186e-01 9.275996285876001446e-01
9.294481631944947475e-01 9.388392072327660376e-01 9.181396253182058098e-01 9.275884025193680271e-01
9.291445589787332704e-01 9.387514039017605949e-01 9.179703956014675370e-01 9.275164815712683142e-01
9.291011869479102181e-01 9.388432808030031662e-01 9.178767791624209416e-01 9.274548260541940481e-01
9.285662652344258694e-01 9.385396076368491824e-01 9.176751437552433943e-01 9.272853090170986023e-01
9.283494050803106079e-01 9.384854449990440717e-01 9.174339013930846720e-01 9.271562117124143576e-01
9.280024288337260785e-01 9.382306670000855053e-01 9.173006779990566795e-01 9.271926355769000150e-01
9.274675071202417298e-01 9.378813090007723785e-01 9.170666369014397468e-01 9.270901553739382406e-01
9.272651043097340784e-01 9.378395247677348001e-01 9.169082090815147135e-01 9.270760377396942697e-01
9.272217322789111371e-01 9.378407060881521762e-01 9.167353787325054348e-01 9.271027418202704151e-01
9.270627014992264270e-01 9.378210063145523412e-01 9.165121395317017416e-01 9.270592744177419409e-01
9.268169266578958343e-01 9.376484451596853731e-01 9.162564946404587740e-01 9.269665941844988932e-01
9.264699504113114159e-01 9.375137247736760049e-01 9.160512586010103320e-01 9.269314490451668886e-01
9.263976636932729214e-01 9.374701847522437514e-01 9.159792459555897715e-01 9.269321135754501340e-01
9.263398343188422590e-01 9.374473051197230733e-01 9.158244187679356330e-01 9.269468427554397039e-01
9.261374315083344966e-01 9.372899102999550092e-01 9.157452048579729498e-01 9.270309578405773188e-01
9.261518888519423287e-01 9.373092813436744164e-01 9.156911953739076404e-01 9.270903895374899006e-01
9.259350286978270672e-01 9.372359080415731958e-01 9.156083808316741735e-01 9.271484633271847020e-01
9.259205713542193461e-01 9.372263012957585682e-01 9.154895599667302042e-01 9.271633609322783576e-01
9.259061140106117360e-01 9.371513648707688882e-01 9.154427517472067954e-01 9.271763384197293512e-01
9.258049126053577993e-01 9.370329647903919978e-01 9.153239308822629372e-01 9.271911716830196770e-01
9.256892538564964745e-01 9.369500130887337130e-01 9.152519182368423767e-01 9.271800770255029800e-01
9.256747965128887534e-01 9.369254418918383509e-01 9.152771226627394174e-01 9.273056286990695174e-01
9.258627419797886837e-01 9.370165979265815404e-01 9.151330973718985184e-01 9.273416369061036058e-01
9.259205713542193461e-01 9.370349083736334572e-01 9.151438992687116469e-01 9.274061331175059708e-01
9.258771993233962938e-01 9.369443777962208619e-01 9.150610847264779579e-01 9.274220379669794179e-01
9.260940594775115553e-01 9.371215968860855394e-01 9.149782701842442689e-01 9.274411377158594538e-01
9.262097182263732131e-01 9.371962282651167264e-01 9.149026569065528136e-01 9.274397133956919781e-01
9.263687490060577012e-01 9.373566308566297911e-01 9.148558486870292938e-01 9.274433953939146269e-01
9.263542916624498691e-01 9.373124878612579813e-01 9.147586316157116926e-01 9.274078288682752191e-01
9.263832063496653113e-01 9.372621840776431679e-01 9.146866189702911321e-01 9.274277654505722612e-01
9.265422371293497994e-01 9.373031411664349832e-01 9.145317917826371046e-01 9.273873147601876532e-01
9.268313840015035554e-01 9.374340856570572145e-01 9.144093702854220185e-01 9.273283460632321118e-01
9.270627014992265380e-01 9.375535338941227703e-01 9.142401405686837457e-01 9.272473659295625836e-01
9.271928175916956949e-01 9.376046831735967979e-01 9.141285209682821211e-01 9.272250709779080724e-01
9.272940189969494096e-01 9.375832188899393405e-01 9.141105178069270920e-01 9.271813537192816757e-01
9.274819644638494509e-01 9.375505470446472422e-01 9.140241026324222862e-01 9.271622286424638926e-01
9.275108791510647821e-01 9.374322398322179062e-01 9.139484893547307198e-01 9.271786066948207727e-01
9.275831658691031656e-01 9.374192807129118066e-01 9.139196842965623402e-01 9.271757666897115779e-01
9.279156847720800849e-01 9.376063756611117128e-01 9.138080646961606046e-01 9.271165123349163206e-01
9.281903743006260088e-01 9.376204179256041327e-01 9.137468539475530616e-01 9.271211855469673191e-01
9.284506064855643226e-01 9.377178831023875727e-01 9.136676400375904894e-01 9.270672773953871904e-01
9.285373505472104272e-01 9.378265997070520665e-01 9.135272153790205962e-01 9.270111734537773707e-01
9.285084358599949850e-01 9.377972886357014426e-01 9.135092122176654561e-01 9.270277303296194926e-01
9.283204903930951657e-01 9.376651810168600276e-01 9.134912090563104270e-01 9.270438658759949657e-01
9.283349477367027758e-01 9.375502833780896550e-01 9.132931742814038856e-01 9.269427971533749089e-01
9.284795211727796538e-01 9.375734116592934209e-01 9.133399825009271833e-01 9.270644350397873046e-01
9.287397533577179676e-01 9.376772164171121027e-01 9.133363818686561775e-01 9.271232611643482890e-01
9.289855281990487823e-01 9.377918526059506599e-01 9.132427654296095820e-01 9.271330670754885928e-01
9.289132414810102878e-01 9.376853658563302218e-01 9.132787717523197513e-01 9.272204615240949854e-01
9.288264974193641832e-01 9.376132655509529235e-01 9.131743534164600273e-01 9.271971897400342888e-01
9.289132414810102878e-01 9.377047483987021037e-01 9.130807369774132098e-01 9.271813729368834078e-01
9.287975827321488520e-01 9.376368875290277405e-01 9.130519319192450522e-01 9.272617393187738699e-01
9.286385519524641419e-01 9.375128627101788625e-01 9.129763186415534859e-01 9.272404423674304175e-01
9.288409547629717933e-01 9.376408113274115053e-01 9.129619161124693516e-01 9.272760087471132451e-01
9.287975827321487410e-01 9.376693290212569920e-01 9.128899034670489021e-01 9.272627392849784878e-01
9.287397533577179676e-01 9.375607775689528411e-01 9.128971047315908027e-01 9.274213047894593887e-01
9.287975827321488520e-01 9.376089594098550029e-01 9.127998876602732015e-01 9.274346141491605078e-01
9.287975827321488520e-01 9.376002199417888816e-01 9.127602807052918044e-01 9.274540537301840804e-01
9.288554121065795144e-01 9.376372316970249532e-01 9.127926863957311898e-01 9.275161618870175761e-01
9.288264974193641832e-01 9.375445449509601792e-01 9.127566800730209096e-01 9.275270183030210891e-01
9.286385519524642529e-01 9.373552168456745770e-01 9.127314756471236468e-01 9.275736857743952513e-01
9.286963813268949153e-01 9.373770663317574359e-01 9.126738655307871095e-01 9.275754219234551012e-01
9.285228932036028171e-01 9.372436803507649961e-01 9.126018528853667711e-01 9.275735270632170515e-01
9.284650638291720437e-01 9.372622997433156522e-01 9.125262396076749827e-01 9.275587747934568306e-01
9.284650638291721547e-01 9.372326594269198008e-01 9.124182206395443639e-01 9.275125473925615038e-01
9.285373505472105382e-01 9.373151420028656977e-01 9.123570098909369319e-01 9.275768304930596120e-01
9.283494050803104969e-01 9.371482005956485173e-01 9.123606105232078267e-01 9.276170236075127473e-01
9.282915757058797235e-01 9.371325356252445671e-01 9.123570098909368209e-01 9.276716001115190569e-01
9.282048316442337299e-01 9.370890511063331152e-01 9.123102016714134122e-01 9.276828074319430906e-01
9.281759169570183987e-01 9.370749603803099070e-01 9.123246042004975465e-01 9.277375549187203418e-01
9.281036302389800152e-01 9.369692445197042030e-01 9.123642111554788325e-01 9.278084339401959646e-01
9.279590568029030262e-01 9.368437794080771708e-01 9.124542269622545332e-01 9.279288261216779299e-01
9.277855686796108170e-01 9.366755692973804948e-01 9.124686294913387785e-01 9.279655879346639935e-01
9.275397938382802243e-01 9.364695773028847148e-01 9.125910509885535316e-01 9.280825315002287912e-01
9.274964218074570610e-01 9.364955556988716623e-01 9.127170731180395125e-01 9.282234700361807755e-01
9.272506469661264683e-01 9.363074492112879454e-01 9.128034882925442073e-01 9.283523021306672174e-01
9.271060735300495903e-01 9.362036601906552624e-01 9.128574977766096277e-01 9.284338326078293013e-01
9.268747560323266077e-01 9.360706141998611507e-01 9.129223091574880655e-01 9.285556258229703541e-01
9.266578958782114572e-01 9.359169245712092300e-01 9.130843376096842157e-01 9.287841604592500522e-01
9.266723532218189563e-01 9.359576247134743232e-01 9.131635515196467878e-01 9.290030582164361395e-01
9.265277797857421893e-01 9.357259115456776355e-01 9.133255799718431600e-01 9.291874865030929076e-01
9.262964622880192067e-01 9.355903257695642461e-01 9.133867907204504810e-01 9.292572558934241167e-01
9.262530902571961544e-01 9.355853286906032906e-01 9.134768065272261817e-01 9.293773376567975308e-01
9.262097182263729911e-01 9.355821074905701362e-01 9.136028286567121626e-01 9.295574748614371385e-01
9.261663461955501608e-01 9.355528427942607639e-01 9.136028286567120515e-01 9.296581040262794637e-01
9.261229741647269975e-01 9.354517662096678565e-01 9.136892438312168574e-01 9.298196883667717572e-01
9.259350286978270672e-01 9.354398045197157563e-01 9.137792596379923360e-01 9.300165138902699580e-01
9.258338272925733525e-01 9.353630997722294227e-01 9.138332691220579784e-01 9.301748540822839528e-01
9.258193699489655204e-01 9.355180053735291379e-01 9.138908792383941826e-01 9.302989763391854572e-01
9.257470832309271369e-01 9.354708798653409429e-01 9.139268855611045739e-01 9.304634576872198304e-01
9.255446804204195965e-01 9.354321425682796676e-01 9.139880963097121169e-01 9.305797400941674402e-01
9.255157657332041543e-01 9.354486957447358808e-01 9.140529076905905548e-01 9.306580694803945342e-01
9.255013083895965442e-01 9.355312187823466852e-01 9.140024988387961402e-01 9.306781669556282166e-01
9.252844482354811717e-01 9.354693617591505195e-01 9.141141184391978758e-01 9.308641080487506381e-01
9.251543321430120148e-01 9.353944935626512525e-01 9.141177190714691037e-01 9.309529420722170157e-01
9.249808440197199166e-01 9.353843189009636294e-01 9.140565083228615606e-01 9.309988522724270688e-01
9.248218132400352065e-01 9.353447119935952569e-01 9.140673102196745781e-01 9.310514743390507775e-01
9.245037516806662303e-01 9.351482029568146670e-01 9.141177190714688816e-01 9.312081902964964852e-01
9.244603796498430670e-01 9.352100370687479458e-01 9.141177190714688816e-01 9.312759636111108685e-01
9.244459223062354569e-01 9.353205055848684557e-01 9.141141184391979868e-01 9.312939313912281802e-01
9.242146048085125853e-01 9.351989945126381043e-01 9.141285209682818991e-01 9.313514622835360468e-01
9.240122019980049339e-01 9.350883731556666190e-01 9.140024988387961402e-01 9.313256638503779605e-01
9.237953418438896724e-01 9.348883961208761528e-01 9.139412880901884861e-01 9.312665142436941101e-01
9.235929390333820210e-01 9.348481829964364609e-01 9.139160836642914454e-01 9.313155752652324537e-01
9.236073963769897421e-01 9.350058998559929169e-01 9.138512722834128965e-01 9.313489010275513014e-01
9.233905362228744806e-01 9.348789599614135692e-01 9.136784419344037289e-01 9.312776136224317769e-01
9.233037921612283760e-01 9.348482175787329318e-01 9.135596210694598707e-01 9.312166655004054938e-01
9.232748774740130449e-01 9.348739591100601043e-01 9.134516021013289189e-01 9.311792434901653426e-01
9.233471641920513173e-01 9.349430487067504902e-01 9.134804071594972985e-01 9.312246728165739507e-01
9.233616215356591495e-01 9.349810096815833749e-01 9.133327812363850606e-01 9.311645475387417825e-01
9.232748774740129338e-01 9.349152420537824026e-01 9.133039761782169030e-01 9.311974090912260582e-01
9.234628229409128641e-01 9.350900485829211073e-01 9.132499666941514826e-01 9.311664877540615226e-01
9.235061949717359164e-01 9.351480735648870501e-01 9.131167433001234901e-01 9.311537366295830065e-01
9.235206523153436375e-01 9.351186904303048220e-01 9.130123249642636551e-01 9.311133200696601886e-01
9.234483655973050320e-01 9.349755848884113707e-01 9.128574977766095166e-01 9.310447659500488138e-01
9.235351096589511366e-01 9.350990626222741575e-01 9.128034882925443183e-01 9.310239125866828225e-01
9.235495670025589687e-01 9.351649772367568447e-01 9.126630636339740921e-01 9.309058076206286891e-01
9.235929390333820210e-01 9.350659279393747081e-01 9.125334408722172164e-01 9.308279484531096770e-01
9.238387138747126137e-01 9.352996860351144859e-01 9.124254219040863756e-01 9.307583230122991047e-01
9.240555740288279862e-01 9.353208601135117872e-01 9.123246042004974354e-01 9.306858391419148280e-01
9.239254579363588293e-01 9.351953971957109868e-01 9.121913808064695539e-01 9.305906175466888142e-01
9.237519698130665091e-01 9.350248455788867652e-01 9.120257517220023979e-01 9.304937850555586865e-01
9.236652257514205155e-01 9.349334531862723008e-01 9.118349182116379792e-01 9.303532881465379489e-01
9.235929390333819100e-01 9.348446298812704836e-01 9.116440847012734494e-01 9.302121353060316400e-01
9.236941404386358467e-01 9.349062781668213695e-01 9.114856568813483051e-01 9.301162952023975805e-01
9.237230551258510669e-01 9.347269588196772672e-01 9.113200277968812602e-01 9.300460559796072113e-01
9.237230551258512889e-01 9.347453298521825049e-01 9.112048075642082967e-01 9.299515682488307400e-01
9.238820859055357770e-01 9.348387598063649939e-01 9.110427791120119245e-01 9.298538665936119108e-01
9.239977446543972128e-01 9.349241515379782541e-01 9.109743670988625919e-01 9.297821964604311429e-01
9.239688299671818816e-01 9.348156097770797812e-01 9.108051373821242080e-01 9.296713294949859874e-01
9.241134034032587596e-01 9.348764856564664161e-01 9.106071026072177776e-01 9.295267372567428410e-01
9.242290621521201954e-01 9.348824276372662556e-01 9.103946653032271019e-01 9.293634082160460164e-01
9.242001474649047532e-01 9.348056958306434350e-01 9.102614419091992204e-01 9.292430051201201469e-01
9.242435194957278055e-01 9.348052028456410589e-01 9.102074324251339110e-01 9.292555204673322855e-01
9.242001474649047532e-01 9.347947104485055947e-01 9.100346020761246324e-01 9.291015596146475763e-01
9.242290621521201954e-01 9.348073024048721980e-01 9.099517875338910544e-01 9.290055726373946943e-01
9.242435194957279165e-01 9.348597117560139003e-01 9.097861584494237874e-01 9.288446374506932335e-01
9.242579768393355266e-01 9.348498504026998557e-01 9.097285483330872502e-01 9.288051398081659249e-01
9.241856901212970321e-01 9.347696651179598915e-01 9.096853407458349583e-01 9.287963532667513622e-01
9.241712327776894220e-01 9.348061638573388343e-01 9.095845230422461292e-01 9.287253933979686682e-01
9.241278607468664807e-01 9.347234166225889540e-01 9.094657021773023819e-01 9.286487094616572291e-01
9.241567754340818119e-01 9.347471144371811702e-01 9.094368971191340023e-01 9.286175893121632052e-01
9.242435194957278055e-01 9.348070677473279133e-01 9.093180762541901441e-01 9.284923084691178996e-01
9.241423180904739798e-01 9.346725935333034530e-01 9.092712680346668463e-01 9.284643710540599892e-01
9.241712327776895330e-01 9.347048175082270927e-01 9.092136579183303091e-01 9.284012880932910328e-01
9.240989460596510385e-01 9.345834551231990694e-01 9.091740509633491341e-01 9.283712215650730126e-01
9.239977446543972128e-01 9.344864566242193638e-01 9.091128402147417020e-01 9.283390065995810181e-01
9.239688299671817706e-01 9.344698492249461363e-01 9.091020383179286846e-01 9.283256681076814676e-01
9.239543726235740495e-01 9.345146066042463451e-01 9.090012206143398554e-01 9.282387435484971139e-01
9.238531712183203348e-01 9.344472574922333408e-01 9.090300256725081240e-01 9.282631424785111607e-01
9.237519698130665091e-01 9.342847814974248877e-01 9.089796168207137095e-01 9.282420823556889466e-01
9.237953418438896724e-01 9.342772133599305251e-01 9.089220067043772833e-01 9.282001626327103239e-01
9.238387138747127247e-01 9.343711981820986834e-01 9.088679972203119739e-01 9.281602482989101954e-01
9.239399152799664394e-01 9.343285319753577012e-01 9.088031858394334250e-01 9.281358360236837690e-01
9.237953418438896724e-01 9.341540910306465051e-01 9.087923839426202965e-01 9.281489018198308960e-01
9.237375124694588990e-01 9.340914406498146416e-01 9.087203712971997360e-01 9.281445939825531122e-01
9.237953418438895614e-01 9.341102085190999826e-01 9.086411573872371639e-01 9.281069835561583936e-01
9.237085977822434568e-01 9.340810091215795419e-01 9.085295377868354283e-01 9.280414086558008702e-01
9.236652257514205155e-01 9.340749693071787041e-01 9.085259371545643114e-01 9.280354856121346696e-01
9.236218537205974632e-01 9.340130423702900364e-01 9.084035156573493364e-01 9.279785125713090332e-01
9.236652257514205155e-01 9.340386575106456313e-01 9.084143175541625759e-01 9.279840563377448337e-01
9.235206523153436375e-01 9.338491945435389852e-01 9.083855124959943073e-01 9.279629079041166184e-01
9.236652257514204045e-01 9.338625292676381306e-01 9.083495061732840270e-01 9.279501092626337710e-01
9.235640243461666898e-01 9.338115675832527884e-01 9.082018802501717891e-01 9.278432407360119871e-01
9.238387138747126137e-01 9.340014946359114223e-01 9.082630909987793322e-01 9.279092136729347740e-01
9.233905362228743696e-01 9.336483578250311943e-01 9.080866600174990477e-01 9.278056062010903160e-01
9.237808845002819513e-01 9.338565587678057112e-01 9.081622732951907251e-01 9.279033454228147182e-01
9.231158466943284457e-01 9.331923309327487814e-01 9.079642385202842947e-01 9.277312488160358583e-01
9.237808845002820624e-01 9.338532764071589831e-01 9.080722574884149134e-01 9.278216562499691511e-01
9.229568159146437356e-01 9.328953790817282599e-01 9.076509835127049008e-01 9.275621163130755020e-01
9.240844887160434284e-01 9.339418027494750252e-01 9.080218486366207209e-01 9.277528235028320580e-01
9.228266998221746897e-01 9.327582758263678331e-01 9.074277443119010966e-01 9.274094099903713584e-01
9.240122019980048229e-01 9.338627467154434481e-01 9.078634208166953545e-01 9.276533532891791944e-01
9.230580173198977834e-01 9.329597537654893413e-01 9.075501658091160717e-01 9.274904924640443582e-01
9.231881334123669403e-01 9.329848887192970786e-01 9.075933733963683636e-01 9.275747572790867812e-01
9.239254579363587183e-01 9.335360440301936347e-01 9.076797885708729474e-01 9.275467665110199711e-01
9.229134438838207943e-01 9.326158747029028584e-01 9.072045051110976255e-01 9.273426573176788423e-01
9.236941404386358467e-01 9.332196284350875448e-01 9.076185778222656264e-01 9.275474402905536930e-01
9.234194509100898118e-01 9.330412598106806454e-01 9.073917379891909274e-01 9.274840421889539721e-01
9.230724746635053934e-01 9.326720542229403055e-01 9.072045051110975145e-01 9.273679611427232405e-01
9.239688299671818816e-01 9.333965065580690501e-01 9.074637506346114879e-01 9.274636609218652739e-01
9.229568159146438466e-01 9.326057378117529328e-01 9.069344576907704125e-01 9.272219338498225438e-01
9.233182495048360972e-01 9.326998339177778874e-01 9.072333101692657831e-01 9.274100175472193008e-01
9.234917376281283063e-01 9.329350909448048679e-01 9.070640804525273992e-01 9.272664067131081156e-01
9.230146452890746200e-01 9.325307804344120655e-01 9.068336399871816944e-01 9.271593334296941435e-01
9.234772802845204742e-01 9.327882760723629207e-01 9.070532785557143818e-01 9.272893414108017707e-01
9.232170480995822714e-01 9.325418748010789738e-01 9.067652279740323618e-01 9.271215049581147394e-01
9.230869320071130035e-01 9.324416171135339049e-01 9.067508254449480054e-01 9.271073229972861540e-01
9.234049935664822018e-01 9.325750912298114148e-01 9.069308570584994067e-01 9.271939605499948112e-01
9.230724746635052824e-01 9.323279017118587531e-01 9.066140014186490070e-01 9.270736165840198773e-01
9.233616215356591495e-01 9.324474463679741643e-01 9.067436241804061048e-01 9.271230274641093505e-01
9.231736760687591081e-01 9.322531074672160134e-01 9.066932153286115792e-01 9.270975731445092460e-01
9.231736760687591081e-01 9.323361998240082826e-01 9.066356052122752640e-01 9.270856360811265962e-01
9.233182495048360972e-01 9.323033843911335827e-01 9.067616273417613559e-01 9.271445487497843585e-01
9.230724746635053934e-01 9.321475855549399281e-01 9.066392058445464919e-01 9.270669505716278014e-01
9.233616215356590384e-01 9.324478501324424684e-01 9.066176020509201239e-01 9.270860947346835079e-01
9.232025907559746614e-01 9.322192444079803186e-01 9.066212026831912407e-01 9.270157611489533434e-01
9.230580173198975613e-01 9.320705988847536316e-01 9.064195672760135825e-01 9.269524702157179163e-01
9.233760788792666485e-01 9.322786393108642988e-01 9.065347875086864349e-01 9.270288515720918054e-01
