8.648998219382502128e-01 8.594137626541797914e-01 8.581307670502678064e-01 8.543819559615334347e-01
8.761196060159784915e-01 8.654953897935895313e-01 8.713469493688826839e-01 8.616115605948269085e-01
8.800116522110283945e-01 8.669737774073207337e-01 8.758742212853027898e-01 8.636120070990094266e-01
8.814017923470915949e-01 8.672833071275050099e-01 8.776191765417897805e-01 8.643259933775369053e-01
8.819544679977584511e-01 8.673061215788504530e-01 8.784154296289536923e-01 8.646472045171358367e-01
8.822682753587300919e-01 8.672757563796910096e-01 8.788017578506822636e-01 8.648331570634342214e-01
8.824957398767088179e-01 8.673969750174316262e-01 8.789968947122338561e-01 8.649660127726837011e-01
8.827780850460711370e-01 8.676165591087062756e-01 8.792264974374096598e-01 8.651630987150977781e-01
8.831580750107522748e-01 8.679528718880423765e-01 8.795293083042264870e-01 8.654868369450862131e-01
8.835511996767845266e-01 8.683871815706254438e-01 8.798277409372596836e-01 8.658537945259348056e-01
8.838971819650979223e-01 8.688068792774515936e-01 8.800795148346778340e-01 8.662038600452672821e-01
8.842680081846499007e-01 8.692694527551897421e-01 8.802596587910046511e-01 8.665186220889287139e-01
8.845566661562120903e-01 8.696924946927679922e-01 8.803659836893482638e-01 8.667982645988552282e-01
8.848099927993327007e-01 8.701379208427435508e-01 8.804663521533578896e-01 8.671172836020395458e-01
8.852285723129454942e-01 8.706926329066242420e-01 8.806624053894225312e-01 8.675337331565309285e-01
8.857529421731027419e-01 8.713358252727407827e-01 8.809748890983201131e-01 8.680385246460364801e-01
8.864068262977491397e-01 8.720188131819501809e-01 8.814485019924018783e-01 8.686293409516762098e-01
8.868973921203197053e-01 8.723545044569901430e-01 8.818811834915742942e-01 8.690353527534429023e-01
8.868290713094136857e-01 8.720423540709549837e-01 8.819640135656010571e-01 8.689984492275236727e-01
8.864392048638715105e-01 8.714890858580560673e-01 8.817699458076477814e-01 8.686231042718163264e-01
8.861187792425289089e-01 8.710761059367941872e-01 8.816291550456802906e-01 8.683880499526042129e-01
8.861027935982482839e-01 8.710649521213391644e-01 8.816732173868420119e-01 8.684749314114921237e-01
8.863421709848948726e-01 8.714363879876918517e-01 8.819232094449295234e-01 8.688741555189500865e-01
8.867686924109529079e-01 8.720793086596577703e-01 8.823708583944792627e-01 8.696131300240925732e-01
8.873462119928580139e-01 8.729747376794172453e-01 8.829942476117244032e-01 8.706437041581830405e-01
8.878253740437123120e-01 8.738428950440543241e-01 8.835725053842093946e-01 8.716469510254014619e-01
8.879648666084530850e-01 8.743117220641632992e-01 8.837275254059743235e-01 8.721616629612555238e-01
8.876247898447784390e-01 8.742688545603617412e-01 8.834015251730116258e-01 8.720460364274846832e-01
8.869980914973477626e-01 8.739388644651615579e-01 8.827983471047453623e-01 8.716981748953505083e-01
8.863121342647500844e-01 8.736341105485434522e-01 8.821127716948611308e-01 8.713650254711325926e-01
8.856775958242646407e-01 8.734693049339294912e-01 8.814534656876800156e-01 8.712371901938829044e-01
8.849925549661796786e-01 8.734525696738593137e-01 8.807217406391327774e-01 8.712052887244122745e-01
8.840146815415292902e-01 8.732253213551688376e-01 8.798339773749168646e-01 8.712064483345262067e-01
8.825456313779664885e-01 8.725728077618994938e-01 8.784744594204929591e-01 8.707700033107794724e-01
8.801714068344432818e-01 8.709973799880772471e-01 8.761800612789819587e-01 8.693663328828872272e-01
8.767507844165830511e-01 8.682711650115999547e-01 8.728917531588447076e-01 8.669573064917264205e-01
8.726756669577342418e-01 8.649737250083117113e-01 8.689530482281796475e-01 8.638660282928579681e-01
8.684699152211028395e-01 8.615259096524193749e-01 8.649889648144768461e-01 8.607215208208640611e-01
8.647172597714032349e-01 8.584076617852783864e-01 8.615034325352864952e-01 8.579902580353362396e-01
8.619271030184155746e-01 8.560308497320094911e-01 8.590979494389343607e-01 8.561338905165638558e-01
8.611399373118377998e-01 8.549243041102384533e-01 8.588944633873762946e-01 8.557678224023422819e-01
8.637117932919755603e-01 8.561891778099087746e-01 8.623482025619388924e-01 8.580610630566818386e-01
8.707950628184909503e-01 8.611438648474729618e-01 8.704927865034732815e-01 8.639997027876789026e-01
8.811934698744934291e-01 8.692547545559186073e-01 8.821216045269716366e-01 8.731864095953345561e-01
8.927491561208930060e-01 8.792118185314347079e-01 8.947249613900870591e-01 8.841672876003405790e-01
9.028182792685947033e-01 8.889342996444238310e-01 9.056488837743876807e-01 8.948341187435931987e-01
9.100157901510510516e-01 8.968507278571746788e-01 9.133103092539978096e-01 9.035712878342341270e-01
9.133109710800351166e-01 9.013936413514807011e-01 9.169909529398923009e-01 9.092596901650344954e-01
9.112698995816445047e-01 9.010199879785000254e-01 9.157314725364595898e-01 9.104407795781639390e-01
9.041862227775678829e-01 8.960834742238099615e-01 9.090867900337550322e-01 9.064951669717117300e-01
