9.131113649178099756e-01 9.260931300658998833e-01 8.970039138872786255e-01 9.154015891571068986e-01
9.141667510011710629e-01 9.268081475456358964e-01 8.981237105235678753e-01 9.161258562242111658e-01
9.154389972386473007e-01 9.276042735865037692e-01 8.992183027339601953e-01 9.168766911163561684e-01
9.164943833220084990e-01 9.281322651893684217e-01 8.998736178072870295e-01 9.172483142445166937e-01
9.172606225332157193e-01 9.286455233472710180e-01 9.008241847268380065e-01 9.179227629554929102e-01
9.178822883083462836e-01 9.289731789279107588e-01 9.015515124455854012e-01 9.184529848179345812e-01
9.184172100218306323e-01 9.293802590645567907e-01 9.022284313125386035e-01 9.188972983463185029e-01
9.188509303300611553e-01 9.297615694954237675e-01 9.028729444890523093e-01 9.193809920084443643e-01
9.196749989156992600e-01 9.304143888028424403e-01 9.039315303767341270e-01 9.201017542850173925e-01
9.206580982810217417e-01 9.311996181648616311e-01 9.051521447166119838e-01 9.210459250093934180e-01
9.217423990515982712e-01 9.320114601309565927e-01 9.060631046811820077e-01 9.216774332248675039e-01
9.229279012274284044e-01 9.330137079306725090e-01 9.073233259760413727e-01 9.226416303408238040e-01
9.245182090242738404e-01 9.341871331697448877e-01 9.087563776199100163e-01 9.237669914579724750e-01
9.258627419797886837e-01 9.351787436950558252e-01 9.101642248378815081e-01 9.248031918887178460e-01
9.273807630585957362e-01 9.363572858161646195e-01 9.114676537199931650e-01 9.259746211552317696e-01
9.290144428862640025e-01 9.377386307544588462e-01 9.126090541499085607e-01 9.270991092719247373e-01
9.301421156876634733e-01 9.385814112474593074e-01 9.140205020001510583e-01 9.283697800453873938e-01
9.307348667755787064e-01 9.390504172804119420e-01 9.153455346758889721e-01 9.295642785728812640e-01
9.313709898943167698e-01 9.398912133280800107e-01 9.163861174022158718e-01 9.305081115864758390e-01
9.319203689514087285e-01 9.403091496290508777e-01 9.175203165675892558e-01 9.315044214004932766e-01
9.329179256603391535e-01 9.412533959139049999e-01 9.187229277461121946e-01 9.325380039236905727e-01
9.340455984617386243e-01 9.422594997523038307e-01 9.198031174274201582e-01 9.333399308729876109e-01
9.357949370382685483e-01 9.435500804195471325e-01 9.211641564258681303e-01 9.344692673768962843e-01
9.370960979629601173e-01 9.446565529323547317e-01 9.223451638107650341e-01 9.355063261507645667e-01
9.380502826410676009e-01 9.455295751036101315e-01 9.242318951207831867e-01 9.369260564258375945e-01
9.393514435657592809e-01 9.464161978450935653e-01 9.259998055658573701e-01 9.383758052876605138e-01
9.404068296491202572e-01 9.473235848364233158e-01 9.272276211702775717e-01 9.393188345732972344e-01
9.407827205829202288e-01 9.474677190498154156e-01 9.279765526826508903e-01 9.399174859642419610e-01
9.413754716708352399e-01 9.480385715737498220e-01 9.288407044276973945e-01 9.405759900104398996e-01
9.418670213534965363e-01 9.481597225672178109e-01 9.291143524802956133e-01 9.408669750534732756e-01
9.424164004105886061e-01 9.486357986939329967e-01 9.302161459552298339e-01 9.417957492138314679e-01
9.430236088421114493e-01 9.491726191690473824e-01 9.314475621919209303e-01 9.425637981954435585e-01
9.432982983706573732e-01 9.494783898689089785e-01 9.321496854847710622e-01 9.430543946137268652e-01
9.438332200841417219e-01 9.497340682785029298e-01 9.328626106744343227e-01 9.434526554761818451e-01
9.447151180442104890e-01 9.504061260873664096e-01 9.331794663142847224e-01 9.435712358857860638e-01
9.450476369471872973e-01 9.505045378600021078e-01 9.336907560967705466e-01 9.438450498901105323e-01
9.445560872645258899e-01 9.500535353948178496e-01 9.338275801230695450e-01 9.438738057470839049e-01
9.439633361766108788e-01 9.497134652615607520e-01 9.349653799207140459e-01 9.447068757875316525e-01
9.432693836834420420e-01 9.494859612707168273e-01 9.358547360916577018e-01 9.453686206630124156e-01
9.437464760224956173e-01 9.497308034574666324e-01 9.369241238761526480e-01 9.458947811664463190e-01
9.435729878992032971e-01 9.495849541126440974e-01 9.375038256717881380e-01 9.462079488950065898e-01
9.441657389871185302e-01 9.500470430330856253e-01 9.376694547562551829e-01 9.462098583608891111e-01
9.442669403923722449e-01 9.501305645709330339e-01 9.371941712964796389e-01 9.457600551308908976e-01
9.433127557142650943e-01 9.497142486806577910e-01 9.369439273536431800e-01 9.454974880690208972e-01
9.428645780624268502e-01 9.494248247450066680e-01 9.367872998498536496e-01 9.453678818807078610e-01
9.425176018158423208e-01 9.492949482438941544e-01 9.369061207147975079e-01 9.455263844953343266e-01
9.425320591594500419e-01 9.494544775421902560e-01 9.368197055402929241e-01 9.454010151288566588e-01
9.427633766571730245e-01 9.497689784447630457e-01 9.370213409474703603e-01 9.456726354256694833e-01
9.420405094767887455e-01 9.494554564177659639e-01 9.368341080693770584e-01 9.457755871892261634e-01
9.421995402564732336e-01 9.494918018487692457e-01 9.369583298827273143e-01 9.458073503893802414e-01
9.419393080715349198e-01 9.491696191674400263e-01 9.368665137598162218e-01 9.458204911521079783e-01
9.419971374459656932e-01 9.491552115656782806e-01 9.372373788837319308e-01 9.461279961321740206e-01
9.425031444722345997e-01 9.495104014171446005e-01 9.375758383172084764e-01 9.464087031171807274e-01
9.430669808729343906e-01 9.498145619241603610e-01 9.388864684638622560e-01 9.472811768491535833e-01
9.435440732119879659e-01 9.500585167895923000e-01 9.397506202089087601e-01 9.478121636832114172e-01
9.436308172736340705e-01 9.502194841943236714e-01 9.400206676292357511e-01 9.479139453504095147e-01
9.435729878992032971e-01 9.504328231121528248e-01 9.397578214734507718e-01 9.477001972131564589e-01
9.439199641457878265e-01 9.507904135248912425e-01 9.396966107248432287e-01 9.476254893347518804e-01
9.441512816435108091e-01 9.509158734877525276e-01 9.388972703606753845e-01 9.471901113454256338e-01
9.438476774277493320e-01 9.508316147982487365e-01 9.383247698295821282e-01 9.467316386448012544e-01
9.440934522690801467e-01 9.511241573563494756e-01 9.380547224092552483e-01 9.466651649638742061e-01
9.440500802382568724e-01 9.510458878530465565e-01 9.373598003809469059e-01 9.463370759064650972e-01
9.437464760224956173e-01 9.508279427087457103e-01 9.370789510638066755e-01 9.461276324224427992e-01
9.432982983706571511e-01 9.505367687648090813e-01 9.374534168199935014e-01 9.463431120099634608e-01
9.440356228946493733e-01 9.509790967621289948e-01 9.379575053379373140e-01 9.466519846228600432e-01
9.442380257051569137e-01 9.508779368531571352e-01 9.380439205124418978e-01 9.465512564944993379e-01
9.443247697668030183e-01 9.507382841773578397e-01 9.377522692984887609e-01 9.462401729977449882e-01
9.444693432028800073e-01 9.506667697606105971e-01 9.372805864709844448e-01 9.459166016769140484e-01
9.436741893044572338e-01 9.501282932594790065e-01 9.368269068048349357e-01 9.456730527173731193e-01
9.423730283797654428e-01 9.493319992733313395e-01 9.370213409474703603e-01 9.459271905083262988e-01
9.414188437016581812e-01 9.486998191299291783e-01 9.376838572853392062e-01 9.463126186125387918e-01
9.414188437016581812e-01 9.489300205122458420e-01 9.389440785801987932e-01 9.471688994489197988e-01
9.410429527678584316e-01 9.488279799515164648e-01 9.391529152519181300e-01 9.473011425122553897e-01
9.402188841822204379e-01 9.483394863180163448e-01 9.395453841694600960e-01 9.475263750936984142e-01
9.405803177724124664e-01 9.486484978050637729e-01 9.400242682615067569e-01 9.477674970840399560e-01
9.405803177724125774e-01 9.486576936190888043e-01 9.411440648977961176e-01 9.485045352245466965e-01
9.407971779265278389e-01 9.488587829148621422e-01 9.419758109524032363e-01 9.489714668306556966e-01
9.410429527678583206e-01 9.492621992580543289e-01 9.421306381400573748e-01 9.491216639464920002e-01
9.410718674550737628e-01 9.491856128144607885e-01 9.420118172751135166e-01 9.489586160272938109e-01
9.411007821422893160e-01 9.493500773921851321e-01 9.413493009372446707e-01 9.484215513782641160e-01
9.417947346354580418e-01 9.499363717433417786e-01 9.411044579428147205e-01 9.481137183827278436e-01
9.426477179083113667e-01 9.504583246418402132e-01 9.403267213722730222e-01 9.474352652625283033e-01
9.431248102473652750e-01 9.509021497426930480e-01 9.397758246348059119e-01 9.470805339755212771e-01
9.429079500932497915e-01 9.504945216109159656e-01 9.392429310586939417e-01 9.467301871473897679e-01
9.433272130578728154e-01 9.507357942684879770e-01 9.395309816403761838e-01 9.469098365881087886e-01
9.431537249345804952e-01 9.504579429500550347e-01 9.395453841694600960e-01 9.469536348117045810e-01
9.427055472827423621e-01 9.502319928672841032e-01 9.395993936535255164e-01 9.469470833429283196e-01
9.425031444722347107e-01 9.498843964073044877e-01 9.390989057678529317e-01 9.467091687678639289e-01
9.421561682256502923e-01 9.497830080598941294e-01 9.396209974471516624e-01 9.471382498279252715e-01
9.424453150978040483e-01 9.499399882705170661e-01 9.400998815391983232e-01 9.474353696953419224e-01
9.431248102473651640e-01 9.503985969597308348e-01 9.404527435017588921e-01 9.476594077638920144e-01
9.425320591594500419e-01 9.498000729788161900e-01 9.406903852316467196e-01 9.478124270715669875e-01
9.408694646445661114e-01 9.488585775472930806e-01 9.401682935523477669e-01 9.473303931318690640e-01
9.404212869927279783e-01 9.486115582759930831e-01 9.395813904921704873e-01 9.468084307221488194e-01
9.408116352701355600e-01 9.488715527865121402e-01 9.391385127228341068e-01 9.464060179767573855e-01
9.409995807370353793e-01 9.487407393329946315e-01 9.391493146196472352e-01 9.463767067009092315e-01
9.412308982347583619e-01 9.487791645647613015e-01 9.391457139873761184e-01 9.464080473183212883e-01
9.415634171377350592e-01 9.491079551320147356e-01 9.390881038710395812e-01 9.464146991564228450e-01
9.417079905738119372e-01 9.492768576182673002e-01 9.393041418073013737e-01 9.465976439446874835e-01
9.415778744813426693e-01 9.491328796643823118e-01 9.390701007096845521e-01 9.465364167217389380e-01
9.415923318249503904e-01 9.489158848854015726e-01 9.394805727885815472e-01 9.469087321760029097e-01
9.422718269745116171e-01 9.495667774440442743e-01 9.395165791112919385e-01 9.469685534920038172e-01
9.423007416617270593e-01 9.497406311469744900e-01 9.397614221057216666e-01 9.471760512997848824e-01
9.421706255692580134e-01 9.494785485519638968e-01 9.398658404415816126e-01 9.474685218004484932e-01
9.423730283797655538e-01 9.494077666264989501e-01 9.399234505579179277e-01 9.474264413274002816e-01
9.416067891685582225e-01 9.488461423293563790e-01 9.394049595108902029e-01 9.471270825731837872e-01
9.413754716708352399e-01 9.488707548861790020e-01 9.395741892276283647e-01 9.472175243272651368e-01
9.413465569836197977e-01 9.489092850516894773e-01 9.402943156818337478e-01 9.477517111951204720e-01
9.403056282438664315e-01 9.484253746293620502e-01 9.412196781754875730e-01 9.484441591441925556e-01
9.391201260680362983e-01 9.478667450631321767e-01 9.411008573105437147e-01 9.483322822963202725e-01
9.405224883979816930e-01 9.487732143214498981e-01 9.411368636332539950e-01 9.483219470350404690e-01
9.414766730760890656e-01 9.494964664391096765e-01 9.414501186408332778e-01 9.485169807504733042e-01
9.408405499573507802e-01 9.489198767072373197e-01 9.407299921866280057e-01 9.479909459373281333e-01
9.400598534025358388e-01 9.483632563779496039e-01 9.402763125204784966e-01 9.476003679186113526e-01
9.400743107461434489e-01 9.482932438290668786e-01 9.398550385447684841e-01 9.473936308954666874e-01
9.393080715349362286e-01 9.478593790952424269e-01 9.393905569818059575e-01 9.471922289708750720e-01
9.390044673191747515e-01 9.477287269944737469e-01 9.388144558184415844e-01 9.468065688299532878e-01
9.384984602929057340e-01 9.474990583349585105e-01 9.388504621411520867e-01 9.467740376744501196e-01
9.385996616981595597e-01 9.476579594376306481e-01 9.390881038710398032e-01 9.469794705592959883e-01
9.391056687244285772e-01 9.480084890303980272e-01 9.394085601431610977e-01 9.472056290682654422e-01
9.389249519293325630e-01 9.478089172114880778e-01 9.394805727885817692e-01 9.471890854694343664e-01
9.397417918431667516e-01 9.484306704116634013e-01 9.398658404415817236e-01 9.473094167453651737e-01
9.405224883979818040e-01 9.488470767810617268e-01 9.402547087268524617e-01 9.474509621373699009e-01
9.418381066662812051e-01 9.497278775998736489e-01 9.407443947157119180e-01 9.476211894859101204e-01
9.429657794676805649e-01 9.504047967022690724e-01 9.407659985093382859e-01 9.478182890819413231e-01
9.435585305555955760e-01 9.508767242333324710e-01 9.408200079934034843e-01 9.477886196954364850e-01
9.435874452428111292e-01 9.509436407526477009e-01 9.406255738507681707e-01 9.477214468812162895e-01
9.429946941548961181e-01 9.505868195206635951e-01 9.403447245336281624e-01 9.475207116842611077e-01
9.426332605647038676e-01 9.504406172669227493e-01 9.400422714228618970e-01 9.472463192578306490e-01
9.423007416617271703e-01 9.502245274734339997e-01 9.397758246348059119e-01 9.469397698922989992e-01
9.417658199482427106e-01 9.499091511003081578e-01 9.397254157830113863e-01 9.468710854847128822e-01
9.415923318249503904e-01 9.497097402183992676e-01 9.402871144172916251e-01 9.472807821561504138e-01
9.418236493226733730e-01 9.497925313800144043e-01 9.404959510890114061e-01 9.475196705877754200e-01
9.423296563489423905e-01 9.501611591521250677e-01 9.408128067288616947e-01 9.479236133230929395e-01
9.427055472827423621e-01 9.505915576026833236e-01 9.409640332842447163e-01 9.481750253292814401e-01
9.433850424323034778e-01 9.512094849116913275e-01 9.410216434005811426e-01 9.484133957984517416e-01
9.434284144631265301e-01 9.513445701869922555e-01 9.410036402392260024e-01 9.484440856421767485e-01
9.432838410270496521e-01 9.512243355529099720e-01 9.401466897587216209e-01 9.479241644069551498e-01
9.430669808729345016e-01 9.509719416011569448e-01 9.406507782766653225e-01 9.481706279780193203e-01
9.428645780624267392e-01 9.509138741096078151e-01 9.403987340176934717e-01 9.479012821356734841e-01
9.425609738466652621e-01 9.505400356908635384e-01 9.404383409726748688e-01 9.478679855235269125e-01
9.422429122872962859e-01 9.502707048665229861e-01 9.401070828037401128e-01 9.476632335191587098e-01
9.426043458774884254e-01 9.503229193479802994e-01 9.404707466631139212e-01 9.479228383260877022e-01
9.427055472827423621e-01 9.501995622613085279e-01 9.413565022017866823e-01 9.484903021965166436e-01
9.426188032210962575e-01 9.499807632947472325e-01 9.417669742806835664e-01 9.486458869873426458e-01
9.420405094767887455e-01 9.493972481050356738e-01 9.415077287571698150e-01 9.484014037108186024e-01
9.427344619699575823e-01 9.497267108354092713e-01 9.416157477253006558e-01 9.485672906153510553e-01
9.435585305555957980e-01 9.501093045039964435e-01 9.413096939822633846e-01 9.482884932493128582e-01
9.436019025864188503e-01 9.500144167049908717e-01 9.409460301228894652e-01 9.480187806750712820e-01
9.437464760224956173e-01 9.502822608675062233e-01 9.406183725862262701e-01 9.476274218279294725e-01
9.440067082074339311e-01 9.505861136565049163e-01 9.404059352822355944e-01 9.474540429923463680e-01
9.436163599300264604e-01 9.503878768239101271e-01 9.401034821714693290e-01 9.472698605772288394e-01
9.428645780624267392e-01 9.498801619616388248e-01 9.398298341188713323e-01 9.471470181336885119e-01
9.426188032210962575e-01 9.500144588769139364e-01 9.397974284284319468e-01 9.472613152393636327e-01
9.422429122872963969e-01 9.498925973024709979e-01 9.404491428694877753e-01 9.479435514908087779e-01
9.412453555783661940e-01 9.493575737008114190e-01 9.403591270627122967e-01 9.479824755906631761e-01
9.414477583888736234e-01 9.493373494376204924e-01 9.406327751153101824e-01 9.481664590307442575e-01
9.417802772918505427e-01 9.497719951672014549e-01 9.406687814380205737e-01 9.481726402283483512e-01
9.420694241640041877e-01 9.501608898198006248e-01 9.406255738507680597e-01 9.481372339690782303e-01
9.418959360407118675e-01 9.503162919017539290e-01 9.404635453985719096e-01 9.480497833760107573e-01
9.414333010452659023e-01 9.501317023702948728e-01 9.408488130515718639e-01 9.483363214361089089e-01
9.411586115167198674e-01 9.499660185322681416e-01 9.406615801734784510e-01 9.481766922420578059e-01
9.410140380806431004e-01 9.497897935427214167e-01 9.406291744830392876e-01 9.480774290701773355e-01
9.406815191776662921e-01 9.493462068817311028e-01 9.404527435017588921e-01 9.478889363697727832e-01
9.405080310543741939e-01 9.491181079649182450e-01 9.403555264304411798e-01 9.478234730545078701e-01
9.402911709002589324e-01 9.488907338440140116e-01 9.404815485599271607e-01 9.478385253739274319e-01
9.400887680897511700e-01 9.488157336548923571e-01 9.406759827025625853e-01 9.478821978547647964e-01
9.396116757506975947e-01 9.484005656923513161e-01 9.407263915543568888e-01 9.479047584494924017e-01
9.397562491867743617e-01 9.485381976173163920e-01 9.406435770121233109e-01 9.477765676919923665e-01
9.398863652792436296e-01 9.485206620458993543e-01 9.405751649989737562e-01 9.477481800320722849e-01
9.401899694950049957e-01 9.486439291611534763e-01 9.399414537192730679e-01 9.472200126090024597e-01
9.404935737107663618e-01 9.488404605416193016e-01 9.398946454997497701e-01 9.472165662153625432e-01
9.410284954242507105e-01 9.493463792317248240e-01 9.401538910232634105e-01 9.473792260020038603e-01
9.412742702655815252e-01 9.494927265335865174e-01 9.408128067288615837e-01 9.478405254937297686e-01
9.409562087062123270e-01 9.496258384797457985e-01 9.412772882918239992e-01 9.482038916158812558e-01
9.412598129219736931e-01 9.498065249144469480e-01 9.420010153783003881e-01 9.486880017117063080e-01
9.412598129219736931e-01 9.496582848820804834e-01 9.422278552113749761e-01 9.488016210573088083e-01
9.409706660498200481e-01 9.492087293920060675e-01 9.419938141137583765e-01 9.488600344346274085e-01
9.411441541731122573e-01 9.491704086008276864e-01 9.417309679579733972e-01 9.487252951376459187e-01
9.417658199482427106e-01 9.494504481912040550e-01 9.416085464607585331e-01 9.486953271915314900e-01
9.421995402564733446e-01 9.498104267093401276e-01 9.411260617364409775e-01 9.483423538828886779e-01
9.429079500932499025e-01 9.502843156054772145e-01 9.406723820702914685e-01 9.479796020613572294e-01
9.421850829128657345e-01 9.499246802385229449e-01 9.409712345487867280e-01 9.481364931770636106e-01
9.413176422964044665e-01 9.495771341610010907e-01 9.411440648977958956e-01 9.481738707144704570e-01
9.402911709002588214e-01 9.487438687118830982e-01 9.411404642655250008e-01 9.481089374294420224e-01
9.399731093408897342e-01 9.484739026402215778e-01 9.410252440328521484e-01 9.480927026350915998e-01
9.399008226228513507e-01 9.483728794349290947e-01 9.405859668957869957e-01 9.477599091896851125e-01
9.403923723055124251e-01 9.484715151308599212e-01 9.403951333854224659e-01 9.475811159563303221e-01
9.412164408911506408e-01 9.490366623382919808e-01 9.403519257981701740e-01 9.474895896902597592e-01
9.424308577541962162e-01 9.498199948580975382e-01 9.398334347511423381e-01 9.468820743406766161e-01
9.429224074368576236e-01 9.500128828329832409e-01 9.396137961826096507e-01 9.466450712919487476e-01
9.429513221240728438e-01 9.499868611793531592e-01 9.396317993439647909e-01 9.465508002742641924e-01
9.430091514985037282e-01 9.499986482077623640e-01 9.396966107248432287e-01 9.466736449259465225e-01
9.424742297850193795e-01 9.493928265818879497e-01 9.399342524547310562e-01 9.469342337456260195e-01
9.427344619699576933e-01 9.496836798987877692e-01 9.406291744830392876e-01 9.475460591381380526e-01
9.427344619699575823e-01 9.496900529073654118e-01 9.412088762786745555e-01 9.481059282116157672e-01
9.427055472827422511e-01 9.495223616613113204e-01 9.418533894551883723e-01 9.485630848016424199e-01
9.429946941548960071e-01 9.497484437628075371e-01 9.421126349787023457e-01 9.487205483910556847e-01
9.419971374459656932e-01 9.494627720043437025e-01 9.421594431982255324e-01 9.488805516818257235e-01
9.411730688603275885e-01 9.488271025684194004e-01 9.418929964101695473e-01 9.486502742297543422e-01
9.406670618340586820e-01 9.484627700337178169e-01 9.413961091567677464e-01 9.484020235607135696e-01
9.403056282438664315e-01 9.483396284480317684e-01 9.410432471942072885e-01 9.481861526325826572e-01
9.405369457415894141e-01 9.488025850569030695e-01 9.407768004061513034e-01 9.480246364031186257e-01
9.403345429310819847e-01 9.488568526649877599e-01 9.403483251658990572e-01 9.476986755656967576e-01
9.405658604288047453e-01 9.490935566648821542e-01 9.390160912256193537e-01 9.466896839422649368e-01
9.412308982347583619e-01 9.494460758453043825e-01 9.390340943869742718e-01 9.465876919181288596e-01
9.412308982347584729e-01 9.494678672770212602e-01 9.392537329555069592e-01 9.466874318477079830e-01
9.414188437016582922e-01 9.496855989426539191e-01 9.396353999762357967e-01 9.469488047862860691e-01
9.416212465121658326e-01 9.497046538012235972e-01 9.395057772144789210e-01 9.467787412403307901e-01
9.415055877633045078e-01 9.495963819440909059e-01 9.396317993439649019e-01 9.468475012436811111e-01
9.422284549436886758e-01 9.503256585287607194e-01 9.405211555149083358e-01 9.476055489939817500e-01
9.425031444722345997e-01 9.507160679121905433e-01 9.408992219033662785e-01 9.478988337648432960e-01
9.427778340007806346e-01 9.510918626488606975e-01 9.406003694248710190e-01 9.477606800662042863e-01
9.429368647804652337e-01 9.511007984965413886e-01 9.406543789089364394e-01 9.476250147650912004e-01
9.428645780624269612e-01 9.509799845488569048e-01 9.410468478264782943e-01 9.478030556569831955e-01
9.431537249345806062e-01 9.508833523978951208e-01 9.412304800723005904e-01 9.478928796832172265e-01
9.423007416617270593e-01 9.501621501153454386e-01 9.411368636332539950e-01 9.477980471371408866e-01
9.421272535384348501e-01 9.497893653270669256e-01 9.412952914531792503e-01 9.478212433585830876e-01
9.420694241640040767e-01 9.493422577756229774e-01 9.415257319185248441e-01 9.478975829884567217e-01
9.419103933843195886e-01 9.491603235152672458e-01 9.416661565770948483e-01 9.479906295384971093e-01
9.418091919790658739e-01 9.493567336817998470e-01 9.419326033651508334e-01 9.480690018006330266e-01
9.415200451069121179e-01 9.493400504334288392e-01 9.416517540480108250e-01 9.478870772891793139e-01
9.405224883979818040e-01 9.487442332930144939e-01 9.411836718527771817e-01 9.477029749027817696e-01
9.392213274732900130e-01 9.478298566874622244e-01 9.407551966125251575e-01 9.474204076354424409e-01
9.387731498214518799e-01 9.477644412087999903e-01 9.403231207400019054e-01 9.472995009688811585e-01
9.386285763853750019e-01 9.477907050067143624e-01 9.403051175786469873e-01 9.474092706924511775e-01
9.392646995041130653e-01 9.483518685723812958e-01 9.405787656312448730e-01 9.477260567604766095e-01
9.399731093408897342e-01 9.489243022122291205e-01 9.408416117870297413e-01 9.480527662674163025e-01
9.401610548077896645e-01 9.491633600087741041e-01 9.408524136838428698e-01 9.481037288514438943e-01
9.400743107461434489e-01 9.490050459641308223e-01 9.411152598396278490e-01 9.481742201515528379e-01
9.396550477815205360e-01 9.486726660012275714e-01 9.411944737495904212e-01 9.482266276739571564e-01
9.398719079356360195e-01 9.487690716391675716e-01 9.413276971436184137e-01 9.482187817585082668e-01
9.399152799664589608e-01 9.485996131299860856e-01 9.412232788077586898e-01 9.480933413620912242e-01
9.411007821422892050e-01 9.493952513920274061e-01 9.418209837647490978e-01 9.484876595278992628e-01
9.411007821422890940e-01 9.493953992450279156e-01 9.421270375077863690e-01 9.486449223424251453e-01
9.416790758865966060e-01 9.496838663000273240e-01 9.420334210687397736e-01 9.485311090595544004e-01
9.420983388512196299e-01 9.499062066615728828e-01 9.415653388735062412e-01 9.480691881972038715e-01
9.416067891685582225e-01 9.496098754239731266e-01 9.410504484587494112e-01 9.476719966647461080e-01
9.415489597941273381e-01 9.495969557098346003e-01 9.409136244324503018e-01 9.476318395928670091e-01
9.416067891685581115e-01 9.496880759237985581e-01 9.410648509878333234e-01 9.477019021144154065e-01
9.412308982347582509e-01 9.495189199662342761e-01 9.404851491921980555e-01 9.473692303347582833e-01
9.409706660498200481e-01 9.492337214033848003e-01 9.398154315897871980e-01 9.468990450416737703e-01
9.405080310543739719e-01 9.488717442700760341e-01 9.391817203100865097e-01 9.464688947794547280e-01
9.405369457415893031e-01 9.489343149994251547e-01 9.397038119893853514e-01 9.469219833126989450e-01
9.402333415258280480e-01 9.488100206322076513e-01 9.398190322220582038e-01 9.470533951061760325e-01
9.399731093408897342e-01 9.486750003819078847e-01 9.401430891264506151e-01 9.473787764635313025e-01
9.394237302837975534e-01 9.483671732760107220e-01 9.401646929200766500e-01 9.475521668042020673e-01
9.393080715349361176e-01 9.483306478895894287e-01 9.407191902898148772e-01 9.479237525372299356e-01
9.398719079356359085e-01 9.485674124220563330e-01 9.414789236990015464e-01 9.483801938603870774e-01
9.401610548077896645e-01 9.486766246091852262e-01 9.414429173762912662e-01 9.483766328225374798e-01
9.404068296491202572e-01 9.488563029680705530e-01 9.405571618376186160e-01 9.476344509491112511e-01
9.401755121513972746e-01 9.487818309272708639e-01 9.397110132539273630e-01 9.469620434868655234e-01
9.400309387153203966e-01 9.485886902943851950e-01 9.395165791112919385e-01 9.466874788432869670e-01
9.405658604288048563e-01 9.487913081930844372e-01 9.399414537192730679e-01 9.468423348385646143e-01
9.406526044904508499e-01 9.488124024369656295e-01 9.402259036686841931e-01 9.469790271254922009e-01
9.411007821422892050e-01 9.492599576244354909e-01 9.407623978770672801e-01 9.474032864078324456e-01
9.413031849527968564e-01 9.494274676178222627e-01 9.409712345487868390e-01 9.475432680742178482e-01
9.405224883979818040e-01 9.487067318309437836e-01 9.408236086256744901e-01 9.474620609370193458e-01
9.406526044904509609e-01 9.486504461118854259e-01 9.408128067288615837e-01 9.474683432748662870e-01
9.415345024505197280e-01 9.494411032604613832e-01 9.415365338153379726e-01 9.480703152588517701e-01
9.419682227587503620e-01 9.498190064164873103e-01 9.420550248623658085e-01 9.484334137281794641e-01
9.421417108820426822e-01 9.501250793944846507e-01 9.422512593211368470e-01 9.485872958374620412e-01
9.421706255692579024e-01 9.501398718686461242e-01 9.423502767085898402e-01 9.486334863762697633e-01
9.415055877633042858e-01 9.497713325582387567e-01 9.423862830313002314e-01 9.488008138651164991e-01
9.405658604288047453e-01 9.489052778066516813e-01 9.421990501532069295e-01 9.486412038257484580e-01
9.399297373100666819e-01 9.482310219579836996e-01 9.418713926165434014e-01 9.484111983394079015e-01
9.396695051251282571e-01 9.479814662869880948e-01 9.413817066276838341e-01 9.479676793190693340e-01
9.400309387153205076e-01 9.483470369984990933e-01 9.409748351810577338e-01 9.477153189245132170e-01
9.402767135566509893e-01 9.484531032190576250e-01 9.409028225356372843e-01 9.476213055411754071e-01
9.407104338648816233e-01 9.486370778194832543e-01 9.409532313874316989e-01 9.477134856558512288e-01
9.402188841822203269e-01 9.485301954719010942e-01 9.408452124193008581e-01 9.476637053961622925e-01
9.405080310543740829e-01 9.487777194059341390e-01 9.407299921866278947e-01 9.475105751018348954e-01
9.406236898032356297e-01 9.489080926864719157e-01 9.404671460308429154e-01 9.472630448041239326e-01
9.408983793317815536e-01 9.491422610955098094e-01 9.406111713216841475e-01 9.473227161407180574e-01
9.407104338648816233e-01 9.489991673404093442e-01 9.404815485599271607e-01 9.472602968735859275e-01
9.413899290144427390e-01 9.493661832475465134e-01 9.399990638356094941e-01 9.469376804667652969e-01
9.421995402564732336e-01 9.499027317128815318e-01 9.400746771133010604e-01 9.469945366521272945e-01
9.427489193135654144e-01 9.501654784645439111e-01 9.404347403404038630e-01 9.471698662625492871e-01
9.433272130578728154e-01 9.504722587191386518e-01 9.406543789089365504e-01 9.471871484953129361e-01
9.428356633752114080e-01 9.501880819991146421e-01 9.406255738507680597e-01 9.470840754355597246e-01
9.431248102473650530e-01 9.505827700882307774e-01 9.410360459296653879e-01 9.474012175488659704e-01
9.429946941548958961e-01 9.504727829059693711e-01 9.415509363444221069e-01 9.478473231678249400e-01
9.431248102473651640e-01 9.506476719915140094e-01 9.417849774420388176e-01 9.480747314017446969e-01
9.429946941548960071e-01 9.504334613480251992e-01 9.416409521511979186e-01 9.478868797846584648e-01
9.421561682256502923e-01 9.498458995782662617e-01 9.418317856615622263e-01 9.480270579638760964e-01
9.416212465121658326e-01 9.495992721359541866e-01 9.416373515189268018e-01 9.479007856368771856e-01
9.416357038557735537e-01 9.495454757593730921e-01 9.413348984081606474e-01 9.477267165580394170e-01
9.414333010452659023e-01 9.491080196310833772e-01 9.411080585750857264e-01 9.475243858724569090e-01
9.417947346354579308e-01 9.493464202901964466e-01 9.411260617364409775e-01 9.475110816873574260e-01
9.414766730760889546e-01 9.491210771936405832e-01 9.409100238001792960e-01 9.472865830767820405e-01
9.412887276091891353e-01 9.487250284054586924e-01 9.406975864961886202e-01 9.470835203030579796e-01
9.417369052610272684e-01 9.489694414543570211e-01 9.403915327531513491e-01 9.468067878255415071e-01
9.420405094767887455e-01 9.492915945384522436e-01 9.404671460308430264e-01 9.468916265573311675e-01
9.424453150978039373e-01 9.496072028214722627e-01 9.401682935523477669e-01 9.466503572476810957e-01
9.414477583888737344e-01 9.491156300689408409e-01 9.400962809069272064e-01 9.466813143190407898e-01
9.413899290144428500e-01 9.491745118824508332e-01 9.401034821714693290e-01 9.468011399472731071e-01
9.412164408911506408e-01 9.490050986770139918e-01 9.403447245336280513e-01 9.469992191856354546e-01
9.410140380806431004e-01 9.487161740757568129e-01 9.399450543515440737e-01 9.468632489507642358e-01
9.405658604288047453e-01 9.485674750663137811e-01 9.397974284284320579e-01 9.469637778554736984e-01
9.404357443363356994e-01 9.487233563224430899e-01 9.406975864961887313e-01 9.476602755861015526e-01
