9.059694371756135123e-01 9.184941649418537635e-01 9.113452322227784119e-01 9.273875368602488845e-01
9.062730413913747674e-01 9.186571494842681318e-01 9.125298402399460995e-01 9.283771396754638694e-01
9.061862973297286628e-01 9.186566829409792412e-01 9.133363818686561775e-01 9.289992753187870100e-01
9.067356763868207326e-01 9.189904423843907599e-01 9.141897317168895531e-01 9.296382926271669067e-01
9.075019155980280638e-01 9.194580691709395293e-01 9.154067454244964042e-01 9.305416470398323314e-01
9.080657519987277437e-01 9.199039976665304152e-01 9.162492933759166513e-01 9.311548255198706103e-01
9.087741618355044126e-01 9.204728213959584293e-01 9.167353787325053238e-01 9.315170897426395813e-01
9.098584626060808311e-01 9.210983123987014354e-01 9.176715431229722775e-01 9.323519257298193974e-01
9.106825311917189358e-01 9.217414639826915224e-01 9.185284936034767700e-01 9.331560145144517371e-01
9.113331116540647203e-01 9.221602185658102080e-01 9.193386358644577427e-01 9.338709279710247779e-01
9.119547774291952846e-01 9.226321875295144803e-01 9.206744704370086740e-01 9.349253468445017923e-01
9.124318697682487489e-01 9.228690116724689307e-01 9.212937791876252280e-01 9.354694506846154001e-01
9.129667914817330976e-01 9.232856959899754523e-01 9.216322386211019957e-01 9.357194936318151690e-01
9.132125663230638013e-01 9.234190187262014682e-01 9.219490942609521733e-01 9.359390582354361054e-01
9.133282250719252371e-01 9.235142110914011937e-01 9.222983555912418474e-01 9.361974789272564657e-01
9.143546964680708822e-01 9.242675818358968565e-01 9.231625073362883516e-01 9.369900482628613636e-01
9.147016727146554116e-01 9.245865946672506830e-01 9.241238761526523460e-01 9.376572644471586893e-01
9.153233384897858649e-01 9.247985585561574462e-01 9.250564399108482938e-01 9.383983606449127768e-01
9.159739189521317604e-01 9.252849987678377630e-01 9.257153556164462449e-01 9.389451944016086182e-01
9.156992294235857255e-01 9.251218311438987874e-01 9.265795073614926380e-01 9.396926640337884828e-01
9.155546559875089585e-01 9.250531609111999343e-01 9.275804831328380295e-01 9.404997505926101509e-01
9.156124853619396209e-01 9.251260391023664598e-01 9.281961912511835777e-01 9.410640605934867953e-01
9.156414000491550631e-01 9.249903206840284220e-01 9.287614905177349334e-01 9.415882168100560001e-01
9.159305469213087081e-01 9.250823206833688195e-01 9.292187708161552262e-01 9.419623177928151403e-01
9.159450042649163182e-01 9.251800746060531155e-01 9.296616485854917178e-01 9.424104604990926060e-01
9.159160895777009870e-01 9.250189592775213132e-01 9.299605010639868663e-01 9.427561238709196711e-01
9.164654686347930568e-01 9.254379699393056047e-01 9.306050142405005721e-01 9.432147444950771398e-01
9.172172505023926670e-01 9.259989321440441623e-01 9.312711312106405348e-01 9.436369080285292865e-01
9.171883358151773358e-01 9.259990235291328808e-01 9.316708013927246235e-01 9.438698188712695281e-01
9.182437218985383121e-01 9.268286014707516340e-01 9.323729246855747554e-01 9.444135465918205297e-01
9.186485275195536149e-01 9.271534722455967437e-01 9.327797961322008558e-01 9.447501455930067404e-01
9.184750393962614057e-01 9.268475221724199464e-01 9.332118720047239968e-01 9.450243297876609327e-01
9.182870939293614754e-01 9.265761025103285142e-01 9.337303630517519437e-01 9.454343825208824104e-01
9.183882953346153011e-01 9.265640476410754722e-01 9.342884610537611767e-01 9.458565559083402796e-01
9.192268212638610159e-01 9.270563866685094245e-01 9.345693103709010741e-01 9.461245661212249747e-01
9.195304254796223820e-01 9.271398332068234716e-01 9.347349394553683410e-01 9.463108565840232522e-01
9.190822478277841379e-01 9.268750316780076659e-01 9.347925495717048783e-01 9.464285022131695424e-01
9.182870939293613644e-01 9.262696147598771246e-01 9.347025337649290666e-01 9.463356848469661742e-01
9.183160086165768066e-01 9.264538382665943317e-01 9.349797824497981802e-01 9.464568809701482399e-01
9.182437218985384231e-01 9.262399775280718561e-01 9.348537603203123103e-01 9.463696083831908412e-01
9.177955442467000680e-01 9.260181592510986492e-01 9.349437761270878999e-01 9.464601951090167997e-01
9.177810869030924579e-01 9.259617212152396748e-01 9.347853483071628666e-01 9.463401694146204024e-01
9.180413190880307717e-01 9.264425942779610512e-01 9.350553957274897465e-01 9.465881204408751470e-01
9.180846911188538240e-01 9.266796425084605771e-01 9.352174241796860077e-01 9.466812747246199367e-01
9.180846911188538240e-01 9.266954027262940263e-01 9.356567013167512714e-01 9.470558948248424258e-01
9.180124044008155515e-01 9.265460037373279834e-01 9.357683209171532290e-01 9.471204723643065204e-01
9.169281036302390220e-01 9.255622816112939466e-01 9.357935253430502698e-01 9.469880488413184860e-01
9.160895777009931962e-01 9.248682403428605259e-01 9.353938551609661811e-01 9.466761846610028952e-01
9.148607034943397887e-01 9.240643184828775114e-01 9.353146412510037200e-01 9.466358000897521219e-01
9.141956656883862831e-01 9.235526512510390251e-01 9.354190595868633329e-01 9.466895573380249562e-01
9.135739999132559408e-01 9.233527926631969196e-01 9.357143114330876976e-01 9.468661276995746778e-01
9.130390781997715921e-01 9.226326150842413254e-01 9.358655379884708303e-01 9.469401351718034210e-01
9.122005522705258773e-01 9.219618826736346584e-01 9.357575190203397675e-01 9.469324973262868150e-01
9.114921424337492084e-01 9.213593688454531083e-01 9.353686507350691404e-01 9.466987925867118570e-01
9.111017941563417377e-01 9.208364015774103128e-01 9.351634146956204763e-01 9.466000259991491639e-01
9.112174529052031735e-01 9.208882356013412540e-01 9.346665274422188974e-01 9.461927488992227797e-01
9.116800879006490277e-01 9.211639331126879604e-01 9.343136654796583285e-01 9.459152917929756210e-01
9.111885382179878423e-01 9.209269619285310737e-01 9.338023756971723932e-01 9.455987120462999718e-01
9.110584221255186854e-01 9.210694867597122304e-01 9.329310226875839884e-01 9.449117140680047822e-01
9.113041969668492781e-01 9.211011122020323905e-01 9.322937107756120723e-01 9.444677196679014397e-01
9.103644696323497376e-01 9.203015254418935864e-01 9.317788203608553532e-01 9.439945605864815681e-01
9.104728997094073684e-01 9.201741496936496345e-01 9.313215400624349494e-01 9.435363238983631717e-01
9.105524150992496679e-01 9.201691166336843919e-01 9.308498572349304112e-01 9.430397765938114407e-01
9.107403605661495982e-01 9.202407802402609027e-01 9.304789921110145912e-01 9.426744028655641428e-01
9.109933640792841070e-01 9.202432618562297328e-01 9.300757212966597187e-01 9.423386522132305432e-01
9.115788864953953130e-01 9.208588751870815381e-01 9.295860353077999294e-01 9.419572681109418255e-01
9.117668319622952433e-01 9.212108429082184191e-01 9.294384093846880246e-01 9.417375931536625666e-01
9.117234599314720800e-01 9.212869594435568743e-01 9.291395569061928761e-01 9.414981149202701349e-01
9.114487704029261561e-01 9.212702563748025320e-01 9.288659088535946573e-01 9.411850630114768634e-01
9.115499718081799818e-01 9.213642647160338317e-01 9.291539594352766773e-01 9.413048773919716616e-01
9.118102039931184066e-01 9.213988585419261579e-01 9.294780163396693107e-01 9.417111907074945387e-01
9.117812893059029644e-01 9.215344675505265926e-01 9.294024030619777443e-01 9.417716053593832015e-01
9.124174124246410278e-01 9.217759587872295102e-01 9.294024030619776333e-01 9.418748260964839858e-01
9.130390781997714811e-01 9.221131080336730790e-01 9.293880005328936100e-01 9.419005867201484250e-01
9.125330711735025746e-01 9.216621152818298413e-01 9.292403746097813722e-01 9.417495653001939360e-01
9.117812893059029644e-01 9.212536225681831059e-01 9.290063335121647725e-01 9.417884718735499705e-01
9.120704361780566094e-01 9.215585390371187069e-01 9.285202481555761000e-01 9.415096591990701480e-01
9.112463675924186157e-01 9.209919569538900230e-01 9.287110816659406298e-01 9.418038728188011799e-01
9.110150500946956331e-01 9.207510294874103884e-01 9.287506886209218049e-01 9.418908896198358027e-01
9.107114458789342670e-01 9.206405444541052585e-01 9.283870247615481075e-01 9.414778052543655296e-01
9.109861354074801909e-01 9.207095950957251418e-01 9.282141944125388289e-01 9.413515357726265353e-01
9.111017941563417377e-01 9.208776256660636816e-01 9.280773703862397195e-01 9.411585440161518434e-01
9.111162514999494588e-01 9.211104195820796203e-01 9.275696812360250121e-01 9.406895657117002596e-01
9.102921829143113541e-01 9.206678037884892252e-01 9.270367876599132639e-01 9.403234717280182231e-01
9.097861758880422256e-01 9.202261281747213806e-01 9.269611743822214756e-01 9.402142741525285619e-01
9.102632682270959119e-01 9.204905852207172501e-01 9.269827781758477325e-01 9.401714925104224241e-01
9.106102444736803303e-01 9.205733971927774206e-01 9.269071648981560552e-01 9.400288032687791340e-01
9.105379577556419468e-01 9.203858722322881825e-01 9.267775421363990684e-01 9.398722095830035483e-01
9.108271046277957028e-01 9.206594030352627245e-01 9.267199320200626422e-01 9.399015012886388076e-01
9.104512136939957312e-01 9.204817276120590419e-01 9.262950574120815128e-01 9.396957886489655243e-01
9.106825311917188248e-01 9.206993109299959066e-01 9.262158435021190517e-01 9.396629620158488683e-01
9.108271046277955918e-01 9.210525923390344705e-01 9.257909688941378112e-01 9.393552573404632122e-01
9.102777255707036330e-01 9.207962878722097955e-01 9.254957170479136686e-01 9.390632491045882713e-01
9.098440052624728880e-01 9.209723102565983144e-01 9.250528392785772880e-01 9.388944000217077646e-01
9.102054388526651385e-01 9.210019757790267603e-01 9.240734673008580424e-01 9.384938932210262763e-01
9.101476094782343651e-01 9.210309606281279482e-01 9.236629952219610473e-01 9.383781978687745218e-01
9.100897801038037027e-01 9.207242095889616174e-01 9.239006369518486528e-01 9.386225746651739588e-01
9.100753227601959816e-01 9.205420259014718276e-01 9.237530110287366369e-01 9.385625945473342613e-01
9.101186947910190339e-01 9.206257133432091955e-01 9.235873819442692589e-01 9.385578192925558838e-01
9.104222990067805110e-01 9.207712314613800686e-01 9.242318951207831867e-01 9.389043882884096082e-01
9.099741213549421559e-01 9.204944069232865456e-01 9.241706843721758657e-01 9.388277874444312943e-01
9.099307493241191036e-01 9.206856958871185714e-01 9.237278066028394852e-01 9.384536054928001025e-01
9.099018346369038834e-01 9.206354470570837778e-01 9.231589067040172347e-01 9.378984415073464698e-01
9.099741213549421559e-01 9.206271145874919126e-01 9.229248656064004130e-01 9.376524198787895559e-01
9.100030360421577091e-01 9.207439806508971314e-01 9.226800226119706849e-01 9.374214646425593767e-01
9.096560597955731797e-01 9.205527413106986412e-01 9.227520352573912454e-01 9.374997778728355602e-01
9.091066807384812209e-01 9.202472108438695120e-01 9.231985136589984098e-01 9.378671672959711936e-01
9.084705576197428245e-01 9.200786409295209634e-01 9.233821459048208169e-01 9.380271419225760798e-01
9.082536974656276740e-01 9.200632418267800094e-01 9.237962186159888178e-01 9.382144184032938927e-01
9.086440457430351447e-01 9.204253964763842166e-01 9.235369730924749554e-01 9.379827715402795363e-01
9.087307898046812493e-01 9.203545864022051326e-01 9.233713440080077994e-01 9.378871238593659010e-01
9.093524555798118136e-01 9.208535233292960420e-01 9.232201174526246668e-01 9.377167018820453670e-01
9.095693157339270751e-01 9.209421581473159479e-01 9.229896769872789619e-01 9.375912916545617870e-01
9.088319912099350750e-01 9.203749716245321899e-01 9.227520352573911344e-01 9.375388226770189348e-01
9.085573016813890401e-01 9.200380940032477639e-01 9.223883713980175481e-01 9.372726912585774839e-01
9.078778065318278134e-01 9.194908393993914686e-01 9.223163587525970986e-01 9.372416878839709975e-01
9.076609463777125519e-01 9.192368931884687955e-01 9.229752744581949386e-01 9.376634107913639493e-01
9.069525365409359940e-01 9.186343511665986394e-01 9.229860763550078451e-01 9.375031046433173199e-01
9.071983113822665867e-01 9.187402405542538508e-01 9.224063745593724661e-01 9.371352792712132063e-01
9.074296288799894583e-01 9.187047158731405094e-01 9.221039214486064228e-01 9.370161571092601172e-01
9.080368373115124125e-01 9.189078087063633493e-01 9.221687328294848607e-01 9.370491938253450170e-01
9.085428443377814300e-01 9.191840519286567091e-01 9.221939372553820125e-01 9.369807174307205333e-01
9.086729604302505869e-01 9.195477623690289093e-01 9.226188118633632529e-01 9.371684725312292574e-01
9.081814107475891795e-01 9.193963790414849679e-01 9.228744567546059985e-01 9.373012194390077934e-01
9.085428443377813190e-01 9.198533588204078626e-01 9.228060447414566658e-01 9.372180263875531381e-01
9.094391996414579182e-01 9.203427554493250895e-01 9.221903366231110066e-01 9.368257881332654469e-01
9.091789674565194934e-01 9.202406255925700274e-01 9.219382923641391558e-01 9.365587970194987344e-01
9.086874177738580860e-01 9.200122784129800557e-01 9.215242196529710439e-01 9.363765152114157386e-01
9.085717590249967612e-01 9.198009034210529178e-01 9.219598961577653018e-01 9.368447819552166989e-01
9.084271855889198832e-01 9.196595593433910532e-01 9.221831353585688840e-01 9.368662391024393798e-01
9.080079226242969703e-01 9.194913031904509149e-01 9.222227423135502811e-01 9.368731260730294164e-01
9.076031170032818896e-01 9.194071956388957245e-01 9.228708561223348816e-01 9.373987707636024513e-01
9.072850554439126913e-01 9.190914635293986334e-01 9.222263429458212869e-01 9.369481402919740409e-01
9.077621477829663776e-01 9.194779105350476822e-01 9.222263429458212869e-01 9.368841947342003706e-01
9.080657519987278548e-01 9.196656052411399385e-01 9.223343619139520166e-01 9.369624041591020358e-01
9.084271855889199943e-01 9.199748150025538473e-01 9.220031037450174827e-01 9.367219326029310178e-01
9.092078821437350467e-01 9.204363116474709727e-01 9.217078518987933400e-01 9.364737746198907864e-01
9.096994318263963430e-01 9.207515493219582403e-01 9.213693924653171274e-01 9.363176017670448159e-01
9.103210976015266853e-01 9.212663417393244236e-01 9.213549899362327711e-01 9.362965510188842044e-01
9.112029955615955634e-01 9.219279574039742631e-01 9.214053987880270746e-01 9.363852649474686540e-01
9.108993913458340863e-01 9.218089815324692626e-01 9.218554778219055779e-01 9.367701161992184611e-01
9.108704766586186441e-01 9.218957718399402035e-01 9.222371448426344154e-01 9.370510281303564559e-01
9.109427633766572496e-01 9.218312370645480591e-01 9.226764219796996791e-01 9.372093240295129579e-01
9.105235004120342257e-01 9.213302514631859230e-01 9.231156991167648318e-01 9.374394019211316209e-01
9.100174933857652082e-01 9.211614120636835157e-01 9.228276485350827008e-01 9.372800271749709422e-01
9.091500527693041622e-01 9.206233755240008643e-01 9.228744567546061095e-01 9.372639608941826239e-01
9.088030765227197438e-01 9.205819513988873215e-01 9.225395979534006807e-01 9.371059993625969753e-01
9.092512541745578769e-01 9.209368393222603366e-01 9.225467992179426924e-01 9.371600436275887569e-01
9.088753632407581273e-01 9.207278038072541637e-01 9.225972080697369959e-01 9.373048627698916668e-01
9.090054793332272842e-01 9.206460065421319117e-01 9.228636548577930920e-01 9.374754585214893909e-01
9.092367968309502668e-01 9.207520539819706862e-01 9.239474451713720615e-01 9.380799605618306281e-01
9.096416024519655696e-01 9.210771696820445609e-01 9.241130742558393285e-01 9.380817270762346061e-01
9.101909815090575284e-01 9.215884943118409778e-01 9.234361553888861263e-01 9.375009388717949754e-01
9.103066402579191863e-01 9.215484132966988984e-01 9.226116105988211302e-01 9.368834883115176870e-01
9.106391591608957725e-01 9.217217918665674414e-01 9.227268308314939826e-01 9.368928364759394611e-01
9.107692752533649294e-01 9.217135169367397518e-01 9.229608719291105823e-01 9.370058165383855497e-01
9.104945857248188945e-01 9.212755010548377976e-01 9.231156991167649428e-01 9.371221787219038424e-01
9.102921829143113541e-01 9.210606770906077934e-01 9.224243777207277173e-01 9.367825379742452663e-01
9.101042374474114238e-01 9.210711196695376968e-01 9.223019562235128532e-01 9.368441709343400259e-01
9.092657115181658201e-01 9.206222987267443925e-01 9.222335442103632985e-01 9.368966741103580409e-01
9.099307493241191036e-01 9.210321258583371584e-01 9.223199593848681044e-01 9.370654714515110895e-01
9.102198961962729706e-01 9.212653207288965529e-01 9.218122702346533970e-01 9.366746715611338203e-01
9.106247018172879404e-01 9.217534470689068282e-01 9.215530247111392015e-01 9.364409531504896966e-01
9.098873772932960513e-01 9.213942203321654478e-01 9.216124351436111306e-01 9.364408354281328339e-01
9.093813702670270338e-01 9.207330997505198678e-01 9.219382923641390448e-01 9.367219882668276210e-01
9.092223394873425457e-01 9.206524226339194428e-01 9.219274904673259163e-01 9.365915635541988138e-01
9.086440457430351447e-01 9.202095692080565215e-01 9.213765937298590281e-01 9.362701780252142836e-01
9.078199771573971510e-01 9.197286443738620365e-01 9.210633387222796342e-01 9.360654647010158147e-01
9.076898610649278831e-01 9.197144041649139012e-01 9.212469709681018193e-01 9.361078610427311375e-01
9.070971099770128721e-01 9.192139669177838979e-01 9.213189836135224908e-01 9.360271443621127618e-01
9.068368777920745583e-01 9.191810615855100508e-01 9.213333861426066251e-01 9.360824521100091777e-01
9.068079631048591160e-01 9.191777041747908328e-01 9.218266727637371982e-01 9.363874537048409996e-01
9.074585435672050115e-01 9.194241036879474693e-01 9.220967201840643002e-01 9.366391988946738412e-01
9.081669534039815694e-01 9.199318329417731643e-01 9.224963903661482778e-01 9.370729522339443784e-01
9.086440457430351447e-01 9.201525848390084139e-01 9.227988434769145432e-01 9.373205338801586795e-01
9.092367968309503778e-01 9.205487167274459814e-01 9.229104630773162787e-01 9.374315678948924591e-01
9.093813702670271448e-01 9.206515288971630628e-01 9.222623492685315671e-01 9.368962428303492240e-01
9.093235408925964824e-01 9.206850310590759534e-01 9.221543303004007264e-01 9.367412988858121459e-01
9.095114863594960797e-01 9.207469304898606710e-01 9.216718455760831707e-01 9.363712075628617404e-01
9.094391996414579182e-01 9.206531840188426630e-01 9.213621912007747827e-01 9.363123396517982755e-01
9.085573016813890401e-01 9.199504249288738000e-01 9.209661216509620330e-01 9.357292460835620052e-01
9.088030765227196328e-01 9.202521841444286643e-01 9.209949267091301905e-01 9.356745726763915361e-01
9.086006737122120924e-01 9.199112548452530458e-01 9.208112944633076724e-01 9.357471330419206978e-01
9.086440457430351447e-01 9.199231424798181012e-01 9.211173482063450546e-01 9.361592846521440414e-01
9.088898205843658484e-01 9.203303073647597365e-01 9.216178360920177504e-01 9.366064657973849350e-01
9.093669129234195347e-01 9.207487401555161100e-01 9.218878835123447413e-01 9.367990867595663573e-01
9.095259437031040228e-01 9.211758439418039623e-01 9.221291258745034636e-01 9.369202274490454618e-01
9.096126877647502385e-01 9.213583320775988739e-01 9.230616896326995224e-01 9.375665221066884492e-01
9.096271451083578485e-01 9.212533081743434771e-01 9.236161870024376386e-01 9.379653195391918219e-01
9.091211380820888310e-01 9.207265231277101947e-01 9.238988366357131499e-01 9.381589365465381469e-01
9.091500527693041622e-01 9.208540577852658560e-01 9.239474451713720615e-01 9.381538357359640035e-01
9.079211785626509768e-01 9.199209793966283133e-01 9.235729794151852357e-01 9.378977522467650818e-01
9.067935057612515060e-01 9.190323543192361333e-01 9.228564535932511914e-01 9.373801070099526678e-01
9.072995127875205235e-01 9.191662025983948769e-01 9.223595663398493905e-01 9.369761324766947563e-01
9.081958680911970117e-01 9.199339918587615683e-01 9.221471290358587147e-01 9.368390444491558888e-01
9.093813702670271448e-01 9.207019961588130963e-01 9.217258550601484801e-01 9.365203937084731756e-01
9.097717185444346155e-01 9.210052513058519796e-01 9.221291258745036856e-01 9.367755156195074484e-01
9.093090835489887613e-01 9.205712540844086522e-01 9.219274904673260274e-01 9.366294468322086120e-01
9.096560597955731797e-01 9.206592047386694677e-01 9.221111227131484345e-01 9.367439848092530275e-01
9.091355954256965521e-01 9.202941425977222423e-01 9.224495821466248691e-01 9.369849094366794473e-01
9.091645101129117723e-01 9.205483736674364703e-01 9.223775695012044196e-01 9.369361317835818159e-01
9.100464080729806504e-01 9.211801815221113410e-01 9.223739688689334137e-01 9.369704142711756667e-01
9.098295479188653889e-01 9.209363025997006069e-01 9.228420510641668351e-01 9.372677722605644579e-01
9.092078821437348246e-01 9.204151979250195792e-01 9.231084978522228202e-01 9.374225927779110679e-01
9.087452471482888594e-01 9.200239448771425632e-01 9.226836232442416907e-01 9.370540244061805746e-01
9.084705576197427135e-01 9.197962782735367160e-01 9.226008087020078907e-01 9.369857436884210244e-01
9.087018751174659181e-01 9.201762607035326447e-01 9.227916422123725315e-01 9.369954234642889901e-01
9.090488513640503365e-01 9.205907520996866600e-01 9.233785452725498111e-01 9.374820141068964663e-01
9.091934248001272145e-01 9.206567171435181551e-01 9.231301016458490771e-01 9.374498679749454499e-01
9.093669129234193127e-01 9.209252781678617383e-01 9.229716738259238218e-01 9.375169459017004270e-01
9.090922233948734998e-01 9.210160331888018748e-01 9.226260131279051535e-01 9.373883649823915309e-01
9.088753632407581273e-01 9.208845183351418440e-01 9.229104630773163898e-01 9.375533597507546002e-01
9.089187352715812906e-01 9.209470429192058161e-01 9.230436864713442713e-01 9.376324604492446424e-01
9.095548583903194650e-01 9.212132389498477458e-01 9.231589067040172347e-01 9.375581755749826662e-01
9.096271451083578485e-01 9.212224351437539038e-01 9.229896769872790729e-01 9.373448332202812816e-01
9.096126877647501274e-01 9.211285085771115932e-01 9.226224124956341477e-01 9.371459415396723447e-01
9.090343940204427264e-01 9.206107669374811175e-01 9.224063745593726882e-01 9.369286478111205074e-01
9.084561002761352144e-01 9.202426061679062075e-01 9.220391100677278740e-01 9.366171242254976992e-01
9.084127282453121621e-01 9.201641330141815400e-01 9.227880415801013037e-01 9.370154041836268322e-01
9.093524555798118136e-01 9.207202751239130789e-01 9.234505579179702606e-01 9.372781265672085471e-01
9.098150905752577788e-01 9.208159737352101804e-01 9.235693787829143409e-01 9.373681182441458981e-01
9.096705171391810119e-01 9.205959930432475735e-01 9.235693787829142298e-01 9.374862627882010191e-01
9.093090835489887613e-01 9.203336021516629328e-01 9.232705263044189703e-01 9.373797062469895192e-01
9.098150905752576678e-01 9.208771308797618627e-01 9.224675853079800092e-01 9.369095639182336566e-01
9.097861758880424476e-01 9.209870454466736467e-01 9.223235600171389992e-01 9.367462802464789906e-01
9.092657115181657090e-01 9.209611102269431582e-01 9.224243777207277173e-01 9.367684731154822808e-01
9.094247422978501971e-01 9.211725606280203316e-01 9.225053919468259034e-01 9.368922794633356421e-01
9.101620668218420862e-01 9.217528707883084760e-01 9.219670974223074245e-01 9.365593604436530661e-01
9.099018346369037724e-01 9.214419107570670509e-01 9.219202892027841267e-01 9.364588439796028840e-01
9.101331521346267550e-01 9.213384230968547639e-01 9.225792049083819668e-01 9.370346566458824800e-01
9.104656710376036743e-01 9.213308277333773777e-01 9.234505579179703716e-01 9.376042375575273091e-01
9.102921829143112431e-01 9.210786242909331234e-01 9.240338603458767563e-01 9.379798383696511532e-01
9.097861758880423366e-01 9.207748288842391160e-01 9.239222407454750208e-01 9.378854267160978697e-01
9.096416024519655696e-01 9.206509161658915641e-01 9.231769098653724859e-01 9.375073606736025189e-01
9.100464080729806504e-01 9.210553233107989790e-01 9.232237180848956726e-01 9.376352879375990934e-01
9.097717185444345045e-01 9.209248344196374614e-01 9.232669256721479645e-01 9.378120929657463023e-01
9.097717185444347265e-01 9.208867718467586005e-01 9.231048972199518143e-01 9.377999052108512146e-01
9.101331521346268660e-01 9.213858994944044145e-01 9.226296137601762704e-01 9.373621488494349174e-01
9.100464080729807614e-01 9.213912622500293192e-01 9.222407454749054212e-01 9.369163369009028131e-01
9.093235408925963714e-01 9.207860931736061572e-01 9.223235600171389992e-01 9.369462666935565176e-01
9.082826121528428942e-01 9.199448260030576030e-01 9.222947549589708416e-01 9.368534605341867216e-01
9.078488918446125933e-01 9.194963807558640401e-01 9.224819878370641435e-01 9.369623844404859625e-01
9.078488918446124822e-01 9.194837769190921106e-01 9.230688908972415341e-01 9.374145242093432362e-01
9.082247827784122318e-01 9.195729581401635988e-01 9.233461395821106477e-01 9.375038086720717256e-01
9.085573016813890401e-01 9.196025107067663518e-01 9.237818160869049056e-01 9.376742880776630651e-01
9.083115268400583364e-01 9.193657006031111800e-01 9.244659362183998974e-01 9.381196111416464367e-01
9.086006737122120924e-01 9.195675937563539959e-01 9.241490805785494977e-01 9.379725396323720377e-01
9.091355954256964411e-01 9.201220344795454364e-01 9.239006369518486528e-01 9.378065590243842564e-01
9.088030765227197438e-01 9.200879256997531730e-01 9.240554641395029023e-01 9.379218493217948982e-01
9.087307898046813603e-01 9.201404747181433086e-01 9.241670837399047489e-01 9.379975741701214176e-01
9.075886596596740574e-01 9.191592459408373106e-01 9.239726495972693243e-01 9.379139799494284890e-01
9.080802093423354648e-01 9.194813437699446146e-01 9.238106211450730632e-01 9.377884396160626190e-01
9.086729604302505869e-01 9.198169906913088445e-01 9.233173345239423790e-01 9.374062721787301822e-01
9.087163324610736392e-01 9.201004371372437651e-01 9.231625073362883516e-01 9.372828381242432894e-01
9.085139296505659878e-01 9.201573817537411770e-01 9.228168466382697943e-01 9.369943470432022803e-01
9.087452471482888594e-01 9.204910879805475732e-01 9.226440162892604047e-01 9.367473981479775835e-01
9.089476499587966218e-01 9.208429654661740571e-01 9.229716738259239328e-01 9.368620359179740120e-01
9.093090835489886503e-01 9.212323258915904312e-01 9.230760921617836567e-01 9.369722362226919898e-01
9.092223394873425457e-01 9.211841763676967831e-01 9.232669256721479645e-01 9.372987537025775362e-01
9.092078821437349356e-01 9.211772306998056159e-01 9.235261711956619379e-01 9.375575314572340835e-01
9.087597044918968026e-01 9.207311986187112218e-01 9.238142217773441800e-01 9.378829707793413517e-01
9.083404415272737786e-01 9.202640838785089983e-01 9.236954009124002107e-01 9.376844737340321867e-01
9.085139296505660989e-01 9.203632557796963543e-01 9.238466274677834544e-01 9.377483842149606508e-01
9.087597044918966915e-01 9.206060515404828060e-01 9.236557939574187026e-01 9.376218877090990445e-01
9.088175338663273539e-01 9.206898755431905945e-01 9.233209351562134959e-01 9.375178756338291564e-01
9.088464485535427961e-01 9.205078019240862108e-01 9.232165168203535499e-01 9.375669845373225675e-01
9.094102849542424760e-01 9.209930588436863186e-01 9.228312491673537066e-01 9.375084718462963762e-01
9.096994318263961210e-01 9.211963064166978077e-01 9.225503998502135872e-01 9.372133075667249402e-01
9.099596640113345458e-01 9.211552535484073267e-01 9.225648023792978325e-01 9.372249459130298499e-01
9.089621073024043429e-01 9.205167954952009346e-01 9.222551480039893335e-01 9.369239175692855026e-01
9.085428443377814300e-01 9.201459281707596860e-01 9.225143935275033069e-01 9.370256796888071227e-01
9.081958680911969006e-01 9.199557762529697591e-01 9.223523650753071568e-01 9.368248743296795356e-01
9.081958680911969006e-01 9.199747338938797370e-01 9.223847707657464312e-01 9.368766277195111902e-01
9.076175743468894996e-01 9.196692488942322941e-01 9.225576011147555988e-01 9.370326650725829820e-01
9.080512946551200226e-01 9.196615014313661574e-01 9.226116105988211302e-01 9.369114957484688810e-01
9.089910219896197852e-01 9.202706519277857877e-01 9.228492523287088467e-01 9.371421451210270037e-01
9.091355954256964411e-01 9.203069859756919380e-01 9.229176643418584014e-01 9.371391172969638639e-01
9.098150905752578899e-01 9.207025605108642985e-01 9.223811701334754254e-01 9.367567006624863968e-01
9.106247018172881624e-01 9.212685777511688823e-01 9.219742986868495471e-01 9.363471078454627117e-01
9.115065997773569295e-01 9.219732114487342312e-01 9.223127581203259817e-01 9.365511280000802241e-01
9.116656305570415286e-01 9.221310096973431847e-01 9.227772396832885082e-01 9.369110100046019740e-01
9.112319102488108946e-01 9.221374562406097208e-01 9.228888592836902438e-01 9.370556280485636824e-01
9.102632682270959119e-01 9.218399511489002718e-01 9.226872238765126966e-01 9.370100140995045734e-01
9.088030765227197438e-01 9.205086508601857398e-01 9.229392681354844363e-01 9.371552696308030894e-01
9.078633491882202033e-01 9.197977692567415042e-01 9.225828055406529726e-01 9.368473835808954764e-01
9.081091240295509071e-01 9.198791438096751705e-01 9.229248656064005241e-01 9.370783271819149718e-01
9.086295883994275346e-01 9.203322415842749571e-01 9.227736390510172804e-01 9.371614933936959213e-01
9.093813702670271448e-01 9.208302117617138682e-01 9.225431985856716866e-01 9.371176618679228909e-01
9.104945857248188945e-01 9.215174782024651012e-01 9.225071922629614063e-01 9.371466116296215398e-01
9.096994318263962320e-01 9.208135408551950674e-01 9.224063745593725772e-01 9.371398284195314732e-01
9.098295479188653889e-01 9.208659655678966827e-01 9.225251954243165464e-01 9.371697428795849882e-01
9.099741213549422669e-01 9.209350480234530512e-01 9.228636548577930920e-01 9.372758462590951023e-01
9.107548179097573193e-01 9.213663832787308827e-01 9.229896769872789619e-01 9.372150512365665653e-01
9.117379172750799121e-01 9.221147328502760088e-01 9.233785452725498111e-01 9.376750920999281647e-01
9.122294669577412085e-01 9.225921797076200859e-01 9.232849288335033267e-01 9.376805921486536244e-01
9.122728389885642608e-01 9.226250597898368877e-01 9.235801806797274693e-01 9.378293391605115881e-01
9.124607844554640801e-01 9.225296942854415150e-01 9.239690489649983185e-01 9.380270586919942088e-01
9.115644291517875919e-01 9.218274533215486954e-01 9.237746148223628939e-01 9.379561580231033924e-01
9.102488108834883018e-01 9.211227266632533439e-01 9.235441743570169670e-01 9.380426322279487028e-01
9.093524555798118136e-01 9.204803273796933194e-01 9.230652902649706393e-01 9.378122496354528437e-01
