8.835316398964854212e-01 9.018155545058256228e-01 8.795336461082565727e-01 9.078789784036314092e-01
8.853966372218766701e-01 9.035991119527829740e-01 8.812151413788260612e-01 9.090739539759477017e-01
8.882591912561985659e-01 9.058982318227208896e-01 8.836815744844794818e-01 9.109130338764197532e-01
8.903699634229207405e-01 9.075322311879071568e-01 8.851938400383108085e-01 9.121047379957126777e-01
8.927265104309733967e-01 9.091137660207444515e-01 8.872317979037118718e-01 9.135362152608772490e-01
8.951408868134569374e-01 9.108414173735029928e-01 8.889673026583468918e-01 9.147244860123139309e-01
8.975408058523326460e-01 9.129339824240176871e-01 8.905803859157669367e-01 9.159553571806202665e-01
8.993768884905087857e-01 9.143880965325872356e-01 8.925499317680185563e-01 9.174393199644212959e-01
9.013575445647615814e-01 9.159946437594398416e-01 8.949083459055410250e-01 9.190331595726037861e-01
9.035695181367375817e-01 9.176530251318577580e-01 8.972847632044187449e-01 9.206204653660494674e-01
9.057236623342826976e-01 9.192111878681696879e-01 9.002300804021187153e-01 9.226769384519941664e-01
9.075452876288510051e-01 9.206535786682896738e-01 9.029449571344728698e-01 9.245170418151898994e-01
9.090777660512658898e-01 9.220112839266539906e-01 9.050657295421076221e-01 9.259775228866826691e-01
9.107114458789341560e-01 9.234586210839831333e-01 9.073881373569196995e-01 9.276155895168914922e-01
9.125041564862872434e-01 9.250682782512461566e-01 9.100850109279189359e-01 9.294881672103338932e-01
9.139788055342711326e-01 9.260681040261662389e-01 9.117917106243855763e-01 9.305625980274465636e-01
9.151787650537089869e-01 9.270320975378205652e-01 9.139232849288334570e-01 9.317760457844038724e-01
9.171883358151773358e-01 9.285205438584008819e-01 9.162384914791037449e-01 9.332593943697856664e-01
9.188798450172764865e-01 9.298390301962350390e-01 9.182044366990842477e-01 9.345003758783583248e-01
9.195593401668378242e-01 9.302434501092945451e-01 9.197203028851866913e-01 9.356334501121039704e-01
9.201954632855759986e-01 9.306471991685251188e-01 9.205628508366070495e-01 9.361791982513840704e-01
9.211930199945063125e-01 9.313484338806021778e-01 9.214738108011766293e-01 9.366773143781086386e-01
9.216701123335598878e-01 9.314344884716105888e-01 9.218590784541765837e-01 9.365976452253020890e-01
9.225809249808440970e-01 9.321087587814336217e-01 9.230436864713442713e-01 9.372866297850239725e-01
9.250242160505427469e-01 9.338132229933668871e-01 9.245451501283624696e-01 9.381625548871523890e-01
9.263976636932730324e-01 9.348163310700313700e-01 9.260682175790068138e-01 9.392905461887814944e-01
9.278000260232184271e-01 9.359815980737247187e-01 9.273320395061372956e-01 9.402187077367829549e-01
9.289132414810102878e-01 9.371049219344433912e-01 9.282610026320621266e-01 9.408521758929625500e-01
9.305902933395016063e-01 9.388733052054580863e-01 9.300757212966596077e-01 9.422677195847353193e-01
9.309950989605170202e-01 9.397218727537305361e-01 9.317968235222106044e-01 9.436480606838381080e-01
9.319637409822320029e-01 9.406450555904442012e-01 9.327365885449485639e-01 9.443533061941228324e-01
9.323830039468548048e-01 9.409694462047184516e-01 9.336475485095182547e-01 9.448972030193870664e-01
9.327444375370469443e-01 9.412112420668959922e-01 9.342488540987796686e-01 9.453625298446804992e-01
9.329179256603391535e-01 9.416984143358912984e-01 9.345369046804619106e-01 9.457770317260846271e-01
9.323685466032471947e-01 9.414528681356133522e-01 9.344540901382282216e-01 9.461165198302561308e-01
9.323830039468546937e-01 9.413845022960718456e-01 9.340040111043499405e-01 9.462103793700122889e-01
9.316167647356474735e-01 9.403680679856314395e-01 9.341264326015649155e-01 9.462142389122087938e-01
9.303734331853864559e-01 9.392524725941793218e-01 9.341984452469853650e-01 9.461896807984975233e-01
9.304601772470326715e-01 9.398578965576797062e-01 9.344324863446020757e-01 9.461855649693257098e-01
9.311541297402015083e-01 9.406108186229122925e-01 9.349977856111533203e-01 9.465587668801852539e-01
9.317613381717242405e-01 9.411704320656462119e-01 9.353182418832747258e-01 9.467840641566338533e-01
9.313565325507091597e-01 9.410725924105494133e-01 9.351310090051813129e-01 9.465527449798827320e-01
9.304168052162096192e-01 9.403548054231550823e-01 9.343064642151162058e-01 9.458068365621672413e-01
9.299830849079792072e-01 9.400456359606111922e-01 9.345693103709010741e-01 9.459479808402406764e-01
9.292602177275948172e-01 9.392704860242154785e-01 9.344324863446020757e-01 9.455991342400169586e-01
9.283349477367027758e-01 9.380594389339644845e-01 9.341516370274620673e-01 9.452376512062469205e-01
9.271205308736572004e-01 9.373325558167338034e-01 9.340652218529573725e-01 9.451019671497672414e-01
9.264988650985267471e-01 9.367357663417661406e-01 9.348105527330599074e-01 9.454018848466418934e-01
9.248651852708583698e-01 9.357995083327322883e-01 9.344144831832469356e-01 9.451511883157102112e-01
9.245904957423123349e-01 9.359835306714554548e-01 9.337195611549387042e-01 9.447140978959108759e-01
9.243302635573740211e-01 9.358889269809650413e-01 9.344216844477889472e-01 9.452081455042888880e-01
9.239543726235741605e-01 9.358141752881292685e-01 9.342056465115273767e-01 9.451006423582484217e-01
9.250820454249736313e-01 9.366366889380858263e-01 9.343208667442004511e-01 9.452597160985400926e-01
9.256025097948503699e-01 9.370906636588102190e-01 9.337051586258546809e-01 9.448602427834056350e-01
9.261229741647269975e-01 9.374255418610826229e-01 9.338491839166956909e-01 9.451670485912608832e-01
9.265566944729576315e-01 9.378222781620595416e-01 9.354622671741157358e-01 9.464458925358867347e-01
9.275108791510646711e-01 9.383636691886014791e-01 9.370105390506573428e-01 9.474273954567942191e-01
9.267735546270728930e-01 9.381177386765078285e-01 9.373850048068441687e-01 9.475185691380041408e-01
9.264554930677036948e-01 9.377271329726133420e-01 9.374318130263674664e-01 9.472987910678865031e-01
9.262241755699808232e-01 9.375311819285166992e-01 9.376118446399187567e-01 9.475059258571273402e-01
9.254723937023812130e-01 9.370232753543227266e-01 9.362400037446575451e-01 9.467980141130130090e-01
9.250531307377583001e-01 9.369106131748696775e-01 9.349221723334618650e-01 9.458993115953664432e-01
9.248796426144659799e-01 9.364211420649058981e-01 9.342524547310508964e-01 9.451609581817179695e-01
9.255880524512425378e-01 9.366048946273368703e-01 9.341336338661068162e-01 9.448146291924335305e-01
9.269759574375803224e-01 9.375552015768239267e-01 9.342848604214900599e-01 9.448750605420715987e-01
9.267590972834651719e-01 9.376911064541307850e-01 9.335143251154903732e-01 9.444814238373311355e-01
9.273952204022033463e-01 9.382158536412168459e-01 9.352966380896485799e-01 9.460901874425859948e-01
9.270771588428342591e-01 9.380665942200541174e-01 9.360095632793118403e-01 9.468847711358833186e-01
9.272651043097340784e-01 9.384302941151888566e-01 9.368953188179843794e-01 9.476501833079967740e-01
9.277421966487877647e-01 9.386964486081782466e-01 9.371149573865169558e-01 9.477080586247021987e-01
9.273229336841648518e-01 9.385443239140432992e-01 9.372589826773580768e-01 9.475770819015176816e-01
9.279301421156876950e-01 9.392927740618078891e-01 9.367260891012461066e-01 9.470303982584110658e-01
9.278289407104337583e-01 9.390669338237224162e-01 9.351562134310785757e-01 9.459119134644418114e-01
9.272795616533417995e-01 9.384877457394564804e-01 9.333919036182752871e-01 9.446930188855887645e-01
9.276409952435339390e-01 9.388393240269641282e-01 9.333486960310229952e-01 9.446279859568887938e-01
9.273229336841647408e-01 9.387147117269325491e-01 9.340580205884152498e-01 9.451698021145081841e-01
9.267157252526420086e-01 9.386524117432543113e-01 9.351490121665363420e-01 9.461072769631061474e-01
9.265133224421344682e-01 9.386441472071441749e-01 9.359339500016201630e-01 9.465936253012012802e-01
9.264265783804883636e-01 9.382984917938317349e-01 9.360635727633772607e-01 9.467658167783263856e-01
9.270771588428342591e-01 9.385636198934541596e-01 9.365748625458629739e-01 9.471222219107126028e-01
9.266723532218190673e-01 9.379006063292765205e-01 9.362328024801157556e-01 9.470130089008961249e-01
9.264699504113113049e-01 9.374250163421109505e-01 9.351022039470131553e-01 9.464728154765782442e-01
9.264844077549190260e-01 9.369687110152853382e-01 9.346737287067609090e-01 9.460776090102420710e-01
9.275687085254955555e-01 9.378345363481419561e-01 9.349833830820690750e-01 9.463734972464286077e-01
9.283494050803104969e-01 9.385428887759604821e-01 9.358799405175548536e-01 9.470090930767165460e-01
9.272651043097340784e-01 9.382041340275355523e-01 9.359303493693491571e-01 9.470367086485852459e-01
9.282337463314490611e-01 9.385902097355713902e-01 9.356242956263121080e-01 9.466030974926906705e-01
9.289276988246178979e-01 9.386469154613036325e-01 9.343748762282657605e-01 9.457410803035549707e-01
9.283927771111336602e-01 9.382106513421315519e-01 9.334207086764434447e-01 9.449820497338515812e-01
9.288698694501871245e-01 9.391161865837442946e-01 9.347385400876394579e-01 9.458428441509529883e-01
9.293903338200638631e-01 9.399127234384601071e-01 9.359123462079941280e-01 9.467271975585760391e-01
9.281903743006260088e-01 9.390669779997804500e-01 9.364236359904799523e-01 9.470685615227444343e-01
9.285951799216412006e-01 9.392615661818813910e-01 9.359591544275174257e-01 9.465574052671188454e-01
9.290144428862641135e-01 9.396721388848456868e-01 9.359339500016202740e-01 9.465915495437674521e-01
9.292891324148101484e-01 9.398713257711700519e-01 9.355594842454334481e-01 9.465041358702108720e-01
9.287975827321488520e-01 9.394027931693540445e-01 9.355414810840783080e-01 9.464021441479562036e-01
9.281036302389797932e-01 9.387548827754677028e-01 9.349941849788822035e-01 9.460468242906472369e-01
9.286963813268950263e-01 9.394043428033354015e-01 9.351562134310784646e-01 9.460390773164102374e-01
9.287542107013257997e-01 9.393223328960846885e-01 9.363408214482462633e-01 9.468251842077866076e-01
9.285228932036029281e-01 9.388805478240318525e-01 9.367008846753488438e-01 9.467992423785237532e-01
9.273807630585957362e-01 9.381255737046468868e-01 9.369097213470685137e-01 9.468307131977986568e-01
9.278289407104338693e-01 9.386320364387261694e-01 9.371401618124141075e-01 9.470712182745173457e-01
9.282337463314489501e-01 9.390925432670640394e-01 9.366180701331153768e-01 9.467215128832339177e-01
9.270916161864418692e-01 9.385323635686668720e-01 9.366072682363023594e-01 9.466881312247540370e-01
9.275397938382801133e-01 9.386910132547261476e-01 9.364380385195639755e-01 9.466484326136732630e-01
9.273807630585955142e-01 9.389174809065646832e-01 9.364092334613957069e-01 9.465884800314294800e-01
9.285807225780334795e-01 9.395891893843443254e-01 9.366252713976573885e-01 9.466271168921648327e-01
9.286674666396795841e-01 9.397721789005611948e-01 9.363048151255360940e-01 9.463292516918377917e-01
9.293758764764561420e-01 9.405187943582766774e-01 9.366072682363023594e-01 9.466939166306999054e-01
9.288264974193641832e-01 9.399349977736827233e-01 9.365856644426761024e-01 9.466502997719924428e-01
9.278578553976492005e-01 9.389842617636273703e-01 9.355522829808913254e-01 9.458842478794973196e-01
9.270627014992264270e-01 9.385619581131199318e-01 9.354154589545924381e-01 9.457610819002615354e-01
9.268458413451111655e-01 9.379515029125196079e-01 9.356314968908541196e-01 9.457728533299514240e-01
9.271783602480879738e-01 9.381331712255812638e-01 9.355666855099755708e-01 9.457561583830169649e-01
9.278000260232185381e-01 9.384963018560865677e-01 9.358259310334895442e-01 9.461059051483324822e-01
9.280168861773337996e-01 9.389042323496050724e-01 9.368305074371059415e-01 9.468248249231533409e-01
9.282192889878412290e-01 9.390966401172233802e-01 9.373706022777599234e-01 9.472399950092643683e-01
9.271928175916956949e-01 9.385243062549419868e-01 9.378278825761803272e-01 9.473962494978255267e-01
9.259639433850423984e-01 9.378932482438261387e-01 9.378134800470961929e-01 9.473342512354318012e-01
9.256892538564963635e-01 9.374516543372907185e-01 9.373742029100310402e-01 9.471458585013063924e-01
9.273229336841647408e-01 9.383450258944431299e-01 9.376496512787646509e-01 9.474565484510999447e-01
9.281903743006260088e-01 9.387942718685456933e-01 9.371437624446852244e-01 9.472265808341937543e-01
9.292891324148101484e-01 9.393890399940312275e-01 9.372769858387133279e-01 9.473952615271967748e-01
9.297373100666482815e-01 9.394927232520123850e-01 9.374858225104329978e-01 9.473971713084923252e-01
9.294047911636715842e-01 9.391056423253262286e-01 9.365460574876948163e-01 9.467537721876545520e-01
9.292891324148100374e-01 9.387902628005506678e-01 9.353362450446298659e-01 9.458938595546604322e-01
9.293180471020254796e-01 9.387651289791613118e-01 9.358043272398632872e-01 9.462906286844185999e-01
9.294770778817100787e-01 9.391514291623237476e-01 9.358151291366763047e-01 9.462590194672350075e-01
9.300987436568405320e-01 9.395769383186886037e-01 9.363696265064145319e-01 9.466570811522224682e-01
9.306481227139326018e-01 9.401154514878496959e-01 9.372373788837320419e-01 9.472323133263783612e-01
9.298240541282943861e-01 9.395512961367342708e-01 9.376838572853393172e-01 9.475542778938482735e-01
9.292602177275947062e-01 9.391762901970779343e-01 9.379935116606475942e-01 9.479744387645882009e-01
9.286240946088566428e-01 9.385808657381302655e-01 9.372517814128160651e-01 9.472980004404398802e-01
9.274241350894186775e-01 9.373487795724243510e-01 9.366972840430778380e-01 9.465916437268374617e-01
9.278578553976493115e-01 9.375704284970464153e-01 9.367440922626013577e-01 9.465851619043383902e-01
9.278144833668261482e-01 9.374578802595401328e-01 9.366612777203677798e-01 9.466455267480531344e-01
9.268602986887189976e-01 9.371466383698325853e-01 9.362616075382836911e-01 9.463793266129817416e-01
9.276120805563184968e-01 9.381235473414765158e-01 9.363516233450595028e-01 9.464496101119923566e-01
9.278433980540414794e-01 9.384926309220883445e-01 9.365496581199658221e-01 9.466173554875356722e-01
9.275976232127109977e-01 9.385092545493531890e-01 9.365748625458629739e-01 9.464315693874303381e-01
9.277855686796108170e-01 9.386808019690768834e-01 9.370429447410966173e-01 9.467248209993586183e-01
9.272361896225186362e-01 9.381258451864450398e-01 9.365712619135921901e-01 9.462136051739127307e-01
9.271928175916956949e-01 9.380637116521982621e-01 9.363408214482463743e-01 9.459334257363963827e-01
9.279445994592953051e-01 9.382941068668748663e-01 9.361715917315078794e-01 9.458991556493245856e-01
9.290144428862641135e-01 9.390158220593319838e-01 9.362400037446576562e-01 9.463141235349507019e-01
9.304457199034248394e-01 9.398336280816372845e-01 9.362003967896762591e-01 9.465101198605025967e-01
9.293325044456332007e-01 9.393372726669556583e-01 9.366900827785359374e-01 9.470086756928998151e-01
9.289132414810102878e-01 9.393468795585979692e-01 9.372049731932926564e-01 9.474012612501896413e-01
9.293903338200639741e-01 9.398564444327646150e-01 9.384219869008998405e-01 9.482851763116332267e-01
9.292023883531640438e-01 9.397191017085027021e-01 9.390556981806004178e-01 9.486683475136223898e-01
9.282337463314490611e-01 9.389111755163833672e-01 9.384183862686287236e-01 9.480783007819331143e-01
9.283783197675259391e-01 9.386292091917727287e-01 9.378818920602457476e-01 9.475290364743884641e-01
9.285951799216412006e-01 9.386732643155720757e-01 9.367188878367039839e-01 9.466435466135882937e-01
9.288698694501872355e-01 9.392665140740265040e-01 9.361715917315081015e-01 9.461499531773807092e-01
9.296939380358253402e-01 9.397447943754082544e-01 9.363048151255360940e-01 9.460650544641019399e-01
9.303300611545634036e-01 9.396983264317346762e-01 9.366216707653864937e-01 9.461195602925619452e-01
9.287397533577180786e-01 9.387134380038313353e-01 9.365460574876948163e-01 9.461199692002522088e-01
9.290289002298717236e-01 9.389585691123488731e-01 9.374210111295544490e-01 9.471425448592933893e-01
9.294047911636716952e-01 9.395644835406922191e-01 9.374102092327414315e-01 9.473570478520265681e-01
9.299541702207636540e-01 9.399711707183427967e-01 9.378350838407225609e-01 9.478503878350139633e-01
9.293758764764562530e-01 9.397656942228261867e-01 9.370789510638068975e-01 9.471594543316810277e-01
9.286385519524642529e-01 9.396448352809382287e-01 9.375110269363300386e-01 9.472472455059057772e-01
9.280747155517645730e-01 9.394408741854249900e-01 9.379178983829560279e-01 9.474134540125994652e-01
9.282626610186645033e-01 9.394967140492428426e-01 9.381663420096568728e-01 9.475342653384408731e-01
9.277711113360030959e-01 9.391301150941731013e-01 9.379503040733951913e-01 9.473411511597448209e-01
9.284361491419567125e-01 9.395150068878852512e-01 9.385264052367595644e-01 9.478057696692232525e-01
9.283349477367031088e-01 9.390848757093767096e-01 9.378746907957038470e-01 9.472656016152422032e-01
9.291445589787332704e-01 9.395315056044849511e-01 9.380979299965074292e-01 9.476198888962659161e-01
9.306914947447555431e-01 9.403587519743021872e-01 9.374930237749748985e-01 9.472342043294077474e-01
9.310384709913400725e-01 9.404319968691856602e-01 9.374030079681991978e-01 9.470027098040236790e-01
9.303878905289942880e-01 9.399313063014315128e-01 9.376010427431057392e-01 9.471765493319397322e-01
9.296288799895907617e-01 9.399603785662512534e-01 9.376766560207971946e-01 9.473917530094329020e-01
9.293903338200638631e-01 9.400383814392796467e-01 9.373525991164047833e-01 9.471064348465364491e-01
9.288698694501871245e-01 9.393081382959828085e-01 9.374498161877227176e-01 9.472043489694214058e-01
9.289566135118333401e-01 9.392864815095975928e-01 9.376190459044607683e-01 9.472033784222105846e-01
9.289132414810103988e-01 9.392156446806088077e-01 9.381303356869467036e-01 9.473575181273756751e-01
9.285373505472103162e-01 9.387960028688362435e-01 9.379791091315634599e-01 9.472015683782208928e-01
9.274385924330262876e-01 9.376966142206002441e-01 9.371617656060403645e-01 9.465371461584091151e-01
9.276988246179647124e-01 9.375032263250772102e-01 9.371761681351244988e-01 9.464743067085104045e-01
9.278867700848645317e-01 9.377555873697671629e-01 9.373453978518629937e-01 9.465448990003059171e-01
9.277855686796108170e-01 9.378585385520095130e-01 9.366576770880966629e-01 9.461457588558608300e-01
9.272217322789111371e-01 9.375530555783828657e-01 9.368341080693770584e-01 9.463224258549894907e-01
9.278000260232185381e-01 9.380436175365916007e-01 9.373489984841338885e-01 9.465519797733927820e-01
9.285807225780337015e-01 9.384651110209901725e-01 9.370429447410966173e-01 9.465339834066673896e-01
9.289855281990486713e-01 9.390050081707590479e-01 9.367620954239563869e-01 9.464547527006168526e-01
9.291734736659486016e-01 9.393034914426274806e-01 9.369205232438815312e-01 9.466398900159235241e-01
9.297662247538637237e-01 9.395789250729166264e-01 9.380349189317643832e-01 9.474546873059948027e-01
9.294047911636715842e-01 9.391601802362832263e-01 9.384435906945259864e-01 9.478611592095709248e-01
9.281036302389799042e-01 9.383133755898744877e-01 9.388576634056940984e-01 9.480605468973061223e-01
9.272361896225187472e-01 9.378486370095789892e-01 9.384687951204231382e-01 9.476619683877965938e-01
9.267880119706803921e-01 9.379410732155817332e-01 9.379683072347503314e-01 9.472835157515555604e-01
9.266289811909960150e-01 9.378679757490659963e-01 9.372625833096291936e-01 9.467446174442133433e-01
9.270337868120112068e-01 9.382585347413727739e-01 9.371005548574330435e-01 9.466568523777576516e-01
9.270771588428341481e-01 9.378609313582978446e-01 9.369745327279469516e-01 9.465904583945332629e-01
9.278289407104338693e-01 9.383106005513202064e-01 9.371977719287508668e-01 9.467798955959060292e-01
9.280602582081568519e-01 9.384066359237197563e-01 9.377738730921150179e-01 9.472459473350780534e-01
9.275397938382801133e-01 9.381223355971981537e-01 9.377666718275727842e-01 9.473026925584727698e-01
9.273518483713802940e-01 9.380490296279494489e-01 9.378026781502831755e-01 9.472522348286482874e-01
9.273229336841648518e-01 9.381145501763966665e-01 9.378242819439093214e-01 9.474778883660578410e-01
9.282626610186645033e-01 9.388501565479207001e-01 9.380979299965073182e-01 9.477070578391993960e-01
9.287108386705027474e-01 9.392173287052899555e-01 9.383895812104605660e-01 9.478277324322248454e-01
9.295782792869637934e-01 9.395421929264941019e-01 9.383823799459185544e-01 9.475786958357246270e-01
9.293614191328485319e-01 9.395335148598158437e-01 9.386956349534978372e-01 9.476368566355046763e-01
9.293180471020253686e-01 9.395346444313232848e-01 9.383391723586662625e-01 9.472693442449913181e-01
9.298674261591174384e-01 9.398305559797062170e-01 9.381555401128437444e-01 9.470147917421937178e-01
9.298674261591175494e-01 9.399296432549549829e-01 9.386920343212268314e-01 9.473188833661931874e-01
9.299107981899406017e-01 9.397748507531707984e-01 9.383607761522924084e-01 9.471496649471471407e-01
9.294192485072793053e-01 9.393787017814578810e-01 9.379467034411242965e-01 9.468526320903941640e-01
9.282192889878412290e-01 9.389584918031199656e-01 9.372913883677974622e-01 9.464388032028316911e-01
9.280602582081567409e-01 9.386265276540736169e-01 9.367656960562275037e-01 9.459923475538301041e-01
9.279012274284723638e-01 9.384516211230051752e-01 9.368125042757509124e-01 9.461042184868944105e-01
9.274385924330262876e-01 9.382270583053845536e-01 9.372805864709843338e-01 9.464641607661306022e-01
9.277277393051800436e-01 9.383274178549825262e-01 9.382203514937221822e-01 9.471582195377729052e-01
9.281325449261951244e-01 9.386901878671365385e-01 9.385840153530959906e-01 9.475456947408990027e-01
9.277855686796108170e-01 9.386133347710960972e-01 9.383895812104605660e-01 9.476061177791693657e-01
9.276988246179648234e-01 9.383748297381381276e-01 9.378710901634326191e-01 9.472217462987165826e-01
9.289276988246180089e-01 9.390702546971758657e-01 9.372193757223767907e-01 9.466656261600265854e-01
9.290722722606947759e-01 9.389568938284363897e-01 9.364308372550220749e-01 9.460947153270533594e-01
9.289566135118332291e-01 9.389893473358439380e-01 9.361787929960501131e-01 9.457375791758335648e-01
9.289999855426563924e-01 9.389455277113911702e-01 9.363696265064147539e-01 9.456555946546676417e-01
9.293180471020255906e-01 9.394190238035700080e-01 9.377054610789653522e-01 9.464752941159473298e-01
9.304312625598171183e-01 9.398784533167112709e-01 9.375686370526663538e-01 9.464784028428365747e-01
9.313276178634938285e-01 9.402102811185789610e-01 9.374174104972833321e-01 9.462784580107020949e-01
9.307637814627939266e-01 9.397378481137130812e-01 9.378134800470963039e-01 9.466613773134990861e-01
9.300698289696250898e-01 9.391862194485525173e-01 9.377414674016756324e-01 9.467377191557677651e-01
9.295493645997484622e-01 9.388943344425487725e-01 9.379359015443110570e-01 9.467698400852588847e-01
9.306047506831095495e-01 9.399860480487410852e-01 9.387784494957314152e-01 9.473551649230271821e-01
9.307782388064018697e-01 9.399661637576224305e-01 9.393473493945537767e-01 9.479653413233203318e-01
9.303011464673480724e-01 9.397703317647478904e-01 9.389404779479276764e-01 9.476995260648571895e-01
9.291590163223408805e-01 9.390464141637464568e-01 9.385552102949278330e-01 9.475392844957022387e-01
9.284361491419566015e-01 9.384606311258256728e-01 9.382491565518905619e-01 9.473768278940514209e-01
9.282337463314491721e-01 9.382417411859169665e-01 9.387820501280024210e-01 9.478042762211691397e-01
9.285518078908181483e-01 9.386619221578706984e-01 9.388360596120678414e-01 9.478571402269785340e-01
9.294915352253177998e-01 9.392680830427363459e-01 9.395021765822080262e-01 9.482873664718840523e-01
9.290433575734793337e-01 9.384865783470726086e-01 9.395057772144789210e-01 9.483305922399780652e-01
9.296794806922175081e-01 9.392199286399749436e-01 9.396534031375909368e-01 9.485099489195527589e-01
9.305035492778556128e-01 9.398728629374649701e-01 9.395813904921704873e-01 9.483001835195229434e-01
9.296505660050022879e-01 9.392293875661279490e-01 9.387100374825819715e-01 9.476367100520892706e-01
9.297083953794329503e-01 9.394640842677557391e-01 9.378386844729934557e-01 9.472471842010329324e-01
9.287108386705025254e-01 9.388760809894824977e-01 9.370249415797413661e-01 9.467730601235216925e-01
9.286963813268949153e-01 9.389790495377046131e-01 9.366432745590126396e-01 9.465671399899413530e-01
9.281325449261952354e-01 9.387391035933337902e-01 9.363732271386855377e-01 9.462307019729176982e-01
9.275976232127108867e-01 9.383003353298522420e-01 9.359303493693492682e-01 9.456746038002329380e-01
9.274385924330263986e-01 9.379679284141481110e-01 9.367981017466665561e-01 9.461593771661739316e-01
9.273084763405572417e-01 9.379394027499365905e-01 9.376370490658159085e-01 9.467623973604806231e-01
9.273807630585956252e-01 9.376448158294298230e-01 9.379719078670214483e-01 9.469795410289083559e-01
9.268169266578959453e-01 9.370146767691792666e-01 9.375542345235824415e-01 9.467208142979948171e-01
9.272651043097340784e-01 9.373972091012962027e-01 9.370465453733674011e-01 9.462832649180689115e-01
9.274096777458109564e-01 9.372854914262163106e-01 9.369385264052367823e-01 9.461449266339588826e-01
9.279879714901184684e-01 9.379384425956633908e-01 9.378386844729934557e-01 9.466981929673395912e-01
9.291445589787332704e-01 9.390972407535207456e-01 9.387064368503107437e-01 9.474116718183734909e-01
9.290867296043024970e-01 9.393338504394637134e-01 9.391817203100865097e-01 9.478326488929872395e-01
9.300987436568405320e-01 9.399035590359131609e-01 9.399450543515441847e-01 9.483713517782238478e-01
9.301999450620943577e-01 9.396373330668749135e-01 9.400206676292357511e-01 9.485069343397123376e-01
9.309228122424785257e-01 9.400742998664630701e-01 9.402871144172917361e-01 9.487574085020166192e-01
9.307782388064016477e-01 9.402723054281831860e-01 9.410468478264781833e-01 9.493845415277312183e-01
9.309806416169092991e-01 9.403431289309766017e-01 9.412448826013847247e-01 9.496085721825169301e-01
9.308649828680477523e-01 9.401323063518598477e-01 9.409604326519735995e-01 9.493359829865141153e-01
9.312987031762783863e-01 9.403180751790483072e-01 9.404095359145066002e-01 9.489824806249339550e-01
9.318047102025474038e-01 9.409206036349456737e-01 9.399558562483572022e-01 9.488029326575322386e-01
9.312697884890630551e-01 9.401967892529292659e-01 9.390124905933481259e-01 9.481880166317036007e-01
9.304746345906402816e-01 9.398489862230644531e-01 9.386884336889558256e-01 9.479419155054851220e-01
9.308071534936170899e-01 9.399519979193309283e-01 9.386956349534978372e-01 9.477538117298008880e-01
9.299830849079790962e-01 9.394531286644116630e-01 9.392069247359836615e-01 9.477866652564744809e-01
9.293614191328484209e-01 9.389843221043780996e-01 9.391565158841891359e-01 9.475641102670366855e-01
9.287252960141104685e-01 9.385092742657690223e-01 9.388864684638622560e-01 9.473927265304056267e-01
9.295204499125331310e-01 9.390564934736340685e-01 9.393977582463480802e-01 9.478604317901541121e-01
9.303011464673480724e-01 9.395177141057552417e-01 9.395093778467499268e-01 9.479612097559689810e-01
9.302577744365249091e-01 9.394963592228120497e-01 9.395597866985443414e-01 9.480002866646264348e-01
9.306770374011478220e-01 9.397239460586164217e-01 9.396570037698620537e-01 9.480230353530230136e-01
9.313420752071014386e-01 9.405043011535283437e-01 9.391673177810022644e-01 9.476377474346634466e-01
9.308216108372247000e-01 9.406066937139007100e-01 9.392141260005255621e-01 9.477650687059112622e-01
9.302433170929174100e-01 9.403553033315386056e-01 9.386524273662455453e-01 9.474637848182169142e-01
9.287252960141102465e-01 9.390268365130487460e-01 9.384976001785912958e-01 9.475057741684392854e-01
9.279445994592954161e-01 9.381041637590726845e-01 9.381123325255915635e-01 9.471034410179476337e-01
9.272217322789110261e-01 9.376852311155743358e-01 9.377630711953017784e-01 9.467640122856449958e-01
9.278289407104338693e-01 9.378010719117713112e-01 9.377990775180120586e-01 9.466827874238452623e-01
9.284216917983489914e-01 9.380560852984731746e-01 9.378818920602458586e-01 9.465820741421341333e-01
9.285228932036028171e-01 9.382947321422107079e-01 9.375578351558535584e-01 9.462659009156973999e-01
9.286674666396796951e-01 9.384219531318558349e-01 9.373850048068441687e-01 9.460477656113672751e-01
9.287542107013256887e-01 9.383943243661260203e-01 9.368593124952740991e-01 9.456706936414618347e-01
9.279879714901184684e-01 9.377189365433279411e-01 9.365892650749472192e-01 9.455239483257339428e-01
9.283204903930952767e-01 9.378709959054016831e-01 9.363120163900781057e-01 9.454038512295538377e-01
9.286240946088566428e-01 9.380862722461915659e-01 9.364776454745453727e-01 9.457587311022290777e-01
9.282626610186645033e-01 9.380338368990968068e-01 9.365532587522368280e-01 9.458947647880578957e-01
9.280458008645492418e-01 9.380215604913191285e-01 9.375146275686010444e-01 9.463809765188244683e-01
9.278867700848646427e-01 9.379321939474222214e-01 9.373742029100310402e-01 9.463645716303189515e-01
9.281325449261952354e-01 9.380190588390044937e-01 9.377198636080495975e-01 9.465567936651386738e-01
9.286385519524642529e-01 9.381415692090689928e-01 9.375794389494794823e-01 9.464193373791073283e-01
9.292891324148100374e-01 9.384567252869576715e-01 9.374894231427037816e-01 9.463673024773333609e-01
9.290289002298718346e-01 9.384475961061863325e-01 9.381339363192175984e-01 9.469203676169932749e-01
9.286096372652489217e-01 9.382167256522773169e-01 9.383823799459184434e-01 9.471316067359342172e-01
9.287975827321487410e-01 9.384055904553842975e-01 9.387244400116661058e-01 9.473920178574881668e-01
9.288264974193640722e-01 9.386169275835446468e-01 9.385876159853669964e-01 9.471766266039943760e-01
9.283277190648990818e-01 9.382749848847982133e-01 9.383391723586661515e-01 9.468508460930609161e-01
9.288554121065794034e-01 9.387794922392801444e-01 9.390665000774135462e-01 9.473515414297091208e-01
9.292891324148099264e-01 9.389547558534926397e-01 9.395741892276284757e-01 9.477098419911261784e-01
9.291156442915177172e-01 9.386039207148673125e-01 9.395345822726470786e-01 9.476030247602357237e-01
9.284216917983489914e-01 9.380846557574059608e-01 9.391781196778152818e-01 9.472976988313975832e-01
9.284072344547413813e-01 9.380192695877350717e-01 9.388648646702361100e-01 9.471208064849626629e-01
