8.778209891714495727e-01 8.987224515119023316e-01 8.726168315156141997e-01 9.013467692585158675e-01
8.785004843210109104e-01 8.992033499096432347e-01 8.732145364726044967e-01 9.018695067345510186e-01
8.786161430698721242e-01 8.992766358323485143e-01 8.738158420618660216e-01 9.022131260524602903e-01
8.787173444751261719e-01 8.991721787897162255e-01 8.745467704128845332e-01 9.026664288483708942e-01
8.787896311931646665e-01 8.992042404619857709e-01 8.753965196288467920e-01 9.032939685034414579e-01
8.799173039945640262e-01 9.001581687366699835e-01 8.767827630531921379e-01 9.042732678586297146e-01
8.808859460162790089e-01 9.007803164819049302e-01 8.781618052129953611e-01 9.052226345683745956e-01
8.822015642845784100e-01 9.016702230031721221e-01 8.797136777218079740e-01 9.062608083238903323e-01
8.839653602047160552e-01 9.030711531395021474e-01 8.812763521274336043e-01 9.074084504058174128e-01
8.856279547195997637e-01 9.041686451810431180e-01 8.828246240039749893e-01 9.086140557917801175e-01
8.875507814194220080e-01 9.056002593996376193e-01 8.845133205390867115e-01 9.099885739166639897e-01
8.878977576660065374e-01 9.059358338563449076e-01 8.852622520514601412e-01 9.105959150130105151e-01
8.882881059434138971e-01 9.062992000053939901e-01 8.857735418339460765e-01 9.110217539083022009e-01
8.889965157801904549e-01 9.067656198427193059e-01 8.868213258248147657e-01 9.119383986903761841e-01
8.893145773395595421e-01 9.069119456940302193e-01 8.876926788344033925e-01 9.126142739763108969e-01
8.899940724891208799e-01 9.074545588529422391e-01 8.884920191985713478e-01 9.133285933476010809e-01
8.910494585724818561e-01 9.081304925832713870e-01 8.894965956021877451e-01 9.141591446334891291e-01
8.914831788807126012e-01 9.085373686717158614e-01 8.905803859157667146e-01 9.149316586502136417e-01
8.928855412106579958e-01 9.095602138794636193e-01 8.916533743325327777e-01 9.157581217053109013e-01
8.935794937038267216e-01 9.101761423057567191e-01 8.923662995221961491e-01 9.163742621209212125e-01
8.948951119721262337e-01 9.111532712156645841e-01 8.931800424154481277e-01 9.170314777793023842e-01
8.961095288351716981e-01 9.117498973104689597e-01 8.942962384194665937e-01 9.178047869957784988e-01
8.971793722621406175e-01 9.124095456174782237e-01 8.956176704629332797e-01 9.185621988895709134e-01
8.990299122439243673e-01 9.139397999950465978e-01 8.971479391781197466e-01 9.197203432055420791e-01
9.004901039483005354e-01 9.147896204780107121e-01 8.986926104223901257e-01 9.207677499572457513e-01
9.020225823707150870e-01 9.160086474921774746e-01 8.999060234977261930e-01 9.215882306525553513e-01
9.026587054894533724e-01 9.163261608950219461e-01 9.005757411001372725e-01 9.220494552659356247e-01
9.039743237577527735e-01 9.174168550048703574e-01 9.015083048583331093e-01 9.226394759558957936e-01
9.050007951538984186e-01 9.182361074308973414e-01 9.020303965376319510e-01 9.231261065616862549e-01
9.057236623342829196e-01 9.189901417539082518e-01 9.028297369017999063e-01 9.236539901549811749e-01
9.068079631048592271e-01 9.199358451261736569e-01 9.038667189958556891e-01 9.243699773804845421e-01
9.082681548092352841e-01 9.210845718887097355e-01 9.052745662138270699e-01 9.253063346942295153e-01
9.097861758880423366e-01 9.222967008963336433e-01 9.070820836138824284e-01 9.265344064038173455e-01
9.114632277465338772e-01 9.233815522705387524e-01 9.084035156573494474e-01 9.275072995516610019e-01
9.130101635125562609e-01 9.245181535978482801e-01 9.099265831079936806e-01 9.285310428189521570e-01
9.139932628778789647e-01 9.253285007959020092e-01 9.118277169470958565e-01 9.296628485716134094e-01
9.159739189521316494e-01 9.266752884516364919e-01 9.136784419344037289e-01 9.309563417741382185e-01
9.167690728505544229e-01 9.270242868714760887e-01 9.151150942105433783e-01 9.318643164866026174e-01
9.177955442467000680e-01 9.277414058097275262e-01 9.162276895822906164e-01 9.326913204665169266e-01
9.182292645549307020e-01 9.281516599251468103e-01 9.166453629257298452e-01 9.328595248891351499e-01
9.182148072113229809e-01 9.282620978587248217e-01 9.167641837906737035e-01 9.330242725637147849e-01
9.181714351804999286e-01 9.281969826125340273e-01 9.175959298452807111e-01 9.336337290684308954e-01
9.182437218985383121e-01 9.282616359682301921e-01 9.183700657835517367e-01 9.341099665169325661e-01
9.187641862684150507e-01 9.288052438675049594e-01 9.185392955002897875e-01 9.342717796446469158e-01
9.192268212638610159e-01 9.288347060108863573e-01 9.186689182620468852e-01 9.344424946407812183e-01
9.194292240743685563e-01 9.288436285572130302e-01 9.190397833859625942e-01 9.346542288030019741e-01
9.200942618803222839e-01 9.289420608920068156e-01 9.193890447162522683e-01 9.349197224213863233e-01
9.202243779727913298e-01 9.288787949958379198e-01 9.195114662134671324e-01 9.349035198182594764e-01
9.208171290607064519e-01 9.291841131828688649e-01 9.197527085756259657e-01 9.350098588971373914e-01
9.213086787433677483e-01 9.294807253000193503e-01 9.204728350298312378e-01 9.354306335588584709e-01
9.215110815538752886e-01 9.295639119901519809e-01 9.207680868760552695e-01 9.356790399949266313e-01
9.218146857696367658e-01 9.297933446077580877e-01 9.214846126979897578e-01 9.362024768083047066e-01
9.217568563952059923e-01 9.298852298233817315e-01 9.216070341952046219e-01 9.364429601539824288e-01
9.215833682719136721e-01 9.298537325298655842e-01 9.222857533782931050e-01 9.368744430521102062e-01
9.219881738929289750e-01 9.302081214824229338e-01 9.221669325133493578e-01 9.368084328235811720e-01
9.224218942011593869e-01 9.304889418305238857e-01 9.221507296681296095e-01 9.367745675084806489e-01
9.232604201304051017e-01 9.308878653274026416e-01 9.218950847768868639e-01 9.365871862882064747e-01
9.240122019980048229e-01 9.314169044941518205e-01 9.217474588537746261e-01 9.366036025022256295e-01
9.237519698130663981e-01 9.309757082804401840e-01 9.218122702346529529e-01 9.367658611909067679e-01
9.238531712183204458e-01 9.312336262435925160e-01 9.220175062741017280e-01 9.368116832316570886e-01
9.242290621521201954e-01 9.313348347864242038e-01 9.222533476878540526e-01 9.369506745055521391e-01
9.245182090242739514e-01 9.314626632279068286e-01 9.228528529609798525e-01 9.372153085642194181e-01
9.245904957423122239e-01 9.315543940560491176e-01 9.229788750904658334e-01 9.371957342720428352e-01
9.237230551258511779e-01 9.309422715335272658e-01 9.225972080697371069e-01 9.369526238978596044e-01
9.229568159146437356e-01 9.302230594366793781e-01 9.228348497996248234e-01 9.372754745010701827e-01
9.226965837297055328e-01 9.300786018203980321e-01 9.228060447414565548e-01 9.372359673554753190e-01
9.224941809191979925e-01 9.297270863830714438e-01 9.225576011147558209e-01 9.370120114397265665e-01
9.220170885801444172e-01 9.292519462270566466e-01 9.218698803509897122e-01 9.365135430252089499e-01
9.211641053072908703e-01 9.284946018507307386e-01 9.209193134314385132e-01 9.357367203098824193e-01
9.207159276554526262e-01 9.279965043522157009e-01 9.207500837147002404e-01 9.356607348649682576e-01
9.199063164134220205e-01 9.273833037703580473e-01 9.199507433505322851e-01 9.351422867969685360e-01
9.199063164134222426e-01 9.275209297988759038e-01 9.193710415548970172e-01 9.346796913343201618e-01
9.190533331405686956e-01 9.266627759628904837e-01 9.191081953991120379e-01 9.345349027645795115e-01
9.189376743917073709e-01 9.264864493147162428e-01 9.191261985604672891e-01 9.345729595544123303e-01
9.184894967398691268e-01 9.262364898764797738e-01 9.186653176297757684e-01 9.343341076386320054e-01
9.178822883083461726e-01 9.258230876728674730e-01 9.186041068811683363e-01 9.344088280330041796e-01
9.172895372204310505e-01 9.256006689908763407e-01 9.187769372301777260e-01 9.346488718192784706e-01
9.168124448813775862e-01 9.254279009064882988e-01 9.187787375463131179e-01 9.346428956325494308e-01
9.166244994144776559e-01 9.257301795220601592e-01 9.191982112058878496e-01 9.349668751529626176e-01
9.164365539475778366e-01 9.257561349106733228e-01 9.191514029863643298e-01 9.348888057109224770e-01
9.162919805115008476e-01 9.255835912083025807e-01 9.191658055154484641e-01 9.348452410937330148e-01
9.159160895777009870e-01 9.253057420238752773e-01 9.184852860162244781e-01 9.343009532405067707e-01
9.157715161416239980e-01 9.252306326639541112e-01 9.171890583986548329e-01 9.333877506267890256e-01
9.153233384897859759e-01 9.248128703088367430e-01 9.166417622934587284e-01 9.330469244118039240e-01
9.142534950628171675e-01 9.240219803098383977e-01 9.157524061225150724e-01 9.323543876794239127e-01
9.143546964680709932e-01 9.239572447393105126e-01 9.155435694507956246e-01 9.321130921457844165e-01
9.139643481906635225e-01 9.235666218089979562e-01 9.147550309834406868e-01 9.315891576106104521e-01
9.139788055342711326e-01 9.236568294519565958e-01 9.135740235985440050e-01 9.310383174529088812e-01
9.129523341381253765e-01 9.231770422897587203e-01 9.130159255965346610e-01 9.308055803820619589e-01
9.120270641472335571e-01 9.227204894710179239e-01 9.129943218029086260e-01 9.307333066458696180e-01
9.111885382179879533e-01 9.221991746741156071e-01 9.127674819698338160e-01 9.306259524419371321e-01
9.108993913458341973e-01 9.217399341318252004e-01 9.122813966132452546e-01 9.303593378047488871e-01
9.108560193150111450e-01 9.217034410840719838e-01 9.126342585758059345e-01 9.306940351820335300e-01
9.105957871300726092e-01 9.216299965268111016e-01 9.129187085252170597e-01 9.309496400936548843e-01
9.109861354074801909e-01 9.217346970099759007e-01 9.133939919849924927e-01 9.313125728950785165e-01
9.115065997773568185e-01 9.223269185645469603e-01 9.131887559455440506e-01 9.309694579635844347e-01
9.117234599314721910e-01 9.225755638762568323e-01 9.135740235985438940e-01 9.309510367722958479e-01
9.126487299223640104e-01 9.232543347910255882e-01 9.138692754447680366e-01 9.310526856572962640e-01
9.123017536757797030e-01 9.233118700068401186e-01 9.140961152778427357e-01 9.311415530635170912e-01
9.122583816449565397e-01 9.234913437322339602e-01 9.143553608013568201e-01 9.313669341504700050e-01
9.118535760239414589e-01 9.229283202930007590e-01 9.137972627993474761e-01 9.309718244538699450e-01
9.118391186803337378e-01 9.226742847427086280e-01 9.130519319192449412e-01 9.304356019005832756e-01
9.118969480547645112e-01 9.228588680332746597e-01 9.126882680598713549e-01 9.303190725819624474e-01
9.120126068036259470e-01 9.228208159535148392e-01 9.127350762793946526e-01 9.304081313339650494e-01
9.120415214908412782e-01 9.227421851175259260e-01 9.127494788084786759e-01 9.303807814094013917e-01
9.122294669577410975e-01 9.227873340665757596e-01 9.120869624706098300e-01 9.298775261270284531e-01
9.120270641472334461e-01 9.227072190214447023e-01 9.110967885960774559e-01 9.289621879323950449e-01
9.120559788344488883e-01 9.227809374520504759e-01 9.111291942865167304e-01 9.289939131272715311e-01
9.120848935216644415e-01 9.227644692602597898e-01 9.114712543522642818e-01 9.292834778132650353e-01
9.112319102488107836e-01 9.219660528337473293e-01 9.120005472961052462e-01 9.295350082787610102e-01
9.104656710376035633e-01 9.213163794432341902e-01 9.127278750148526409e-01 9.300073819349582438e-01
9.099452066677268247e-01 9.209891480690196586e-01 9.129367116865719778e-01 9.300652539136364805e-01
9.098295479188653889e-01 9.208887309264131016e-01 9.131131426678524843e-01 9.302808288555083349e-01
9.101620668218420862e-01 9.216259912660916820e-01 9.130195262288057778e-01 9.303346951358266725e-01
9.096126877647501274e-01 9.212226831271033145e-01 9.122417896582639685e-01 9.297733762382236478e-01
9.096994318263962320e-01 9.210790983043308788e-01 9.116764903917127238e-01 9.293067476522979264e-01
9.097428038572192843e-01 9.212988366057366374e-01 9.115468676299558481e-01 9.291312667364970412e-01
9.095548583903193540e-01 9.213819044037115935e-01 9.112552164160028223e-01 9.290838305047238732e-01
9.090199366768350053e-01 9.210239597243788934e-01 9.115432669976849533e-01 9.292501482703743321e-01
9.081814107475891795e-01 9.203381443591331923e-01 9.121157675287778765e-01 9.297156236162440468e-01
9.080368373115124125e-01 9.203874311445608969e-01 9.119537390765817264e-01 9.295958473029335423e-01
9.080079226242969703e-01 9.202428808226367218e-01 9.122417896582640795e-01 9.299013657281591794e-01
9.089331926151890118e-01 9.207212622731830720e-01 9.121877801741985481e-01 9.296597583280800103e-01
9.095693157339270751e-01 9.213363607701960944e-01 9.118997295925164170e-01 9.292183006957557279e-01
9.101909815090576394e-01 9.217537695464235181e-01 9.120113491929182636e-01 9.292964169109890760e-01
9.105668724428575000e-01 9.220219709124833907e-01 9.123282048327686633e-01 9.296373724427374752e-01
9.107548179097573193e-01 9.220232269706298833e-01 9.129367116865720888e-01 9.300820426561322574e-01
9.103789269759574587e-01 9.216235126879764872e-01 9.127494788084786759e-01 9.300217761266913463e-01
9.103066402579190752e-01 9.217423580081078871e-01 9.128322933507122539e-01 9.301410933496588873e-01
9.095404010467116329e-01 9.211720329352877101e-01 9.130303281256190173e-01 9.304348334918809416e-01
9.091789674565194934e-01 9.207956902824970813e-01 9.126882680598713549e-01 9.303701449781883737e-01
9.091645101129117723e-01 9.206714460108095244e-01 9.129367116865721998e-01 9.304560634731284807e-01
9.089765646460120641e-01 9.206960361528777614e-01 9.129943218029086260e-01 9.303003003288180528e-01
9.088175338663273539e-01 9.205043874686049676e-01 9.125982522530957652e-01 9.297944375606365108e-01
9.094825716722809705e-01 9.211225106024897302e-01 9.120005472961054682e-01 9.294058793148367581e-01
9.096416024519654586e-01 9.211527882922225796e-01 9.119105314893294345e-01 9.292354456611570113e-01
9.089621073024042319e-01 9.207752131662308992e-01 9.117232986112362436e-01 9.291932012769729132e-01
9.090922233948734998e-01 9.210957744335944719e-01 9.116692891271707122e-01 9.290957984604572006e-01
9.094970290158885806e-01 9.215834191793941255e-01 9.113236284291521550e-01 9.288598099406508712e-01
9.096126877647502385e-01 9.216041884224563940e-01 9.112876221064418747e-01 9.287693289817583464e-01
9.097861758880423366e-01 9.216735654959474777e-01 9.116980941853389808e-01 9.290021663034819799e-01
9.102777255707036330e-01 9.222777152845658133e-01 9.117701068307595413e-01 9.289623851787308650e-01
9.100464080729805394e-01 9.220137823829046564e-01 9.116044777462921633e-01 9.289200056953461626e-01
9.092367968309501558e-01 9.212877515101680626e-01 9.126882680598713549e-01 9.296568498830622973e-01
9.087741618355044126e-01 9.208091017250961130e-01 9.131095420355814785e-01 9.300781506461999193e-01
9.091789674565196044e-01 9.209835232404460781e-01 9.129943218029086260e-01 9.300331244367205930e-01
9.096994318263962320e-01 9.213560885695148972e-01 9.132931742814037746e-01 9.302425189173415543e-01
9.098150905752577788e-01 9.214620361814992444e-01 9.128682996734226451e-01 9.299979010582096750e-01
9.095837730775349073e-01 9.212394596826192217e-01 9.131851553132730448e-01 9.301342871253766020e-01
9.094825716722808595e-01 9.210981342493365087e-01 9.135452185403757364e-01 9.303528295450429475e-01
9.092295681591463508e-01 9.208909649825006705e-01 9.137432533152820557e-01 9.305983826274590864e-01
9.091789674565193824e-01 9.207979276830901005e-01 9.134047938818056211e-01 9.303854575931732596e-01
9.092801688617733191e-01 9.209750237814829932e-01 9.126594630017030862e-01 9.298903864700051036e-01
9.092078821437349356e-01 9.208364366935219980e-01 9.120077485606472578e-01 9.294021278779611706e-01
9.085573016813891511e-01 9.204863201816345653e-01 9.117701068307595413e-01 9.291681587333415759e-01
9.081091240295507960e-01 9.199642451362785023e-01 9.117413017725913837e-01 9.291489583138946573e-01
9.085717590249966502e-01 9.202751638371362564e-01 9.116116790108342860e-01 9.290527841341182924e-01
9.088030765227197438e-01 9.203980482873107549e-01 9.115792733203950116e-01 9.290344444686523540e-01
9.095982304211425173e-01 9.209894391353780074e-01 9.117449024048623896e-01 9.291868969726814198e-01
9.102777255707037440e-01 9.214629135040504071e-01 9.118277169470959675e-01 9.291857796446119089e-01
9.102777255707037440e-01 9.214209273354595497e-01 9.115864745849371342e-01 9.288609377351999541e-01
9.094102849542424760e-01 9.203972794941343016e-01 9.109743670988624809e-01 9.284496635048228308e-01
9.089042779279735695e-01 9.201759469563219884e-01 9.108699487630027569e-01 9.284040415554180026e-01
9.094681143286733604e-01 9.206811194119910446e-01 9.111399961833297478e-01 9.285747958880037345e-01
9.095548583903193540e-01 9.209771048209951516e-01 9.116584872303575837e-01 9.290017408441387792e-01
9.090054793332273952e-01 9.204678027540758034e-01 9.122129846000958109e-01 9.294837454240939545e-01
9.087307898046814714e-01 9.203160071431939482e-01 9.132211616359833251e-01 9.301509481470973117e-01
9.080223799679046914e-01 9.197601358540163918e-01 9.137324514184690383e-01 9.305337166174038055e-01
9.073717995055587959e-01 9.193581960840944145e-01 9.136712406698614952e-01 9.305668547366425791e-01
9.076898610649279941e-01 9.197303681139857856e-01 9.138152659607028383e-01 9.306474804658211308e-01
9.087886191791121338e-01 9.204172359329882980e-01 9.134408002045157904e-01 9.303584673364848623e-01
9.093524555798117026e-01 9.206843330398325476e-01 9.136208318180673027e-01 9.302579423247383517e-01
9.096416024519655696e-01 9.209132643068251856e-01 9.128863028347777853e-01 9.296521261520189761e-01
9.093235408925964824e-01 9.205188734043409093e-01 9.121337706901332387e-01 9.292497458551524092e-01
9.098729199496884412e-01 9.211791564538891475e-01 9.122813966132452546e-01 9.295107960269435310e-01
9.099307493241191036e-01 9.213238720471883525e-01 9.124614282267965448e-01 9.297303248430984768e-01
9.097861758880423366e-01 9.210997881285113431e-01 9.124290225363573814e-01 9.297229777585001020e-01
9.099162919805114935e-01 9.213886329544387355e-01 9.132643692232356170e-01 9.301554681060726359e-01
9.094825716722809705e-01 9.210560719874424374e-01 9.134984103208524386e-01 9.302229246633244575e-01
9.091500527693041622e-01 9.208732958863261597e-01 9.136496368762354603e-01 9.302815495747280838e-01
9.092801688617734301e-01 9.209340895660875770e-01 9.140853133810296072e-01 9.306445016010430615e-01
9.096560597955731797e-01 9.214753466716905095e-01 9.140673102196744670e-01 9.306714464356733441e-01
9.097428038572192843e-01 9.217739105569993097e-01 9.132607685909646111e-01 9.302151202462540791e-01
9.101042374474113128e-01 9.220185479414539920e-01 9.127962870280020846e-01 9.299889270992884871e-01
9.097861758880423366e-01 9.218060774074100516e-01 9.125658465626563798e-01 9.298003172489346380e-01
9.098440052624731100e-01 9.218499112737528201e-01 9.128502965120675050e-01 9.299516299702591526e-01
9.098440052624729990e-01 9.217712465298559810e-01 9.128682996734226451e-01 9.299342600665027048e-01
9.095114863594964127e-01 9.212317866774057951e-01 9.129439129511143225e-01 9.300653728680332577e-01
9.096560597955731797e-01 9.211607378670227941e-01 9.131923565778150564e-01 9.303052724928931871e-01
9.098150905752576678e-01 9.211477718629348388e-01 9.133399825009271833e-01 9.304098801343323455e-01
9.100897801038037027e-01 9.212013135774771433e-01 9.135650220178663794e-01 9.304973692960630816e-01
9.104222990067805110e-01 9.214527598690429588e-01 9.133399825009272943e-01 9.302432763128488658e-01
9.106969885353264349e-01 9.218611039404314145e-01 9.133507843977404228e-01 9.302199421667267654e-01
9.107837325969726505e-01 9.222103895750435321e-01 9.136388349794224428e-01 9.302216008739426778e-01
9.107981899405802606e-01 9.223406517595673648e-01 9.140421057937775373e-01 9.304315408151411226e-01
9.106536165045033826e-01 9.224378268265431835e-01 9.145605968408052622e-01 9.308015311957915650e-01
9.104512136939959532e-01 9.221057566371153591e-01 9.146218075894125832e-01 9.308218440126055926e-01
9.103066402579189642e-01 9.217654962494408188e-01 9.146506126475808518e-01 9.309560585226992480e-01
9.104801283812112844e-01 9.220750285549543790e-01 9.146362101184967175e-01 9.311431469746938028e-01
9.107837325969725395e-01 9.223294017243675036e-01 9.143157538463754230e-01 9.308473581241833994e-01
9.108993913458341973e-01 9.221418101133305179e-01 9.141897317168894421e-01 9.307462800969237282e-01
9.109138486894416964e-01 9.219320849174733601e-01 9.139088823997493227e-01 9.305447930489187947e-01
9.104945857248190055e-01 9.216513574549305421e-01 9.140817127487586014e-01 9.306929738570046684e-01
9.099596640113344348e-01 9.212068271432526378e-01 9.137036463603007697e-01 9.304987850601000865e-01
9.099307493241191036e-01 9.214375856654580810e-01 9.129475135833852173e-01 9.300437496535359783e-01
9.099162919805113825e-01 9.215320162303854978e-01 9.122165852323668167e-01 9.293975276965726895e-01
9.099307493241189926e-01 9.215608767779066568e-01 9.118133144180119443e-01 9.290682413317279398e-01
9.102343535398805807e-01 9.216376998278303923e-01 9.118313175793669734e-01 9.292025416168824270e-01
9.101331521346267550e-01 9.215364615402918957e-01 9.119825441347501060e-01 9.293395440017155895e-01
9.094681143286732494e-01 9.207818045747022673e-01 9.119717422379369776e-01 9.292163816710053981e-01
9.088609058971504062e-01 9.203795566317409804e-01 9.120293523542732927e-01 9.292280454989941818e-01
9.090922233948733888e-01 9.204176294097820010e-01 9.123390067295817918e-01 9.294630199378696167e-01
9.095114863594964127e-01 9.208254526190623457e-01 9.132355641650673483e-01 9.300287485467635396e-01
9.100319507293729293e-01 9.214248070096627830e-01 9.136352343471514370e-01 9.302904680437105167e-01
9.103066402579188532e-01 9.217000201870236831e-01 9.139268855611044629e-01 9.304707424886533573e-01
9.109861354074801909e-01 9.221828295875381665e-01 9.146938202348332547e-01 9.310459939695552301e-01
9.111740808743801212e-01 9.223772370895757522e-01 9.146974208671042605e-01 9.310519717289430508e-01
9.105813297864648881e-01 9.221491277590667668e-01 9.145137886212818534e-01 9.308490807533000844e-01
9.103210976015267963e-01 9.218059002057897855e-01 9.138512722834130075e-01 9.304391480226279487e-01
9.100174933857653192e-01 9.215190829669376305e-01 9.134155957786187496e-01 9.301449862347449526e-01
9.095982304211424063e-01 9.210144683519755349e-01 9.133615862945532182e-01 9.301005967386274387e-01
9.098729199496885522e-01 9.211343195458426836e-01 9.138476716511418907e-01 9.305119356525939356e-01
9.101620668218421972e-01 9.214019823707413348e-01 9.139736937806278716e-01 9.308159182056772174e-01
9.104222990067805110e-01 9.218517948556542718e-01 9.141897317168893311e-01 9.309255787865219345e-01
9.110873368127339056e-01 9.225261233733708099e-01 9.142509424654969852e-01 9.308628696320805362e-01
9.113186543104569992e-01 9.226802283461077447e-01 9.139952975742540175e-01 9.306677093340028906e-01
9.110728794691262955e-01 9.224571141600667046e-01 9.135020109531233334e-01 9.302199963178203745e-01
9.102054388526654716e-01 9.213943850928510981e-01 9.136892438312168574e-01 9.302084471690684753e-01
9.098584626060807201e-01 9.209828443457213076e-01 9.136928444634879742e-01 9.301104441578310622e-01
9.099162919805114935e-01 9.213088730380188940e-01 9.136478365600999574e-01 9.300777255424583778e-01
9.104078416631727899e-01 9.217567768465285694e-01 9.143805652272538609e-01 9.305798680467669559e-01
9.101620668218421972e-01 9.215955830676179072e-01 9.140781121164875955e-01 9.305136413327654843e-01
9.106825311917188248e-01 9.221343924570294392e-01 9.138584735479550192e-01 9.305129868990441588e-01
9.109283060330495285e-01 9.222650478768007476e-01 9.139520899870017256e-01 9.306527986826913512e-01
9.110295074383032432e-01 9.224415766498137437e-01 9.142005336137026816e-01 9.308089653492492843e-01
9.105524150992496679e-01 9.219530785833984776e-01 9.140277032646930699e-01 9.307990587343601963e-01
9.101186947910190339e-01 9.216225385547711646e-01 9.138368697543288732e-01 9.307198455685889993e-01
9.103789269759575697e-01 9.219021198976752318e-01 9.141789298200764247e-01 9.310262899412393711e-01
9.103355549451344064e-01 9.217329321012965870e-01 9.141825304523475415e-01 9.309787295780785898e-01
9.101620668218421972e-01 9.216057584439293349e-01 9.139988982065251344e-01 9.307962547481757332e-01
9.100319507293730403e-01 9.214955913048759051e-01 9.136424356116933376e-01 9.305761271909014365e-01
9.094391996414578072e-01 9.209265626018863227e-01 9.132787717523197513e-01 9.303027724809633803e-01
9.100174933857652082e-01 9.216258308024987134e-01 9.132391647973383542e-01 9.302216756890498983e-01
9.104945857248188945e-01 9.220700831798016583e-01 9.139412880901887082e-01 9.306701653458391288e-01
9.108415619714033129e-01 9.224103563406720330e-01 9.140313038969644088e-01 9.306964022800328085e-01
9.113041969668491671e-01 9.229133523146587637e-01 9.142689456268520143e-01 9.307810223510077918e-01
9.111162514999494588e-01 9.228789340993764911e-01 9.139952975742540175e-01 9.305203896041892575e-01
9.109716780638724698e-01 9.229272292304269154e-01 9.133939919849926037e-01 9.301283849735721976e-01
9.104945857248190055e-01 9.225872251264579660e-01 9.129943218029085150e-01 9.297680139917269271e-01
9.094681143286733604e-01 9.217062806507119177e-01 9.121517738514882678e-01 9.291927890559984471e-01
9.093235408925963714e-01 9.215852952775354101e-01 9.118133144180117222e-01 9.290357246584631801e-01
9.094102849542426981e-01 9.216589331970371779e-01 9.120257517220025090e-01 9.292924090364562684e-01
9.097428038572192843e-01 9.215611143931651261e-01 9.121373713224041335e-01 9.293374883687623988e-01
9.099885786985497660e-01 9.215202533286321884e-01 9.121553744837592737e-01 9.293059304411644961e-01
9.103210976015269074e-01 9.216921324425433326e-01 9.120761605737968125e-01 9.293339450441289173e-01
9.102198961962729706e-01 9.217107710101694051e-01 9.120077485606472578e-01 9.294053798243717690e-01
9.109138486894419184e-01 9.221427790781334677e-01 9.128106895570862189e-01 9.300288916951371387e-01
9.113909410284954937e-01 9.223769581186525013e-01 9.137936621670765813e-01 9.306488679769604477e-01
9.112319102488108946e-01 9.221652380545757310e-01 9.143481595368146975e-01 9.308994717773497740e-01
9.106102444736805523e-01 9.217967129311531727e-01 9.137684577411793185e-01 9.305492000187894908e-01
9.106969885353265459e-01 9.219473615893999385e-01 9.141177190714688816e-01 9.308044555158525579e-01
9.112897396232415570e-01 9.222695279077230968e-01 9.142365399364129619e-01 9.308079966581457310e-01
9.115644291517875919e-01 9.225978196703310541e-01 9.141537253941791619e-01 9.308187664699536512e-01
9.110873368127340166e-01 9.223739536707605824e-01 9.136928444634877522e-01 9.304921497567304467e-01
9.109138486894416964e-01 9.222044351393243744e-01 9.134732058949551758e-01 9.303748559802119678e-01
9.101476094782344761e-01 9.216432117179800265e-01 9.137288507861981435e-01 9.306604424572982870e-01
9.103066402579189642e-01 9.218563639347419070e-01 9.137900615348054645e-01 9.307314338260062048e-01
9.102921829143113541e-01 9.218162354747572174e-01 9.137108476248428923e-01 9.306483774825506927e-01
9.105668724428573890e-01 9.219391684163016354e-01 9.132103597391700855e-01 9.303921785521157561e-01
9.107981899405803716e-01 9.221568239540633982e-01 9.125262396076752047e-01 9.298155237442722321e-01
9.101620668218420862e-01 9.216903511025106299e-01 9.118133144180117222e-01 9.293950322085511306e-01
9.105813297864651101e-01 9.222013611171913094e-01 9.119789435024791002e-01 9.295158194504370419e-01
9.106391591608957725e-01 9.222666367727694325e-01 9.125910509885535316e-01 9.298286761518816945e-01
9.105668724428575000e-01 9.221332278918437098e-01 9.132463660618805878e-01 9.303301961888459370e-01
9.098150905752576678e-01 9.215352600189363752e-01 9.138152659607026163e-01 9.306751470479082133e-01
9.093958276106348659e-01 9.214474974992470369e-01 9.144489772404034156e-01 9.309679158107500019e-01
9.097572612008268944e-01 9.219012774209940364e-01 9.146902196025622489e-01 9.310088499761037806e-01
9.101620668218421972e-01 9.220956426940541961e-01 9.140385051615063094e-01 9.305659247388716748e-01
9.105235004120342257e-01 9.223332039997849119e-01 9.137252501539271377e-01 9.304354570968722538e-01
9.103210976015267963e-01 9.220490322600323196e-01 9.135308160112914910e-01 9.302131603299981233e-01
9.104367563503882321e-01 9.218828574781623431e-01 9.134371995722447846e-01 9.300784719496258957e-01
9.106102444736805523e-01 9.219144199397669714e-01 9.135452185403757364e-01 9.301955438361343420e-01
9.107259032225418771e-01 9.220714894665863470e-01 9.137792596379923360e-01 9.303368242215107609e-01
9.105090430684267266e-01 9.220323410117582386e-01 9.141141184391978758e-01 9.304424890391138625e-01
9.107981899405803716e-01 9.219158228714021686e-01 9.142725462591232422e-01 9.305247400144720515e-01
9.111596235307724001e-01 9.219035513590169151e-01 9.144273734467772696e-01 9.305905282349715701e-01
9.113186543104569992e-01 9.220501178989608526e-01 9.144921848276557075e-01 9.306029719421047286e-01
9.104512136939960643e-01 9.216212558006732225e-01 9.142545430977679910e-01 9.305949608650171401e-01
9.106680738481112147e-01 9.219585172276540952e-01 9.140205020001512803e-01 9.305149397218434038e-01
9.102343535398806917e-01 9.216690738597421717e-01 9.135344166435626079e-01 9.302063056966214383e-01
9.101620668218421972e-01 9.217222597008130069e-01 9.135938270760346480e-01 9.301504633629167351e-01
9.102921829143113541e-01 9.218018746691400978e-01 9.142581437300389968e-01 9.306841478750360608e-01
9.106536165045033826e-01 9.221164526874618961e-01 9.145065873567397308e-01 9.308775370584974063e-01
9.110005927510880230e-01 9.224669474305766670e-01 9.139844956774408891e-01 9.304865352411288981e-01
9.117812893059029644e-01 9.229876676485887499e-01 9.131887559455440506e-01 9.301089472208607933e-01
9.118535760239412369e-01 9.228813520758877287e-01 9.129691173770113632e-01 9.299828929746118966e-01
9.115355144645722607e-01 9.224680714060754516e-01 9.129295104220300772e-01 9.299051384149609190e-01
9.112029955615955634e-01 9.218960817004848707e-01 9.130951395064972331e-01 9.298932505863126696e-01
9.108560193150110340e-01 9.220224168257313835e-01 9.134263976754317671e-01 9.300303978677915140e-01
9.102921829143113541e-01 9.214736475158306073e-01 9.142617443623100026e-01 9.304895549824288015e-01
