8.969046827335944716e-01 9.123544712451845395e-01 8.893489696790756183e-01 9.103790903965092163e-01
8.979166967861326176e-01 9.131146378584040768e-01 8.903679486117762609e-01 9.111028993143786003e-01
8.986684786537321168e-01 9.136120055058334355e-01 8.911528864468600819e-01 9.118095408768958077e-01
8.993624311469010646e-01 9.140941350386208031e-01 8.918298053138130621e-01 9.122994752599542512e-01
8.999407248912085766e-01 9.145000193190431226e-01 8.922906862445045828e-01 9.126832063998973066e-01
9.001575850453237271e-01 9.146352559179803388e-01 8.927911741301772786e-01 9.129937867728544765e-01
9.005623906663389189e-01 9.149902108305301152e-01 8.937597442110835066e-01 9.138388906012031576e-01
9.006635920715927446e-01 9.150547821810429694e-01 8.945086757234570474e-01 9.144356089108534036e-01
9.010683976926080474e-01 9.155248410960380445e-01 8.957220887987931146e-01 9.153126268214639705e-01
9.017189781549537209e-01 9.161092549939023888e-01 8.966762563506150974e-01 9.160808943291643969e-01
9.025864187714149889e-01 9.170268605205486034e-01 8.977816504578204349e-01 9.170574098767477755e-01
9.031791698593300000e-01 9.175375672030601226e-01 8.985845914542592849e-01 9.176266782858540916e-01
9.043646720351601331e-01 9.183609537466710382e-01 8.993767305538853396e-01 9.182103095128631987e-01
9.054778874929519938e-01 9.191706853257306520e-01 8.999888380399596599e-01 9.188049201114529829e-01
9.065188162327054711e-01 9.198221386838943969e-01 9.008565904172773919e-01 9.194887973748228083e-01
9.071693966950511445e-01 9.203884506702266766e-01 9.014182890515575197e-01 9.198333524725077481e-01
9.075452876288510051e-01 9.208774466386963065e-01 9.020808053894263656e-01 9.203131521192596809e-01
9.087741618355043016e-01 9.217866775331767792e-01 9.029701615603699105e-01 9.209549326513828404e-01
9.095693157339269641e-01 9.225725162058777684e-01 9.036434797950519959e-01 9.215024501864601536e-01
9.102198961962728596e-01 9.231681612784545798e-01 9.041763733711639661e-01 9.219395627607881449e-01
9.107114458789341560e-01 9.235709421744352499e-01 9.047776789604254910e-01 9.223739687857894776e-01
9.110728794691262955e-01 9.240105975710477537e-01 9.051773491425094686e-01 9.228511635963649873e-01
9.111451661871646790e-01 9.241269030071148638e-01 9.054221921369390857e-01 9.230896077925757615e-01
9.121571802397027140e-01 9.249072302835321668e-01 9.061567211202288252e-01 9.236296071745448977e-01
9.130679928869868123e-01 9.255334232663307015e-01 9.064933802375697569e-01 9.238839191575550780e-01
9.135161705388252784e-01 9.258965987504063078e-01 9.067040172254247077e-01 9.240276749919574817e-01
9.144414405297170978e-01 9.266762306558471440e-01 9.074259439957655937e-01 9.246465559300738324e-01
9.154823692694704640e-01 9.275568830779203910e-01 9.083963143928074357e-01 9.254844923010645541e-01
9.162341511370699632e-01 9.280092238063712973e-01 9.093108749896481324e-01 9.262093986859604167e-01
9.165377553528315513e-01 9.281185078212177419e-01 9.097393502299004897e-01 9.265279404710433653e-01
9.166823287889083183e-01 9.282545125740518932e-01 9.105116858520355683e-01 9.269912573741054818e-01
9.175786840925848065e-01 9.290211938880679199e-01 9.114244461327408731e-01 9.275295724745263870e-01
9.180413190880308827e-01 9.294562019995864510e-01 9.120005472961052462e-01 9.279395583775555956e-01
9.185906981451227304e-01 9.299027223901211725e-01 9.129259097897591824e-01 9.285390554547940933e-01
9.193280226691147305e-01 9.303616568372428119e-01 9.133039761782169030e-01 9.287819301385310533e-01
9.195882548540532664e-01 9.303912295984417824e-01 9.136388349794223318e-01 9.289031940722527469e-01
9.204123234396912601e-01 9.309399721056674792e-01 9.144489772404034156e-01 9.294025231484097649e-01
9.211496479636831491e-01 9.316500070730115990e-01 9.156191827284871909e-01 9.302385143583261629e-01
9.221905767034365153e-01 9.324483506961300794e-01 9.167929888488418610e-01 9.309250043850441081e-01
9.219303445184982015e-01 9.323201678864309061e-01 9.170018255205614199e-01 9.310787900693929808e-01
9.228556145093901319e-01 9.329698159515349420e-01 9.177687601942902118e-01 9.316854411936190683e-01
9.234628229409128641e-01 9.331551753318461095e-01 9.182008360668134639e-01 9.320707376117043363e-01
9.241567754340817009e-01 9.334869934707493710e-01 9.187733365979064981e-01 9.324532257652387024e-01
9.248940999580737010e-01 9.340747660959836107e-01 9.195294693748221615e-01 9.331129129329033267e-01
9.255013083895965442e-01 9.345159949979492398e-01 9.201091711704575404e-01 9.335580941356393936e-01
9.256458818256735332e-01 9.347205212281993747e-01 9.204188255457658174e-01 9.337341486033738924e-01
9.261374315083346076e-01 9.351697215564019894e-01 9.208761058441861103e-01 9.341172923297663688e-01
9.263109196316268168e-01 9.352863017574570836e-01 9.210633387222796342e-01 9.341960782309552958e-01
9.265422371293499104e-01 9.354105632552652816e-01 9.212505716003730472e-01 9.342746020711376609e-01
9.275108791510647821e-01 9.360933451254278559e-01 9.222947549589707306e-01 9.350618258307643593e-01
9.284216917983489914e-01 9.368183741495044181e-01 9.226872238765125855e-01 9.353407812805876187e-01
9.293903338200639741e-01 9.376570681089432258e-01 9.228330494834893205e-01 9.355132377997491533e-01
9.297228527230406714e-01 9.377778569282514409e-01 9.231229003813069545e-01 9.357689278132916844e-01
9.297228527230406714e-01 9.376823444255141249e-01 9.236233882669797612e-01 9.361978908880030925e-01
9.298963408463328806e-01 9.378607621428707297e-01 9.239870521263532366e-01 9.363877513381998474e-01
9.304168052162096192e-01 9.382972547453776180e-01 9.245235463347364346e-01 9.366465265608511226e-01
9.314721912995705955e-01 9.390493987506244311e-01 9.252130674146380462e-01 9.371263357894953350e-01
9.320215703566626653e-01 9.394920454236764806e-01 9.260070068303994928e-01 9.376752424896592775e-01
9.331781578452775783e-01 9.403429214500971245e-01 9.271051996730627076e-01 9.385163344345143210e-01
9.340745131489540665e-01 9.408887783287304130e-01 9.281241786057631282e-01 9.391982017549934669e-01
9.343492026774999903e-01 9.410864031435292043e-01 9.283870247615481075e-01 9.393416960688629747e-01
9.345660628316153629e-01 9.413001041818278569e-01 9.289667265571833754e-01 9.397615310945730549e-01
9.350865272014919904e-01 9.417060715363352319e-01 9.292943840938469036e-01 9.399639323524912049e-01
9.359828825051684786e-01 9.424801014475242544e-01 9.295140226623795909e-01 9.400742339018206550e-01
9.360262545359916420e-01 9.426027676832510194e-01 9.299893061221550239e-01 9.403816287769491966e-01
9.367924937471988622e-01 9.432321398402900847e-01 9.303781744074258730e-01 9.405961522266371722e-01
9.369370671832757402e-01 9.433337617936947694e-01 9.307274357377155471e-01 9.409240381833261502e-01
9.373129581170756008e-01 9.436288614383049334e-01 9.310730964357342154e-01 9.411996704925581492e-01
9.373563301478986531e-01 9.435540974511029688e-01 9.317608171995002131e-01 9.416739908939192327e-01
9.367491217163758099e-01 9.431039954825708449e-01 9.319192450194253574e-01 9.419167621733485207e-01
9.366623776547297053e-01 9.430422019886705032e-01 9.322108962333786053e-01 9.423136544633485823e-01
9.372406713990372173e-01 9.435478118104773104e-01 9.330426422879858350e-01 9.427857980131945093e-01
9.378189651433445073e-01 9.439367861514877944e-01 9.336907560967707687e-01 9.432667196253414765e-01
9.379201665485983330e-01 9.441011322727581589e-01 9.342992629505740831e-01 9.437140081050116036e-01
9.378189651433445073e-01 9.440190261831189478e-01 9.344288857123310699e-01 9.439275414065336767e-01
9.378767945177753917e-01 9.441726312442011437e-01 9.345981154290693427e-01 9.440488228175361041e-01
9.379924532666368275e-01 9.441839572684067594e-01 9.348393577912281760e-01 9.443181646209234392e-01
9.383105148260059147e-01 9.444397514467091082e-01 9.349869837143401918e-01 9.445452583678243252e-01
9.391056687244284662e-01 9.450287881388735878e-01 9.351814178569757274e-01 9.448336431634234422e-01
9.394671023146207167e-01 9.452295639970090813e-01 9.349689805529850517e-01 9.447344322518380633e-01
9.395827610634822635e-01 9.453625117409557577e-01 9.352642323992093054e-01 9.449221730819673537e-01
9.396116757506974837e-01 9.453728392960187854e-01 9.356891070071905459e-01 9.452846302945967505e-01
9.393369862221514488e-01 9.450337704445098685e-01 9.362057977380828788e-01 9.455812915394768980e-01
9.387876071650596010e-01 9.445545913785443615e-01 9.360815759247324008e-01 9.455636554679875960e-01
9.383683442004365771e-01 9.440269336101836384e-01 9.363444220805171581e-01 9.457133022092049091e-01
9.380791973282829321e-01 9.436864743077308937e-01 9.364848467390874953e-01 9.458406881683947276e-01
9.374719888967600889e-01 9.431449751387042113e-01 9.367080859398909665e-01 9.459771527349912779e-01
9.372695860862525485e-01 9.432866840021529864e-01 9.367188878367042060e-01 9.459553793148125500e-01
9.373997021787218165e-01 9.435360949563075250e-01 9.369997371538442144e-01 9.460703067072402384e-01
9.378912518613830018e-01 9.439386010302960317e-01 9.370645485347227632e-01 9.460109002951229140e-01
9.384984602929058450e-01 9.443210231507980223e-01 9.373922060713859583e-01 9.462850356397866092e-01
9.385273749801210652e-01 9.443077202060877751e-01 9.375146275686010444e-01 9.463101506479346670e-01
9.388165218522748212e-01 9.443726955665593392e-01 9.373381965873207600e-01 9.461059124823659738e-01
9.380502826410674899e-01 9.439081499755088700e-01 9.372517814128160651e-01 9.459380201172650215e-01
9.377322210816984027e-01 9.438776035551437182e-01 9.374570174522646182e-01 9.460129824661769327e-01
9.384984602929058450e-01 9.446059186261084317e-01 9.375722376849374706e-01 9.460378668777912337e-01
9.388454365394901524e-01 9.446176055808175320e-01 9.375326307299562956e-01 9.460053834029408248e-01
9.384117162312596294e-01 9.443266676758659273e-01 9.375974421108346224e-01 9.459235129051004609e-01
9.384984602929058450e-01 9.443091171554662822e-01 9.375974421108346224e-01 9.459040262280047351e-01
9.381081120154983743e-01 9.439646551773803740e-01 9.375866402140217160e-01 9.459210066043796106e-01
9.376888490508753504e-01 9.436160917327771624e-01 9.376802566530682004e-01 9.460190389224053531e-01
9.371828420246064439e-01 9.433355170004849022e-01 9.382383546550774334e-01 9.463175001136463482e-01
9.367346643727681998e-01 9.430535144864645725e-01 9.386236223080772767e-01 9.465436431968813347e-01
9.362431146901067924e-01 9.427715890716951153e-01 9.386992355857689541e-01 9.465287981378216475e-01
9.361419132848531888e-01 9.429057641840212778e-01 9.383967824750026887e-01 9.463238976227638100e-01
9.356937356330149447e-01 9.426868308213189884e-01 9.385768140885538680e-01 9.465161827416961327e-01
9.356503636021917814e-01 9.425418934713085672e-01 9.387892513925446547e-01 9.467259745041763930e-01
9.351732712631380950e-01 9.421506415757143760e-01 9.388360596120678414e-01 9.467056892228765674e-01
9.356214489149764502e-01 9.422971616730344557e-01 9.390917045033108090e-01 9.468337391040368978e-01
9.350286978270612170e-01 9.419890448449974585e-01 9.391097076646658381e-01 9.469031709774554662e-01
9.355491621969378446e-01 9.423117346497121849e-01 9.391241101937499725e-01 9.469241182719999594e-01
9.361997426592837401e-01 9.427430635568472272e-01 9.388828678315912502e-01 9.466831375137410021e-01
9.367635790599835310e-01 9.432766688922645804e-01 9.390340943869741608e-01 9.467949311254115763e-01
9.370093539013141237e-01 9.434786738384431937e-01 9.393581512913667941e-01 9.470018519936711510e-01
9.369876678859025976e-01 9.435586422132972162e-01 9.396281987116937851e-01 9.472081348715728488e-01
9.372985007734678797e-01 9.439560891003114795e-01 9.396786075634881996e-01 9.472301433194763032e-01
9.372840434298602696e-01 9.440437430415314912e-01 9.398082303252451863e-01 9.473312357903056480e-01
9.375876476456216357e-01 9.443820158761030426e-01 9.393041418073013737e-01 9.470131569052008258e-01
9.369659818704911824e-01 9.438115316334645399e-01 9.388216570829837071e-01 9.467869181134555001e-01
9.369226098396681301e-01 9.438513524726536152e-01 9.385012008108624126e-01 9.466459913203340015e-01
9.371539273373910017e-01 9.439852979111658104e-01 9.385660121917408505e-01 9.466745546729690153e-01
9.371394699937832806e-01 9.441321343631072782e-01 9.386488267339745395e-01 9.467245418045646677e-01
9.366623776547297053e-01 9.436367103878083862e-01 9.386596286307875570e-01 9.467309219134641962e-01
9.367780364035911411e-01 9.436210800316130465e-01 9.385804147208249848e-01 9.467388442306516882e-01
9.364888895314374961e-01 9.431140987213539884e-01 9.385732134562829732e-01 9.465958034846968516e-01
9.364021454697913915e-01 9.430685131490665896e-01 9.386128204112642592e-01 9.465456973295701681e-01
9.361419132848530777e-01 9.426964864844046277e-01 9.387640469666473919e-01 9.466778823821575539e-01
9.360840839104224154e-01 9.426771118474396305e-01 9.388612640379651042e-01 9.468328425600341935e-01
9.355780768841533979e-01 9.419953172298205502e-01 9.387928520248155495e-01 9.467945864809594880e-01
9.347395509549075721e-01 9.416654476568326881e-01 9.387820501280025320e-01 9.467845749601914163e-01
9.346528068932614675e-01 9.416410569663143937e-01 9.384363894299838638e-01 9.465519507390143250e-01
9.349274964218075024e-01 9.419135740637061271e-01 9.385588109271988388e-01 9.465560806151530615e-01
9.348407523601615088e-01 9.418547264009798914e-01 9.384615938558810155e-01 9.464397588537352135e-01
9.346672642368690775e-01 9.419349456653991481e-01 9.384417903783903725e-01 9.464520328501523361e-01
9.339588544000926307e-01 9.417910690737433255e-01 9.382707603455167078e-01 9.463333030574918592e-01
9.338142809640156417e-01 9.418276127720808244e-01 9.384399900622548696e-01 9.464664758670406908e-01
9.332938165941390141e-01 9.415915354282243799e-01 9.383823799459185544e-01 9.463966236338685611e-01
9.334962194046466655e-01 9.414358639924108596e-01 9.386848330566847087e-01 9.465735440633045172e-01
9.333082739377466241e-01 9.413338913218470827e-01 9.388036539216286780e-01 9.466528746408156003e-01
9.342480012722462757e-01 9.422521668718446541e-01 9.388288583475258298e-01 9.467197769157713605e-01
9.339154823692694674e-01 9.423899934886892371e-01 9.390737013419555579e-01 9.469114775028995012e-01
9.334673047174312233e-01 9.420191277835552324e-01 9.387496444375632576e-01 9.466642862504579536e-01
9.327299801934392232e-01 9.415860054091738096e-01 9.387676475989183977e-01 9.466513257860068586e-01
9.328311815986930489e-01 9.415860882380316932e-01 9.392033241037125446e-01 9.469466639548361764e-01
9.330769564400237526e-01 9.418053072347646326e-01 9.393041418073013737e-01 9.470115959612965817e-01
9.333227312813543453e-01 9.420737897824168483e-01 9.390989057678527097e-01 9.468747020506960155e-01
9.340022264309156830e-01 9.425295771294213143e-01 9.393041418073013737e-01 9.470216729898689456e-01
9.342335439286386656e-01 9.427009939011031792e-01 9.390520975483294119e-01 9.468676272610678790e-01
9.351877286067458162e-01 9.431655807978340800e-01 9.389620817415538223e-01 9.466990136566818537e-01
9.361419132848529667e-01 9.436623757636753984e-01 9.388396602443388472e-01 9.465125340757448713e-01
9.370093539013141237e-01 9.444143092237544668e-01 9.390556981806005288e-01 9.467374860013880733e-01
9.371828420246064439e-01 9.445234641225285221e-01 9.390088899610771200e-01 9.467786753545300860e-01
9.377611357689138449e-01 9.449771385613134900e-01 9.393905569818059575e-01 9.470109377212612145e-01
9.370382685885295659e-01 9.443620229657913034e-01 9.395957930212546216e-01 9.470926131662673608e-01
9.375298182711908623e-01 9.445109005092535703e-01 9.396390006085069135e-01 9.470694929263319128e-01
9.378334224869522284e-01 9.444321646291956585e-01 9.396840085118945973e-01 9.471673056184291006e-01
9.374719888967601999e-01 9.441127320939201040e-01 9.395669879630862420e-01 9.471216002660958200e-01
9.378478798305599495e-01 9.445452673651534292e-01 9.397146138861983689e-01 9.471825020050200772e-01
9.378478798305598385e-01 9.448048903543342369e-01 9.398694410738526184e-01 9.473748526931712322e-01
9.370238112449219559e-01 9.444084699936371452e-01 9.399414537192730679e-01 9.474354167414413830e-01
9.370382685885295659e-01 9.446811132187220572e-01 9.399630575128991028e-01 9.474225306780459377e-01
9.368936951524527990e-01 9.445657363137677232e-01 9.400206676292357511e-01 9.474056165296645959e-01
9.368358657780219145e-01 9.443730602071065405e-01 9.400206676292356400e-01 9.473845454265121813e-01
9.369804392140989036e-01 9.443458362542240803e-01 9.398874442352076475e-01 9.472292747746497987e-01
9.365900909366912108e-01 9.437619864618597143e-01 9.398586391770394899e-01 9.472296998254530198e-01
9.361129985976377466e-01 9.432965513986960593e-01 9.396750069312171938e-01 9.470516128395283229e-01
9.358961384435223740e-01 9.430426525929764825e-01 9.397146138861983689e-01 9.469576221526577742e-01
9.357371076638378860e-01 9.427893025350406742e-01 9.395777898598993705e-01 9.468342414662307416e-01
9.349419537654150014e-01 9.422012425826552517e-01 9.393653525559086948e-01 9.466235198589861843e-01
9.347684656421227922e-01 9.418569962933744932e-01 9.391529152519182411e-01 9.465994641440885760e-01
9.351154418887073216e-01 9.418733722831854616e-01 9.387676475989183977e-01 9.464301333667703986e-01
9.344359467391462060e-01 9.414609462798139150e-01 9.384507919590681091e-01 9.462057753967223483e-01
9.344214893955384849e-01 9.416346874541405843e-01 9.382059489646379369e-01 9.462170640591586190e-01
9.341612572106000600e-01 9.415278071100704471e-01 9.381663420096568728e-01 9.462440407173370316e-01
9.344214893955384849e-01 9.416007839458666595e-01 9.378386844729934557e-01 9.460894439353213503e-01
9.343781173647154326e-01 9.413205406106945894e-01 9.376010427431056282e-01 9.460191239738859892e-01
9.342769159594616069e-01 9.414271874829873710e-01 9.373958067036571862e-01 9.459563695244046500e-01
9.343058306466770491e-01 9.416225839569644096e-01 9.373958067036572972e-01 9.460022992390638708e-01
9.337130795587619270e-01 9.412555556559322190e-01 9.373922060713861804e-01 9.460443616223029872e-01
9.332359872197082407e-01 9.410942957792345354e-01 9.374678193490775246e-01 9.460453039701366418e-01
9.335106767482542756e-01 9.413423361079399365e-01 9.373670016454890286e-01 9.459410605015710072e-01
9.337130795587618159e-01 9.415020809466814189e-01 9.375398319944981962e-01 9.460428892027217262e-01
9.338576529948386939e-01 9.417718465074905732e-01 9.374714199813487525e-01 9.459553724853098089e-01
9.337709089331927004e-01 9.418020287793463785e-01 9.377954768857411638e-01 9.461371015462758383e-01
9.337709089331927004e-01 9.418202804017160590e-01 9.379863103961054716e-01 9.461446973716669540e-01
9.337564515895849793e-01 9.420359785876242231e-01 9.381627413773858670e-01 9.461903002320919409e-01
9.343925747083231537e-01 9.425320576617066681e-01 9.381087318933203356e-01 9.462077261051390353e-01
9.344070320519307637e-01 9.425727075881087380e-01 9.381123325255915635e-01 9.462046712384886149e-01
9.343347453338924913e-01 9.425749622709259645e-01 9.382167508614512874e-01 9.463051170332026363e-01
9.338287383076233628e-01 9.422634189523344528e-01 9.383931818427314608e-01 9.464822947140768550e-01
9.341757145542077811e-01 9.426138647764457090e-01 9.386164210435353761e-01 9.465661024797866752e-01
9.344648614263615372e-01 9.428686009273555824e-01 9.389656823738248281e-01 9.467051332837372879e-01
9.347250936112998509e-01 9.430256974411996840e-01 9.391061070323949433e-01 9.467186319732918687e-01
9.346672642368691886e-01 9.429099809406342736e-01 9.388036539216286780e-01 9.464848995111387886e-01
9.343925747083231537e-01 9.426372385164475398e-01 9.387028362180399599e-01 9.465062711195152412e-01
9.346383495496537464e-01 9.428391163473727188e-01 9.387280406439371117e-01 9.464482270623407745e-01
9.349564111090228335e-01 9.429339854881909622e-01 9.388684653025071158e-01 9.464882275749884055e-01
9.343492026774999903e-01 9.424201169954524726e-01 9.389800849029088514e-01 9.465730039963884401e-01
9.339733117437001297e-01 9.421694200919319417e-01 9.391457139873762294e-01 9.466688955567887920e-01
9.335685061226849379e-01 9.421019676412996091e-01 9.390160912256193537e-01 9.465339215097745562e-01
9.336263354971157113e-01 9.423763696726358274e-01 9.392069247359836615e-01 9.466273511415396191e-01
9.333371886249619553e-01 9.422503752321236270e-01 9.394049595108900919e-01 9.467919506997315438e-01
9.335106767482543866e-01 9.424766847039089956e-01 9.395597866985442304e-01 9.468541486196491164e-01
9.339733117437001297e-01 9.428343081370056389e-01 9.393077424395723796e-01 9.465877890393195049e-01
9.340166837745232931e-01 9.427557923724437794e-01 9.392429310586939417e-01 9.465050578577158813e-01
9.334962194046466655e-01 9.423894549445877011e-01 9.390845032387686864e-01 9.463922613652185900e-01
9.334239326866081710e-01 9.422482658974293823e-01 9.392573335877780760e-01 9.465372091302817203e-01
9.333805606557851187e-01 9.422210384996649868e-01 9.389296760511145479e-01 9.462924554058429472e-01
9.327010655062238920e-01 9.416182894472282516e-01 9.389080722574885129e-01 9.463400525216671966e-01
9.328600962859086021e-01 9.416770227305912844e-01 9.388288583475258298e-01 9.462811449357293458e-01
9.328456389423007700e-01 9.417110568806161819e-01 9.388864684638622560e-01 9.463734291637544427e-01
9.325998641009701773e-01 9.415168122618293722e-01 9.390628994451425404e-01 9.465432547512779848e-01
9.323251745724240314e-01 9.411673590851816762e-01 9.388792671993202443e-01 9.464098408733935264e-01
9.323830039468549158e-01 9.413189531310967029e-01 9.389620817415538223e-01 9.463629764846552828e-01
9.327155228498317241e-01 9.417270333545566530e-01 9.389584811092827055e-01 9.463110916956039009e-01
9.329179256603391535e-01 9.419923614600792527e-01 9.391097076646659492e-01 9.464307624002759045e-01
9.323396319160317525e-01 9.418833728780557912e-01 9.391493146196471242e-01 9.463963885912508589e-01
9.321083144183087699e-01 9.418294930777022511e-01 9.392357297941519301e-01 9.464321306528700184e-01
9.320938570747011598e-01 9.418051284316298899e-01 9.393977582463480802e-01 9.465156835020049897e-01
9.322384305107780378e-01 9.417211636347480042e-01 9.394121607754322145e-01 9.464554365296085070e-01
9.318191675461550139e-01 9.414748140208875071e-01 9.393761544527219343e-01 9.463613584256878042e-01
9.314432766123551533e-01 9.411252167627680576e-01 9.391349120905631009e-01 9.462075007326463671e-01
9.316023073920397524e-01 9.409701588731208544e-01 9.390989057678528207e-01 9.461509654836418592e-01
9.307782388064017587e-01 9.401386942090371734e-01 9.390088899610771200e-01 9.461541988264740022e-01
9.306192080267171596e-01 9.400143812973138502e-01 9.390268931224323712e-01 9.461672606351280157e-01
9.305902933395017174e-01 9.401382788227765630e-01 9.389332766833855537e-01 9.460817632047620052e-01
9.306192080267171596e-01 9.401516556266437119e-01 9.389800849029089624e-01 9.462326390491676564e-01
9.304601772470327825e-01 9.401624502350709456e-01 9.389512798447405828e-01 9.462138426152527648e-01
9.297806820974714448e-01 9.394907469158876312e-01 9.389080722574885129e-01 9.461631260435882096e-01
9.297662247538637237e-01 9.393878617111945939e-01 9.388468615088809699e-01 9.460743260378015052e-01
9.294626205381023576e-01 9.390707873403013606e-01 9.388504621411519757e-01 9.460083548669494524e-01
9.293325044456332007e-01 9.389339769050522033e-01 9.387244400116661058e-01 9.458840931334528968e-01
9.294626205381024686e-01 9.390769431596130978e-01 9.386920343212267204e-01 9.458576547957656677e-01
9.297517674102561136e-01 9.395042968492697266e-01 9.388720659347782327e-01 9.459671568341776471e-01
9.296071939741792356e-01 9.395220170728962872e-01 9.390304937547032660e-01 9.461157190051636690e-01
9.294337058508871374e-01 9.397731969127660623e-01 9.390953051355819259e-01 9.461830182698922620e-01
9.286240946088566428e-01 9.393537845485953053e-01 9.389908867997219799e-01 9.460898552442906784e-01
9.280602582081568519e-01 9.388702545931412180e-01 9.388324589797969466e-01 9.459201391397430436e-01
9.283060330494874446e-01 9.388642229450215870e-01 9.393509500268246715e-01 9.462125230003892717e-01
9.291734736659486016e-01 9.394533499633168638e-01 9.396173968148807676e-01 9.463844746335446922e-01
9.300409142824097586e-01 9.399694122744624014e-01 9.396966107248433397e-01 9.463326123965071224e-01
9.301854877184866366e-01 9.400461100266893633e-01 9.395381829049180844e-01 9.462057941252196569e-01
9.295927366305716255e-01 9.396657349001231729e-01 9.394805727885817692e-01 9.461299060799652771e-01
9.292602177275949282e-01 9.394876169259127607e-01 9.394877740531237809e-01 9.461427574842324884e-01
9.295349072561407411e-01 9.395986992250791037e-01 9.395093778467499268e-01 9.461133947083200102e-01
9.298674261591174384e-01 9.396471345565580169e-01 9.391277108260209783e-01 9.457605913341067261e-01
9.304890919342480027e-01 9.402670044814518402e-01 9.391889215746285213e-01 9.458790012568850658e-01
9.307782388064017587e-01 9.405325457032104319e-01 9.392753367491332162e-01 9.459413342449414230e-01
9.317035087972935781e-01 9.410429983947552479e-01 9.392177266327967899e-01 9.459489309619165676e-01
9.319348262950165607e-01 9.411766484964078083e-01 9.391277108260210893e-01 9.459093861827372329e-01
9.320793997310933277e-01 9.412122627531149810e-01 9.390016886965351084e-01 9.458977286299762310e-01
9.320793997310933277e-01 9.413494265382974513e-01 9.390809026064976806e-01 9.458818635380906725e-01
9.318625395769780662e-01 9.410729253171163933e-01 9.393401481300116540e-01 9.460868450969822652e-01
9.318769969205857873e-01 9.411164554767027512e-01 9.396606044021330595e-01 9.464538810304801153e-01
9.319926556694472231e-01 9.413956170765801490e-01 9.396930100925723339e-01 9.464617407827182749e-01
9.313854472379246019e-01 9.406793260622384745e-01 9.394823731047172721e-01 9.464626337287044278e-01
9.307782388064016477e-01 9.401105368258626527e-01 9.393329468654696424e-01 9.463375621733722820e-01
9.306481227139324908e-01 9.398121750180331579e-01 9.388540627734229815e-01 9.460250062521902148e-01
9.308071534936170899e-01 9.398813288949489086e-01 9.389332766833855537e-01 9.461173457339996373e-01
9.303878905289942880e-01 9.394698581590116282e-01 9.387748488634604094e-01 9.460762059801322010e-01
9.299686275643712641e-01 9.391975359265931633e-01 9.388612640379652152e-01 9.461239159478799232e-01
9.302866891237404623e-01 9.395508044683092974e-01 9.391421133551050016e-01 9.463537579079152051e-01
9.302722317801326302e-01 9.395651974256821193e-01 9.388504621411518647e-01 9.461556174800929142e-01
9.310384709913400725e-01 9.401673547890162519e-01 9.384831976495072725e-01 9.458269745349680013e-01
9.313999045815321010e-01 9.403755718567359256e-01 9.382311533905354217e-01 9.455783667406995052e-01
9.316745941100781359e-01 9.406609845957816241e-01 9.382851628746009531e-01 9.455864845478236802e-01
9.316745941100782469e-01 9.406960022549961664e-01 9.377198636080497085e-01 9.451484143999191456e-01
9.316167647356475845e-01 9.407167094729105283e-01 9.376298478012738968e-01 9.450732498068840082e-01
9.317324234845089093e-01 9.409757205716774431e-01 9.379755084992924541e-01 9.452657460473858908e-01
9.315444780176090900e-01 9.408483307134655194e-01 9.380223167188157518e-01 9.452834231084709105e-01
9.307493241191863165e-01 9.401498123493168269e-01 9.380511217769840204e-01 9.453429783558335853e-01
9.305180066214634449e-01 9.399795074912615789e-01 9.381339363192178205e-01 9.454013685112009346e-01
9.299686275643713751e-01 9.397992537268058388e-01 9.380187160865448570e-01 9.452645802222167104e-01
9.296505660050021769e-01 9.395917757604359544e-01 9.378386844729935667e-01 9.450876213509949997e-01
9.296794806922175081e-01 9.397280245706198798e-01 9.378566876343485959e-01 9.450794157136319651e-01
9.303734331853864559e-01 9.402903722030218070e-01 9.380331186156288803e-01 9.451574644973486095e-01
9.304746345906403926e-01 9.404310844276813075e-01 9.380655243060682658e-01 9.452103592582046243e-01
9.307059520883632642e-01 9.406121582691960858e-01 9.381735432741987735e-01 9.452833315923691027e-01
9.305180066214633339e-01 9.405275938388204526e-01 9.382815622423298363e-01 9.454388727853453300e-01
9.304601772470326715e-01 9.405760625962903410e-01 9.384723957526941440e-01 9.455676121649494448e-01
9.311830444274169505e-01 9.407873051665646136e-01 9.381699426419278787e-01 9.453477169038549954e-01
9.313276178634937175e-01 9.410328653964339374e-01 9.377918762534700470e-01 9.449913279050197179e-01
9.305180066214633339e-01 9.402805908495771581e-01 9.375902408462926108e-01 9.449401521870062215e-01
9.299252555335483228e-01 9.397769644830914482e-01 9.377414674016758545e-01 9.451348831845582943e-01
9.295493645997484622e-01 9.396511872995023662e-01 9.380259173510868687e-01 9.453181261391215839e-01
9.295927366305715145e-01 9.397200603813721242e-01 9.383679774168345311e-01 9.454903109525257809e-01
9.297083953794329503e-01 9.396198041553541769e-01 9.382347540228062055e-01 9.454017493979209874e-01
9.291156442915178282e-01 9.389345794033104875e-01 9.378638888988907185e-01 9.452141279863232048e-01
9.288698694501872355e-01 9.387319460716395669e-01 9.377450680339467493e-01 9.451463019997931037e-01
9.287108386705027474e-01 9.384867656415127879e-01 9.376406496980869143e-01 9.450202936625174965e-01
9.282048316442337299e-01 9.381148243144282750e-01 9.376766560207974166e-01 9.451082168218550850e-01
9.272795616533417995e-01 9.374141021836114307e-01 9.377486686662177551e-01 9.452568078351860636e-01
9.262241755699807122e-01 9.367705077131972535e-01 9.375182282008719392e-01 9.451179690823577895e-01
9.263687490060574792e-01 9.368868713537182868e-01 9.372733852064423221e-01 9.449592440537799565e-01
9.263976636932729214e-01 9.368888724168313864e-01 9.372517814128160651e-01 9.450342292073160566e-01
9.269036707195419389e-01 9.374740399685120851e-01 9.373742029100309292e-01 9.452015487484166645e-01
9.271639029044804747e-01 9.376144815716762615e-01 9.373237940582365146e-01 9.451805080718438390e-01
9.271928175916956949e-01 9.374548793689750914e-01 9.372517814128160651e-01 9.452795019760920070e-01
9.273518483713802940e-01 9.375806370857047156e-01 9.373273946905076315e-01 9.453985235806754428e-01
9.276699099307493812e-01 9.378348285951259022e-01 9.371077561219749441e-01 9.453022763421542463e-01
