6.894080681615560868e-01 6.840073324389481790e-01 6.936318017443863226e-01 7.023223144337243928e-01
6.680015613931096219e-01 6.928337113331629604e-01 6.850965029459173961e-01 7.162545063059505557e-01
6.602138723031029111e-01 6.953171945507410356e-01 6.770916973020462137e-01 7.119834517916352468e-01
6.625848766547633995e-01 6.961677889026880450e-01 6.810883991228861012e-01 7.152939392963526544e-01
6.661943934421489244e-01 6.974842223323508561e-01 6.846290208560622537e-01 7.175632170257438824e-01
6.677750630099225093e-01 6.979181211509261074e-01 6.874495161350333561e-01 7.192825919197436413e-01
6.699870365818983986e-01 6.993598385322132849e-01 6.909121241690039383e-01 7.217587178927141744e-01
6.751145744480909761e-01 7.030017206765756255e-01 6.970920093568430120e-01 7.271027539045119559e-01
6.830805707759256551e-01 7.095839692925286490e-01 7.068773276587368981e-01 7.355853402798926410e-01
6.936392507240718430e-01 7.189109786137463098e-01 7.191920901310270287e-01 7.455673905626553077e-01
6.977162216214393142e-01 7.208332979899303439e-01 7.204145047870404994e-01 7.455830926638694622e-01
6.914080006939524736e-01 7.154214146859678713e-01 7.101797075566468331e-01 7.370678941001873596e-01
6.984969181762542556e-01 7.242620752505278814e-01 7.167922687223876599e-01 7.416786306959517461e-01
7.112916672690557940e-01 7.379516648073943808e-01 7.319485301618963158e-01 7.535773811851420589e-01
7.200239028080982484e-01 7.449434928137307343e-01 7.439890444762099486e-01 7.634434017276414686e-01
7.262405605594027813e-01 7.487722766283478881e-01 7.521588790991696749e-01 7.673675509130619687e-01
7.419123210301340476e-01 7.593591698515940180e-01 7.667258370569870474e-01 7.766242715977821343e-01
7.557624562062965623e-01 7.706024027967606216e-01 7.789691869892353404e-01 7.864522997818795824e-01
7.621285065082141763e-01 7.745204342300920919e-01 7.852756944119386739e-01 7.887817686692667474e-01
7.719643192759763073e-01 7.802324807661579209e-01 7.945443219829401160e-01 7.903633321984510074e-01
7.740799105572341299e-01 7.805346699342957661e-01 7.990619152723218432e-01 7.900615512828125242e-01
7.772846217236044630e-01 7.794147428091767749e-01 8.003161355133961985e-01 7.859763262937137229e-01
7.807543841894490910e-01 7.801749582923070969e-01 8.013351144460966191e-01 7.840170435257087789e-01
7.845807611309497664e-01 7.807563368515997304e-01 8.018224000134424045e-01 7.837393492101264458e-01
7.888986877551117383e-01 7.829321065790373346e-01 8.033214632489465989e-01 7.825345845272057010e-01
7.922286958994154693e-01 7.859531396474634946e-01 8.039011650445817558e-01 7.879980318389881999e-01
8.017560853368802531e-01 7.961646522713426988e-01 8.084559648674307653e-01 7.895911711785226217e-01
8.087582587575358195e-01 8.057184770370389160e-01 8.155852167640637029e-01 7.999598967695197294e-01
8.146375784913280071e-01 8.102369150830619482e-01 8.185089301681375273e-01 8.055929183790393466e-01
8.191627270405335004e-01 8.203833613316221518e-01 8.273256783891250743e-01 8.180698015260441380e-01
8.292057617333391528e-01 8.300221292914375937e-01 8.308302937995911686e-01 8.216752560046840514e-01
8.321406024856994321e-01 8.324464434994592876e-01 8.318564739968339339e-01 8.264528164147080247e-01
8.360392661452383800e-01 8.378334852124398324e-01 8.392821779504481272e-01 8.349166328334529652e-01
8.389837451266703994e-01 8.411295233571848273e-01 8.410296848126529445e-01 8.352569891367659372e-01
8.440727300765757946e-01 8.445021715029547016e-01 8.424195288692694072e-01 8.376719389004240179e-01
8.451522117326163430e-01 8.427556798241191416e-01 8.427183813477646668e-01 8.384244328603319696e-01
8.500098791847984225e-01 8.489164233266305315e-01 8.491419093192765777e-01 8.448680513611040999e-01
8.533495255581738936e-01 8.536861759198158817e-01 8.529609799480787347e-01 8.483060750703366182e-01
8.579614181690257135e-01 8.580440238349554827e-01 8.565448092685076231e-01 8.530724746899934763e-01
8.605203679875860212e-01 8.606530869334764189e-01 8.577534215008154606e-01 8.557015501991207529e-01
8.612625116261138913e-01 8.616771172451845873e-01 8.586319757749460990e-01 8.561295471893619613e-01
8.638889290481767125e-01 8.650722364615927029e-01 8.620057682128982046e-01 8.592460468175645572e-01
8.653057487217298283e-01 8.661403422565499000e-01 8.652595395751493390e-01 8.626277887634676844e-01
8.653587589816248427e-01 8.657717427898939944e-01 8.664561496998871570e-01 8.637610058554859860e-01
8.653491207525526585e-01 8.675862366106322776e-01 8.658008346265605448e-01 8.630203756986754016e-01
8.652286428891554637e-01 8.688979243385938078e-01 8.645646175468412187e-01 8.613801061545020010e-01
8.652479193472991659e-01 8.685927996283288044e-01 8.655931981655978769e-01 8.622073696705813139e-01
8.653346634089453815e-01 8.678312403655112917e-01 8.671054637194290926e-01 8.635944637773671495e-01
8.675996472408158411e-01 8.711175873675373049e-01 8.681604489748400155e-01 8.649552194778001857e-01
8.680140910909029950e-01 8.727210089413252048e-01 8.676923667796064832e-01 8.649109181314832417e-01
8.681393880688362819e-01 8.731396365676915572e-01 8.678519948102886294e-01 8.657513095243825063e-01
8.686116612933538761e-01 8.733462568115729630e-01 8.693522582565499368e-01 8.680176708511334605e-01
8.702116073192711632e-01 8.750936390525771991e-01 8.708885280255214134e-01 8.699161229711989129e-01
8.719368503231216261e-01 8.769560700302014844e-01 8.724355996913059075e-01 8.717222059340051787e-01
8.728838063294249716e-01 8.776142279175775940e-01 8.734401760949223048e-01 8.731696737426429822e-01
8.727560997942239718e-01 8.771432659758521266e-01 8.738086407973241210e-01 8.741682612159733523e-01
8.731946392169902538e-01 8.771037129171129765e-01 8.750796639889965034e-01 8.758719736697647695e-01
8.744186943091075692e-01 8.781733933510110779e-01 8.761298484013794186e-01 8.769196833284076398e-01
8.748716910754817944e-01 8.786381126258918650e-01 8.769039843396501110e-01 8.778232603234968900e-01
8.752138482075304537e-01 8.785510728829756255e-01 8.780213805544252459e-01 8.792966565704084525e-01
8.754355274761814742e-01 8.784555752506354454e-01 8.791387767692006028e-01 8.808211471717517504e-01
8.754692612779327865e-01 8.786200638119828765e-01 8.795996576998920125e-01 8.817612271988964912e-01
8.754210701325738642e-01 8.791988913117778637e-01 8.798324985867518322e-01 8.823739567727378885e-01
8.759318962733786407e-01 8.798153245697953873e-01 8.806594437983309431e-01 8.835078312782934651e-01
8.767174119427295631e-01 8.803134739674645104e-01 8.817192298967698738e-01 8.846737442079311009e-01
8.784233784884364349e-01 8.824989362770430112e-01 8.828222235824610964e-01 8.861776468224085157e-01
8.794305734264385999e-01 8.839270631262228228e-01 8.835555523549935009e-01 8.870296639076218348e-01
8.797100820695206158e-01 8.848070443933119256e-01 8.841436556259280044e-01 8.878160359221533016e-01
8.798787510782769550e-01 8.852942630522214751e-01 8.848229749143948775e-01 8.889528195899528695e-01
8.806739049766996175e-01 8.864462787989983994e-01 8.854314817681986360e-01 8.901575926207018208e-01
8.822352980863295002e-01 8.886486693276659521e-01 8.862320223431233712e-01 8.912624302025138334e-01
8.834641722929829077e-01 8.898870244672814067e-01 8.875498537543192734e-01 8.926999808352493737e-01
8.833822473458727842e-01 8.891618629760426051e-01 8.883972025487675284e-01 8.935842034096840303e-01
8.836232030726675069e-01 8.894873511489628237e-01 8.889360971786647303e-01 8.941285780914851600e-01
8.846303980106696718e-01 8.909555256646642940e-01 8.895518052970100564e-01 8.949954755006462870e-01
8.857821663847483817e-01 8.923429573352995581e-01 8.906151920277199929e-01 8.963613354902264518e-01
8.868182760099658779e-01 8.931333860491750265e-01 8.916725777046448087e-01 8.976534336178425555e-01
8.871315184547992061e-01 8.930664762298835546e-01 8.920866504158130317e-01 8.980754185490367192e-01
8.879314914677576276e-01 8.943210465194194603e-01 8.922186735990841333e-01 8.986070467113513871e-01
8.887266453661805121e-01 8.957723257625128666e-01 8.928631867755978391e-01 8.999290646431811203e-01
8.889242290621520715e-01 8.964237251625565284e-01 8.936421235568965393e-01 9.008773353180883348e-01
8.897627549913978973e-01 8.974517381833534424e-01 8.939337747708497872e-01 9.010619303984473971e-01
8.910880114887690384e-01 8.989618000887095173e-01 8.942854365226534652e-01 9.012995960005684148e-01
8.912229466957740653e-01 8.991927352037455412e-01 8.950403690888121266e-01 9.020724888132507502e-01
8.913578819027793143e-01 8.996757666413232046e-01 8.952852120832418548e-01 9.020995376182109338e-01
8.920277388232685789e-01 9.005735351608009642e-01 8.948039275696814121e-01 9.012454544252394006e-01
8.931843263118834919e-01 9.022270516145874941e-01 8.951663912182979965e-01 9.014403801518108272e-01
8.936758759945447883e-01 9.029880603111090087e-01 8.957028854266808615e-01 9.018240266218219281e-01
8.940469478138087789e-01 9.029181650665191183e-01 8.958541119820639942e-01 9.015664080013138237e-01
8.944903063511110419e-01 9.041776841865675207e-01 8.959861351653349848e-01 9.017168145272534963e-01
8.949288457738774349e-01 9.047507829317815720e-01 8.966186462342787822e-01 9.026745724907284663e-01
8.954878630600414668e-01 9.043926839125173700e-01 8.973267705809139239e-01 9.033512536965853101e-01
8.950926956680979041e-01 9.047648483145480647e-01 8.973351720562132705e-01 9.038061578453793210e-01
8.952661837913901133e-01 9.051890803594598855e-01 8.971491393888767485e-01 9.040441802754398681e-01
8.957770099321950008e-01 9.050318912714385711e-01 8.971875461331010326e-01 9.043131185333943556e-01
8.955938835798310516e-01 9.041890475147962292e-01 8.978404607849137520e-01 9.054164768797446916e-01
8.950926956680979041e-01 9.039836818090659643e-01 8.981465145279511342e-01 9.060477997306796150e-01
8.961529008659948614e-01 9.047636568602657192e-01 8.984237632128202478e-01 9.064898500955692606e-01
8.970878090859585319e-01 9.052763886411335781e-01 8.981849212721754183e-01 9.066778864902659274e-01
8.960083274299179834e-01 9.041739842695134532e-01 8.982629349713810996e-01 9.073241307923148868e-01
8.956999040996206363e-01 9.038988371472304051e-01 8.989518559459040992e-01 9.080362805041947150e-01
8.967504710684458535e-01 9.044202689674039064e-01 8.992483080028851328e-01 9.085288502279196265e-01
8.966733652358716000e-01 9.041341322177629536e-01 8.983529507781566892e-01 9.080210370476563542e-01
8.960950714915641990e-01 9.037739492642290484e-01 8.984105608944931154e-01 9.083953815520945385e-01
8.969191400772023037e-01 9.043879466569001435e-01 8.995471604813806143e-01 9.094039938468374551e-01
8.979745261605632800e-01 9.049393026623229197e-01 8.994115366658386179e-01 9.097099671402443244e-01
8.966299932050484367e-01 9.042321779764833645e-01 8.993743301323712247e-01 9.096589060189218534e-01
8.963456654474306617e-01 9.040042053033769953e-01 8.989446546813620875e-01 9.093608909700846565e-01
8.969576929934893750e-01 9.041307767920764293e-01 8.992831141148386331e-01 9.096866290114949960e-01
8.967456519539099835e-01 9.045831011195460958e-01 8.993419244419319503e-01 9.098229776390663881e-01
8.964468668526844874e-01 9.048468425790027192e-01 8.992771130610535124e-01 9.099031168103840495e-01
8.967167372666945413e-01 9.048194095183950125e-01 8.997295925164457975e-01 9.104963093038637156e-01
8.968227577864843481e-01 9.045933702537741761e-01 9.001388643845859017e-01 9.106416725534565160e-01
8.965480682579384242e-01 9.042942512185493387e-01 8.998184081124644962e-01 9.104933590334098881e-01
8.956324364961183448e-01 9.040682891256909270e-01 8.996923859829785153e-01 9.104382898641368849e-01
8.961191670642437712e-01 9.041043633254607359e-01 8.997535967315860583e-01 9.104684562984529661e-01
8.969046827335945826e-01 9.043524964221175688e-01 8.999996399367727884e-01 9.108129696140356835e-01
8.972275634074996509e-01 9.049594426339139241e-01 9.001952742901653259e-01 9.110885371742588612e-01
8.965914402887613655e-01 9.046417730738426366e-01 9.004653217104922058e-01 9.110871367362404216e-01
8.964324095090768774e-01 9.040048883573336136e-01 8.998580150674460043e-01 9.105316500264716284e-01
8.964420477381486174e-01 9.036016150849873751e-01 8.993071183299786719e-01 9.103178037992284422e-01
8.964034948218614351e-01 9.042197979281159093e-01 8.998448127491186499e-01 9.110185018990026862e-01
8.971841913766764876e-01 9.052269755357822412e-01 9.004341162308101554e-01 9.109752439240738076e-01
8.969962459097763352e-01 9.047185318220347661e-01 9.002468833527167424e-01 9.110851951268941207e-01
8.967215563812304113e-01 9.044555658759350081e-01 8.997992047403524651e-01 9.111602901198997406e-01
8.975167102796532959e-01 9.054314490172167273e-01 9.006501541670717259e-01 9.114315992083188434e-01
8.976034543412994005e-01 9.057384934544820965e-01 9.008121826192679871e-01 9.118071049244962367e-01
8.970588943987430897e-01 9.057580854329380093e-01 9.002288801913617133e-01 9.117529683692335851e-01
8.972998501255379233e-01 9.055521004440745259e-01 9.004473185491371767e-01 9.116209726318430517e-01
8.974010515307918601e-01 9.058632099660495207e-01 9.008985977937724599e-01 9.122613530998383569e-01
8.969769694516330771e-01 9.057923524606454890e-01 9.008841952646884366e-01 9.126954596964491628e-01
8.967119181521586713e-01 9.052653574382674151e-01 9.011242374160902679e-01 9.125074761649157873e-01
8.965962594032972355e-01 9.054944456520716001e-01 9.014110877870153971e-01 9.128703199714918171e-01
8.961384435223870293e-01 9.055307170489195201e-01 9.005337337236417605e-01 9.125279793645617588e-01
8.963119316456794605e-01 9.056881705073287492e-01 9.005529370957540136e-01 9.123532859755675295e-01
8.957047232141567283e-01 9.049424922852459252e-01 9.013294734555388210e-01 9.129739665356849665e-01
8.956854467560130262e-01 9.052668692518691662e-01 9.014026863117162724e-01 9.133482805931997239e-01
8.955697880071515904e-01 9.051127061479612435e-01 9.011806473216696922e-01 9.131380664899565458e-01
8.956854467560129152e-01 9.054949225680207769e-01 9.011050340439781259e-01 9.132351852345955701e-01
8.953481087385003478e-01 9.055272056529579672e-01 9.006249497411745741e-01 9.130998551521424256e-01
8.951746206152083607e-01 9.054385354593873503e-01 9.009105999013425903e-01 9.129752622491761338e-01
8.945722312982212765e-01 9.046108996542590042e-01 9.011770466893986864e-01 9.131608876115673290e-01
8.946300606726520499e-01 9.050591094726011532e-01 9.012238549089220951e-01 9.135227553487812457e-01
8.944372960912160275e-01 9.053043326787686418e-01 9.008289855698660142e-01 9.134034855892911864e-01
8.938156303160855742e-01 9.050839271091501992e-01 9.004821246610905661e-01 9.128482008149353399e-01
8.932999850607449277e-01 9.045727880592941972e-01 9.007293680770344091e-01 9.129561199380665792e-01
8.940806816155598691e-01 9.053952481066130931e-01 9.014782995894078388e-01 9.136597464346726261e-01
8.935939510474346648e-01 9.055067183154390520e-01 9.007233670232491773e-01 9.134700860983920867e-01
8.931313160519884775e-01 9.048213410363823428e-01 9.001700698642681742e-01 9.130918105503793569e-01
8.933192615188886299e-01 9.050804627376592970e-01 9.010306209770435615e-01 9.133611016732855470e-01
8.921578549157378468e-01 9.044053083768172074e-01 9.007869781933708353e-01 9.133265081523486151e-01
8.925289267350017264e-01 9.050732730902887324e-01 9.002636863033147696e-01 9.132019844627778937e-01
8.938108112015498152e-01 9.060424380728765437e-01 9.010786294073239722e-01 9.136185711858456626e-01
8.922831518936712447e-01 9.046825277818125732e-01 9.007893786148848392e-01 9.134402259555104431e-01
8.913627010173149623e-01 9.040697601709485332e-01 9.002660867248287735e-01 9.131687315958778584e-01
8.924180871006761606e-01 9.053955282994810005e-01 9.002168780837914719e-01 9.132230567201066185e-01
8.920373770523403190e-01 9.048567201505269830e-01 9.003284976841934295e-01 9.134061901465150290e-01
8.907554925857922301e-01 9.035628370539562360e-01 9.001904734471373182e-01 9.133836709373723828e-01
8.907554925857922301e-01 9.040056711970638759e-01 9.001508664921559211e-01 9.133964742517847180e-01
8.912277658103100464e-01 9.048516037941242152e-01 8.999240266590812221e-01 9.133209168970904956e-01
8.911362026341280718e-01 9.045879536305525548e-01 9.001100593264178551e-01 9.136774696983236410e-01
8.897627549913978973e-01 9.034405691447644493e-01 8.995027526833712095e-01 9.134296356807888317e-01
8.901675606124129780e-01 9.039709827790728403e-01 8.995027526833712095e-01 9.132961963884062007e-01
8.896856491588235327e-01 9.037384218094483002e-01 8.990178675375396500e-01 9.130443302140150985e-01
8.897001065024312538e-01 9.034681330296612245e-01 8.989710593180162412e-01 9.132148894188681920e-01
8.906783867532178656e-01 9.044778068176362318e-01 8.998388116953336402e-01 9.136637099612130442e-01
8.897386594187185471e-01 9.038322068919099062e-01 8.992303048415303257e-01 9.133401304600600179e-01
8.895362566082107847e-01 9.038680287252502943e-01 8.987406188526705364e-01 9.131645637367235002e-01
8.900808165507668734e-01 9.042172351387881557e-01 8.991186852411283681e-01 9.133962764349234931e-01
8.896904682733594028e-01 9.038181437663584950e-01 8.988378359239882487e-01 9.134037522898336148e-01
8.895362566082107847e-01 9.038450852398683955e-01 8.990574744925208250e-01 9.133451566949463141e-01
8.897723932204696373e-01 9.039525083421290352e-01 8.992519086351563606e-01 9.134682566251605129e-01
8.896085433262491682e-01 9.041552867044053698e-01 8.986746072610349856e-01 9.134229329042179435e-01
8.895169801500673046e-01 9.041954285933421209e-01 8.983373480383155529e-01 9.133551548619843752e-01
8.896808300442877737e-01 9.039093080906971389e-01 8.983553511996706931e-01 9.130379533195959185e-01
8.890157922383341571e-01 9.036511164079996661e-01 8.985029771227828199e-01 9.132503470195890705e-01
8.892712053087364898e-01 9.041368444534861881e-01 8.987946283367359568e-01 9.135313170924995729e-01
8.899121475420105343e-01 9.043895611065465578e-01 8.984297642666052575e-01 9.135002983979779723e-01
8.893820449430620556e-01 9.041367875045155378e-01 8.979736841789418555e-01 9.133186749759406586e-01
8.890928980709084106e-01 9.042577883243728687e-01 8.982521330745679711e-01 9.131961768727462347e-01
8.899458813437619575e-01 9.046999089347901313e-01 8.982977410833341558e-01 9.133702106764710615e-01
8.903217722775617071e-01 9.049519610898726363e-01 8.985161794411099523e-01 9.137634442700596216e-01
8.893145773395597642e-01 9.045660713050717172e-01 8.979340772239604584e-01 9.135113282262549150e-01
8.892904817668800810e-01 9.044793584584255308e-01 8.971995482406710520e-01 9.125880934939498701e-01
8.896278197843927593e-01 9.044283052637291931e-01 8.976628295928765766e-01 9.130180828660904302e-01
8.900326254054080621e-01 9.049003842440767054e-01 8.977708485610073064e-01 9.132137209305826175e-01
8.897001065024312538e-01 9.049569750405132007e-01 8.967842753187459381e-01 9.125643520579447276e-01
8.898494990530441129e-01 9.052409166622236159e-01 8.969919117797084951e-01 9.127958105280126189e-01
8.896133624407851492e-01 9.047068547074054168e-01 8.962573827964191997e-01 9.121293862011176090e-01
8.897964887931490985e-01 9.047683505731826115e-01 8.957844997581574376e-01 9.118752493313557750e-01
8.897001065024312538e-01 9.051470501627886245e-01 8.967518696283066637e-01 9.126328463690076553e-01
8.897242020751107150e-01 9.050205289964289301e-01 8.962477811103629621e-01 9.122540067314733880e-01
8.900229871763363221e-01 9.050002212270481516e-01 8.952480055497745726e-01 9.115355429007928612e-01
8.896663727006801636e-01 9.046997756372485711e-01 8.955564597143258476e-01 9.117064857578750514e-01
8.889531437493675137e-01 9.045767844451247930e-01 8.961397621422322324e-01 9.121828540900845939e-01
8.895507139518183948e-01 9.048060678186082839e-01 8.955120519163165538e-01 9.119416721092514777e-01
8.908952469073331271e-01 9.057374721348003810e-01 8.960053385374472379e-01 9.120159860633902937e-01
8.899651578019054377e-01 9.052417869503024406e-01 8.952732099756716133e-01 9.115009936806875990e-01
8.886880924498932188e-01 9.043869396842373343e-01 8.948939433764570017e-01 9.112898196843541854e-01
8.896760109297519037e-01 9.054534464391824633e-01 8.958805166187181479e-01 9.119443392879161836e-01
8.900326254054079511e-01 9.055102874934530810e-01 8.955384565529705965e-01 9.116664582890748880e-01
8.894109596302776088e-01 9.050444076843410235e-01 8.954352384278679855e-01 9.115029357766047946e-01
8.894398743174929400e-01 9.055865951248547319e-01 8.961757684649424016e-01 9.120033999088056342e-01
8.883025632870217292e-01 9.048520487287935454e-01 8.952528063928025803e-01 9.118172868738479986e-01
8.892567479651288798e-01 9.050384339872099559e-01 8.956224713059612874e-01 9.116845728726433729e-01
8.898061270222209496e-01 9.055867132132555675e-01 8.958433100852509767e-01 9.116300603346464415e-01
8.885338807847446008e-01 9.049012102766528232e-01 8.944918727728589092e-01 9.112674057806935402e-01
8.887266453661805121e-01 9.051345093711997691e-01 8.956452753103446573e-01 9.120999358614255703e-01
8.884712322957780684e-01 9.049081618719908571e-01 8.959525292641387084e-01 9.119636266938249136e-01
8.877242695427142172e-01 9.043044672794265937e-01 8.945950908979615201e-01 9.111100070377030624e-01
8.884037646922754439e-01 9.050346582995715261e-01 8.949071456947840231e-01 9.113669955799926781e-01
8.883314779742370604e-01 9.052022157665581270e-01 8.953536240963914095e-01 9.119184004390841203e-01
8.868857436134685024e-01 9.040272693846995722e-01 8.947547189286438885e-01 9.116679127093679780e-01
8.868664671553249113e-01 9.036452051850124567e-01 8.947151119736626024e-01 9.113906689122751592e-01
8.876182490229244104e-01 9.044040256719454440e-01 8.950727747792512901e-01 9.114662575631685693e-01
8.865965967413148574e-01 9.040919666313819159e-01 8.941642152361953810e-01 9.111431665215364850e-01
8.863074498691609904e-01 9.037593630867055694e-01 8.940381931067097332e-01 9.112396796460586756e-01
8.871700713710862773e-01 9.042634556170344728e-01 8.949635556003633363e-01 9.117008178488802406e-01
8.870110405914016782e-01 9.041628474680334371e-01 8.949815587617183654e-01 9.116923986928126000e-01
8.862207058075148858e-01 9.039741544838474363e-01 8.939529781429618183e-01 9.110817794817099857e-01
8.867363510628557544e-01 9.042140646928155112e-01 8.943238432668776383e-01 9.112681488586787948e-01
8.873339212653067465e-01 9.046679182854577839e-01 8.949719570756623499e-01 9.118578085973653158e-01
8.869387538733631837e-01 9.044643767890644392e-01 8.944774702437747749e-01 9.117237678933154399e-01
8.868616480407890412e-01 9.045335214669609769e-01 8.942302268278310429e-01 9.112976164231726406e-01
8.863267263273045815e-01 9.040994222929435997e-01 8.939805829903729739e-01 9.109810075715348843e-01
8.860134838824714754e-01 9.035138664347136528e-01 8.937741467401675299e-01 9.110849039206351252e-01
8.865243100232763629e-01 9.043453379331665154e-01 8.943706514864010471e-01 9.114074238353842006e-01
8.855894018033126924e-01 9.038463364771605058e-01 8.934440887819902199e-01 9.110652888465247123e-01
8.851653197241539095e-01 9.033196270846765019e-01 8.930264154385511022e-01 9.107350586122939795e-01
8.860520367987585466e-01 9.040627118693930209e-01 8.940465945820085247e-01 9.110210809184141612e-01
8.851267668078666162e-01 9.034964910156074724e-01 8.934260856206349688e-01 9.108171160118846421e-01
8.849243639973591868e-01 9.035945014195109204e-01 8.920842499942990278e-01 9.102250042124678808e-01
8.857532516975331616e-01 9.040194157827459165e-01 8.931164312453266918e-01 9.107963719398313174e-01
8.847171420723157764e-01 9.036054817543858197e-01 8.944126588628963370e-01 9.113778241773663469e-01
8.843942613984107082e-01 9.034302426150156995e-01 8.931908443122612562e-01 9.105343097114246831e-01
8.851364050369384673e-01 9.036298794014762104e-01 8.913197157420841288e-01 9.095451738694736443e-01
8.853580843055897098e-01 9.042922713333928497e-01 8.925079243915230442e-01 9.103354781883027380e-01
8.840810189535774910e-01 9.034121951190406952e-01 8.933000634911490989e-01 9.106475590251488228e-01
8.839075308302852818e-01 9.025565634360200873e-01 8.929388000532894054e-01 9.102720918271266504e-01
8.853580843055897098e-01 9.043063755727916986e-01 8.926903564265885604e-01 9.103350896777753221e-01
8.850785756625078049e-01 9.044540696501001120e-01 8.915201509385047851e-01 9.097388231402369074e-01
8.841002954117210821e-01 9.036181266026493963e-01 8.919042183807476265e-01 9.099670637857958377e-01
8.836183839581316368e-01 9.029299893148711176e-01 8.930684228150463921e-01 9.101679580831660843e-01
8.845002819182002929e-01 9.037889568067306589e-01 8.917397895070374725e-01 9.095659401755149531e-01
8.857195178957817383e-01 9.049575752825043118e-01 8.918406072106260796e-01 9.099654066903561933e-01
8.854351901381640744e-01 9.045887056899098999e-01 8.922726830831493317e-01 9.101112961925611478e-01
8.833967046894803943e-01 9.031715333939246415e-01 8.912849096301309615e-01 9.095684619459847298e-01
8.850737565479719349e-01 9.045330299183921285e-01 8.920986525233830511e-01 9.097853244216330681e-01
8.857918046138202328e-01 9.047314370327695920e-01 8.920830497835420259e-01 9.098094996433618853e-01
8.833051415132983086e-01 9.031481515770399815e-01 8.907100086775239234e-01 9.093659919279531989e-01
8.845195583763439950e-01 9.044730574085709796e-01 8.916917810767571728e-01 9.098824911541146809e-01
8.857580708120690316e-01 9.048068420752760632e-01 8.924515144859438420e-01 9.101756200243366068e-01
8.847653332176745877e-01 9.041812970547499217e-01 8.907280118388788415e-01 9.091974710983863339e-01
8.839219881738928919e-01 9.041054764314747638e-01 8.903091382846827218e-01 9.090494882082600370e-01
8.851171285787949872e-01 9.044635087790484640e-01 8.914121319703740554e-01 9.097899919678932301e-01
8.853098931602305655e-01 9.049003119339639190e-01 8.914457378715702207e-01 9.097836473971444571e-01
8.843075173367646036e-01 9.043512917774529924e-01 8.904303595711406949e-01 9.092312524435621768e-01
8.848279817066412312e-01 9.043671045892338611e-01 8.907652183723463457e-01 9.092032555811738748e-01
8.851026712351872661e-01 9.049254688915938649e-01 8.910832742229536363e-01 9.095463459411593510e-01
8.846207597815977097e-01 9.049304350136136987e-01 8.905971888663649638e-01 9.094261338626615787e-01
8.843798040548030981e-01 9.039539275777932481e-01 8.905431793822994324e-01 9.091298652055064267e-01
8.843219746803722137e-01 9.043292899148785979e-01 8.913869275444769036e-01 9.095750919398956080e-01
8.845677495217029174e-01 9.050994062327525347e-01 8.906073906577994803e-01 9.095160349809437994e-01
8.844376334292337605e-01 9.042938403458394836e-01 8.894599891740989639e-01 9.088521071669903861e-01
8.845291966054157351e-01 9.042634087792187358e-01 8.906223932922620046e-01 9.092453604248050825e-01
8.847894287903540489e-01 9.048816335630148755e-01 8.912549043612058020e-01 9.096477211692096665e-01
8.842593261914055702e-01 9.043921715152722918e-01 8.906067905524208683e-01 9.093531337179880936e-01
8.836665751034905592e-01 9.042976354360963143e-01 8.900726967655522293e-01 9.092234121059584728e-01
8.839557219756443152e-01 9.041023321695988990e-01 8.898458569324773082e-01 9.090637891544129934e-01
8.846014833234541186e-01 9.042569402053745042e-01 8.900498927611687483e-01 9.091274340181291214e-01
8.846303980106694498e-01 9.047481152432607088e-01 8.908612352329069450e-01 9.094672355302719780e-01
8.837195853633851295e-01 9.042906287559664413e-01 8.904015545129725373e-01 9.093877215101248135e-01
8.834497149493750756e-01 9.036637494879210530e-01 8.898746619906455768e-01 9.091138608253862552e-01
8.836424795308109870e-01 9.038691595007056767e-01 8.900414912858698457e-01 9.092439458783024842e-01
8.833822473458726732e-01 9.038823646181981530e-01 8.900042847524024525e-01 9.091739846094289978e-01
8.830015372975369425e-01 9.034536673866883083e-01 8.902959359663557004e-01 9.090702605701692640e-01
8.832955032842266796e-01 9.037063231738788893e-01 8.902179222671501302e-01 9.091678319224391069e-01
8.827027521963115575e-01 9.039744078644907921e-01 8.894377852750943170e-01 9.088959646735688125e-01
8.823557759497270281e-01 9.032529615338443785e-01 8.895230002388420099e-01 9.088465044788724967e-01
8.830882813591829361e-01 9.037134313107446637e-01 8.904435618894678273e-01 9.092424393776544767e-01
8.822401172008654813e-01 9.032857628430687180e-01 8.898950655735147208e-01 9.089452268934219425e-01
8.816329087693427491e-01 9.032036402455814184e-01 8.894017789523841477e-01 9.086481828785215598e-01
8.820184379322143498e-01 9.038073356441409523e-01 8.899946830663463260e-01 9.090970945572562911e-01
8.822352980863296112e-01 9.034468413739249470e-01 8.899274712639538842e-01 9.090866895749544208e-01
8.822256598572577602e-01 9.031970696175145585e-01 8.902335250069913775e-01 9.092273016660117335e-01
8.815413455931606634e-01 9.033558674915450615e-01 8.898470571432345322e-01 9.089783076932476114e-01
8.812088266901839662e-01 9.029083549300724876e-01 8.891365323750850536e-01 9.083892155905565202e-01
8.813967721570840075e-01 9.026809330668467135e-01 8.899850813802904215e-01 9.088923782221720593e-01
8.812714751791506096e-01 9.028738519822612218e-01 8.897006314308791852e-01 9.088945410756164023e-01
8.817582057472760360e-01 9.034295287943456820e-01 8.894869939161317296e-01 9.087225180858231610e-01
8.820618099630372910e-01 9.035397749173448290e-01 8.897222352245054422e-01 9.088147458482284113e-01
8.807220961220586508e-01 9.023117058463617779e-01 8.885688326870196940e-01 9.080887431183789493e-01
8.806112564877328630e-01 9.024619624611801560e-01 8.895434038217112649e-01 9.086802025403210026e-01
8.812329222628635383e-01 9.030749666334972892e-01 8.901159043528044101e-01 9.090002284937103161e-01
8.815220691350171833e-01 9.029816050484907874e-01 8.887860708340383775e-01 9.083967133168188157e-01
8.807172770075227808e-01 9.022240472035510939e-01 8.886588484937952837e-01 9.083714323660183609e-01
8.806257138313405841e-01 9.022448020091436982e-01 8.897054322739071930e-01 9.088195429119888535e-01
8.809004033598867300e-01 9.024037353158024244e-01 8.896442215252998720e-01 9.087714154129038491e-01
8.806449902894840642e-01 9.022821799262349396e-01 8.882195713567302420e-01 9.079474597801345803e-01
8.803751198754738994e-01 9.024413563963339380e-01 8.888172763137207610e-01 9.083325919528953962e-01
