6.125865633448510650e-01 6.082648714005776114e-01 6.510771291438776087e-01 6.659355426264470523e-01
6.465468634793043456e-01 6.799523904613333780e-01 6.525335848975080122e-01 6.877627849494691858e-01
6.504792609405948278e-01 6.888081892483504109e-01 6.573746349859035387e-01 6.931909150517223672e-01
6.488744958001415597e-01 6.903649708459956846e-01 6.626459606306867034e-01 6.956967547719911105e-01
6.481660859633651128e-01 6.921040698741720565e-01 6.629844200641632490e-01 6.958955805312307952e-01
6.483974034610879844e-01 6.933237831091663139e-01 6.628331935087801163e-01 6.962572000696487518e-01
6.487299223640647927e-01 6.944665159350952299e-01 6.627467783342755325e-01 6.961702749656486500e-01
6.491491853286875946e-01 6.958230879878155584e-01 6.622336882356540944e-01 6.956009686460165042e-01
6.491491853286877056e-01 6.966233891207763707e-01 6.619186329119393086e-01 6.949135843031282178e-01
6.484986048663419211e-01 6.967258843977350846e-01 6.615441671557525938e-01 6.946765236263868770e-01
6.484263181483034266e-01 6.966340044654744101e-01 6.608564463919864851e-01 6.940303492231598703e-01
6.481950006505804440e-01 6.967221446123916806e-01 6.605755970748463657e-01 6.941432805603362510e-01
6.485419768971649734e-01 6.970176836364290196e-01 6.601795275250335049e-01 6.939613573256541157e-01
6.486431783024186881e-01 6.973448257393775052e-01 6.595998257293980149e-01 6.938011218846480421e-01
6.487443797076725138e-01 6.971611029355581080e-01 6.601687256282203764e-01 6.944166712715598155e-01
6.503202301609102287e-01 6.978488713841517477e-01 6.600931123505286990e-01 6.945563191843788786e-01
6.519828246757940482e-01 6.988210380786145093e-01 6.592991729347672525e-01 6.942245497298138446e-01
6.532695282568781181e-01 6.993960418062931117e-01 6.582171829373237859e-01 6.936681805363267284e-01
6.538044499703624668e-01 7.000327316051631055e-01 6.571946033723521374e-01 6.933112511903070097e-01
6.547297199612542862e-01 7.003242841796718521e-01 6.558407656384461770e-01 6.928478384796686873e-01
6.561754543220228442e-01 7.014617837546754942e-01 6.550162208483809589e-01 6.925509176071956707e-01
6.583440558631756812e-01 7.029527202808300013e-01 6.537055907017272904e-01 6.920479612943398751e-01
6.607584322456592218e-01 7.038448579737603961e-01 6.521249131347464090e-01 6.909489417106529086e-01
6.619294770778817449e-01 7.049325887234303423e-01 6.507782766653823492e-01 6.905649214482978415e-01
6.631728086281425405e-01 7.058235197345863465e-01 6.500185432561957910e-01 6.904477775040552823e-01
6.645607136144805471e-01 7.066478494913798203e-01 6.493200205956166648e-01 6.904858921589502874e-01
6.661943934421490354e-01 7.078253205366675793e-01 6.480670005652992005e-01 6.899767691353420052e-01
6.662088507857565345e-01 7.074742330837109350e-01 6.469219995031127990e-01 6.896998234559179597e-01
6.666570284375948896e-01 7.083011655460199618e-01 6.459462281576644482e-01 6.891305386995516535e-01
6.674377249924099420e-01 7.089633549893141762e-01 6.458670142477018761e-01 6.895764836048897672e-01
6.685075684193786394e-01 7.098106391558458572e-01 6.460146401708140029e-01 6.898722959096171836e-01
6.695051251283088423e-01 7.099713188153112808e-01 6.472100500847948190e-01 6.913048015757409237e-01
6.712689210484465985e-01 7.116552732110918988e-01 6.491543915111492868e-01 6.930684205679422671e-01
6.734953519640303199e-01 7.138054802050916026e-01 6.517504473785596941e-01 6.956126983472425973e-01
6.762711619367057780e-01 7.169908943944377500e-01 6.553402777527732592e-01 6.991728598646971271e-01
6.801746447107808180e-01 7.197922185416338881e-01 6.595278130839774544e-01 7.032180022699265898e-01
6.876057193251311483e-01 7.253437469765842138e-01 6.667182757292179351e-01 7.092918502970906314e-01
6.980439214098801415e-01 7.300542699645660161e-01 6.782114939383354635e-01 7.167808990948384418e-01
7.129639000130114646e-01 7.386784857483702504e-01 6.923079692794054107e-01 7.276779919368666638e-01
7.335366999667483068e-01 7.541480929563908475e-01 7.114741348580810865e-01 7.434797881190774449e-01
7.535022914889617507e-01 7.656748464575853230e-01 7.302406302546726735e-01 7.572078038071894390e-01
7.729474186412990111e-01 7.739512928737242170e-01 7.475236651556014245e-01 7.671974920880992865e-01
7.873324755309458745e-01 7.746357086947677217e-01 7.667546421151554270e-01 7.674818774035501168e-01
7.803062065376107359e-01 7.654899923581443000e-01 7.621854397632223943e-01 7.677203771623914985e-01
7.891396434819066830e-01 7.691222169743289205e-01 7.715470836678922639e-01 7.726981982903448065e-01
7.886770084864606067e-01 7.728273009244055469e-01 7.743339730456668679e-01 7.697617882542650003e-01
7.925949486041434788e-01 7.747927029355209383e-01 7.772936927724509726e-01 7.799222943388816054e-01
8.071101215862597211e-01 7.980280282868630337e-01 7.892693957058859455e-01 7.962021016466576118e-01
8.117364715407190401e-01 8.149119363186343445e-01 7.954444800506970115e-01 7.982215947173384452e-01
8.200060720843151962e-01 8.192959721803060313e-01 8.052526023569740454e-01 8.091382634819912489e-01
8.173025488296780106e-01 8.091620799634270389e-01 8.022136687202271466e-01 8.057902028300241160e-01
8.192542902167155860e-01 8.104993344270333688e-01 8.031894400656754973e-01 8.046660326615274750e-01
8.265986207694198118e-01 8.208233067288437379e-01 8.036647235254510413e-01 8.062548218485110496e-01
8.327863638335092356e-01 8.293149950453787556e-01 8.091304833128696306e-01 8.137219500924670612e-01
8.314273735343866711e-01 8.212388484680530620e-01 8.092168984873744364e-01 8.142815439787061127e-01
8.365308158278998985e-01 8.288462369754209247e-01 8.131739933532328157e-01 8.194678672974242684e-01
8.372825976954995086e-01 8.359208436645573226e-01 8.123098416081865336e-01 8.165631593291560186e-01
8.370512801977763040e-01 8.334092221060049877e-01 8.166630060238577737e-01 8.195331061451953669e-01
8.343188422559238981e-01 8.228254843148276043e-01 8.188017815928476661e-01 8.211781941858438127e-01
8.368922494180919269e-01 8.277665976215420329e-01 8.222403854116782096e-01 8.249259617641737652e-01
8.416776301522359560e-01 8.378685096974818336e-01 8.227264707682668821e-01 8.252986737200840306e-01
8.430077057641428562e-01 8.350420071166629876e-01 8.252721177838827638e-01 8.297160657974167464e-01
8.421402651476816992e-01 8.296179240604444338e-01 8.236194275714816548e-01 8.282663548670520237e-01
8.482412641501250183e-01 8.397965612185278594e-01 8.243971641420232421e-01 8.309400536284312633e-01
8.525784672324306923e-01 8.470021795361243333e-01 8.227372726650798995e-01 8.301624849244348958e-01
8.526941259812922391e-01 8.451023790046021666e-01 8.246348058719110696e-01 8.328292266971230040e-01
8.497592852289320708e-01 8.390475553992498003e-01 8.279725919871528950e-01 8.354820161925471389e-01
8.485014963350634432e-01 8.368925425725878275e-01 8.302697953760680427e-01 8.369866697532997168e-01
8.514797091182466637e-01 8.442512026001447456e-01 8.329018575661886192e-01 8.399000649891329440e-01
8.511038181844468031e-01 8.444998121288204151e-01 8.343421104745992745e-01 8.409816528818141457e-01
8.483713802425941752e-01 8.412532084917550002e-01 8.362756500041408358e-01 8.422652516560670266e-01
8.464051815119489897e-01 8.382654765798800423e-01 8.373558396854489105e-01 8.427906835644788375e-01
8.488918446124709138e-01 8.441596227214536174e-01 8.394514076671862890e-01 8.453321902986821179e-01
8.503520363168471929e-01 8.480180073554501874e-01 8.399554961851301016e-01 8.451590057099160891e-01
8.475906836877791228e-01 8.437017232140053835e-01 8.426235646979611804e-01 8.473308041554959980e-01
8.436004568520579783e-01 8.386205111470399487e-01 8.429440209700824749e-01 8.467262968289210878e-01
8.433835966979428278e-01 8.424796043604421136e-01 8.423823223358022361e-01 8.473938283024371465e-01
8.430799924821814617e-01 8.418507251742568531e-01 8.425155457298302286e-01 8.491124468935722369e-01
8.414607699981204725e-01 8.424954726939297700e-01 8.415109693262137203e-01 8.498374513336280911e-01
8.395957726727291126e-01 8.434244790032292549e-01 8.409996795437277850e-01 8.508292387888100050e-01
8.382367823736065482e-01 8.424192415241537057e-01 8.409852770146436507e-01 8.513538322922882262e-01
8.382512397172143803e-01 8.417070595184018567e-01 8.404883897612421828e-01 8.511198502802865828e-01
8.389018201795601648e-01 8.448463247766476725e-01 8.416513939847838355e-01 8.529643663811988796e-01
8.378898061270223518e-01 8.445016056210545852e-01 8.433472917844373473e-01 8.539470493435864507e-01
8.375139151932223802e-01 8.442160219404116761e-01 8.440350125482032340e-01 8.542082283349342609e-01
8.386560453382295721e-01 8.461927118982186524e-01 8.441898397358574835e-01 8.545902223462173986e-01
8.382367823736066592e-01 8.460759291238754143e-01 8.462097944399036287e-01 8.559319965109171147e-01
8.374271711315761646e-01 8.443142368148872645e-01 8.482585542021178204e-01 8.571990686214094879e-01
8.393644551750061300e-01 8.463872817555803119e-01 8.489462749658840401e-01 8.583980807730386964e-01
8.401162370426057402e-01 8.466222415717949978e-01 8.490326901403887350e-01 8.586196689375238389e-01
8.407234454741285834e-01 8.484686816242773544e-01 8.503433202870424035e-01 8.596800070875096900e-01
8.444389827813038041e-01 8.547048399503226479e-01 8.510022359926404656e-01 8.605998889903744287e-01
8.455955702699184950e-01 8.557770730097911116e-01 8.514739188201447817e-01 8.626763483128462306e-01
8.469979325998640007e-01 8.574007478336617138e-01 8.512974878388644973e-01 8.632172673425062559e-01
8.497014558545012974e-01 8.616893062165441597e-01 8.515315289364812079e-01 8.627954055502202735e-01
8.508580433431160994e-01 8.629150833150887046e-01 8.517547681372850121e-01 8.635328764072615071e-01
8.526073819196460235e-01 8.641657113619964914e-01 8.514127080715374607e-01 8.642620236428109060e-01
8.538217987826915989e-01 8.655276993334467539e-01 8.520500199835090438e-01 8.645632948809214291e-01
8.541832323728839604e-01 8.657915657885437710e-01 8.531734172520695214e-01 8.650435024681781826e-01
8.517543986467926986e-01 8.621487388570545640e-01 8.521184319966585985e-01 8.641126361502369235e-01
8.541109456548454659e-01 8.648012146892231078e-01 8.520824256739483182e-01 8.645612717857976692e-01
8.556578814208677386e-01 8.662350909391338671e-01 8.518123782536213273e-01 8.640061058611072653e-01
8.591421012303199767e-01 8.689485150861245844e-01 8.512830853097803629e-01 8.642781580664082863e-01
8.559904003238445469e-01 8.645819034047825813e-01 8.525721116628079965e-01 8.651517985143761802e-01
8.577108242131590288e-01 8.662346258137272326e-01 8.531626153552565039e-01 8.655556936499453347e-01
8.612962454278652036e-01 8.688344911409173754e-01 8.526333224114154286e-01 8.657970035437250189e-01
8.587228382656969528e-01 8.654755939165117429e-01 8.532238261038638250e-01 8.668653186506458663e-01
8.614841908947650229e-01 8.699503342642712633e-01 8.539259493967140680e-01 8.677603904062992646e-01
8.594601627896890639e-01 8.659467036480132940e-01 8.541311854361626210e-01 8.677533688621348329e-01
8.562072604779598084e-01 8.607460965811741804e-01 8.534470653046675181e-01 8.666722181556644200e-01
8.589830704506355996e-01 8.640536722683485049e-01 8.539331506612563016e-01 8.679698205688900492e-01
8.611082999609651623e-01 8.681364040705367158e-01 8.530834014452938208e-01 8.679430408268172803e-01
8.612239587098267091e-01 8.676635094157396644e-01 8.519924098671726176e-01 8.676276685375903241e-01
8.622504301059724652e-01 8.673607039118207407e-01 8.522300515970604451e-01 8.681062935663955704e-01
8.641587994621868773e-01 8.706688256320150865e-01 8.521148313643875927e-01 8.681954629956389891e-01
8.657491072590322023e-01 8.726784677513144128e-01 8.512092723482242995e-01 8.677796449616534957e-01
8.648527519553558252e-01 8.704424873541356522e-01 8.509302233472196830e-01 8.681065866984069013e-01
8.652286428891555747e-01 8.718817985241266166e-01 8.510310410508085122e-01 8.678221715801827107e-01
8.659515100695398537e-01 8.737167377628946019e-01 8.497708197559490362e-01 8.661804450639657427e-01
8.662840289725165510e-01 8.749421010666574849e-01 8.492595299734633230e-01 8.655412542617062499e-01
8.675707325536006209e-01 8.777038758433607368e-01 8.503001126997901116e-01 8.661004514283098255e-01
8.668334080296086208e-01 8.767434292140734442e-01 8.496628007878184174e-01 8.658164971618349526e-01
8.685393745753154926e-01 8.791850031364383256e-01 8.489426743336130343e-01 8.639523125065315945e-01
8.702164264338069222e-01 8.812101856879809292e-01 8.503721253452105611e-01 8.643979191460141598e-01
8.710404950194452489e-01 8.814549803630394864e-01 8.503001126997900005e-01 8.642430391611464202e-01
8.702742558082378066e-01 8.812389518672035793e-01 8.471315563012866701e-01 8.627387927952681057e-01
8.697971634691843423e-01 8.817281724908339058e-01 8.464222317438943044e-01 8.631196096529107908e-01
8.701585970593763708e-01 8.819562221398882240e-01 8.464366342729783277e-01 8.633662708297952237e-01
8.716332461073602600e-01 8.832391188050916497e-01 8.467102823255764354e-01 8.631580982661832824e-01
8.705489453367838415e-01 8.822293043158520032e-01 8.462746058207821775e-01 8.642909357599259934e-01
8.735994448380055566e-01 8.851472150753758594e-01 8.485610073128841968e-01 8.666105747430544737e-01
8.745970015469357595e-01 8.847802334649177425e-01 8.501236817185098271e-01 8.681117387676389185e-01
8.769246338677731956e-01 8.868116859607252378e-01 8.506601759268926921e-01 8.674808070196161625e-01
8.748283190446586310e-01 8.845494452364535132e-01 8.520716237771351897e-01 8.703306910922370410e-01
8.793245529066490151e-01 8.889640012339681263e-01 8.538251316931252388e-01 8.710115001334957086e-01
8.779511052639188406e-01 8.873288018113181241e-01 8.525685110305368797e-01 8.702462026676138773e-01
8.779944772947418929e-01 8.872079307653251146e-01 8.531302096648172295e-01 8.717410563018352931e-01
8.789775766600644857e-01 8.885094706969138834e-01 8.538647386481066359e-01 8.719465008609754708e-01
8.770981219910654048e-01 8.898327527230014411e-01 8.522264509647894393e-01 8.724993300492911441e-01
8.740909945206668530e-01 8.864834477747107755e-01 8.516827554918644516e-01 8.732868648257651190e-01
8.782691668232879278e-01 8.892917624356595496e-01 8.533750526592470687e-01 8.739503989043282406e-01
8.759993638768812652e-01 8.865601221505295948e-01 8.529357755221816939e-01 8.740677271931680536e-01
8.786306004134800673e-01 8.908354398695839116e-01 8.556866585772462397e-01 8.769399663103027986e-01
8.774306408940422131e-01 8.865034566913141401e-01 8.546532771154615737e-01 8.747465738601760687e-01
8.793100955630412940e-01 8.896575177462300310e-01 8.559675078943861370e-01 8.778488569367894900e-01
8.777631597970189103e-01 8.874511031122647164e-01 8.558918946166946817e-01 8.755601825351162493e-01
8.806401711749483052e-01 8.924128047968185040e-01 8.565580115868346445e-01 8.777173071428786555e-01
8.800185053998178519e-01 8.909935272546559704e-01 8.563167692246759222e-01 8.776092484628300605e-01
8.779511052639188406e-01 8.870863620764737334e-01 8.574977766095726039e-01 8.770573970184165624e-01
8.820136188176785907e-01 8.923900926573629100e-01 8.583511264578058686e-01 8.789447990663217247e-01
8.786161430698724573e-01 8.887434582660821425e-01 8.569612824011896279e-01 8.775625286568728978e-01
8.818401306943862705e-01 8.907839746141555937e-01 8.578182328816940094e-01 8.762566409526711952e-01
8.807124578929867997e-01 8.924139222867928378e-01 8.571701190729091868e-01 8.790586692478939979e-01
8.788185458803798866e-01 8.905757310202092603e-01 8.555462339186761245e-01 8.763792417264757439e-01
8.819702467868553164e-01 8.915587781403974121e-01 8.574401664932361777e-01 8.770144258666499049e-01
8.823895097514782293e-01 8.931748143412689966e-01 8.575913930486194214e-01 8.787901550777411641e-01
8.823461377206552880e-01 8.931010932123570889e-01 8.567632476262831975e-01 8.775039203274661581e-01
8.828810594341395257e-01 8.911150762440921413e-01 8.581710948442546893e-01 8.765187206142066589e-01
8.837051280197776304e-01 8.933018499677362056e-01 8.584519441613946977e-01 8.782384809662718839e-01
8.821148202229323054e-01 8.925687735850683646e-01 8.566840337163205144e-01 8.768464627909724474e-01
8.821581922537553577e-01 8.924255801358885742e-01 8.585923688199648129e-01 8.768159646065089019e-01
8.834015238040162643e-01 8.925478726548969899e-01 8.598489894825529500e-01 8.785852940366742914e-01
8.819124174124246540e-01 8.919620093653622961e-01 8.575409841968250069e-01 8.776904397584786022e-01
8.819702467868555384e-01 8.914301143414399275e-01 8.570152918852550483e-01 8.754525243128046252e-01
8.827220286544550376e-01 8.924235735816761217e-01 8.582755131801145243e-01 8.770764669892788801e-01
8.829388888085702991e-01 8.940262845470654529e-01 8.571773203374513095e-01 8.775799968281214891e-01
8.827220286544550376e-01 8.919815186203030599e-01 8.566768324517786137e-01 8.759594421296110767e-01
8.817533866327402770e-01 8.892704279125405176e-01 8.574725721836753412e-01 8.767543166033686663e-01
8.839075308302852818e-01 8.933750845237554694e-01 8.574113614350680201e-01 8.773207192219321104e-01
8.832714077115472184e-01 8.933051922645570686e-01 8.565688134836476619e-01 8.762843257541843567e-01
8.795847850915873289e-01 8.888666513772144340e-01 8.575013772418437208e-01 8.770128504405758640e-01
8.809004033598868411e-01 8.904372410805809768e-01 8.576814088553951221e-01 8.777316044495890868e-01
8.829244314649626890e-01 8.931267132318969626e-01 8.566048198063579422e-01 8.763386442494076611e-01
8.786739724443031196e-01 8.890378071951143824e-01 8.579154499530117217e-01 8.766631843760895881e-01
8.790209486908874270e-01 8.901260550765877078e-01 8.584555447936657036e-01 8.780363705319165213e-01
8.809004033598866190e-01 8.916673259574864341e-01 8.566264235999841992e-01 8.773502039168310507e-01
8.802353655539331134e-01 8.893179537474721341e-01 8.580630758761238486e-01 8.764280396999066802e-01
8.786739724443031196e-01 8.871971187625932176e-01 8.590100421634038197e-01 8.774403819214602329e-01
8.825051685003396651e-01 8.921819236385027940e-01 8.574401664932361777e-01 8.780694459248704620e-01
8.805678844569100328e-01 8.907357187466068416e-01 8.582431074896751388e-01 8.781185317146923408e-01
8.763463401234656835e-01 8.850813873295545475e-01 8.580270695534135683e-01 8.769438514413585573e-01
8.810305194523557759e-01 8.900037241226181894e-01 8.563311717537600565e-01 8.766596071555075032e-01
8.800474200870331831e-01 8.905063726698193571e-01 8.569828861948158849e-01 8.779290664325996030e-01
8.776041290173343112e-01 8.885942170910217097e-01 8.577966290880678635e-01 8.780789041332194289e-01
8.774595555812575443e-01 8.872319726262606343e-01 8.573177449960213137e-01 8.771050399554443100e-01
8.804377683644406538e-01 8.892479072114755079e-01 8.570224931497971710e-01 8.773780447779689906e-01
8.799751333689947996e-01 8.896191756708156095e-01 8.574473677577783004e-01 8.779993190130168657e-01
8.763174254362504634e-01 8.879625001308359966e-01 8.573825563768998625e-01 8.775126937792988580e-01
8.769101765241655855e-01 8.870817123137710869e-01 8.583691296191610087e-01 8.778528925370605585e-01
8.798016452457024794e-01 8.894933536928806284e-01 8.570909051629466147e-01 8.778777252965626055e-01
8.775752143301189800e-01 8.883967713086590168e-01 8.556182465640966850e-01 8.761755140101414874e-01
8.756234729430815156e-01 8.869937814639548002e-01 8.574005595382550027e-01 8.775419407523745718e-01
8.770113779294193002e-01 8.890287627204959131e-01 8.569720842980027564e-01 8.778826878567801417e-01
8.762306813746042478e-01 8.884527030257082236e-01 8.558522876617135067e-01 8.770800444165853804e-01
8.741632812387052365e-01 8.858193390396706945e-01 8.564427913541617921e-01 8.767292074832711002e-01
8.740331651462360796e-01 8.878397206343547898e-01 8.558306838680871387e-01 8.771178272358413075e-01
8.754644421633970275e-01 8.882175983309150702e-01 8.551357618397792404e-01 8.773927835500725525e-01
8.741777385823128466e-01 8.873879175765708727e-01 8.555138282282368500e-01 8.772033012590493284e-01
8.722693692260984344e-01 8.861381352080103246e-01 8.549269251680595705e-01 8.763394935084010129e-01
8.746982029521896962e-01 8.892399881526873440e-01 8.546064688959380540e-01 8.772605944301555825e-01
8.778643612022726250e-01 8.911831222961384968e-01 8.553337966146855598e-01 8.771461870761874113e-01
8.751030085732047770e-01 8.886918381535388045e-01 8.550817523557135980e-01 8.767968500305352020e-01
8.763752548106811258e-01 8.897181506867947176e-01 8.540231664680317802e-01 8.760933260446626125e-01
8.783559108849339214e-01 8.918091665715650596e-01 8.532454298974899709e-01 8.764475768703107184e-01
8.772426954271422828e-01 8.911916293350037321e-01 8.552041738529285730e-01 8.774718850647382773e-01
8.770258352730269102e-01 8.916163184637749817e-01 8.539979620421346285e-01 8.771640096492523409e-01
8.760861079385273698e-01 8.896999640801979137e-01 8.546946843865781407e-01 8.775949068978601275e-01
8.778354465150572938e-01 8.933296202021170362e-01 8.537135120927235032e-01 8.780612712362647621e-01
8.794402116555104509e-01 8.951725429397705547e-01 8.535118766855460670e-01 8.780056051903130099e-01
8.775896716737265901e-01 8.920451782560171461e-01 8.548765163162652669e-01 8.785629399065889578e-01
8.796715291532333225e-01 8.943302781231481369e-01 8.537783234736018301e-01 8.786117193087261690e-01
8.781101360436034398e-01 8.934647477418521389e-01 8.538719399126486476e-01 8.781655887387126436e-01
8.792088941577873573e-01 8.953761892677949419e-01 8.523344699329202800e-01 8.779105261230353285e-01
8.804233110208331547e-01 8.947629061448632015e-01 8.534470653046675181e-01 8.783120109694868560e-01
8.775896716737267012e-01 8.927991883451845689e-01 8.530257913289573946e-01 8.782975410976585628e-01
8.795414130607641656e-01 8.954967101475526103e-01 8.531950210456955563e-01 8.790593813345627394e-01
8.808570313290634557e-01 8.965961900013884600e-01 8.536270969182189194e-01 8.784385282560376318e-01
8.782257947924647645e-01 8.948002071516690803e-01 8.515639346269203713e-01 8.782448364531341145e-01
8.781968801052495444e-01 8.932586152843786653e-01 8.533426469688077942e-01 8.783431935883119213e-01
8.802498228975408345e-01 8.967272188750363693e-01 8.509590284053878406e-01 8.779665237861553617e-01
8.806980005493791896e-01 8.962958419203211902e-01 8.533714520269760628e-01 8.790310447026008500e-01
8.796426144660178803e-01 8.960401622647473641e-01 8.520176142930697694e-01 8.777522274678840608e-01
8.793100955630411830e-01 8.966816896053099173e-01 8.516215447432569086e-01 8.780544294784312642e-01
8.792233515013951894e-01 8.963248385175033306e-01 8.538575373835646243e-01 8.797438914952048217e-01
8.807558299238097410e-01 8.981088220479425122e-01 8.522552560229575969e-01 8.792584274917857323e-01
8.765632002775809450e-01 8.950974461683275374e-01 8.529717818448918631e-01 8.777062808405952099e-01
8.818256733507784384e-01 8.990270899817142114e-01 8.531950210456956674e-01 8.785858653257406781e-01
8.799317613381718584e-01 8.976844474006131502e-01 8.528601622444901276e-01 8.792359390117683304e-01
8.781245933872111609e-01 8.969694043864944177e-01 8.533282444397235489e-01 8.791761183368369537e-01
8.802787375847560547e-01 8.980044470506826082e-01 8.528853666703872793e-01 8.788410443534325767e-01
8.804233110208330437e-01 8.976978231514292084e-01 8.528061527604249292e-01 8.782972814350056279e-01
8.802931949283638868e-01 8.985526442246991596e-01 8.537135120927235032e-01 8.794124387828443634e-01
8.811028061703942704e-01 8.998534204210928422e-01 8.533138419106395256e-01 8.798579748062831385e-01
8.786884297879106187e-01 8.974376829900356789e-01 8.539979620421345174e-01 8.792380882366622741e-01
8.806980005493790786e-01 8.991042359895717873e-01 8.547504941867791750e-01 8.797471107917715916e-01
8.808281166418482355e-01 8.997825227624764999e-01 8.543112170497140223e-01 8.807202584997727568e-01
8.774884702684728754e-01 8.982462378654694213e-01 8.524820958560322959e-01 8.782912637648939702e-01
8.817678439763478870e-01 9.001170277390828645e-01 8.523884794169854784e-01 8.788969290149275526e-01
8.751897526348508816e-01 8.958558815675273790e-01 8.548225068321997355e-01 8.799486218257144277e-01
8.798016452457024794e-01 8.996603336909400062e-01 8.515639346269204824e-01 8.786889769920342985e-01
8.809582327343173924e-01 9.005034264334104144e-01 8.533354457042656716e-01 8.791810077423457548e-01
8.767366884008732653e-01 8.963753806443888195e-01 8.554418155828162895e-01 8.802882547733041907e-01
8.789486619728491545e-01 8.992124002187725784e-01 8.523848787847145836e-01 8.788232404946767495e-01
8.779221905767036205e-01 8.986546064329492545e-01 8.546460758509193401e-01 8.799449443814659766e-01
8.782980815105032590e-01 8.985103952124346982e-01 8.553662023051247232e-01 8.811145003618349181e-01
8.785872283826570150e-01 8.990828803144468306e-01 8.536234962859476916e-01 8.787414575050576104e-01
8.777631597970187993e-01 8.986869598787061708e-01 8.551213593106949951e-01 8.801601387119839526e-01
8.803076522719716079e-01 9.003270994423756557e-01 8.560503224366198260e-01 8.813560648719683810e-01
8.801486214922870088e-01 9.006724481936130289e-01 8.534758703628357868e-01 8.786962344812384584e-01
8.769969205858115791e-01 8.984442815211904909e-01 8.547792992449474436e-01 8.810947183234868474e-01
8.796570718096258235e-01 8.996503857600695042e-01 8.548441106258257705e-01 8.807545954848317038e-01
8.800907921178562354e-01 9.001447995252190859e-01 8.532130242070508075e-01 8.796336166300470216e-01
8.786161430698724573e-01 8.997691485506926767e-01 8.534974741564618217e-01 8.799360241013848283e-01
8.792667235322182417e-01 8.999954128186301583e-01 8.538107291640412155e-01 8.798877644234213147e-01
8.803221096155792180e-01 9.002041349289797711e-01 8.537171127249945091e-01 8.809653890894370010e-01
8.783559108849339214e-01 8.992567959596371452e-01 8.541923961847700530e-01 8.809673076969177785e-01
8.799028466509564161e-01 9.013449162810185378e-01 8.527665458054434211e-01 8.800445242345302788e-01
8.791221500961413637e-01 8.998744264275084781e-01 8.536595026086579718e-01 8.802455445790656752e-01
8.793534675938642353e-01 9.003993352267607442e-01 8.539727576162373657e-01 8.800590335139464315e-01
8.815365264786247934e-01 9.022623691920073075e-01 8.530870020775648266e-01 8.806976314529825212e-01
8.791944368141798583e-01 9.003156557358447110e-01 8.539763582485084825e-01 8.785615440037068957e-01
8.798161025893103115e-01 9.003513920325210140e-01 8.548981201098914129e-01 8.820081112834079473e-01
8.811172635140018805e-01 9.018412575419721966e-01 8.533534488656208117e-01 8.794827099798628867e-01
8.807702872674174621e-01 9.013138907321067705e-01 8.547432929222371634e-01 8.792017270496698123e-01
8.828666020905318046e-01 9.017633017141843954e-01 8.551897713238445498e-01 8.815206121466567790e-01
8.815654411658401246e-01 9.014455394311908787e-01 8.540303677325737919e-01 8.793691381964999776e-01
8.793100955630411830e-01 8.998531310170017061e-01 8.547865005094894553e-01 8.806344783103782214e-01
8.834015238040162643e-01 9.028632301632593116e-01 8.546280726895643109e-01 8.805307685904923964e-01
8.830400902138241248e-01 9.030851611123729139e-01 8.538647386481066359e-01 8.782555732561736495e-01
8.804088536772252116e-01 9.007843159206914141e-01 8.531842191488825389e-01 8.799653791062294061e-01
8.819413320996400962e-01 9.026292317124522402e-01 8.526405236759575512e-01 8.787821637815452780e-01
8.825196258439474972e-01 9.029940268369300860e-01 8.532058229425087958e-01 8.796070703650642475e-01
8.831702063062931707e-01 9.034351929932094016e-01 8.530365932257704120e-01 8.795431115490057739e-01
8.840954762971851011e-01 9.040383860580794018e-01 8.524280863719668755e-01 8.780737345947822181e-01
8.826641992800242642e-01 9.025588126458212734e-01 8.532490305297610877e-01 8.800018895814099018e-01
8.827364859980626477e-01 9.024813110949718720e-01 8.529969862707892370e-01 8.793801221421586600e-01
8.856134973759920426e-01 9.050653788692525348e-01 8.516071422141727743e-01 8.778086705407061041e-01
8.835460972400932533e-01 9.030870868474285551e-01 8.526729293663966036e-01 8.793035162346231060e-01
8.835605545837006414e-01 9.023750857411713122e-01 8.536595026086579718e-01 8.792689894534505557e-01
8.844424525437696305e-01 9.037183843443232778e-01 8.544696448696391666e-01 8.794819999185883308e-01
8.840231895791467176e-01 9.042549799185852777e-01 8.526873318954808489e-01 8.798072666056931945e-01
8.837485000506007937e-01 9.033711706005878028e-01 8.517619694018269128e-01 8.786053397909852070e-01
8.865387673668839730e-01 9.041033738017089094e-01 8.530473951225835405e-01 8.785853001492256453e-01
8.849195448828234278e-01 9.038262060023418698e-01 8.525505078691819616e-01 8.790880185519023282e-01
8.821437349101477476e-01 9.026076120353401233e-01 8.491263065794353304e-01 8.771224812475003629e-01
8.842689644204773103e-01 9.034513600276656842e-01 8.500120621181079805e-01 8.777267893597335835e-01
8.842834217640850314e-01 9.032988735070608399e-01 8.533318450719946657e-01 8.795588085907892761e-01
8.822449363154014623e-01 9.025650600231397425e-01 8.503073139643320122e-01 8.765792824851322829e-01
8.839798175483237763e-01 9.035964657194395233e-01 8.500552697053602724e-01 8.778285878139076015e-01
8.836183839581316368e-01 9.033225032479773597e-01 8.526477249404995629e-01 8.795075217713965721e-01
8.835027252092699790e-01 9.036077068986567706e-01 8.512074720320886856e-01 8.785852435616225975e-01
8.834015238040162643e-01 9.027224810156901924e-01 8.494755679097248935e-01 8.767158966075787596e-01
8.840810189535776020e-01 9.028954029231990308e-01 8.507141854109581125e-01 8.779146527811186873e-01
8.846014833234542296e-01 9.038931854806115940e-01 8.510274404185375063e-01 8.783060856010000972e-01
8.815220691350171833e-01 9.022412393568810529e-01 8.508978176567804086e-01 8.778761374997112732e-01
8.827654006852780899e-01 9.031326541930940754e-01 8.510922517994159442e-01 8.783999882046154006e-01
8.846303980106695608e-01 9.038675109400922114e-01 8.515135257751260678e-01 8.778344072891710592e-01
8.834448958348393166e-01 9.032378909479035212e-01 8.522048471711631823e-01 8.780723848999181236e-01
8.835460972400931423e-01 9.039623439828470275e-01 8.517583687695559069e-01 8.796827549846479855e-01
8.838497014558543974e-01 9.038295999665667546e-01 8.502533044802668138e-01 8.787515910049078505e-01
