6.396940826092613053e-01 6.305552857062375338e-01 6.767946451396864571e-01 6.675833096871193195e-01
6.801168153363501556e-01 6.995125268558968212e-01 6.719769991610526905e-01 6.999036024175522286e-01
6.782807326981740159e-01 7.021392082962679693e-01 6.769872789661863788e-01 7.036121763407539031e-01
6.773699200508899176e-01 7.028645202322858498e-01 6.786399691785878208e-01 7.053915177721490348e-01
6.781506166057048590e-01 7.050168094976467792e-01 6.790036330379614071e-01 7.056179347667739243e-01
6.784686781650739462e-01 7.060672254226894040e-01 6.793528943682509702e-01 7.058990570830490086e-01
6.782807326981739049e-01 7.067518696883176021e-01 6.790864475801952072e-01 7.061957563006507899e-01
6.779771284824127608e-01 7.072332438189512516e-01 6.786975792949241360e-01 7.065190492466004724e-01
6.772108892712052075e-01 7.074761960429228891e-01 6.785103464168307230e-01 7.068874446341468776e-01
6.769506570862670047e-01 7.077089849371964725e-01 6.780530661184105412e-01 7.069616225381623043e-01
6.766325955268978065e-01 7.078618086919314933e-01 6.777326098462890247e-01 7.072259149458539618e-01
6.772976333328514231e-01 7.085338321144809548e-01 6.772789301801396267e-01 7.073462328394970466e-01
6.774422067689283011e-01 7.086505054129978998e-01 6.774517605291489053e-01 7.076669179663173104e-01
6.776446095794359525e-01 7.089509023676703325e-01 6.771169017279433655e-01 7.077156212883647379e-01
6.772542613020283708e-01 7.088154858026709526e-01 6.768036467203640827e-01 7.079048129899572217e-01
6.772253466148128176e-01 7.089312278566517467e-01 6.760079069884671332e-01 7.076643500402990394e-01
6.771241452095592139e-01 7.086140100373665707e-01 6.754498089864580113e-01 7.074639704082272829e-01
6.769940291170900570e-01 7.082253111764853504e-01 6.748413021326544747e-01 7.074675677750597025e-01
6.772976333328513121e-01 7.084023506414210969e-01 6.736890998059259505e-01 7.067091064165679226e-01
6.766181381832900854e-01 7.081073777379088829e-01 6.730301841003279995e-01 7.065559078792040815e-01
6.757651549104367605e-01 7.075125251223259859e-01 6.722380450007021668e-01 7.062876486764870787e-01
6.745218233601759650e-01 7.068130033090898046e-01 6.711002452030576659e-01 7.058480983332977576e-01
6.730182596249765226e-01 7.060546692688081105e-01 6.707761882986651436e-01 7.060109854979846888e-01
6.721652763521229756e-01 7.057166992951696693e-01 6.700956687994412686e-01 7.055949703430486331e-01
6.706327979297084241e-01 7.053010367345007303e-01 6.694799606810954984e-01 7.053042308478791877e-01
6.692593502869783606e-01 7.044414020255186371e-01 6.686878215814696658e-01 7.045801917159129069e-01
6.675244690540559356e-01 7.036025586290166611e-01 6.680433084049559600e-01 7.042938396028055603e-01
6.665702843759487850e-01 7.030423116166063524e-01 6.673159806862085652e-01 7.040072431080497406e-01
6.649076898610650765e-01 7.023604136214920413e-01 6.664986371606854698e-01 7.036740409375634719e-01
6.640691639318191397e-01 7.019641078500815645e-01 6.657172999578726547e-01 7.031696958829858346e-01
6.631438939409273203e-01 7.014167420537267272e-01 6.647991387287606191e-01 7.024972840392080808e-01
6.623487400425045468e-01 7.015725238080012804e-01 6.640033989968638917e-01 7.018918127130279183e-01
6.616258728621202678e-01 7.015283817819122358e-01 6.633480839235369464e-01 7.013466173393398950e-01
6.610764938050284201e-01 7.017014045797475008e-01 6.627863852892567076e-01 7.008572121689566892e-01
6.602741112348016195e-01 7.015680039440137516e-01 6.619726423960047290e-01 7.002646728496138007e-01
6.591247524179906225e-01 7.009957354894980064e-01 6.610724843282479446e-01 6.994814714843231584e-01
6.572886697798145939e-01 7.003386300098728423e-01 6.602659426995380887e-01 6.988434805744019318e-01
6.562043690092382864e-01 6.998654524502641028e-01 6.591641492246038680e-01 6.978970478664587862e-01
6.555393312032846698e-01 6.996723690503945381e-01 6.582063810405107684e-01 6.972258110110731710e-01
6.545417744943544669e-01 6.995137026915226874e-01 6.573818362504455504e-01 6.967373998479859942e-01
6.535297604418164319e-01 6.990130386947812635e-01 6.560676054715207650e-01 6.959127478595853455e-01
6.525322037328861180e-01 6.987041666662053840e-01 6.548361892348295576e-01 6.952097894255265809e-01
6.513033295262329325e-01 6.985078585552176866e-01 6.540044431802225500e-01 6.950711284598158901e-01
6.505226329714177691e-01 6.978170995087376038e-01 6.532807160937460500e-01 6.946783101256196469e-01
6.499877112579335314e-01 6.979748840028973111e-01 6.525749921686248012e-01 6.946440225027650239e-01
6.483829461174803743e-01 6.974095960297923558e-01 6.510447234534384453e-01 6.937168108251910992e-01
6.477901950295652522e-01 6.969463867506515697e-01 6.497268920422425431e-01 6.931860329911443408e-01
6.468504676950657117e-01 6.967811993603358900e-01 6.489707592653271018e-01 6.935669466665774774e-01
6.459541123913892235e-01 6.973755183491511245e-01 6.490031649557662652e-01 6.953791467903227552e-01
6.452457025546125546e-01 6.972449044318633771e-01 6.496404768677379593e-01 6.971679092045121040e-01
6.463878326996198576e-01 6.988240023565541748e-01 6.519772872116342821e-01 6.989158963273307545e-01
6.503780595353410021e-01 7.068326148843477874e-01 6.594161934835757188e-01 7.049562019088855269e-01
6.659341612572106106e-01 7.172599509073922519e-01 6.805483042822320083e-01 7.177088408039655754e-01
6.989258193699490196e-01 7.319707194372739867e-01 7.202668788639285946e-01 7.411461780257088128e-01
7.072243346007605069e-01 7.335613632294644137e-01 7.280838515243276410e-01 7.464033344512802648e-01
7.302982549986265504e-01 7.253984689423238486e-01 7.598666325806811006e-01 7.495343878770285295e-01
6.976246584452573396e-01 7.177525880128854396e-01 7.296105196072431021e-01 7.452080600782455821e-01
7.267851205019589811e-01 7.287751814752040369e-01 7.580627158128967480e-01 7.599913585470020605e-01
7.340860790238401545e-01 7.136606472034436877e-01 7.704488908252288271e-01 7.413286022390821461e-01
7.449435440732119496e-01 7.492399325367073981e-01 7.708485610073129157e-01 7.711899046155055171e-01
7.481675316977258738e-01 7.532431068037954702e-01 7.677664197833139470e-01 7.715214436006465615e-01
7.684222700920932958e-01 7.788498253828480822e-01 7.894242228935400840e-01 7.880177789772666586e-01
7.715595136549610045e-01 7.645721778057879003e-01 7.937233778251460148e-01 7.766477839678074258e-01
7.858867411701773165e-01 7.902240102000542832e-01 8.030454147748344873e-01 7.974561201126855181e-01
7.952406424843498911e-01 8.095790085302514427e-01 8.083455454777859206e-01 8.115666632731697305e-01
8.092642657838048370e-01 8.225563514232905327e-01 7.993331629034058361e-01 8.056938063813297024e-01
8.114617820121730052e-01 8.058255365773447920e-01 8.061779648506278706e-01 7.958111607404692034e-01
8.177362691379086446e-01 8.129008537628399367e-01 7.997292324532188079e-01 7.928251608438174891e-01
8.234902918937674343e-01 8.283170904745722485e-01 8.001973146484523403e-01 8.052428476793602741e-01
8.221891309690757543e-01 8.260186869379690933e-01 8.074273842486739960e-01 8.124331862673499494e-01
8.260636990559354631e-01 8.292065817073296374e-01 8.154928005357742204e-01 8.193152883995882263e-01
8.254854053116280621e-01 8.259188679155308188e-01 8.179304285832592614e-01 8.231137886616115562e-01
8.244300192282670858e-01 8.238645918166850324e-01 8.203428522048471505e-01 8.257249494860678940e-01
8.283913313767727882e-01 8.324386865713719885e-01 8.296936942127036696e-01 8.359792645315143877e-01
8.304153594818488582e-01 8.389393017030974953e-01 8.321349228924599384e-01 8.385765558940920794e-01
8.357067472422617938e-01 8.440049474250390649e-01 8.348930072120664958e-01 8.422774634210377087e-01
8.346658185025082055e-01 8.409531324261282359e-01 8.326390114104036400e-01 8.391811535513078457e-01
8.331767121109165952e-01 8.412700065414980832e-01 8.338956320729919991e-01 8.401988917645277777e-01
8.376295739420838160e-01 8.473905423538137249e-01 8.389617216783267217e-01 8.445072955760202227e-01
8.410704217207131128e-01 8.495003117322108555e-01 8.390193317946632590e-01 8.430008829681535643e-01
8.405933293816594265e-01 8.494175684321902953e-01 8.401535309600366430e-01 8.446831621089323505e-01
8.364729864534690140e-01 8.455111058094409993e-01 8.383532148245231852e-01 8.447000787716507642e-01
8.371091095722070774e-01 8.455687341349830133e-01 8.391993634082144382e-01 8.454480810769635646e-01
8.413884832800819780e-01 8.493303045680062890e-01 8.431204519513626483e-01 8.477879239977685888e-01
8.440775491911116646e-01 8.512250287322271625e-01 8.444526858916424628e-01 8.476482623669554517e-01
8.441642932527577692e-01 8.507293756275549068e-01 8.452700294171655582e-01 8.493152357068485259e-01
8.444389827813038041e-01 8.504909332694551294e-01 8.439918049609511641e-01 8.495040181354536202e-01
8.453064233977649611e-01 8.504930669909884777e-01 8.434913170752783573e-01 8.489086181049292357e-01
8.484436669606325587e-01 8.533329511039309256e-01 8.457669166705674701e-01 8.507756338843601718e-01
8.490653327357631230e-01 8.544306914016113197e-01 8.469803297459034264e-01 8.518478025670341847e-01
8.488051005508248092e-01 8.538454594882070037e-01 8.466850778996792837e-01 8.523115849862159532e-01
8.485882403967096588e-01 8.534213934942437296e-01 8.452232211976421494e-01 8.512346847193187349e-01
8.484436669606326697e-01 8.535551196583193168e-01 8.445066953757079942e-01 8.505253216604687916e-01
8.491376194538017286e-01 8.539910618797001973e-01 8.455832844247450630e-01 8.516828588198321892e-01
8.487761858636094781e-01 8.542765638370997117e-01 8.462313982335297746e-01 8.525575813490371413e-01
8.492243635154477222e-01 8.537348677102153394e-01 8.460009577681839588e-01 8.527292881675582192e-01
8.490508753921555130e-01 8.528384568904845420e-01 8.452952338430629320e-01 8.521543857685005552e-01
8.490942474229785653e-01 8.518903303472558086e-01 8.453780483852965100e-01 8.520448543286932575e-01
8.490653327357631230e-01 8.519830393225158449e-01 8.465050462861277714e-01 8.533371952966981588e-01
8.502074628807705370e-01 8.537135750904037979e-01 8.468363044550623053e-01 8.528053700528547276e-01
8.508435859995084893e-01 8.546408210127587335e-01 8.456300926442683608e-01 8.508362725438488594e-01
8.487906432072170881e-01 8.538736937334185928e-01 8.441070251936241275e-01 8.490314125024871483e-01
8.491665341410169487e-01 8.544897428187505639e-01 8.435813328820540580e-01 8.479833266070816444e-01
8.511616475588774655e-01 8.554350515341452299e-01 8.434337069589419311e-01 8.475047521989722554e-01
8.513495930257775068e-01 8.553141449669692253e-01 8.426775741820263788e-01 8.468633168581801707e-01
8.499183160086165589e-01 8.530835238957739097e-01 8.401571315923076488e-01 8.442982099344896740e-01
8.481111480576559725e-01 8.495482945446296563e-01 8.373198333627385193e-01 8.409515914962255589e-01
8.491665341410170598e-01 8.500386652023590450e-01 8.380687648751120600e-01 8.428011081676431981e-01
8.491809914846246699e-01 8.498021396660029314e-01 8.381407775205326205e-01 8.435983407850284888e-01
8.474461102517023559e-01 8.480668032034889281e-01 8.363908702368134662e-01 8.430715925806693267e-01
8.468099871329642925e-01 8.488470076860481495e-01 8.358939829834119983e-01 8.429211711926015704e-01
8.478220011855021054e-01 8.509046979280926459e-01 8.377303054416355144e-01 8.430151189853533067e-01
8.467810724457488503e-01 8.518230672580335838e-01 8.387708881679624140e-01 8.449209193779332328e-01
8.472292500975869833e-01 8.533965771887620511e-01 8.393397880667845534e-01 8.458877418731380882e-01
8.487183564891787046e-01 8.542813919238865239e-01 8.398690810106255178e-01 8.449223770005367395e-01
8.485014963350634432e-01 8.543652135351644805e-01 8.406576194779803446e-01 8.456034169180211002e-01
8.466075843224565300e-01 8.533755423648035077e-01 8.424255299230547500e-01 8.487119426150158130e-01
8.487183564891787046e-01 8.542287659527333377e-01 8.434085025330447793e-01 8.496347672990972599e-01
8.508146713122930471e-01 8.544315565879314622e-01 8.434445088557550596e-01 8.486768122980098417e-01
8.509158727175467618e-01 8.542393618040673431e-01 8.445823086533996715e-01 8.494100127570586301e-01
8.489352166432939661e-01 8.531523585851414904e-01 8.458101242578197621e-01 8.515796654019549550e-01
8.499183160086165589e-01 8.517324082584655232e-01 8.453276395335020954e-01 8.512680829569141405e-01
8.527085833248998492e-01 8.536403841947057813e-01 8.451512085522218110e-01 8.503476178572242361e-01
8.505544391273547333e-01 8.530073296684052009e-01 8.467498892805576105e-01 8.531556054205919892e-01
8.486171550839248789e-01 8.510056937080245909e-01 8.467174835901184471e-01 8.535769514797306723e-01
8.508146713122931581e-01 8.522202957897480058e-01 8.468255025582491768e-01 8.530781741133274254e-01
8.504821524093163498e-01 8.517448524346324934e-01 8.467894962355390076e-01 8.534575687614741613e-01
8.480966907140482514e-01 8.486024435585775016e-01 8.473187891793799720e-01 8.547945177271119022e-01
8.476774277494253385e-01 8.490937967310341339e-01 8.449747775709411934e-01 8.522476899745100587e-01
8.454076248030186758e-01 8.478363776186750300e-01 8.469155183650248775e-01 8.535453150253118348e-01
8.447570443406728913e-01 8.485878618143811725e-01 8.473277907600574865e-01 8.551521014919303276e-01
8.466364990096719723e-01 8.533624095223633077e-01 8.488238534686690651e-01 8.562752268095286112e-01
8.456389423007416584e-01 8.524419982324823453e-01 8.475672328060805949e-01 8.566541390519464283e-01
8.435715421648426471e-01 8.495222600063280227e-01 8.459217438582213866e-01 8.548119407660570435e-01
8.456244849571339373e-01 8.530622431384938809e-01 8.483017617893702234e-01 8.559382589051531820e-01
8.455377408954878327e-01 8.510258375363148886e-01 8.472431759016884056e-01 8.536349449102091924e-01
8.421258078040740891e-01 8.476726890156752736e-01 8.455580799988478002e-01 8.542312280864410301e-01
8.423426679581893506e-01 8.503780065367787522e-01 8.446075130792967123e-01 8.539987742385722891e-01
8.420968931168586469e-01 8.498989585942990921e-01 8.428071969437834765e-01 8.509581878961132162e-01
8.425739854559123332e-01 8.529521775694377528e-01 8.464438355375202283e-01 8.551756742137978096e-01
8.432245659182581177e-01 8.548116623974502115e-01 8.457921210964645109e-01 8.555782076276536863e-01
8.435426274776272049e-01 8.545562438511135062e-01 8.438225752442128913e-01 8.537509184076734758e-01
8.434269687287658801e-01 8.548574772918944298e-01 8.480641200594825069e-01 8.574149306378121560e-01
8.449594471511804317e-01 8.568654392713085377e-01 8.488418566300243162e-01 8.573806133179289191e-01
8.460582052653645713e-01 8.572906467699826782e-01 8.469767291136323095e-01 8.554281659369327162e-01
8.451618499616880831e-01 8.577998172595706627e-01 8.485466047838000625e-01 8.589376298514157515e-01
8.470702193179026063e-01 8.594442123074411688e-01 8.492163223862111421e-01 8.587221574350685227e-01
8.494412236695629836e-01 8.602413283159895396e-01 8.484313845511272101e-01 8.559682073167393934e-01
8.493544796079168790e-01 8.622651800303784420e-01 8.490002844499493495e-01 8.580009685526766017e-01
8.481256054012634715e-01 8.605602084724404133e-01 8.475168239542862914e-01 8.574003529698344117e-01
8.462606080758721117e-01 8.573816627791790435e-01 8.445931105502126890e-01 8.547377006122041099e-01
8.511761049024851866e-01 8.646838786527695220e-01 8.464546374343334678e-01 8.558755496519547812e-01
8.489785886741171295e-01 8.576292636438838102e-01 8.457057059219598161e-01 8.509512411844805113e-01
8.512628489641314022e-01 8.637410343505529386e-01 8.484061801252298363e-01 8.555436504221615168e-01
8.514363370874236114e-01 8.632316281529892610e-01 8.473547955020900302e-01 8.541237381749676727e-01
8.486316124275326001e-01 8.572910052978872653e-01 8.443878745107640249e-01 8.499477234617146548e-01
8.502652922552009773e-01 8.632306185852285374e-01 8.450719946422590168e-01 8.518071758393054305e-01
8.484581243042402798e-01 8.609015761731810823e-01 8.424507343489516797e-01 8.498079340237053581e-01
8.424438693634432873e-01 8.527892678576478591e-01 8.381659819464297723e-01 8.451160511520368068e-01
8.440630918475038325e-01 8.590871266337696266e-01 8.399302917592328388e-01 8.494178696901668602e-01
8.445257268429499087e-01 8.597972650534071448e-01 8.377375067061776370e-01 8.474508848412216633e-01
8.432390232618658388e-01 8.560234097729497726e-01 8.373414371563646652e-01 8.457854418142303210e-01
8.420390637424280955e-01 8.584659041722428885e-01 8.384396299990278800e-01 8.479554111654402648e-01
8.429209617024968626e-01 8.617391754428211925e-01 8.354835109045147812e-01 8.446468835304072886e-01
8.424583267070510084e-01 8.578187415514800795e-01 8.378815319970187581e-01 8.463947564946929791e-01
8.438462316933886820e-01 8.608990102810070155e-01 8.378527269388504894e-01 8.470936156721988741e-01
8.426607295175584378e-01 8.617449338857201546e-01 8.367113265089349827e-01 8.456915056788758545e-01
8.401740664170364026e-01 8.585389572147554826e-01 8.364916879404022954e-01 8.451874745429914793e-01
8.410848790643207229e-01 8.590841591702131907e-01 8.340324560992911085e-01 8.431281744973116998e-01
8.378175194089838573e-01 8.595136230421287493e-01 8.338560251180107130e-01 8.438863898628259363e-01
8.358079486475156195e-01 8.576527300684926303e-01 8.323041526091982112e-01 8.436254576381373438e-01
8.357501192730847350e-01 8.554605000608371812e-01 8.277097458313679157e-01 8.395822457356876267e-01
8.334803163266780723e-01 8.559443248318512332e-01 8.326462126749456516e-01 8.431256320798196091e-01
8.320779539967326777e-01 8.539683973104075232e-01 8.303202042278624573e-01 8.438165104305965780e-01
8.349838800618774037e-01 8.555607265101916603e-01 8.327182253203663231e-01 8.440116948396506613e-01
8.300683832352642177e-01 8.535111099598624573e-01 8.349938249156552139e-01 8.460801470625775034e-01
8.294178027729186553e-01 8.494642985751050812e-01 8.336867954012723292e-01 8.462596866661999950e-01
8.310081105697638693e-01 8.553786771326086225e-01 8.307486794681145925e-01 8.445931992475074201e-01
8.297647790195030737e-01 8.530896089098112256e-01 8.352278660132720356e-01 8.467239097246965773e-01
8.296346629270336948e-01 8.504896628868947595e-01 8.315588217290955653e-01 8.467255199558161305e-01
8.307623357284332766e-01 8.531898015957155579e-01 8.310043243593574491e-01 8.465543439287119831e-01
8.335815177319320091e-01 8.537200881865998348e-01 8.348858059475242621e-01 8.487403373047903710e-01
8.299816391736182242e-01 8.513008951984510908e-01 8.322933507123850827e-01 8.482157002958653491e-01
8.277262935708192826e-01 8.482469716746869892e-01 8.332619207932913108e-01 8.489189379138770697e-01
8.295768335526030324e-01 8.496158030473339728e-01 8.334779587295528813e-01 8.489525544453813133e-01
8.293888880857032131e-01 8.513144715197893397e-01 8.311699534438248271e-01 8.469763226106445941e-01
8.279286963813269340e-01 8.480639861500148813e-01 8.349506173284028110e-01 8.507187595869951657e-01
8.291575705879801195e-01 8.504803728361169934e-01 8.367545340961871636e-01 8.518845953393769932e-01
8.325695036793938630e-01 8.528767229810984007e-01 8.356347374598979139e-01 8.510691029317027922e-01
8.294900894909569278e-01 8.489579119255199480e-01 8.363548639141032970e-01 8.515495690731000877e-01
8.281310991918344744e-01 8.513191844991616630e-01 8.355015140658700323e-01 8.509305420939025089e-01
8.348248492821929156e-01 8.527374366373455805e-01 8.370209808842433707e-01 8.523307000822137880e-01
8.353597709956773754e-01 8.547910453876119696e-01 8.381947870045980409e-01 8.528972017491149860e-01
8.323526435252787126e-01 8.551129498663315731e-01 8.380723655073830658e-01 8.528434686397259323e-01
8.361838395813152580e-01 8.534733819194548765e-01 8.355087153304119330e-01 8.522826104450060836e-01
8.349260506874467413e-01 8.545762338669641300e-01 8.355303191240380789e-01 8.525383523152920695e-01
8.331333400800937650e-01 8.565905497532795287e-01 8.356923475762343401e-01 8.517817100348765713e-01
8.340586100709855844e-01 8.563569069668625078e-01 8.362000367264490475e-01 8.532564032506521068e-01
8.331622547673090962e-01 8.538325773204702429e-01 8.371722074396263924e-01 8.535543850559370593e-01
8.320490393095174575e-01 8.554023168710893632e-01 8.360848164937763061e-01 8.527586737357204516e-01
8.328875652387630613e-01 8.565342952938010956e-01 8.331647037219735985e-01 8.510309917795058077e-01
8.321213260275558410e-01 8.561370488399576706e-01 8.352818754973372339e-01 8.533952967438265258e-01
8.313406294727405665e-01 8.550141939500069954e-01 8.370965941619348261e-01 8.538997808207353657e-01
8.350995388107389505e-01 8.596115222038689385e-01 8.364556816176920151e-01 8.533665246935291382e-01
8.325261316485709218e-01 8.574433556237514020e-01 8.332295151028521474e-01 8.520871800948413011e-01
8.310803972878023638e-01 8.558578571795274481e-01 8.337660093112350124e-01 8.534837180014084312e-01
8.306466769795717298e-01 8.549557396564170242e-01 8.335787764331414884e-01 8.524520765200078731e-01
8.327863638335093466e-01 8.579267205371678973e-01 8.356239355630850074e-01 8.536153409787780033e-01
8.326707050846479108e-01 8.574854617820099056e-01 8.354655077431596411e-01 8.553117897688371496e-01
8.313261721291330675e-01 8.549872551329744663e-01 8.324193728418709526e-01 8.536893836799852586e-01
8.293310587112723287e-01 8.563292057409929159e-01 8.300321536461801042e-01 8.520242749146207384e-01
8.293599733984876599e-01 8.562278680154185029e-01 8.306226573386286116e-01 8.540682699976397396e-01
8.316297763448944336e-01 8.579360698673730301e-01 8.290455804039188470e-01 8.527672442018343624e-01
8.308635371336871023e-01 8.565853636208757838e-01 8.294596531150870700e-01 8.518024727026457521e-01
8.313840015035637299e-01 8.556977786352855109e-01 8.328046404948707959e-01 8.563930314785307418e-01
8.348537639694082468e-01 8.629876062255523728e-01 8.296936942127035586e-01 8.541623123164169273e-01
8.351718255287772230e-01 8.616645726474130296e-01 8.311627521792827045e-01 8.560286248468294001e-01
8.335959750755395081e-01 8.592003833043355687e-01 8.341404750674217272e-01 8.590971630470816134e-01
8.347959345949775845e-01 8.626531728956301492e-01 8.332187132060389079e-01 8.570745893729211362e-01
8.354031430265003166e-01 8.630103382948457469e-01 8.324841842227495015e-01 8.580569372059591027e-01
8.359814367708077176e-01 8.636331265394721068e-01 8.315372179354694193e-01 8.577584060930111276e-01
8.357645766166923451e-01 8.626099029425474685e-01 8.336615909753752884e-01 8.595445226492979263e-01
8.363284130173922470e-01 8.634825185078162102e-01 8.337372042530668548e-01 8.600432600818364026e-01
8.376874033165147004e-01 8.669080917349335502e-01 8.327398291139924691e-01 8.588557900591889949e-01
8.356922898986541837e-01 8.651353954841525251e-01 8.351126457805990722e-01 8.628878084622650935e-01
8.371958536338534040e-01 8.646782432592179379e-01 8.351594540001224809e-01 8.594000653029426617e-01
8.387138747126603455e-01 8.668379518416799989e-01 8.359191874093090391e-01 8.634335720898685951e-01
8.383235264352527638e-01 8.688573013802883827e-01 8.369705720324487341e-01 8.634980972798688148e-01
8.382656970608219904e-01 8.672793119641057924e-01 8.365673012180938617e-01 8.619119297283679426e-01
8.383958131532912583e-01 8.675108545750299660e-01 8.370713897360376743e-01 8.639404681831556188e-01
8.374127137879685545e-01 8.681221575813915514e-01 8.365889050117200076e-01 8.650898402885296434e-01
8.409547629718515660e-01 8.688807585874498418e-01 8.362432443137014504e-01 8.631242138678976161e-01
8.400150356373520255e-01 8.692997433519743522e-01 8.387996932261303495e-01 8.664805957154666505e-01
8.368344200436610425e-01 8.685143208070640330e-01 8.384144255731306172e-01 8.675621876269298260e-01
8.421258078040740891e-01 8.698674027076488402e-01 8.380147553910466396e-01 8.641751990822481577e-01
8.391475950208908685e-01 8.701062584635120833e-01 8.392029640404854440e-01 8.682479172236167164e-01
8.398849195448829796e-01 8.726312659845177899e-01 8.400959208437002168e-01 8.685244516889327748e-01
8.390030215848141015e-01 8.711587051483883348e-01 8.398366753201862434e-01 8.670133301546774085e-01
8.378175194089838573e-01 8.712634394731442189e-01 8.387960925938594547e-01 8.690511872871131693e-01
8.384102704968988684e-01 8.725560906404761230e-01 8.370713897360375633e-01 8.679310849498435010e-01
8.386849600254449033e-01 8.712040186937158870e-01 8.396962506616162392e-01 8.681613127167326915e-01
8.371524816030302407e-01 8.702663645476925725e-01 8.397970683652050683e-01 8.682013711983525006e-01
8.376874033165147004e-01 8.716721035439378706e-01 8.416729977784098704e-01 8.731147954871308903e-01
8.389307348667756070e-01 8.710739273510320624e-01 8.384720356894670434e-01 8.664615315733927847e-01
8.365452731715075085e-01 8.703782438441314273e-01 8.405568017743916265e-01 8.697785413943490695e-01
8.363284130173922470e-01 8.707832709340380672e-01 8.420438629023256905e-01 8.728865885116523504e-01
8.370512801977764150e-01 8.715130697214583666e-01 8.402111410763728472e-01 8.699930135299041023e-01
8.358513206783385607e-01 8.703300731478931240e-01 8.406972264329616307e-01 8.695564928788221959e-01
8.337983778860471595e-01 8.699569414410524004e-01 8.420186584764284277e-01 8.729528237436021687e-01
8.339574086657317586e-01 8.693321445018791227e-01 8.435669303529700347e-01 8.736072584550841347e-01
8.349838800618776258e-01 8.698866029986715986e-01 8.430844456286523680e-01 8.715173677697155563e-01
8.343622142867470615e-01 8.695671246433832602e-01 8.421662843995405545e-01 8.723929472624532000e-01
8.323671008688864337e-01 8.677019570475443810e-01 8.427243824015497875e-01 8.738250771137682227e-01
8.339429513221240375e-01 8.690903752567182838e-01 8.423463160130919558e-01 8.731339308440664304e-01
8.368488773872688746e-01 8.705461984126191544e-01 8.408592548851578918e-01 8.699717232331491967e-01
8.358802353655538919e-01 8.694411874744483182e-01 8.422058913545218406e-01 8.734649486326977463e-01
8.332779135161705319e-01 8.689466765062334730e-01 8.425299482589143629e-01 8.741119790651794563e-01
8.359525220835923864e-01 8.710747309791770920e-01 8.417486110561014367e-01 8.726379389241452067e-01
8.401740664170365136e-01 8.738313750578764472e-01 8.436749493211008755e-01 8.739529133403184380e-01
8.395090286110828970e-01 8.734288024889655944e-01 8.445823086533996715e-01 8.750118111196424353e-01
8.384825572149372519e-01 8.730224024861004128e-01 8.447011295183434187e-01 8.756431039750669498e-01
8.402174384478596769e-01 8.733550346123750696e-01 8.399050873333356870e-01 8.722844658592393552e-01
8.420246063988202634e-01 8.754911495730891557e-01 8.421482812381854144e-01 8.736904146394353088e-01
8.408535615665977403e-01 8.732477429899051513e-01 8.436641474242876360e-01 8.745012300017818152e-01
8.397837181396290429e-01 8.733004488090689854e-01 8.419826521537182584e-01 8.736109603686125213e-01
8.424583267070508974e-01 8.749183527985311404e-01 8.418746331855874176e-01 8.733015512199936436e-01
8.411571657823592174e-01 8.745647036348634940e-01 8.414533592098772941e-01 8.737986173590147621e-01
8.410848790643208339e-01 8.734431608463392172e-01 8.418818344501294293e-01 8.735877880445281907e-01
8.424149546762279561e-01 8.750271778267570966e-01 8.428252001051383946e-01 8.748866914664028549e-01
8.446124709045959023e-01 8.761547832323748342e-01 8.413597427708305876e-01 8.730348534520799841e-01
8.407379028177361935e-01 8.738976092993827605e-01 8.420834698573068655e-01 8.760069948113762273e-01
8.455666555827031639e-01 8.767005933163156683e-01 8.447587396346798450e-01 8.751948896413670465e-01
8.447136723098496169e-01 8.758995857849807276e-01 8.451440072876796883e-01 8.770697484870360050e-01
8.466654136968874145e-01 8.768952369698213012e-01 8.448235510155583938e-01 8.758672641727621722e-01
8.451329352744727519e-01 8.746333763208502532e-01 8.462530020271559206e-01 8.776171080961404636e-01
8.458991744856800832e-01 8.754293094986149715e-01 8.465662570347354254e-01 8.778806288796362489e-01
8.482412641501249073e-01 8.774505207036276122e-01 8.465266500797540283e-01 8.761230699491047158e-01
8.440052624730731701e-01 8.747536782049876170e-01 8.475276258510994198e-01 8.791662267838180611e-01
8.459714612037183556e-01 8.766987465430694515e-01 8.471639619917257225e-01 8.767591391732152406e-01
8.472437074411948155e-01 8.770482424033515523e-01 8.492775331348184631e-01 8.794497592713248491e-01
8.465786696352413099e-01 8.762915435144790210e-01 8.462494013948850258e-01 8.773940469318730617e-01
8.455377408954878327e-01 8.764828603628975756e-01 8.478624846523048486e-01 8.791934754729409107e-01
8.472581647848024256e-01 8.770812632484801252e-01 8.469947322749875607e-01 8.779110045788055539e-01
8.478220011855022165e-01 8.776922690887170031e-01 8.462313982335298856e-01 8.769933779921723627e-01
8.467666151021411292e-01 8.767944655039054958e-01 8.466130652542587232e-01 8.778161207886395756e-01
8.477786291546791642e-01 8.774389913926643469e-01 8.472899841212118144e-01 8.782033779707819621e-01
8.514797091182466637e-01 8.791885596754551724e-01 8.452484256235395232e-01 8.748944069845494553e-01
8.471569633795487109e-01 8.767161050466268923e-01 8.470847480817631503e-01 8.788354040914829746e-01
8.505110670965316810e-01 8.793719781815951819e-01 8.463214140403054753e-01 8.776034820978694251e-01
8.491376194538016176e-01 8.783495414718106575e-01 8.449747775709413045e-01 8.769978923994149467e-01
8.498749439777935066e-01 8.788015725779354526e-01 8.465806595638194487e-01 8.781665837522424356e-01
8.509447874047622040e-01 8.794787928910432484e-01 8.476356448192302606e-01 8.780474169243631666e-01
8.468244444765720136e-01 8.762296120225199214e-01 8.463682222598288840e-01 8.786676108488725712e-01
8.503231216296316397e-01 8.774461599784654231e-01 8.451007997004273964e-01 8.756999626066577225e-01
8.498749439777933956e-01 8.790885093207566614e-01 8.486654256487438097e-01 8.791441736629188597e-01
8.498460292905781754e-01 8.780986344244897657e-01 8.476896543032956810e-01 8.785827657251346068e-01
8.502363775679857572e-01 8.788166817997609126e-01 8.471099525076604131e-01 8.774767253466162487e-01
8.514363370874236114e-01 8.804314025686608147e-01 8.491191053148932077e-01 8.786057578214090391e-01
8.510893608408389710e-01 8.792764596664938148e-01 8.479669029881646836e-01 8.777500653943968167e-01
8.500484321010857158e-01 8.796028599431255923e-01 8.486834288100990609e-01 8.788314987457082061e-01
