6.588428342176408936e-01 6.804030070194894142e-01 6.611156919155003475e-01 6.680475867152110281e-01
6.628981190995966166e-01 7.050255505835745229e-01 6.782042926737934518e-01 7.133649007064573055e-01
6.822275875030722192e-01 7.181277986545386849e-01 6.801270303065217737e-01 7.157127836097928464e-01
6.887912215009615036e-01 7.217503551195283418e-01 6.809911820515681669e-01 7.161238095184646602e-01
6.883575011927308696e-01 7.215200964185057853e-01 6.811280060778672762e-01 7.168764008702055435e-01
6.879816102589311200e-01 7.213034627218417594e-01 6.819849565583717688e-01 7.179659686409158859e-01
6.896297474302071073e-01 7.230045994872947857e-01 6.820245635133529438e-01 7.179444291808885215e-01
6.912345125706602644e-01 7.247524554912778694e-01 6.821181799523996503e-01 7.178825700410107480e-01
6.926368749006056591e-01 7.253588827053780719e-01 6.823954286372687639e-01 7.181350682115115180e-01
6.927814483366826481e-01 7.256859023691858424e-01 6.825322526635677622e-01 7.184679869788500595e-01
6.932007113013055610e-01 7.255148278298348963e-01 6.827986994516236363e-01 7.191071037032307212e-01
6.940103225433359446e-01 7.260043507109048555e-01 6.829103190520255939e-01 7.195479837095976050e-01
6.940970666049819382e-01 7.261301645330033860e-01 6.828995171552124654e-01 7.198389334090048441e-01
6.941404386358051015e-01 7.260284183307242900e-01 6.831299576205581703e-01 7.203336843255523370e-01
6.941548959794127116e-01 7.258707506057313630e-01 6.829931335942591719e-01 7.206673938503742605e-01
6.928392777111134215e-01 7.246869199260295158e-01 6.831587626787263279e-01 7.212585069005447158e-01
6.915670314736369617e-01 7.237884892019251781e-01 6.832451778532310227e-01 7.220649713066079611e-01
6.896731194610301596e-01 7.232417878393876398e-01 6.824494381213340732e-01 7.216389826150613196e-01
6.881406410386154970e-01 7.231817115979197741e-01 6.818013243125492506e-01 7.214763751506994005e-01
6.860154115282859344e-01 7.229310692081714063e-01 6.817653179898389704e-01 7.218686137350676102e-01
6.845407624803019342e-01 7.230119611897742882e-01 6.813332421173158293e-01 7.221369085143809485e-01
6.837311512382715506e-01 7.231724064386946260e-01 6.807427384248673219e-01 7.220935448824599145e-01
6.816492937587648182e-01 7.218301661796482360e-01 6.805158985917927339e-01 7.223224415052904579e-01
6.807384811114806089e-01 7.214493635118539583e-01 6.799037911057181915e-01 7.223145344919930100e-01
6.803192181468578070e-01 7.214680244308659951e-01 6.794861177622790738e-01 7.224018033713609510e-01
6.794951495612197023e-01 7.207075677623374643e-01 6.790432399929428042e-01 7.225283241514501853e-01
6.787144530064046499e-01 7.202618026246323524e-01 6.786579723399428499e-01 7.224494866429340689e-01
6.786855383191892077e-01 7.200271100137254354e-01 6.782691040546718897e-01 7.224108202608015006e-01
6.785843369139354930e-01 7.202930908926052922e-01 6.776605972008684642e-01 7.221328092639303087e-01
6.780205005132357021e-01 7.199768377935806818e-01 6.771709112120087859e-01 7.221445829907016112e-01
6.775144934869666846e-01 7.201966122745457888e-01 6.764399828609903853e-01 7.219495559285264985e-01
6.771675172403822662e-01 7.201457512909767988e-01 6.753021830633458844e-01 7.214390428294192859e-01
6.765892234960748652e-01 7.197723995790210605e-01 6.746180629318507815e-01 7.212343747872685951e-01
6.758518989720828651e-01 7.195804507492300495e-01 6.738007194063277971e-01 7.209753147468057621e-01
6.744784513293526906e-01 7.184890480151935321e-01 6.727133284604775998e-01 7.205418999236118394e-01
6.732640344663072263e-01 7.177419956466036810e-01 6.715791292951042157e-01 7.200391995521852051e-01
6.714713238589541389e-01 7.170518445000111374e-01 6.700902678510345378e-01 7.195804697440775222e-01
6.699533027801471974e-01 7.163938888642823466e-01 6.688894569886472130e-01 7.191607779376643084e-01
6.685798551374171339e-01 7.155884796034479578e-01 6.676184337969746085e-01 7.185246781199692290e-01
6.676690424901328136e-01 7.151288003138980276e-01 6.663690143989284831e-01 7.176882178741870177e-01
6.668160592172793777e-01 7.151534001838029120e-01 6.656308847833679598e-01 7.173802317586084332e-01
6.657895878211337326e-01 7.144223955703777884e-01 6.650403810909195634e-01 7.172229316476212979e-01
6.648498604866341921e-01 7.140257614170282263e-01 6.640646097454713237e-01 7.169042970169570150e-01
6.635053275311193488e-01 7.129140716122834842e-01 6.632292630585930882e-01 7.166852616934089593e-01
6.628692044123812854e-01 7.123545376828004372e-01 6.626819669533969837e-01 7.165397218951200520e-01
6.620740505139585119e-01 7.118670366207062727e-01 6.617746076210981876e-01 7.162575124291536977e-01
6.613656406771819540e-01 7.109424698038652179e-01 6.611120912832293417e-01 7.161529509069948229e-01
6.612644392719281283e-01 7.108400862965109646e-01 6.602767445963511062e-01 7.157134340642726800e-01
6.603825413118593612e-01 7.103614891143166243e-01 6.593063741993094862e-01 7.152896551201008979e-01
6.598620769419826226e-01 7.101324067394285677e-01 6.584008151831461930e-01 7.148450489832884891e-01
6.593705272593213262e-01 7.096016695541869090e-01 6.573026223404829782e-01 7.140229947233314167e-01
6.588789775766601409e-01 7.092258376909728046e-01 6.562440364528010495e-01 7.134869736283977470e-01
6.588934349202677510e-01 7.095336532365271731e-01 6.553114726946052127e-01 7.129479337964311769e-01
6.589512642946984133e-01 7.094120773714173156e-01 6.545589405499605551e-01 7.126194029930527085e-01
6.590524656999523501e-01 7.097530829657401341e-01 6.539360311670729953e-01 7.122903776314848390e-01
6.588789775766601409e-01 7.095224517911707940e-01 6.533959363264189024e-01 7.120721925173009170e-01
6.583874278939987335e-01 7.092881429998074694e-01 6.527190174594659222e-01 7.114650138890232789e-01
6.579826222729835417e-01 7.085879798364037585e-01 6.523697561291763591e-01 7.112395937306599247e-01
6.582573118015295766e-01 7.090824710158761812e-01 6.521429162961015491e-01 7.112705215893944111e-01
6.578235914932990536e-01 7.088293629147921493e-01 6.515992208231765614e-01 7.111939347941307332e-01
6.578814208677297160e-01 7.087828484961352649e-01 6.509979152339150366e-01 7.109677109976149101e-01
6.573031271234224260e-01 7.083637287538444571e-01 6.505874431550180415e-01 7.109079762032209926e-01
6.563778571325304956e-01 7.071761559187829116e-01 6.500545495789060713e-01 7.107753715104057068e-01
6.559007647934768093e-01 7.070474510918852706e-01 6.496440775000090762e-01 7.106663510757461610e-01
6.555971605777154432e-01 7.065815013223826213e-01 6.493236212278876707e-01 7.105209280910257386e-01
6.553803004236001817e-01 7.068397456856065908e-01 6.482866391338318879e-01 7.099160389488232692e-01
6.561465396348075130e-01 7.074781147166043782e-01 6.475557107828133763e-01 7.094634878067258565e-01
6.575633593083606288e-01 7.077957328679895799e-01 6.471848456588976672e-01 7.091479764444698075e-01
6.590090936691291867e-01 7.093687415061546986e-01 6.467599710509164268e-01 7.086048666953113084e-01
6.581705677398834720e-01 7.088954617692093674e-01 6.436994336205437151e-01 7.061639842169999959e-01
6.584597146120372280e-01 7.080657673819199527e-01 6.416506738583295233e-01 7.042918032245863991e-01
6.607006028712284484e-01 7.080204579765749795e-01 6.403220405503206036e-01 7.018427247024127125e-01
6.706472552733160342e-01 7.119709861359805325e-01 6.439874842022259571e-01 7.010081302997909214e-01
6.842660729517558993e-01 7.161204761612087744e-01 6.504038109091956343e-01 7.005501468814382404e-01
7.147999826511877153e-01 7.321249276081539525e-01 6.692819259061890680e-01 7.062137274184894231e-01
7.470398588963262920e-01 7.606160332177752670e-01 7.084856100731288242e-01 7.280363605768440660e-01
7.515939221327474495e-01 7.675854304400373529e-01 7.169650990713969385e-01 7.327190567587922310e-01
7.479362142000027802e-01 7.712902817988759319e-01 7.373014701381562785e-01 7.422103737909420129e-01
7.452326909453655945e-01 7.650531549153867239e-01 7.054718808622794102e-01 7.252100753439731928e-01
7.436712978357356008e-01 7.609618680763361454e-01 7.408804986155569372e-01 7.372291577635650128e-01
7.487602827856409959e-01 7.683278032368824340e-01 7.452876725152935977e-01 7.454012343546014829e-01
7.552805447527071170e-01 7.779688537988393993e-01 7.412621656362856637e-01 7.517635767150667725e-01
7.574780609810752852e-01 7.761126774403673823e-01 7.408192878669495052e-01 7.495952471713425158e-01
7.591551128395669368e-01 7.834550224823196851e-01 7.548833575175800670e-01 7.629859268526434368e-01
7.545721349159306701e-01 7.700448833277732108e-01 7.530182300011880603e-01 7.556245035416050415e-01
7.564371322413219190e-01 7.795027688562029544e-01 7.566512679626542504e-01 7.637205197491057085e-01
7.545721349159305591e-01 7.775663800233174605e-01 7.516823954286371290e-01 7.569575984009268010e-01
7.562491867744220997e-01 7.806841887535640456e-01 7.547357315944679401e-01 7.599345575691324184e-01
7.567407364570833961e-01 7.783224673610178446e-01 7.553802447709816459e-01 7.597226769151828041e-01
7.564949616157526924e-01 7.780803596666050481e-01 7.558015187466919915e-01 7.598227419606055077e-01
7.564660469285373612e-01 7.815421206170390933e-01 7.557295061012714310e-01 7.603412566051142019e-01
7.567407364570832851e-01 7.812069864112041184e-01 7.560643649024769708e-01 7.602597797466263962e-01
7.583310442539288321e-01 7.814477156080281706e-01 7.580555145483547363e-01 7.619717975438344837e-01
7.589960820598824487e-01 7.787324628521823389e-01 7.581851373101117231e-01 7.610436953003794081e-01
7.597623212710896690e-01 7.817959026495340247e-01 7.591717105523729803e-01 7.631950020131086365e-01
7.603406150153971810e-01 7.818831175483121898e-01 7.575406241335979063e-01 7.609626899109053211e-01
7.616273185964810288e-01 7.819817727667375262e-01 7.579835019029341758e-01 7.614550169488002451e-01
7.631453396752881924e-01 7.820765232318386273e-01 7.591104998037655482e-01 7.625663485025540034e-01
7.638103774812415869e-01 7.809524967810004270e-01 7.588404523834385573e-01 7.615748784457037068e-01
7.653862279344793018e-01 7.835268192387627728e-01 7.592509244623355524e-01 7.627339185385714204e-01
7.668897916696786332e-01 7.842740934703984479e-01 7.579186905220557380e-01 7.615212752558138121e-01
7.678873483786089471e-01 7.850755987761144361e-01 7.579546968447659072e-01 7.613481064282433541e-01
7.683644407176625224e-01 7.847581663234997063e-01 7.586028106535507298e-01 7.616121502560195822e-01
7.682198672815857554e-01 7.835006089952609720e-01 7.581671341487565829e-01 7.609235176060866745e-01
7.693619974265928363e-01 7.850608234691189846e-01 7.576378412049156186e-01 7.609750919457596297e-01
7.697812603912157492e-01 7.863645902536606780e-01 7.567736894598691144e-01 7.603948869781972375e-01
7.707065303821075686e-01 7.870667072679755627e-01 7.568024945180373830e-01 7.601023560099771093e-01
7.704029261663462025e-01 7.861967827879826620e-01 7.578358759798220490e-01 7.607037486790079184e-01
7.712269947519841962e-01 7.865037915521611023e-01 7.589772764097375557e-01 7.618073467132118193e-01
7.744365250328905104e-01 7.909055770412980468e-01 7.596109876894381330e-01 7.628369821817051477e-01
7.764894678251816895e-01 7.929504148324418855e-01 7.606119634607837465e-01 7.639641099598508678e-01
7.760991195477742188e-01 7.928226233074124885e-01 7.612060677855031487e-01 7.639110124522027201e-01
7.766774132920817308e-01 7.936210778914325470e-01 7.615373259544375717e-01 7.640425959485239726e-01
7.808700429383104158e-01 7.968979260735011838e-01 7.631612111086707451e-01 7.659644447109343890e-01
7.799592302910263175e-01 7.962075479984404014e-01 7.634312585289976250e-01 7.650084781648396337e-01
7.838048836906706951e-01 7.995529065728805840e-01 7.654296094394175132e-01 7.663605366040056044e-01
7.907588659659673391e-01 8.060227882325992077e-01 7.681912943912950764e-01 7.701391440472977745e-01
7.837759690034553639e-01 7.990004287301522012e-01 7.653647980585390753e-01 7.637858764277192236e-01
7.959924243519497233e-01 8.102398713739722425e-01 7.730521479571812460e-01 7.758906493020800710e-01
7.984212580780407631e-01 8.159417909205528563e-01 7.756266000309653963e-01 7.795589775700347834e-01
7.982333126111407218e-01 8.168493127657239228e-01 7.742763629293303307e-01 7.771193886508825921e-01
8.034524136535152739e-01 8.167249051943645810e-01 7.770560510425631451e-01 7.801492048676824664e-01
7.777761714062658704e-01 7.925765087645044726e-01 7.614797158381011455e-01 7.544233062269087853e-01
8.014573002356547571e-01 8.127721156731113616e-01 7.732609846289008049e-01 7.751611331542253014e-01
7.916841359568592695e-01 8.062592446811760460e-01 7.728937201372561017e-01 7.707175945933270045e-01
7.963249432549261986e-01 8.203430713867680968e-01 7.739811110831060770e-01 7.754744137162701278e-01
7.899203400367218464e-01 8.127705572019340297e-01 7.722059993734901040e-01 7.711797343193594889e-01
7.985224594832946998e-01 8.219368006835103824e-01 7.812327844769541008e-01 7.832376094702294678e-01
8.038283045873151345e-01 8.208825793146562466e-01 7.849450363483826409e-01 7.844974257667367556e-01
8.061125648773292962e-01 8.276849332161323458e-01 7.866733398384755382e-01 7.882311062709522753e-01
7.970478104353106996e-01 8.195147572567256233e-01 7.796088993227210384e-01 7.778552484810138390e-01
8.071245789298675533e-01 8.291119085472278272e-01 7.844913566822333539e-01 7.842687838480142393e-01
8.146423976058638772e-01 8.293953231765650580e-01 7.882000079213909993e-01 7.877436313343438856e-01
8.123870520030649356e-01 8.267298015623829599e-01 7.876599130807367954e-01 7.878487561697101738e-01
8.140062744871257028e-01 8.304173730787470786e-01 7.870298024333073350e-01 7.873040879488685251e-01
8.132978646503490339e-01 8.324858997591725318e-01 7.825830215785892774e-01 7.801181835644989127e-01
8.144544521389639469e-01 8.348954732806342927e-01 7.826586348562808437e-01 7.812942113158423130e-01
8.202229322384304577e-01 8.376735656892277948e-01 7.863636854631672612e-01 7.856973213050392202e-01
8.217698680044529524e-01 8.369512086739533396e-01 7.886392850584562630e-01 7.874474280567710371e-01
8.201506455203919632e-01 8.386627883848034593e-01 7.875518941126062877e-01 7.885063602550816952e-01
8.181410747589237253e-01 8.382233127370066761e-01 7.857947855643452328e-01 7.860477681283606355e-01
8.204542497361534403e-01 8.390408339039087116e-01 7.875086865253537738e-01 7.879388038899841629e-01
8.230276568983214691e-01 8.394143388624025759e-01 7.909508909764555451e-01 7.929702221549390639e-01
8.244589339154824170e-01 8.401557093300433543e-01 7.925099647498101696e-01 7.943413274782220590e-01
8.273648599806272541e-01 8.437678218916779826e-01 7.929996507386696258e-01 7.935240345157978936e-01
8.247191661004207308e-01 8.422590383882223586e-01 7.905152144716610652e-01 7.897527064568343746e-01
8.267576515491044109e-01 8.432877207509497097e-01 7.938277961610058497e-01 7.949509736312765362e-01
8.275383481039194633e-01 8.430810685120768699e-01 7.963950469702479884e-01 7.993994133010600134e-01
8.283913313767727882e-01 8.442174041497668702e-01 7.963482387507246907e-01 7.998724458156701855e-01
8.300394685480489976e-01 8.460946753312618140e-01 7.997796413050133335e-01 8.013998066840339884e-01
8.295334615217799801e-01 8.467688286778554119e-01 8.017167814668255676e-01 8.028954824767444709e-01
8.321502407147710612e-01 8.495175174873350610e-01 8.066208426199641401e-01 8.103449669874104311e-01
8.343477569431392293e-01 8.500821891985225198e-01 8.117589448707193123e-01 8.177455820558336974e-01
8.342610128814931247e-01 8.495981776576407851e-01 8.162813390031289362e-01 8.231208504462572684e-01
8.319189232170480786e-01 8.457122038474825798e-01 8.193454770657727648e-01 8.259039370683536330e-01
8.325405889921785318e-01 8.459158073924790688e-01 8.219883411527063588e-01 8.294965051208117446e-01
8.331188827364860439e-01 8.437922903452280687e-01 8.267663801763589504e-01 8.340782865725078210e-01
8.284491607512035616e-01 8.340172658924817073e-01 8.346553654821785573e-01 8.398833450161014014e-01
8.315574896268560501e-01 8.391744482549212680e-01 8.331250967669923124e-01 8.380720624589040879e-01
8.328586505515476190e-01 8.408303635165685908e-01 8.338992327052631159e-01 8.389174864739933346e-01
8.327429918026860722e-01 8.381550405686382099e-01 8.363152569591218999e-01 8.407403028272097956e-01
8.375139151932223802e-01 8.457225121351443775e-01 8.321457247892728448e-01 8.372541743926900093e-01
8.393644551750062410e-01 8.452298876733863597e-01 8.354979134335990265e-01 8.413383069025723859e-01
8.403041825095055595e-01 8.446432286667564515e-01 8.364772854113181610e-01 8.428075000803612049e-01
8.413306539056514266e-01 8.472329314800206568e-01 8.329162600952728646e-01 8.379427914127000054e-01
8.434558834159811003e-01 8.482630351736319962e-01 8.348678027861691220e-01 8.403242145280719333e-01
8.430077057641428562e-01 8.444295175935774278e-01 8.391489545564200236e-01 8.451738266788771936e-01
8.441209212219347169e-01 8.469300795514014268e-01 8.378419250420374720e-01 8.424061194820606779e-01
8.435281701340195948e-01 8.451693250762124521e-01 8.424579356134936914e-01 8.479322115863113796e-01
8.438462316933886820e-01 8.453921823789247725e-01 8.434625120171101997e-01 8.475154423958539684e-01
8.455811129263111070e-01 8.486623177828506170e-01 8.437973708183156285e-01 8.476769831036490288e-01
8.473304515028408090e-01 8.509612934126321582e-01 8.453024351076048326e-01 8.506143711412494923e-01
8.496436264800704130e-01 8.546442211051572535e-01 8.445463023306892802e-01 8.495782154884998771e-01
8.488629299252554716e-01 8.557133041488426128e-01 8.446867269892593955e-01 8.497846603882865946e-01
8.497014558545012974e-01 8.565404666230009845e-01 8.452160199331002488e-01 8.513106294591791245e-01
8.509158727175467618e-01 8.575095699298818097e-01 8.443914751430351417e-01 8.503005253971510635e-01
8.494990530439936460e-01 8.572384448253910216e-01 8.447407364733248158e-01 8.518006567906469817e-01
8.499906027266550534e-01 8.575863814419303344e-01 8.442582517490071492e-01 8.513316940172752645e-01
8.507423845942546636e-01 8.588411737966277215e-01 8.436857512179137819e-01 8.506930142721688126e-01
8.512773063077391233e-01 8.594142781708350443e-01 8.444742896852687197e-01 8.524763912130598476e-01
8.531133889459150410e-01 8.616058629283486203e-01 8.452700294171656692e-01 8.529873867845170210e-01
8.549639289276989018e-01 8.646750799782939589e-01 8.442150441617546353e-01 8.506451664140346480e-01
8.558891989185908322e-01 8.639440116456165164e-01 8.472935847534825982e-01 8.547115613942692924e-01
8.552964478306755991e-01 8.637865263053279286e-01 8.471423581980994655e-01 8.535331496243979688e-01
8.565686940681519479e-01 8.658966222697608295e-01 8.470955499785762788e-01 8.528732130341024620e-01
8.572626465613208957e-01 8.668660921201152281e-01 8.477832707423423875e-01 8.550406264871153184e-01
8.552241611126372156e-01 8.654048632509068195e-01 8.473619967666322639e-01 8.545591474378662067e-01
8.559470282930214946e-01 8.675959393080371340e-01 8.468723107777725856e-01 8.539182063869252826e-01
8.557879975133368955e-01 8.666517165107363585e-01 8.473475942375481296e-01 8.554904029134261512e-01
8.557301681389060111e-01 8.675415112453973565e-01 8.445499029629602861e-01 8.522431449420909688e-01
8.577831109311975233e-01 8.694153621696146805e-01 8.465590557701931917e-01 8.543345959793744449e-01
8.556723387644754597e-01 8.680852287911483556e-01 8.472035689467071196e-01 8.550997319065318791e-01
8.589686131070276565e-01 8.710951535372759569e-01 8.462602032916981543e-01 8.548548406214717676e-01
8.589396984198124363e-01 8.706593031289160400e-01 8.486330199583046463e-01 8.575485996677167932e-01
8.570747010944208544e-01 8.705380681714283142e-01 8.481109282790058046e-01 8.567038242756197519e-01
8.595758215385504997e-01 8.720205891999225356e-01 8.481073276467347988e-01 8.582199340116272168e-01
8.569301276583439764e-01 8.696001956656038701e-01 8.484997965642766538e-01 8.573838430795721610e-01
8.597348523182349878e-01 8.697996078572516332e-01 8.502461032157246912e-01 8.599394073998176680e-01
8.610938426173574411e-01 8.726269432909752322e-01 8.473331917084639953e-01 8.546849146393808994e-01
8.594746201332967850e-01 8.690993112522162889e-01 8.530401938580415289e-01 8.622432233769345977e-01
8.635660483742717553e-01 8.742327287089920462e-01 8.487626427200616330e-01 8.551651954962311564e-01
8.624817476036953368e-01 8.723045201546191230e-01 8.522732591843126260e-01 8.610014797393458208e-01
8.607613237143807439e-01 8.708436295469265120e-01 8.532310273684057256e-01 8.617207287388628512e-01
8.621781433879338596e-01 8.732859343963144116e-01 8.501020779248834591e-01 8.572892189012218944e-01
8.598649684107042557e-01 8.678498550308499926e-01 8.515099251428550620e-01 8.594637580468177385e-01
8.629443825991411909e-01 8.721635224873529602e-01 8.510706480057897982e-01 8.600890202212648772e-01
8.611805866790036568e-01 8.706237720184131224e-01 8.505665594878459856e-01 8.586896721761783091e-01
8.638551952464255113e-01 8.725894491428773936e-01 8.514415131297056183e-01 8.604882917364009565e-01
8.591131865431046455e-01 8.695820360943833371e-01 8.499976595890239572e-01 8.590858159133278882e-01
8.622215154187571340e-01 8.728513173449444773e-01 8.521616395839110014e-01 8.610314824379369236e-01
8.583324899882897041e-01 8.694130738005600989e-01 8.520176142930698804e-01 8.610278418025911762e-01
8.615275629255880752e-01 8.729879150424308953e-01 8.512164736127663112e-01 8.605695436747861082e-01
8.560193150110598781e-01 8.691660509166381221e-01 8.508690125986122510e-01 8.599784584050764735e-01
8.577975682748051334e-01 8.719419794672227386e-01 8.515927396850886399e-01 8.624190293300223464e-01
8.571903598432824012e-01 8.722818758738333234e-01 8.501812918348462533e-01 8.608437277616562966e-01
8.527519553557229015e-01 8.677249946396221603e-01 8.486150167969495062e-01 8.592483894819921142e-01
8.584915207679740812e-01 8.737361258025986288e-01 8.497492159623230012e-01 8.621268310843944738e-01
8.567566395350517672e-01 8.721470185946166298e-01 8.460513666199783733e-01 8.558489356404986870e-01
8.572048171868901223e-01 8.713915237713600881e-01 8.463790241566419015e-01 8.592811994684625976e-01
8.610938426173574411e-01 8.755638491451752659e-01 8.491767154312297450e-01 8.609395047390777655e-01
8.572048171868901223e-01 8.719393463001866573e-01 8.455724825279319345e-01 8.560715075932940898e-01
8.569879570327747498e-01 8.714616451524195284e-01 8.460477659877073675e-01 8.591580603402397820e-01
8.620913993262878661e-01 8.757220463618993200e-01 8.492991369284446090e-01 8.601227296066057404e-01
8.555133079847908606e-01 8.702109963913048363e-01 8.453852496498385216e-01 8.573146167697658360e-01
8.603276034061502209e-01 8.733944510976309195e-01 8.484097807575010641e-01 8.605814430268365900e-01
8.628287238502796441e-01 8.752106442416522913e-01 8.494503634838277417e-01 8.603170442254168826e-01
8.589396984198123253e-01 8.716373050011374524e-01 8.456769008637916585e-01 8.566322555884279266e-01
8.618311671413494413e-01 8.745967984548972396e-01 8.489030673786317482e-01 8.598984302408685387e-01
8.652864722635863481e-01 8.771632066306626063e-01 8.493999546320334382e-01 8.593224997152117961e-01
8.620046552646417615e-01 8.754333120786110811e-01 8.445355004338762628e-01 8.553317125044725966e-01
8.625395769781261102e-01 8.759483876502153210e-01 8.482945605248282117e-01 8.599103262655233282e-01
8.645491477395943480e-01 8.770582415143327593e-01 8.503649240806685494e-01 8.602295456860408196e-01
8.591565585739275868e-01 8.712332097936243969e-01 8.471999683144360027e-01 8.583173971081324849e-01
8.603998901241887154e-01 8.738764459389062322e-01 8.483881769638749182e-01 8.599540648560374256e-01
8.643612022726945288e-01 8.775708755392888083e-01 8.506889809850608497e-01 8.598082360024000836e-01
8.617155083924881165e-01 8.749410208077175177e-01 8.493999546320334382e-01 8.608586914295300874e-01
8.611516719917883256e-01 8.758269189371605812e-01 8.480461168981272557e-01 8.587921143495438336e-01
8.640575980569330516e-01 8.780437549072871439e-01 8.517727712986400412e-01 8.615985116485004314e-01
8.613251601150804238e-01 8.750943881781058087e-01 8.515675352591914882e-01 8.614147992590674985e-01
8.601685726264656218e-01 8.748058167668949503e-01 8.482909598925572059e-01 8.591120658532384047e-01
8.627130651014183194e-01 8.776273267416530022e-01 8.510994530639579558e-01 8.608537966075100467e-01
8.608625251196344585e-01 8.756476426121313494e-01 8.529429767867238166e-01 8.625598533438049165e-01
8.576240801515129242e-01 8.738708708133172687e-01 8.502389019511826795e-01 8.606113332012963468e-01
8.603131460625423887e-01 8.765848205619986011e-01 8.494755679097248935e-01 8.598148618526946230e-01
8.603131460625423887e-01 8.760704139442835325e-01 8.513442960583879060e-01 8.621470484890227937e-01
8.571036157816362966e-01 8.742466201215371990e-01 8.491407091085193537e-01 8.593241015279902140e-01
8.579132270236666802e-01 8.751572833479045466e-01 8.493387438834258951e-01 8.598371698234585914e-01
8.588963263889892730e-01 8.748077724823635215e-01 8.500948766603415585e-01 8.607333342520239183e-01
8.586794662348741225e-01 8.759478964952502889e-01 8.486006142678654829e-01 8.593037191887735737e-01
8.564674926628981222e-01 8.737353412975071842e-01 8.486222180614915178e-01 8.600163747690772187e-01
8.584915207679739702e-01 8.753671398375266754e-01 8.510634467412476756e-01 8.605529000447537102e-01
8.575228787462592095e-01 8.749292304384359564e-01 8.503361190225002808e-01 8.604910487823869136e-01
8.550651303329526165e-01 8.728620568753764353e-01 8.505881632814721316e-01 8.609900677974362537e-01
8.560482296982752093e-01 8.731698751743479647e-01 8.519131959572101565e-01 8.619391577230870460e-01
8.574505920282208260e-01 8.748411066779419043e-01 8.512866859420513688e-01 8.608724430852796594e-01
8.573204759357515581e-01 8.748406933783707817e-01 8.512686827806962286e-01 8.604213531938367243e-01
8.565253220373287846e-01 8.740305880427188256e-01 8.516755542273222179e-01 8.614053975530444607e-01
8.563807486012520176e-01 8.744512193898048569e-01 8.505521569587619624e-01 8.616072336449054347e-01
8.573060185921439480e-01 8.748094005079691815e-01 8.498356311368275851e-01 8.585866250102970332e-01
8.544579219014297733e-01 8.714997091073874991e-01 8.515567333623784707e-01 8.612965745039973253e-01
8.564530353192902901e-01 8.742803479968376257e-01 8.512398777225280710e-01 8.597146163110186423e-01
8.527374980121151804e-01 8.714302743614574798e-01 8.490614951985568926e-01 8.598577023031437339e-01
8.512773063077391233e-01 8.701343452309351356e-01 8.497996248141173048e-01 8.600279901839217311e-01
8.521881189550231106e-01 8.709566449372734276e-01 8.515027238783130503e-01 8.604151076656028074e-01
8.503231216296318618e-01 8.698081558264295632e-01 8.491587122698747159e-01 8.608279206435701658e-01
8.519278867700850189e-01 8.711058614664867195e-01 8.492703318702764514e-01 8.586756150431696932e-01
8.501640908499472626e-01 8.694768786504422087e-01 8.502100968930144109e-01 8.616750245680523390e-01
8.523616070783154308e-01 8.707926756466120022e-01 8.493603476770519300e-01 8.599012293953098851e-01
8.512050195897005178e-01 8.705795727279795893e-01 8.493459451479680178e-01 8.593019995804854760e-01
8.514941664618542738e-01 8.708755813754561759e-01 8.493819514706781870e-01 8.616059130451767523e-01
8.541109456548453549e-01 8.717695131232318095e-01 8.466562728415110151e-01 8.569652773522786759e-01
8.519712588009079601e-01 8.704433610340279737e-01 8.481217301758188221e-01 8.603420106821184632e-01
8.546603247119373137e-01 8.725802420302202211e-01 8.490939008889960560e-01 8.608018245873858554e-01
8.547470687735834183e-01 8.726178318913295762e-01 8.473367923407350011e-01 8.598873471177638228e-01
8.520290881753387335e-01 8.700975542213983394e-01 8.470523423913238759e-01 8.603921164625476514e-01
8.571469878124593489e-01 8.743648485078245880e-01 8.485394035192579398e-01 8.596095211086545174e-01
8.551807890818141633e-01 8.724588043985335162e-01 8.482909598925570949e-01 8.610390901842792655e-01
8.537639694082609365e-01 8.720599953926231329e-01 8.475600315415386943e-01 8.599594728727075754e-01
8.567566395350518782e-01 8.747052708239710928e-01 8.495115742324352848e-01 8.613803940715629714e-01
8.561205164163137038e-01 8.735631540581347831e-01 8.501992949962013935e-01 8.625816359522771037e-01
8.557012534516907909e-01 8.735970970927553481e-01 8.489102686431737599e-01 8.606870090200804402e-01
8.559036562621983313e-01 8.744890080437630608e-01 8.491479103730614764e-01 8.616721758405414544e-01
8.549928436149141220e-01 8.735182013429771963e-01 8.498140273432015501e-01 8.624859703625291640e-01
8.551518743945987211e-01 8.729567476731161513e-01 8.499760557953977003e-01 8.613187484224062995e-01
8.564530353192905121e-01 8.742085026263950454e-01 8.506961822496030834e-01 8.625953907061368886e-01
8.555855947028294661e-01 8.739119378789683701e-01 8.496375963619211547e-01 8.614467226706633562e-01
8.553109051742832092e-01 8.729340836362449174e-01 8.491263065794353304e-01 8.614257260203714850e-01
8.563229192268212442e-01 8.732904825071030608e-01 8.509914340958271151e-01 8.630194583383018481e-01
8.570457864072056342e-01 8.743434418292750365e-01 8.508474088049861050e-01 8.613926581193618315e-01
8.563229192268213552e-01 8.742300241859076726e-01 8.497528165945940071e-01 8.614420276346861360e-01
8.567710968786594883e-01 8.752655889906364450e-01 8.504477386229021274e-01 8.624028152419892512e-01
8.571759024996746801e-01 8.748809937507966428e-01 8.505737607523879973e-01 8.608518316435744833e-01
8.567566395350517672e-01 8.742312774599571013e-01 8.517691706663690354e-01 8.638029690949466932e-01
8.563807486012520176e-01 8.746639148429538047e-01 8.518195795181633390e-01 8.630436670816135081e-01
8.570747010944209654e-01 8.746620635023333312e-01 8.510958524316869500e-01 8.626794370808654744e-01
8.575084214026513774e-01 8.752583634453143802e-01 8.522012465388920655e-01 8.636985359851458988e-01
8.588963263889892730e-01 8.766053868878254107e-01 8.520068123962567519e-01 8.621387459053153624e-01
8.566265234425826103e-01 8.745398943141384773e-01 8.506277702364535287e-01 8.638887652110840421e-01
8.577975682748052444e-01 8.749557977080135718e-01 8.509734309344720860e-01 8.629304697640103328e-01
8.595324495077274474e-01 8.763189114052213347e-01 8.518699883699577535e-01 8.621623958009621003e-01
