7.002125229510329785e-01 7.224358455866595197e-01 7.036247565072426546e-01 7.076763401781355212e-01
7.012245370035709024e-01 7.227741060287973252e-01 7.062640199619052428e-01 7.086698342431286823e-01
7.024244965230088678e-01 7.231232696074427757e-01 7.081867575946336757e-01 7.091445531165321281e-01
7.041160057251080184e-01 7.241946572107912372e-01 7.100482844787544545e-01 7.094759492636211196e-01
7.059376310196764370e-01 7.255071495503364609e-01 7.128243719597160410e-01 7.107007041853932172e-01
7.078315430322831281e-01 7.270440577890768807e-01 7.151071728195470545e-01 7.115757844640406837e-01
7.097977417629284247e-01 7.287380826245903886e-01 7.169380943293642838e-01 7.121108602792032283e-01
7.115615376830660699e-01 7.300840808863110487e-01 7.186177892837982695e-01 7.132423324947622101e-01
7.129060706385808022e-01 7.307096903574396007e-01 7.196313672680922924e-01 7.139276379092678315e-01
7.143084329685263079e-01 7.314453376423177833e-01 7.204325079483957506e-01 7.143593872703872805e-01
7.163180037299947678e-01 7.328147156594818634e-01 7.205513288133397198e-01 7.144423668971437991e-01
7.169974988795558835e-01 7.322490381396120629e-01 7.201408567344425027e-01 7.139021219623199466e-01
7.179805982448784762e-01 7.327705916748656900e-01 7.191002740081158251e-01 7.140488869032382002e-01
7.188335815177319121e-01 7.335710310858517547e-01 7.176852255256023216e-01 7.132451345135540910e-01
7.186311787072243717e-01 7.330201452434224052e-01 7.161045479586215512e-01 7.128771768842612211e-01
7.187034654252627552e-01 7.328462218085897151e-01 7.144806628043884889e-01 7.125948206064782742e-01
7.185878066764013195e-01 7.340173298190039164e-01 7.124895131585106123e-01 7.115035213527302060e-01
7.183709465222860580e-01 7.341737217719703779e-01 7.105379704676140218e-01 7.111479337250929955e-01
7.185155199583628249e-01 7.340678383955046016e-01 7.086080315703437993e-01 7.103616477474409274e-01
7.185588919891858772e-01 7.346174989819701517e-01 7.064908597949800528e-01 7.089480543090236342e-01
7.185299773019705460e-01 7.347202006837347810e-01 7.046905436594665950e-01 7.091873975781284312e-01
7.188263528459281071e-01 7.350284277262333354e-01 7.026093782068130178e-01 7.084806722686355362e-01
7.189636976102011801e-01 7.351721918559049884e-01 7.006974424708978244e-01 7.073095912593539980e-01
7.188769535485549644e-01 7.349914263976979889e-01 6.985658681664499436e-01 7.063435590923389240e-01
7.190793563590626158e-01 7.358468991560009886e-01 6.966287280046377095e-01 7.053784217554456282e-01
7.195998207289392434e-01 7.362373029628374033e-01 6.947888049141428546e-01 7.047234862160123292e-01
7.200046263499544352e-01 7.369935469149689888e-01 6.932837406248537615e-01 7.036602579421400439e-01
7.198889676010928884e-01 7.368786758721638241e-01 6.914078112116487373e-01 7.027274724085654789e-01
7.199323396319159407e-01 7.366098874604882774e-01 6.896651051924719278e-01 7.018805368291460844e-01
7.194841619800776966e-01 7.361355579616453149e-01 6.880664244641359062e-01 7.010299535992856601e-01
7.195058479954892228e-01 7.363210998771106963e-01 6.866585772461644144e-01 7.007744336037402544e-01
7.200624557243853197e-01 7.370881666190480797e-01 6.853911546867630378e-01 7.002318955009678714e-01
7.205250907198311738e-01 7.377613644415841332e-01 6.843073643731840683e-01 6.998113995464669834e-01
7.200190836935621563e-01 7.372849594374082383e-01 6.834072063054272839e-01 6.993637185185621608e-01
7.199323396319161628e-01 7.373153105809913122e-01 6.821361831137549014e-01 6.986713272881930337e-01
7.203082305657158013e-01 7.376310571110270553e-01 6.814664655113437108e-01 6.980912299117739694e-01
7.204238893145773481e-01 7.377534491369223124e-01 6.806167162953813410e-01 6.978437693492830496e-01
7.201347424424235921e-01 7.370620374027148092e-01 6.798821873120919346e-01 6.977245103597268239e-01
7.203805172837544069e-01 7.377394790611933040e-01 6.791404570642605165e-01 6.971255459340912619e-01
7.197588515086239536e-01 7.387729322558664879e-01 6.786003622236064237e-01 6.968678774657300901e-01
7.192673018259625461e-01 7.385423253407931155e-01 6.780386635893262959e-01 6.966057084203016725e-01
7.192817591695702673e-01 7.384769617407708209e-01 6.774553611614200221e-01 6.963719086636570577e-01
7.189926122974165112e-01 7.385211340759971765e-01 6.771529080506535347e-01 6.962803316943761978e-01
7.183854038658936680e-01 7.373566465395640090e-01 6.768432536753453688e-01 6.962380515370514278e-01
7.182842024606399534e-01 7.373608346220609233e-01 6.765227974032240743e-01 6.961864312201661020e-01
7.178649394960170405e-01 7.376177833515151772e-01 6.764111778028221167e-01 6.960144961811267628e-01
7.177781954343709359e-01 7.376561780515573652e-01 6.763463664219435678e-01 6.957868492280970818e-01
7.174312191877865175e-01 7.375443332860696088e-01 6.761159259565979740e-01 6.955265463834776618e-01
7.171131576284173192e-01 7.375197501298587088e-01 6.761051240597848455e-01 6.956238189940331385e-01
7.171420723156326504e-01 7.382047004647336319e-01 6.760583158402615478e-01 6.956921851207688023e-01
7.174601338750017376e-01 7.383600153170395419e-01 6.761015234275138397e-01 6.957401664522964158e-01
7.172288163772788661e-01 7.383151735308114416e-01 6.760151082530092559e-01 6.958057828669421685e-01
7.170119562231636046e-01 7.381212446427156681e-01 6.760907215307008222e-01 6.959341516402335337e-01
7.166360652893638550e-01 7.379559399244677298e-01 6.760763190016165769e-01 6.958103174208000175e-01
7.160722288886639531e-01 7.373838264729173364e-01 6.760151082530092559e-01 6.957876694939619799e-01
7.153638190518873952e-01 7.370723283429552186e-01 6.757450608326821540e-01 6.953504926662735786e-01
7.152915323338489006e-01 7.372135138968556323e-01 6.756766488195327103e-01 6.954049392849684930e-01
7.150891295233414713e-01 7.371561468519973737e-01 6.756190387031961730e-01 6.953784008974333020e-01
7.148722693692262098e-01 7.371230342524455192e-01 6.755110197350654433e-01 6.950147022054777857e-01
7.148722693692259877e-01 7.370279714763252610e-01 6.754678121478132624e-01 6.950224743530438731e-01
7.147710679639722731e-01 7.369956057709881048e-01 6.754138026637477310e-01 6.950282951253543562e-01
7.146409518715032272e-01 7.367563609691090143e-01 6.753813969733085676e-01 6.950793336814868884e-01
7.143951770301724125e-01 7.365500413138210689e-01 6.752553748438225867e-01 6.949804827521524064e-01
7.142072315632725932e-01 7.364484530605772683e-01 6.753093843278880071e-01 6.950784048082421229e-01
7.141783168760571510e-01 7.363411496618185170e-01 6.753273874892431472e-01 6.950561239176480388e-01
7.140915728144110464e-01 7.363431687868728925e-01 6.753921988701214740e-01 6.950166662719061694e-01
7.139180846911188372e-01 7.363117713572118195e-01 6.753345887537851588e-01 6.948580131591179931e-01
7.138313406294726216e-01 7.361580638311746583e-01 6.754966172059813090e-01 6.949598647831927156e-01
7.137879685986496803e-01 7.359116946169463880e-01 6.753957995023924799e-01 6.948423483775584275e-01
7.133976203212419875e-01 7.356529506934594842e-01 6.753453906505981763e-01 6.948369460388281738e-01
7.132241321979500004e-01 7.355540035528078668e-01 6.752517742115514698e-01 6.947820609358523747e-01
7.130940161054808435e-01 7.355966742790752688e-01 6.753417900183271705e-01 6.949088760019130895e-01
7.128626986077578609e-01 7.353652730820852135e-01 6.754390070896449938e-01 6.949447677057216666e-01
7.126747531408578196e-01 7.352764060856373796e-01 6.753885982378505792e-01 6.949307687482593199e-01
7.125157223611732205e-01 7.352785332463065426e-01 6.755470260577757236e-01 6.950760755386216072e-01
7.124723503303502792e-01 7.352650936987206176e-01 6.755506266900466184e-01 6.950239571229930302e-01
7.125735517356041049e-01 7.352896795183090362e-01 6.756046361741121498e-01 6.950316792957889067e-01
7.126747531408579306e-01 7.354651879405396109e-01 6.755650292191308637e-01 6.950612161803175759e-01
7.126024664228194361e-01 7.352973485625072803e-01 6.755938342772991323e-01 6.951795510351579388e-01
7.125735517356039939e-01 7.350648190699738960e-01 6.755578279545888520e-01 6.952275738925051130e-01
7.126458384536425994e-01 7.350051717631778114e-01 6.755362241609625951e-01 6.952753215657201391e-01
7.126313811100348783e-01 7.349802555655420289e-01 6.757054538777008679e-01 6.954493266980761312e-01
7.126024664228194361e-01 7.349127139429123545e-01 6.758134728458315976e-01 6.956325068433750758e-01
7.126747531408579306e-01 7.350444381428582474e-01 6.758386772717288604e-01 6.956604927524698834e-01
7.126892104844656517e-01 7.353138871336152294e-01 6.758278753749158430e-01 6.956429061965854199e-01
7.125157223611733315e-01 7.351736433262456849e-01 6.758746835944391407e-01 6.957280775010901142e-01
7.121976608018043553e-01 7.348880402297776060e-01 6.758962873880653976e-01 6.957609190984652692e-01
7.121398314273734709e-01 7.348642554981871244e-01 6.759466962398597012e-01 6.958845118929697371e-01
7.122265754890196865e-01 7.350237823308320984e-01 6.758890861235233860e-01 6.959158378930483391e-01
7.123133195506657911e-01 7.350594603598411547e-01 6.760187088852802617e-01 6.960114430922508255e-01
7.122988622070580700e-01 7.350774737633601896e-01 6.760475139434484193e-01 6.960963483757593995e-01
7.122699475198426278e-01 7.349334343409519299e-01 6.761159259565979740e-01 6.961732704550142037e-01
7.124000636123118957e-01 7.351041193907108529e-01 6.762599512474389840e-01 6.963320078259105372e-01
7.125157223611733315e-01 7.349575729843977889e-01 6.764687879191586539e-01 6.964851465480690340e-01
7.125735517356041049e-01 7.350326658167298799e-01 6.766164138422706698e-01 6.965504484705675736e-01
7.126892104844655407e-01 7.352729533292542419e-01 6.767316340749435222e-01 6.966937271097642936e-01
7.126602957972500985e-01 7.353553378322659206e-01 6.768936625271397833e-01 6.969044273911830789e-01
7.125301797047809416e-01 7.352854587903410177e-01 6.769692758048313497e-01 6.970113900286876163e-01
7.125446370483887737e-01 7.352738678178813991e-01 6.771241029924853772e-01 6.972388305600903946e-01
7.125735517356041049e-01 7.354779127612460776e-01 6.772357225928873348e-01 6.973180158905456505e-01
7.125590943919963838e-01 7.355098998997575688e-01 6.773905497805414733e-01 6.973443440017165207e-01
7.125590943919963838e-01 7.354183486758361088e-01 6.775417763359244949e-01 6.974887156672835431e-01
7.126169237664270462e-01 7.353411763015761382e-01 6.777146066849338846e-01 6.976396065176853067e-01
7.127181251716808719e-01 7.353645703098110609e-01 6.778154243885226027e-01 6.977736539274460581e-01
7.128337839205424187e-01 7.354396257172550744e-01 6.778460297628263742e-01 6.978862375559329312e-01
7.129928147002269068e-01 7.354558555103312134e-01 6.780350629570551790e-01 6.980057825449420550e-01
7.128048692333270875e-01 7.353675871044497159e-01 6.781034749702047337e-01 6.981119992572535349e-01
7.127759545461116453e-01 7.353180489234953932e-01 6.781934907769804344e-01 6.981900321358216477e-01
7.130651014182654013e-01 7.356159383427453013e-01 6.783159122741952984e-01 6.983751465784877599e-01
7.129783573566192967e-01 7.355267268723275631e-01 6.785103464168307230e-01 6.985789439842492454e-01
7.130506440746577912e-01 7.355605315101559905e-01 6.787839944694288308e-01 6.988197338681948478e-01
7.131229307926960637e-01 7.356015809096601021e-01 6.790252368315876641e-01 6.989147186755936270e-01
7.131807601671269481e-01 7.357428119256842480e-01 6.791476583288025282e-01 6.990045275070627673e-01
7.133542482904191573e-01 7.357716891022397787e-01 6.792736804582883980e-01 6.990319065828585199e-01
7.136144804753575821e-01 7.359548056950473427e-01 6.795149228204473424e-01 6.992278882411419039e-01
7.137445965678266280e-01 7.360158817677657783e-01 6.797381620212509246e-01 6.994134246242840192e-01
7.139469993783342794e-01 7.361534991693602370e-01 6.799433980606994776e-01 6.995909585900714767e-01
7.140337434399802730e-01 7.361928691177427320e-01 6.801666372615031708e-01 6.998480264039496079e-01
7.142072315632725932e-01 7.363305650718749984e-01 6.803934770945778698e-01 7.000202329988958194e-01
7.142506035940956455e-01 7.363664711028898857e-01 6.805627068113161426e-01 7.001919285254685210e-01
7.142216889068802033e-01 7.363285219756865452e-01 6.807355371603254213e-01 7.002937230673489388e-01
7.144096343737802446e-01 7.364760884446586164e-01 6.809263706706897290e-01 7.004455855803207731e-01
7.147566106203646630e-01 7.367180607729000297e-01 6.811100029165121361e-01 7.006676758799736948e-01
7.149011840564415410e-01 7.368396500370347768e-01 6.812972357946055491e-01 7.008094003629858904e-01
7.151614162413797438e-01 7.370870996734179004e-01 6.815276762599513649e-01 7.010013241031163300e-01
7.153927337391028374e-01 7.371994580245141426e-01 6.817545160930260639e-01 7.011566445568728767e-01
7.156529659240411512e-01 7.374217882028610838e-01 6.819237458097642257e-01 7.012270891079035451e-01
7.159276554525871861e-01 7.379638708884165288e-01 6.821361831137547904e-01 7.014319888334349384e-01
7.161300582630948375e-01 7.381258323513146813e-01 6.823414191532033435e-01 7.015180433264207593e-01
7.166505226329714651e-01 7.386621618146462787e-01 6.826294697348855856e-01 7.017029159785185266e-01
7.168962974743019467e-01 7.388059927941936778e-01 6.828995171552123544e-01 7.019091797843985958e-01
7.170553282539866569e-01 7.389455254075645296e-01 6.831623633109973337e-01 7.021321973647652870e-01
7.174167618441786853e-01 7.392042611943429042e-01 6.835008227444739903e-01 7.023434220642228443e-01
7.175902499674710056e-01 7.394152043656656570e-01 6.837312632098195841e-01 7.025094304321410910e-01
7.179661409012707551e-01 7.397309815579171666e-01 6.840265150560438379e-01 7.027568162724030509e-01
7.181974583989938488e-01 7.397303995051619507e-01 6.842713580504735660e-01 7.029210993503268723e-01
7.183131171478552845e-01 7.397853092329905733e-01 6.844693928253801074e-01 7.030740223893314766e-01
7.184143185531091103e-01 7.397794551161439580e-01 6.847502421425202268e-01 7.032142967251844290e-01
7.185155199583628249e-01 7.398078857179191115e-01 6.852507300281930336e-01 7.036116740875126840e-01
7.188914108921626855e-01 7.401400343069963750e-01 6.854055572158470611e-01 7.037282013355977695e-01
7.190648990154548947e-01 7.401368878881667834e-01 6.857080103266133264e-01 7.039607863539818489e-01
7.194118752620393131e-01 7.404405006928570510e-01 6.861472874636784791e-01 7.042601207599016311e-01
7.196865647905853480e-01 7.405903766636210417e-01 6.865361557489495503e-01 7.046042445776408147e-01
7.198745102574852783e-01 7.407873369869354407e-01 6.868062031692765412e-01 7.047282731860361471e-01
7.201347424424235921e-01 7.410167101621246699e-01 6.872922885258652137e-01 7.052199187002585745e-01
7.201925718168544766e-01 7.409794530626642173e-01 6.877315656629303664e-01 7.055187528955459975e-01
7.204238893145775702e-01 7.411638192705163330e-01 6.882536573422293191e-01 7.058478196278736849e-01
7.207274935303388252e-01 7.415364578915866201e-01 6.886821325824814544e-01 7.061309984849601928e-01
7.210021830588848601e-01 7.418736355933496229e-01 6.892222274231354362e-01 7.065020816341645027e-01
7.213202446182539473e-01 7.421327581745240654e-01 6.897515203669764006e-01 7.068523952540306521e-01
7.215515621159769299e-01 7.423576542354792807e-01 6.901799956072287578e-01 7.070928880006033257e-01
7.218262516445228538e-01 7.425442305184766223e-01 6.906696815960882141e-01 7.074563479697656421e-01
7.223178013271842612e-01 7.431914666533949720e-01 6.912745878176207448e-01 7.079888587611993245e-01
7.227948936662378365e-01 7.436246637083017141e-01 6.918110820260038318e-01 7.084923522181185707e-01
7.231418699128222549e-01 7.439514610549190499e-01 6.922035509435455758e-01 7.088292955425237185e-01
7.234310167849761219e-01 7.440915410782659167e-01 6.927688502100968204e-01 7.092502850399435843e-01
7.238791944368141440e-01 7.444512107403515877e-01 6.934097627543397424e-01 7.097324279265833091e-01
7.242117133397909523e-01 7.447742343143793908e-01 6.940254708726852906e-01 7.101858121120886436e-01
7.244719455247292661e-01 7.449376926729840420e-01 6.945547638165261439e-01 7.105653189682179516e-01
7.248478364585292377e-01 7.452510616637206819e-01 6.951596700380586746e-01 7.110796374179936263e-01
7.254839595772673011e-01 7.457161841913668709e-01 6.957771784725397257e-01 7.115434558299260637e-01
7.260333386343593709e-01 7.461074301520165264e-01 6.963622812165816134e-01 7.119953312422281355e-01
7.264815162861975040e-01 7.464808838621956877e-01 6.971328165225814111e-01 7.126111858590234993e-01
7.270887247177204582e-01 7.468788424430881090e-01 6.978817480349548408e-01 7.131896245071790430e-01
7.276525611184201381e-01 7.473931878561768105e-01 6.986558839732256443e-01 7.138280735626029161e-01
7.281296534574737134e-01 7.478774060305308780e-01 6.995110341375945229e-01 7.145836092272568330e-01
7.287946912634273300e-01 7.483241449194861783e-01 7.002977722888138468e-01 7.152456736180928809e-01
7.293585276641270099e-01 7.488089042583848665e-01 7.011403202402342050e-01 7.159531145568756028e-01
7.299657360956497421e-01 7.493798707384845548e-01 7.019360599721310434e-01 7.166297706506545850e-01
7.304428284347034284e-01 7.498753444252824751e-01 7.028182148785326877e-01 7.173688860852234228e-01
7.308910060865417835e-01 7.502748404949202143e-01 7.037291748431022675e-01 7.181766855249371861e-01
7.315126718616722368e-01 7.510205125865651032e-01 7.046005278526908944e-01 7.187940092930134028e-01
7.321198802931949690e-01 7.516312442227860435e-01 7.055294909786158364e-01 7.194769891546552998e-01
7.327126313811100911e-01 7.521889294775109258e-01 7.065664730726715081e-01 7.203390191707810253e-01
7.337391027772557361e-01 7.532098967204797768e-01 7.076898703412318747e-01 7.212034816113854774e-01
7.345920860501091720e-01 7.539976871685348803e-01 7.085828271444466475e-01 7.219496725468672604e-01
7.353294105741011721e-01 7.544569235645087746e-01 7.096306111353154478e-01 7.227647585193692770e-01
7.360089057236622878e-01 7.549297926151350424e-01 7.107252033457075457e-01 7.236316946220913149e-01
7.367606875912621200e-01 7.554063505125137024e-01 7.118233961883706495e-01 7.245649730334773331e-01
7.377293296129769917e-01 7.564833039170261175e-01 7.128027681660900061e-01 7.254395323503162185e-01
7.387413436655150267e-01 7.571678249096289726e-01 7.137353319242858429e-01 7.261370657479153667e-01
7.392907227226070965e-01 7.576971139730639404e-01 7.148947355155563788e-01 7.271414405041856099e-01
7.399557605285604911e-01 7.582617883680824455e-01 7.160973466940794285e-01 7.280958822876735237e-01
7.407942864578062059e-01 7.589787159242402659e-01 7.172243445949109120e-01 7.290722632819072180e-01
7.419219592592057877e-01 7.602040471393551879e-01 7.183909494507235705e-01 7.301271962744571020e-01
7.429195159681361016e-01 7.608147999079462043e-01 7.193811233252558335e-01 7.312905623347961681e-01
7.436568404921281017e-01 7.617172985537252750e-01 7.207997724400404538e-01 7.326049606066407094e-01
7.447122265754890780e-01 7.626106135734338487e-01 7.219159684440588087e-01 7.336148844373756583e-01
7.458977287513193222e-01 7.640933865361495547e-01 7.232590042811517517e-01 7.348480096287491881e-01
7.471844323324032811e-01 7.649454700398482521e-01 7.245840369568896655e-01 7.359222587042379971e-01
7.483410198210181941e-01 7.660752835369011304e-01 7.259054690003564625e-01 7.371185642339482813e-01
7.495265219968483272e-01 7.673178559950718514e-01 7.271584890306737048e-01 7.384290840879359497e-01
7.508999696395786128e-01 7.685852135539232854e-01 7.285519337195611733e-01 7.398245690477288639e-01
7.520999291590162450e-01 7.701455453994542344e-01 7.299921866279718285e-01 7.413175181268065739e-01
7.534589194581388094e-01 7.714623977497329088e-01 7.315152540786162838e-01 7.427776224995696897e-01
7.546155069467537224e-01 7.727550835287464448e-01 7.329267019288586704e-01 7.443727915845077536e-01
7.559744972458759538e-01 7.738757126379857132e-01 7.343849579986245768e-01 7.453806302554909502e-01
7.572322861397446925e-01 7.749462710078746097e-01 7.357351951002595314e-01 7.465136636572697881e-01
7.587936792493747973e-01 7.761556071176767269e-01 7.373950865772029850e-01 7.481241208253428532e-01
7.600659254868510351e-01 7.772480804281559630e-01 7.389073521310342008e-01 7.497132244610636986e-01
