6.675389263976636567e-01 6.870233526135436364e-01 6.994750278148842426e-01 7.113917924374852930e-01
6.475155055010193283e-01 7.129381754529413584e-01 6.788452052180362628e-01 7.226256872370344642e-01
6.589657216383061344e-01 7.178350347609219195e-01 6.802314486423816087e-01 7.193811274671125799e-01
6.668160592172794887e-01 7.221237795722522668e-01 6.828275045097919049e-01 7.201977818385827401e-01
6.734953519640300978e-01 7.258954446695580209e-01 6.839905087333335576e-01 7.200055471273625329e-01
6.782229033237432425e-01 7.293186052668974018e-01 6.859384507919590312e-01 7.215025728322657095e-01
6.823432462519336550e-01 7.327849633394332152e-01 6.879692073928181939e-01 7.233734067909923793e-01
6.834998337405485680e-01 7.324217495738475359e-01 6.896579039279295831e-01 7.241351520985055412e-01
6.785554222267200508e-01 7.256877329630337936e-01 6.899063475546306501e-01 7.230016674183881165e-01
6.778470123899434929e-01 7.224931497746687192e-01 6.909505309132284445e-01 7.235473860543750746e-01
6.850178548193555095e-01 7.255232805571650845e-01 6.989583370839919096e-01 7.301270039239560194e-01
6.864202171493010152e-01 7.295304437506973105e-01 6.993328028401787355e-01 7.302704004894993162e-01
6.843672743570096140e-01 7.327786324881782054e-01 6.933197469475639307e-01 7.272143209054506841e-01
6.892972285272306321e-01 7.343624407703861490e-01 7.008954772458043658e-01 7.322920473710431422e-01
6.966704737671500780e-01 7.397773318124093445e-01 7.100050768915020516e-01 7.391715932320161997e-01
6.949211351906200429e-01 7.408232029823422771e-01 7.054610789654665037e-01 7.358989959340267450e-01
6.951379953447354154e-01 7.425901297683483726e-01 7.007442506904212332e-01 7.330642237164891606e-01
7.032341077650392513e-01 7.486421783140406738e-01 7.085936290412596650e-01 7.385443258830469704e-01
7.154216484263180575e-01 7.586421599213252209e-01 7.210086091117600127e-01 7.482725307539808135e-01
7.213491593054690565e-01 7.637060750310191715e-01 7.237378883731981905e-01 7.506315801957640366e-01
7.166938946637944063e-01 7.617119585395966119e-01 7.119638208469407648e-01 7.418915709551963111e-01
7.121109167401580287e-01 7.592745165257362983e-01 7.033619103514576754e-01 7.370813488475609354e-01
7.139180846911189482e-01 7.614412722057264382e-01 7.087160505384744180e-01 7.391202925571638271e-01
7.272043834665817830e-01 7.696720176925614387e-01 7.273637250701223689e-01 7.511381681960512813e-01
7.489916002833638675e-01 7.794842729249015223e-01 7.518660276744595361e-01 7.685571279327463312e-01
7.572901155141754659e-01 7.810866446528889062e-01 7.606263659898676588e-01 7.749017687268626720e-01
7.530541138371236176e-01 7.788760813808262018e-01 7.553982479323368970e-01 7.699280318331594986e-01
7.505963654238170246e-01 7.769926638864305124e-01 7.526293617159173222e-01 7.677368164969770037e-01
7.565527909901834658e-01 7.760910502267277522e-01 7.600178591360643443e-01 7.736363693883029358e-01
7.644754152871950925e-01 7.610298147715950368e-01 7.702616579471355251e-01 7.834733669419223778e-01
7.571021700472754246e-01 7.370163957919050324e-01 7.686917822769678832e-01 7.734172921947960466e-01
7.549913978805534720e-01 7.555395735358543252e-01 7.615445272189796944e-01 7.770364243497479562e-01
7.514348913530628504e-01 7.461565583077827135e-01 7.579835019029340648e-01 7.712405308974715767e-01
7.427171131576284502e-01 7.184174045071750614e-01 7.528309971230948694e-01 7.547284494455126502e-01
7.493530338735560070e-01 7.509064569335373029e-01 7.554054491968789087e-01 7.692759257903314385e-01
7.508565976087554494e-01 7.645177024675017252e-01 7.563596167487010025e-01 7.713449340965353729e-01
7.471844323324032811e-01 7.549221240195376215e-01 7.562191920901309983e-01 7.697988858030963000e-01
7.453338923506195313e-01 7.477155405692836876e-01 7.583183607041397156e-01 7.698355271900776398e-01
7.487313680984255537e-01 7.579564998851902047e-01 7.602915071886624521e-01 7.732495168529873730e-01
7.504517919877401466e-01 7.638670968057557076e-01 7.615337253221665659e-01 7.749447075968243226e-01
7.483410198210180830e-01 7.558106888537330370e-01 7.623726726413158072e-01 7.756840841763786853e-01
7.444953664213738165e-01 7.437170197497375845e-01 7.620486157369233959e-01 7.739869795589602308e-01
7.429339733117437117e-01 7.412525857101430748e-01 7.611700614627929795e-01 7.739168579188880903e-01
7.432809495583281301e-01 7.483010151743373362e-01 7.603311141436436271e-01 7.750436149043734568e-01
7.421243620697133281e-01 7.489168252167945905e-01 7.605219476540079349e-01 7.752391612199392990e-01
7.401726206826757526e-01 7.459960933726764720e-01 7.607631900161668792e-01 7.746422324450920049e-01
7.403605661495755719e-01 7.477387071706486088e-01 7.612672785341105808e-01 7.751545209044041762e-01
7.417340137923057464e-01 7.523069606989709612e-01 7.616885525098207044e-01 7.755878361637047469e-01
7.426014544087669034e-01 7.512759228542256196e-01 7.635032711744182965e-01 7.769646192842152299e-01
7.420809900388901648e-01 7.433371671977073714e-01 7.671795167231365564e-01 7.794239025321736403e-01
7.439893593951046880e-01 7.430379176455067514e-01 7.708809666977520791e-01 7.814738520343781358e-01
7.475892379534185839e-01 7.502276162061507492e-01 7.747192406986667113e-01 7.857747360474650611e-01
7.523167893131316175e-01 7.558438210558473536e-01 7.807322965912815160e-01 7.908673728507509271e-01
7.568563952059448319e-01 7.590308915522736566e-01 7.880343788369237323e-01 7.974060185416460556e-01
7.645187873180182558e-01 7.668581393761958465e-01 7.934677329339031582e-01 8.031243568159631696e-01
7.706920730384999585e-01 7.741848655261116541e-01 7.961682071371732894e-01 8.045001925152692746e-01
7.781520623400657310e-01 7.795351035486666191e-01 8.024657129791992194e-01 8.104181577866660380e-01
7.861758880423310725e-01 7.851351469713294673e-01 8.116257214766912087e-01 8.196885859965596932e-01
7.956309907617575838e-01 8.002502566726295008e-01 8.193238732721466189e-01 8.290285425401309194e-01
8.013271841431856002e-01 8.100125212624806892e-01 8.234934054419955629e-01 8.326390745980887242e-01
8.030331506888923609e-01 8.072177196588135040e-01 8.267267732213776643e-01 8.367625198929204977e-01
8.043198542699763198e-01 8.062987986871488211e-01 8.267591789118169388e-01 8.371244668785384757e-01
8.073848111148058670e-01 8.116555260240053693e-01 8.294740556441710932e-01 8.408535553500837700e-01
8.117798435715420924e-01 8.201382140281714417e-01 8.313787901155442750e-01 8.427393962787010917e-01
8.117364715407191511e-01 8.194251392086262520e-01 8.288763506871806852e-01 8.407065755225718862e-01
8.118232156023650337e-01 8.192427278670689761e-01 8.296756910513485295e-01 8.432074500782311688e-01
8.125316254391418136e-01 8.222716627570125780e-01 8.330746879151980089e-01 8.480334911912437157e-01
8.143821654209255634e-01 8.266024678711142437e-01 8.324805835904783846e-01 8.483705275161332882e-01
8.177073544506933134e-01 8.312599368986506310e-01 8.350154287092813599e-01 8.503036266563306356e-01
8.212494036345762138e-01 8.334555054816088493e-01 8.398186721588311032e-01 8.541991427934632064e-01
8.257022654657433236e-01 8.355335552088727358e-01 8.397610620424946770e-01 8.520300811303411770e-01
8.338851219476934862e-01 8.428741251189939554e-01 8.400419113596346854e-01 8.518433370183805531e-01
8.416487154650204028e-01 8.501997147095059493e-01 8.426811748142973846e-01 8.549128641023489017e-01
8.442076652835808215e-01 8.496003282901654075e-01 8.443734719816800016e-01 8.559816636679438151e-01
8.486605271147479312e-01 8.508691674971193830e-01 8.433364898876243299e-01 8.532823927526761443e-01
8.572337318741054535e-01 8.603979146543255796e-01 8.454500610307169595e-01 8.553192841474162034e-01
8.610649279301419989e-01 8.636271365918576359e-01 8.467138829578474413e-01 8.553525426458666869e-01
8.609781838684961164e-01 8.628227065320506206e-01 8.484349851833982159e-01 8.541223061547076334e-01
8.635660483742717553e-01 8.655725526384051571e-01 8.513010884711357251e-01 8.551455073507616689e-01
8.671948416198008713e-01 8.709088584848335701e-01 8.533570494978919285e-01 8.560785056537582038e-01
8.696959620639304056e-01 8.742332674873828369e-01 8.530473951225834295e-01 8.542996495936170387e-01
8.693923578481689285e-01 8.746656282197520227e-01 8.526981337922939774e-01 8.525602873309587881e-01
8.700284809669073249e-01 8.767483848935812007e-01 8.535334804791721020e-01 8.544174933482414636e-01
8.716187887637525389e-01 8.791107591210298722e-01 8.546856828059007372e-01 8.572917222748911437e-01
8.731078951553441492e-01 8.828970573978087710e-01 8.551825700593024271e-01 8.590383359422825160e-01
8.715031300148909921e-01 8.823032367516921992e-01 8.550673498266296857e-01 8.589114799006103418e-01
8.743078546747820035e-01 8.843615077372329880e-01 8.560935300238722290e-01 8.606717259867154857e-01
8.740765371770591319e-01 8.868669329805777268e-01 8.595717407976839475e-01 8.657383145634673927e-01
8.763463401234659056e-01 8.895911660636223184e-01 8.606447292144500105e-01 8.672339719206598740e-01
8.756523876302968468e-01 8.877734026577299709e-01 8.597373698821513255e-01 8.656677824380690778e-01
8.745680868597204283e-01 8.874628675370899167e-01 8.614584721077019891e-01 8.684501637719614919e-01
8.765487429339733350e-01 8.905750418040396799e-01 8.631651718041689625e-01 8.707495867516938937e-01
8.769824632422039690e-01 8.914623040464804138e-01 8.633416027854491359e-01 8.704432411529817726e-01
8.781968801052495444e-01 8.923067696550275318e-01 8.638384900388508258e-01 8.706995230758101112e-01
8.811028061703940484e-01 8.954437106699635329e-01 8.658080358911025565e-01 8.723214993921374338e-01
8.833292370859778808e-01 8.977123599307619273e-01 8.681916544545221770e-01 8.744927538232591946e-01
8.830111755266087936e-01 8.977689811606763826e-01 8.688361676310361048e-01 8.742413312543828585e-01
8.812329222628634273e-01 8.967476065563657617e-01 8.682816702612978776e-01 8.724175958161287658e-01
8.834448958348393166e-01 8.984379916263456334e-01 8.700639832354561953e-01 8.751804819570988547e-01
8.875363240758142869e-01 9.024795485113322746e-01 8.728616745100439278e-01 8.777742119237934570e-01
8.852086917549769618e-01 9.009611622924471597e-01 8.707841096896615785e-01 8.774573874518005745e-01
8.846014833234542296e-01 8.994016022449060621e-01 8.716698652283341175e-01 8.790301881463462585e-01
8.861773337766919445e-01 9.010668973726456699e-01 8.730705111817634867e-01 8.823111822153506534e-01
8.874495800141681823e-01 8.999110984486542453e-01 8.753209063511553367e-01 8.846589550630219456e-01
8.872038051728375896e-01 8.972152561542985350e-01 8.769411908731172822e-01 8.864625137480351968e-01
8.912952334138125599e-01 9.018725249803970501e-01 8.754649316419963467e-01 8.848062328273120780e-01
8.939842993248419134e-01 9.043551090682084848e-01 8.797964922640415519e-01 8.882865077455494029e-01
8.925096502768581352e-01 8.995680213764999378e-01 8.786010823500607358e-01 8.880112249994029927e-01
8.986973933409475590e-01 9.073912565864896695e-01 8.806426408477328049e-01 8.888758275565997735e-01
8.976564646011943038e-01 9.077282993786477405e-01 8.803077820465272652e-01 8.884859708379160281e-01
8.939987566684496345e-01 9.028670925551087745e-01 8.805022161891629118e-01 8.891210107570601817e-01
8.955456924344721292e-01 9.070558654141221977e-01 8.820504880657042968e-01 8.893220453943718740e-01
8.964131330509331752e-01 9.082493184533441122e-01 8.799729232453218364e-01 8.886071648084769015e-01
8.945192210383264841e-01 9.059638557674776216e-01 8.819424690975734560e-01 8.905029828523576274e-01
8.947216238488340245e-01 9.075222118501392599e-01 8.820936956529568107e-01 8.902875639839424871e-01
8.948661972849109025e-01 9.090735446646536211e-01 8.813627673019381881e-01 8.895226000645019004e-01
8.935939510474345537e-01 9.076218539528567719e-01 8.818020444390035628e-01 8.902237442962109837e-01
8.937385244835115428e-01 9.074210898396325442e-01 8.819820760525548531e-01 8.902396374766859966e-01
8.952276308751029310e-01 9.088936297182420576e-01 8.818992615103212751e-01 8.892586328982117205e-01
8.942589888533880593e-01 9.058378510845166431e-01 8.838796092593859122e-01 8.905157976533442099e-01
8.981769289710708204e-01 9.087323397523756618e-01 8.833251118896476850e-01 8.895914106997545590e-01
9.009238242565311694e-01 9.115505108450441263e-01 8.834007251673392513e-01 8.896595094965717987e-01
9.010250256617849951e-01 9.099891097729866374e-01 8.849994058956752729e-01 8.914755358841592869e-01
9.004178172302621519e-01 9.091305710191727174e-01 8.836239643681430556e-01 8.899400721265741110e-01
9.005623906663389189e-01 9.094286884807191162e-01 8.840200339179560274e-01 8.897487677334645628e-01
8.998395234859547509e-01 9.063004025539770359e-01 8.860579917833572017e-01 8.922386292065038749e-01
9.033671153262299303e-01 9.095616058304323293e-01 8.851290286574322597e-01 8.911805945908918281e-01
9.032659139209761046e-01 9.114970889082105732e-01 8.864936682881514596e-01 8.915664205187221469e-01
9.012563431595078667e-01 9.068117646743377724e-01 8.868969391025063320e-01 8.929969770417381936e-01
9.028611082999610238e-01 9.100555421693802272e-01 8.868393289861700168e-01 8.931814625316895073e-01
9.017768075293846053e-01 9.083319639877118767e-01 8.875198484853938918e-01 8.934899092376613616e-01
9.033671153262300413e-01 9.073621809051540810e-01 8.887656672511692335e-01 8.951329564119983040e-01
9.049718804666829763e-01 9.116242517341799356e-01 8.885712331085336979e-01 8.948469967538024150e-01
9.029623097052147385e-01 9.108092387555922764e-01 8.857771424662170823e-01 8.920928567584939239e-01
9.043646720351602442e-01 9.094028879790174713e-01 8.914229338671870728e-01 8.977717652184938890e-01
9.054923448365597149e-01 9.104409605000896022e-01 8.891653374332533222e-01 8.959503051617020430e-01
9.056224609290288718e-01 9.133023862611745480e-01 8.906019897093929716e-01 8.967062424776479634e-01
9.043935867223756864e-01 9.125707742214980156e-01 8.891293311105430419e-01 8.964663829207382140e-01
9.054923448365597149e-01 9.121891578801711864e-01 8.938533606501302131e-01 9.005564930298390891e-01
9.072416834130896390e-01 9.142455907370210522e-01 8.916569749648035614e-01 8.986139089621578702e-01
9.051453685899751855e-01 9.117653514073754684e-01 8.946491003820269405e-01 9.012679924344930704e-01
9.047694776561754360e-01 9.122699613770207661e-01 8.939217726632795458e-01 9.007683124460884594e-01
9.037574636036375120e-01 9.112739564073668586e-01 8.943052400001438862e-01 9.006188620643357234e-01
9.042923853171219717e-01 9.121737516674292001e-01 8.939685808828029545e-01 9.014303825189370345e-01
9.020514970579305292e-01 9.098240952859045771e-01 8.938605619146722248e-01 9.012603946840924696e-01
9.014587459700154071e-01 9.096494007614905897e-01 8.939757821473450772e-01 9.017078284478796668e-01
9.007792508204544024e-01 9.091680088325957421e-01 8.920386419855326210e-01 9.004540791944619649e-01
8.992178577108240756e-01 9.080744705783322379e-01 8.945014744589151467e-01 9.025976510182581736e-01
8.998539808295624720e-01 9.102698120342307408e-01 8.938569612824012189e-01 9.021098631457227235e-01
9.000274689528545702e-01 9.091468679531523600e-01 8.931656398863641044e-01 9.010592943145913081e-01
8.945770504127571465e-01 9.042699963223163051e-01 8.942134238772327937e-01 9.025451433583677741e-01
8.998828955167779142e-01 9.106342480393943006e-01 8.924329112192100899e-01 8.999581988661811138e-01
8.950396854082030007e-01 9.069766928700145892e-01 8.939145713987377562e-01 9.020753639412685265e-01
8.935650363602192225e-01 9.048695757833592479e-01 8.922942868767755886e-01 9.001693368537178053e-01
8.942011594789573969e-01 9.068675653279771876e-01 8.924383121676167097e-01 9.001629536149641231e-01
8.923650768407813683e-01 9.050353748195391068e-01 8.930252152277938782e-01 9.003080203558888606e-01
8.910639159160895773e-01 9.045135517665466862e-01 8.912465028859066773e-01 8.992389709001797904e-01
8.890254304674060082e-01 9.021626716890374098e-01 8.915093490416915456e-01 8.996119428463920098e-01
8.895603521808903569e-01 9.033928912900262009e-01 8.910952763305235447e-01 8.988392447080086889e-01
8.866110540849224675e-01 9.013295127836080667e-01 8.902203226886642451e-01 8.985988928377881546e-01
8.834015238040163753e-01 8.980576656571361838e-01 8.908252289101966648e-01 8.994326687430613809e-01
8.858592722173227463e-01 9.001302013053833484e-01 8.902239233209350289e-01 8.985541535758071463e-01
8.826497419364166541e-01 8.969484798410038984e-01 8.891941424914213687e-01 8.982842271925616240e-01
8.827075713108473165e-01 8.966047619549979419e-01 8.900402910751128438e-01 8.986515312245827447e-01
8.865532247104916941e-01 9.001434637602240274e-01 8.906740023548135321e-01 8.985228630336141720e-01
8.800474200870331831e-01 8.951874380268014519e-01 8.899034670488137344e-01 8.985251810630028313e-01
8.813919530425480264e-01 8.960680273546732799e-01 8.893939775824635241e-01 8.973158754299253026e-01
8.830979195882547872e-01 8.968688590085071022e-01 8.892517526077579060e-01 8.973999496643128015e-01
8.808859460162787869e-01 8.954833414242922007e-01 8.895398031894401480e-01 8.979768893281521169e-01
8.824328817823012816e-01 8.960582748301318956e-01 8.893957778985990270e-01 8.971875602961861818e-01
8.766065723084041084e-01 8.925230133068269289e-01 8.885316261535525229e-01 8.968642266561928089e-01
8.778932758894880672e-01 8.932874328300793865e-01 8.883011856882068180e-01 8.965460324947649440e-01
8.771704087091036772e-01 8.929949035425743809e-01 8.892373500786738827e-01 8.978913918697655205e-01
8.786450577570876774e-01 8.948942147961022053e-01 8.889168938065523662e-01 8.977290276589208196e-01
8.796281571224103812e-01 8.952970836631622964e-01 8.881499591328236853e-01 8.971883358715582180e-01
8.770692073038499625e-01 8.936441270527966108e-01 8.897630423902436192e-01 8.990015824500321440e-01
8.770113779294191891e-01 8.936315700140463614e-01 8.888736862193000743e-01 8.987103948780972296e-01
8.762885107490350212e-01 8.947983845923671575e-01 8.883155882172908413e-01 8.982596584962996289e-01
8.790498633781030913e-01 8.967583468374548117e-01 8.889492994969918627e-01 8.976810357630600201e-01
8.759559918460581018e-01 8.925030587530021764e-01 8.872498010650671230e-01 8.975798062585761405e-01
8.767366884008733763e-01 8.941564404959239099e-01 8.879915313128985410e-01 8.987244707122064025e-01
8.821003628793245843e-01 8.997352909155689193e-01 8.905227757994302884e-01 9.000623834959510239e-01
8.795558704043717757e-01 8.968304962758700816e-01 8.874730402658707051e-01 8.974682626727730206e-01
8.752764966964969862e-01 8.936057205539797987e-01 8.874262320463472964e-01 8.989457942421399395e-01
8.841243909844004323e-01 9.008026513886492337e-01 8.888448811611320277e-01 8.998201293640349929e-01
8.776908730789805269e-01 8.968918941935966060e-01 8.882147705137021232e-01 8.992950983807533882e-01
8.767077737136578230e-01 8.952985637532984153e-01 8.865404765076747573e-01 8.986011654323496911e-01
8.795703277479794968e-01 8.981275049069223915e-01 8.871849896841885741e-01 8.990104883232831190e-01
8.749728924807355090e-01 8.953942705440602889e-01 8.864828663913382201e-01 8.986698921963369724e-01
8.793679249374719564e-01 8.976894737543557046e-01 8.873074111814034381e-01 8.985651986626984611e-01
8.781245933872110498e-01 8.971719360835309631e-01 8.862272215000954745e-01 8.986240068217071775e-01
8.747704896702279687e-01 8.953594383128921086e-01 8.855611045299554007e-01 8.990018778100159480e-01
8.792088941577874683e-01 8.979227711455746164e-01 8.884488116113188338e-01 9.000864218811491790e-01
8.759849065332735440e-01 8.961437887781970035e-01 8.870697694515157217e-01 8.991440114097075664e-01
8.750018071679509513e-01 8.957524492855643006e-01 8.848085723853108542e-01 8.975013318100539816e-01
8.781101360436034398e-01 8.972483272164605284e-01 8.890321140392252186e-01 9.002701289467829326e-01
8.744813427980744347e-01 8.955862589120798800e-01 8.875234491176651197e-01 8.993138621799875443e-01
8.724284000057828115e-01 8.953754030773456440e-01 8.856475197044600955e-01 8.982511496452429967e-01
8.752331246656740449e-01 8.961171543895281033e-01 8.864396588040858171e-01 8.976824354058243749e-01
8.708380922089374865e-01 8.938790180959640397e-01 8.877358864216555734e-01 8.999440328983164816e-01
8.744958001416819338e-01 8.970500793448847876e-01 8.878907136093097119e-01 8.996279225445698025e-01
8.729633217192673822e-01 8.959204819709318812e-01 8.876278674535248436e-01 8.997769166444629096e-01
8.698694501872226148e-01 8.933150097633839604e-01 8.861156018996936279e-01 8.985501546956037311e-01
8.716332461073603710e-01 8.960816618964494440e-01 8.874406345754314307e-01 8.992815136082173977e-01
8.732235539042055850e-01 8.973496664586819715e-01 8.888016735738795138e-01 9.002035794615781406e-01
8.682646850467694577e-01 8.925581067723999951e-01 8.864576619654409573e-01 8.994700134312895168e-01
8.694791019098151441e-01 8.945831691882478731e-01 8.861804132805719547e-01 8.987851989020329002e-01
8.717489048562216958e-01 8.972379543492845499e-01 8.879987325774405527e-01 8.993810947553571022e-01
8.670647255273316034e-01 8.923760061760693807e-01 8.886252425925993403e-01 9.007434702159822226e-01
8.706067747112146149e-01 8.946182248274208160e-01 8.869725523801981204e-01 8.994711337303634702e-01
8.685827466061386559e-01 8.953342448817729338e-01 8.874802415304126058e-01 8.994355351127385489e-01
8.713440992352066150e-01 8.956186721755419189e-01 8.880455407969639614e-01 8.993015015712781945e-01
8.651563561711170802e-01 8.909972390682019405e-01 8.888052742061506306e-01 9.016747014197259436e-01
8.723561132877444280e-01 8.959225661887630920e-01 8.858239506857403800e-01 9.000926252898251434e-01
8.697537914383610680e-01 8.952479099119637906e-01 8.884956198308422426e-01 9.006521797175943700e-01
8.702597984646300855e-01 8.941782923220337187e-01 8.889348969679073953e-01 9.009740035024138560e-01
8.699128222180458891e-01 8.938177253952104273e-01 8.865440771399456521e-01 9.004558209798578794e-01
8.701152250285533185e-01 8.949888630672164780e-01 8.876494712471509896e-01 9.006563444392338136e-01
8.685972039497462660e-01 8.934811861247511366e-01 8.887548653543561050e-01 9.003894490748909352e-01
8.685682892625308238e-01 8.937555324251008626e-01 8.889673026583468918e-01 9.016543859914821768e-01
8.746114588905433695e-01 8.965901671129623551e-01 8.871885903164595799e-01 9.010996326695164260e-01
8.651274414839016380e-01 8.911827464827788425e-01 8.894281835890384125e-01 9.014782636484552913e-01
8.771414940218884571e-01 8.975837196712210808e-01 8.872065934778146090e-01 8.998196246494903905e-01
8.655033324177016096e-01 8.925593177907296116e-01 8.894821930731036108e-01 9.020104294433224368e-01
8.797871879020949804e-01 8.984757456675164233e-01 8.853954754454880227e-01 8.992165925235575674e-01
8.657491072590324244e-01 8.912650585461546759e-01 8.906019897093928606e-01 9.014626974077855071e-01
8.763318827798581845e-01 8.960218300805189440e-01 8.871525839937491886e-01 8.995520047959524312e-01
8.734837860891440098e-01 8.951223440320672520e-01 8.870877726128707508e-01 8.998920190596874091e-01
8.691393543350344197e-01 8.923395275637593382e-01 8.910448674787294632e-01 9.029679929919991466e-01
8.766354869956194396e-01 8.979959361032249232e-01 8.887044565025616905e-01 9.009846605143060350e-01
8.725585160982520794e-01 8.955071188670327142e-01 8.867889201343756023e-01 8.993404880345964303e-01
8.699128222180457781e-01 8.932729525913023494e-01 8.893201646209075717e-01 9.013464094714115360e-01
8.747704896702279687e-01 8.961894124782676663e-01 8.878295028607021688e-01 9.009762212922537428e-01
8.730645231245210969e-01 8.964483850759413786e-01 8.865440771399457631e-01 8.999124365423930572e-01
8.692911564429151028e-01 8.930757581788182353e-01 8.882651793654965378e-01 9.005802666407803914e-01
8.730645231245210969e-01 8.939079155241042018e-01 8.870337631288053304e-01 9.000639527329497014e-01
8.715609593893218765e-01 8.939244358876813346e-01 8.856655228658152357e-01 8.996312299781469290e-01
8.736283595252209988e-01 8.949129794044701214e-01 8.874550371045155650e-01 9.006055379337241096e-01
8.731657245297750336e-01 8.944862911767592628e-01 8.883371920109170983e-01 9.010211033178431306e-01
8.712139831427372361e-01 8.939692021431543401e-01 8.876638737762350129e-01 9.006057209060651658e-01
8.778643612022727361e-01 8.978168555091043945e-01 8.887476640898142044e-01 9.007976680518728907e-01
8.725296014110367482e-01 8.948502378550914349e-01 8.894785924408326050e-01 9.014574493250026022e-01
8.685538319189232137e-01 8.927494397033588491e-01 8.883948021272536355e-01 9.007029294058485069e-01
8.764764562159349515e-01 8.967399004582299327e-01 8.878259022284312740e-01 9.000202616022853208e-01
8.725440587546444693e-01 8.942158679854068648e-01 8.879123174029358578e-01 9.004965433129249464e-01
8.685827466061387669e-01 8.925304037978123439e-01 8.878403047575155194e-01 9.000381834544599613e-01
8.750018071679510623e-01 8.964804717595231676e-01 8.872534016973381288e-01 8.984915912699767970e-01
8.695947606586765799e-01 8.927649954865144455e-01 8.884668147726740850e-01 9.001270133084426917e-01
8.711561537683064627e-01 8.938763207758142482e-01 8.885712331085339200e-01 9.008006826147845203e-01
8.747560323266203586e-01 8.957570847187041885e-01 8.885496293149076630e-01 9.001386294991746695e-01
8.681779409851234641e-01 8.920202929849696538e-01 8.884344090822349216e-01 9.000869820111655484e-01
8.718501062614755215e-01 8.937782391589536024e-01 8.882579781009545261e-01 9.002558508287071826e-01
8.721970825080599399e-01 8.937904184981582123e-01 8.890609190973934872e-01 9.010814476827434527e-01
8.710477236912489429e-01 8.934430225297819161e-01 8.880059338419825643e-01 8.999889832710854520e-01
8.710983243938758003e-01 8.935833795251455491e-01 8.892049443882343862e-01 9.008315342538160131e-01
8.699851089360840506e-01 8.928712650194142730e-01 8.892913595627390810e-01 9.011982933751596647e-01
8.714019286096372774e-01 8.934956050287973239e-01 8.882903837913936895e-01 9.002258270068790313e-01
8.719223929795140160e-01 8.934358377024058662e-01 8.880239370033377044e-01 8.998049492775351821e-01
8.692622417556998826e-01 8.921063281957847257e-01 8.886576482830385038e-01 9.006370807657346766e-01
8.728042909395826721e-01 8.946177822792714673e-01 8.895145987635428853e-01 9.010391776318489310e-01
8.718790209486908527e-01 8.932375879589457002e-01 8.899358727392530088e-01 9.011152152214989552e-01
8.674550738047392962e-01 8.911319900320451293e-01 8.890573184651224814e-01 9.005446471806604070e-01
8.753776981017508119e-01 8.961818568355170989e-01 8.877790940089079763e-01 8.994741258624120439e-01
8.708236348653297654e-01 8.932614562483438547e-01 8.907532162647761043e-01 9.020226937571914627e-01
8.734259567147131254e-01 8.954048081904566470e-01 8.907064080452526955e-01 9.015016261582261548e-01
8.756234729430814046e-01 8.959758892381626261e-01 8.886216419603282235e-01 9.002256718283461190e-01
8.724139426621753124e-01 8.934344943870459188e-01 8.889709032906177866e-01 9.007547021662278830e-01
8.763752548106811258e-01 8.964131272597464228e-01 8.899574765328792658e-01 9.006399770077673228e-01
8.762740534054271890e-01 8.965448559113901039e-01 8.890501172005804698e-01 9.005720393564224935e-01
8.727464615651521207e-01 8.941999784496370562e-01 8.884848179340292251e-01 9.007774181421177584e-01
8.753343260709278706e-01 8.957612502246504738e-01 8.876350687180669663e-01 9.001489945736951270e-01
8.723561132877444280e-01 8.938497915838475860e-01 8.883407926431881041e-01 9.002988515496804789e-01
8.741921959259205677e-01 8.942123572353545269e-01 8.892553532400289118e-01 9.012311744503268551e-01
8.765342855903656138e-01 8.951179352049931648e-01 8.874730402658707051e-01 9.002587947815141600e-01
8.738018476485130970e-01 8.935745339267479048e-01 8.871453827292072880e-01 9.000113108245141325e-01
8.757391316919428403e-01 8.956939373361784140e-01 8.893957778985989160e-01 9.002176584398950965e-01
8.754355274761815853e-01 8.954563564071204018e-01 8.888556830579449342e-01 9.005174879667126042e-01
8.750451791987741146e-01 8.940436190421071627e-01 8.880671445905901074e-01 9.003297512366452704e-01
8.739175063973746438e-01 8.933921666972208797e-01 8.882867831591227947e-01 8.998161353741930268e-01
8.747415749830125264e-01 8.945715386342623088e-01 8.858455544793666370e-01 8.984209516528640638e-01
8.746692882649741430e-01 8.951586575587374695e-01 8.882291730427864795e-01 8.997633515494075640e-01
8.755078141942199688e-01 8.953276072156681753e-01 8.864576619654411793e-01 8.989235219645012043e-01
8.739175063973744217e-01 8.938752155377603925e-01 8.854170792391143907e-01 8.982276804067174103e-01
8.749439777935201779e-01 8.946780813071742999e-01 8.861984164419272059e-01 8.979730518902828695e-01
8.732669259350287483e-01 8.926027331919551555e-01 8.848949875598155490e-01 8.982990660171390473e-01
8.736283595252208878e-01 8.938963560071030434e-01 8.864720644945250916e-01 8.987535673517548229e-01
8.778788185458803461e-01 8.969366801845091164e-01 8.864828663913384421e-01 8.981790583498228120e-01
8.737151035868668814e-01 8.928372364762672264e-01 8.866592973726185045e-01 8.994839351428700613e-01
8.732090965605980859e-01 8.931090929715316262e-01 8.867241087534972754e-01 8.988917369795789147e-01
8.738452196793360383e-01 8.942596720831635926e-01 8.856403184399179729e-01 8.975976609934350758e-01
8.716621607945755912e-01 8.922984744464470541e-01 8.845205218036287231e-01 8.979193319883695956e-01
8.756523876302968468e-01 8.938105349442059255e-01 8.839120149498251866e-01 8.980998426337424290e-01
8.719223929795139050e-01 8.920279823724989177e-01 8.858059475243851288e-01 8.984977066568193838e-01
8.755656435686505201e-01 8.955705033306572416e-01 8.864072531136467648e-01 8.975002698174207039e-01
8.738307623357284282e-01 8.936102900350572087e-01 8.845457262295259859e-01 8.974278462710579829e-01
8.713585565788142251e-01 8.910756405361929255e-01 8.832026903924328209e-01 8.972512855053901282e-01
8.753343260709277596e-01 8.942574501333783177e-01 8.850894217024509736e-01 8.974866415863538283e-01
8.755511862250431321e-01 8.948420448771170488e-01 8.865728821981140317e-01 8.982205873669459884e-01
8.765198282467578927e-01 8.945692657730680564e-01 8.856259159108340606e-01 8.984521564965193274e-01
8.767077737136577120e-01 8.944313810653989893e-01 8.852118431996658376e-01 8.982404724394438267e-01
