6.117335800719976291e-01 6.177219559470714660e-01 6.276460146401707796e-01 6.372891544362161431e-01
6.537755352831471356e-01 6.834790708848352825e-01 6.413770258057315266e-01 6.724855653876776751e-01
6.649655192354956279e-01 7.007316232324340977e-01 6.421115547890209330e-01 6.750760875849316500e-01
6.755916667871445513e-01 7.088493310458749974e-01 6.471200342780192294e-01 6.806340992311004090e-01
6.799577845566655565e-01 7.116037772780064996e-01 6.490499731752895629e-01 6.823784588634280723e-01
6.825745637496567486e-01 7.132815513274555208e-01 6.516712334685970109e-01 6.853551178492272022e-01
6.852202576298631609e-01 7.151194715418296433e-01 6.507890785621955887e-01 6.850235155543777932e-01
6.864057598056932941e-01 7.162347151160276537e-01 6.500617508434480829e-01 6.850566014594261510e-01
6.877792074484234686e-01 7.173054808507175473e-01 6.501985748697470813e-01 6.859724040184251859e-01
6.883430438491231484e-01 7.180352643348320019e-01 6.505010279805133466e-01 6.863055237670880881e-01
6.888635082189998871e-01 7.186332087670852520e-01 6.508214842526347521e-01 6.869193483071517337e-01
6.901068397692609047e-01 7.199300312380656486e-01 6.506558551681675961e-01 6.872285663796304789e-01
6.907140482007836368e-01 7.207698409668147344e-01 6.505406349354946327e-01 6.874929880012932149e-01
6.919429224074368223e-01 7.219958771315611035e-01 6.505658393613918955e-01 6.880570961213425818e-01
6.927380763058594848e-01 7.224714329523236334e-01 6.505478362000366443e-01 6.882923551827150321e-01
6.939091211380820079e-01 7.232384760074779262e-01 6.505118298773264751e-01 6.887510130622674920e-01
6.948054764417586071e-01 7.240159806184081059e-01 6.502021755020180871e-01 6.889112723548482808e-01
6.953837701860660081e-01 7.246247828026048943e-01 6.494820490478128150e-01 6.889657291318633803e-01
6.962801254897423853e-01 7.257887866748682359e-01 6.483946581019627287e-01 6.887230145602724063e-01
6.972343101678497579e-01 7.268159915328064047e-01 6.471596412330005155e-01 6.887009487657944629e-01
6.978559759429803222e-01 7.276950678555080820e-01 6.452585073938983395e-01 6.882770416899371968e-01
6.979138053174109846e-01 7.281562572670778888e-01 6.438398582791138303e-01 6.881341011372033023e-01
6.984631843745030544e-01 7.286102347814789049e-01 6.424464135902263617e-01 6.882004312346127195e-01
6.989836487443796820e-01 7.293494004340069781e-01 6.406424968224420091e-01 6.878657877918900043e-01
6.988535326519106361e-01 7.297250676026375560e-01 6.389970078745828008e-01 6.876065894305308790e-01
6.992294235857104967e-01 7.305022928979570951e-01 6.378232017542280197e-01 6.875035741646265963e-01
6.993739970217872637e-01 7.318134638405556780e-01 6.367934209247144706e-01 6.874966996092577443e-01
6.984487270308954443e-01 7.319517244794351285e-01 6.366998044856676531e-01 6.881751731012820672e-01
6.978559759429802112e-01 7.323712340654249253e-01 6.367862196601723479e-01 6.887037491590962679e-01
6.979282626610188167e-01 7.327488617320923048e-01 6.367250089115649159e-01 6.890963921666843905e-01
6.976102011016496185e-01 7.325780926047982256e-01 6.367250089115648048e-01 6.892461013875120779e-01
6.970608220445575487e-01 7.322126008668635722e-01 6.368762354669480485e-01 6.897510762444092336e-01
6.961644667408810605e-01 7.324541847129121264e-01 6.370958740354806249e-01 6.903775641962415222e-01
6.941115239485897703e-01 7.315435922521648093e-01 6.375783587597982915e-01 6.911852812594120321e-01
6.920730384999058682e-01 7.314374451224254781e-01 6.385685326343305546e-01 6.921643550473597362e-01
6.892249418091920266e-01 7.309685766586893063e-01 6.392238477076573888e-01 6.932412941294785469e-01
6.865792479289856143e-01 7.308509024640247320e-01 6.384677149307418365e-01 6.934630922371316508e-01
6.826468504676950211e-01 7.293469114673031273e-01 6.378754109221580482e-01 6.941220865686206221e-01
6.798132111205887895e-01 7.281175265078132508e-01 6.367682164988172078e-01 6.941629047029245214e-01
6.765603088088595340e-01 7.273498834789562384e-01 6.363361406262939557e-01 6.947721030208933168e-01
6.743627925804913659e-01 7.253273500564874077e-01 6.352199446222757118e-01 6.944954494426190950e-01
6.737700414925761327e-01 7.250844782990997217e-01 6.348562807629020144e-01 6.945749387530031349e-01
6.726857407219997143e-01 7.248032591513393630e-01 6.346798497816217299e-01 6.942332275617963955e-01
6.708930301146467379e-01 7.238644712816846294e-01 6.360912976318641165e-01 6.940155643543659547e-01
6.704014804319854415e-01 7.243787323210619800e-01 6.398251532969189137e-01 6.937113364153595363e-01
6.683340802960864302e-01 7.232301025178283771e-01 6.433177665998148775e-01 6.931036217763993923e-01
6.770952305223438827e-01 7.302115105789716010e-01 6.629448131091819629e-01 6.960896908879138367e-01
6.970608220445575487e-01 7.402341503172793491e-01 6.843109650054550741e-01 7.051746746598930304e-01
7.173878471569634652e-01 7.447148715108404815e-01 7.005426152832436859e-01 7.225499730354301153e-01
7.145686651534647327e-01 7.113704775515421463e-01 7.034699293195885161e-01 7.228704642916488066e-01
7.152192456158105172e-01 7.333558636578733081e-01 7.095621991221657821e-01 7.344306840546239723e-01
7.001402362329945950e-01 6.803339925663485221e-01 6.923979850861811114e-01 7.011123433488971601e-01
7.211467564949617381e-01 7.333179509402708574e-01 7.050362043574851523e-01 7.279266251247740183e-01
7.224190027324379759e-01 7.509823359870740900e-01 6.996856648027394154e-01 7.237116164155090736e-01
7.212190432130001216e-01 7.501936275705636259e-01 6.983066226429360812e-01 7.225694576256659341e-01
7.242550853706140046e-01 7.434755603070966057e-01 7.054034688491298555e-01 7.303046111354678516e-01
7.120820020529428085e-01 6.974046548348603602e-01 7.005966247673091063e-01 7.120555880406405080e-01
7.132964189159882729e-01 7.014431836430042866e-01 7.016984182422433269e-01 7.138553947420657186e-01
7.244864028683369872e-01 7.394961658864163123e-01 7.072865995268768913e-01 7.310225814085450358e-01
7.261634547268286388e-01 7.468178432525665045e-01 7.063396332395968091e-01 7.305064187129854947e-01
7.249924098946060047e-01 7.396457125125374121e-01 7.094505795217640465e-01 7.313914292779544191e-01
7.201781144732467554e-01 7.244052083467809044e-01 7.067897122734752013e-01 7.240099332425469214e-01
7.200190836935620453e-01 7.235358737141766028e-01 7.060911896128960752e-01 7.219584293410061804e-01
7.239514811548526385e-01 7.367586710725558818e-01 7.099150610847264620e-01 7.305647557376948598e-01
7.263803148809437893e-01 7.437863220249369967e-01 7.105487723644272613e-01 7.324530381819058800e-01
7.254695022336595800e-01 7.382645124870430564e-01 7.096270105030443309e-01 7.293107351003611516e-01
7.251080686434675515e-01 7.293224261371269446e-01 7.053242549391673943e-01 7.200871220006483941e-01
7.284188003296274694e-01 7.391573957157169250e-01 7.070957660165124725e-01 7.242938746711484743e-01
7.292428689152654631e-01 7.458933491620158840e-01 7.080607354651476948e-01 7.276432390445817244e-01
7.289970940739347594e-01 7.466179813494715489e-01 7.085288176603812271e-01 7.289071709882739558e-01
7.272477554974049463e-01 7.388661280629846839e-01 7.078014899416336103e-01 7.260960934906410813e-01
7.277248478364585216e-01 7.326751294444845408e-01 7.045069114136441879e-01 7.188210639417320635e-01
7.308476340557186202e-01 7.407803796271194008e-01 7.066240831890080454e-01 7.239140565339650113e-01
7.331174370021252829e-01 7.491930614367039443e-01 7.080679367296897064e-01 7.281492731770967675e-01
7.344330552704245729e-01 7.507630737827493128e-01 7.082047607559888158e-01 7.282234723096100426e-01
7.341583657418785380e-01 7.456285312102437501e-01 7.089752960619883915e-01 7.275710745595440621e-01
7.322355390420564047e-01 7.361214183637085906e-01 7.081939588591756873e-01 7.221164441914750265e-01
7.337680174644710673e-01 7.407558640208695699e-01 7.106351875389318451e-01 7.275142155685917489e-01
7.358643322875855208e-01 7.483469662683880363e-01 7.124427049389873146e-01 7.321810553469951799e-01
7.367606875912620090e-01 7.499644033245227437e-01 7.129179883987628585e-01 7.327793436794418636e-01
7.353438679177086712e-01 7.430263142545683319e-01 7.151899873617806325e-01 7.329026978493206057e-01
7.341583657418784270e-01 7.354906478635012679e-01 7.169290927486865472e-01 7.317914270327410264e-01
7.353583252613165033e-01 7.420627507187000926e-01 7.189274436591066575e-01 7.368731906534029541e-01
7.379172750798767000e-01 7.438809391172135355e-01 7.204721149033770367e-01 7.372268051929147248e-01
7.387124289782995845e-01 7.403428526748028204e-01 7.208501812918348683e-01 7.351505335014154596e-01
7.400569619338143168e-01 7.457020801940137389e-01 7.229781549640116323e-01 7.374847908411192865e-01
7.403316514623603517e-01 7.482083367273834051e-01 7.238099010186188620e-01 7.384197345155157910e-01
7.397967297488758920e-01 7.436456090266829744e-01 7.255922139927771797e-01 7.389707592784173773e-01
7.387413436655149157e-01 7.406120796950431684e-01 7.268848409780757081e-01 7.389610334704095340e-01
7.406497130217294389e-01 7.470299656366359287e-01 7.278606123235239478e-01 7.414904234978541009e-01
7.418930445719903455e-01 7.468606992800222999e-01 7.317204901180647258e-01 7.429954277853005884e-01
7.442062195492199494e-01 7.529081171780225290e-01 7.350510749687645395e-01 7.462766316006628209e-01
7.463025343723344029e-01 7.580878101094088439e-01 7.386265028138939703e-01 7.499026953414171803e-01
7.488903988781100418e-01 7.582741681452574989e-01 7.494968116401241609e-01 7.567691770319100453e-01
7.519987277537625303e-01 7.712846652807917591e-01 7.511098948975440948e-01 7.627152844436545509e-01
7.592852289320359827e-01 7.616962691781565820e-01 7.753385494492832652e-01 7.757302236953960151e-01
7.320475935751564744e-01 7.516928289937819807e-01 6.993580072660758873e-01 7.177413481510027671e-01
7.372233225867079742e-01 7.576094756694178312e-01 7.083019778273064171e-01 7.270152374712040011e-01
7.358354176003700786e-01 7.381830214401237100e-01 7.326710570376158138e-01 7.454975541775651360e-01
7.081062325608293850e-01 6.652296772580239548e-01 7.181929146758170290e-01 6.979615523708875280e-01
7.075568535037370932e-01 6.657318991597879210e-01 7.186898019292188300e-01 6.997827239581859704e-01
7.283754282988043061e-01 7.248894449916232219e-01 7.371502435827730348e-01 7.443854011114101610e-01
7.434110656507972870e-01 7.598873497453869641e-01 7.239971338967121639e-01 7.422410740077884928e-01
7.430930040914281998e-01 7.607912365468525451e-01 7.222112202902830624e-01 7.407072828365556250e-01
7.324668565397793873e-01 7.393175646637497600e-01 7.420615060004536190e-01 7.545022462061271584e-01
7.199178822883083306e-01 6.888824299278488716e-01 7.324946260563354183e-01 7.210484202847275981e-01
7.228382656970608888e-01 6.952445219364652429e-01 7.343705554695404425e-01 7.246024603635532468e-01
7.363992540010698695e-01 7.425990023687732977e-01 7.405744448725195550e-01 7.512263194343239414e-01
7.459700154693575946e-01 7.739298428263062801e-01 7.366677588584555902e-01 7.551006070768790934e-01
7.425147103471207988e-01 7.685542758298123944e-01 7.257470411804313182e-01 7.435244566156589130e-01
7.492807471555177345e-01 7.773350062149393391e-01 7.344641719085871490e-01 7.513068529689915787e-01
7.515939221327473385e-01 7.683135881101313958e-01 7.494788084787687987e-01 7.616817217595885925e-01
7.405918836472986655e-01 7.319215493454059862e-01 7.465442931778820679e-01 7.404216520510920052e-01
7.479362142000030023e-01 7.503833876394665481e-01 7.520856662429923345e-01 7.492051381599628135e-01
7.636224320143416566e-01 7.881302294358139005e-01 7.597478117157372424e-01 7.697605383612871055e-01
7.667452182336017552e-01 7.969516112905138394e-01 7.587864428993731369e-01 7.702382416500372919e-01
7.669331637005016855e-01 7.972052094057046068e-01 7.621242290146149623e-01 7.725100638612619752e-01
7.668030476080325286e-01 7.984056578421550032e-01 7.719143481595367451e-01 7.805588735637802866e-01
7.607598779800199829e-01 7.855897455609187618e-01 7.753493513460963937e-01 7.803081581000229638e-01
7.565094189593605245e-01 7.762403662687176187e-01 7.746652312146011798e-01 7.773029738713959080e-01
7.595743758041897387e-01 7.882097623130781550e-01 7.792668392569735980e-01 7.889731907851436077e-01
7.638103774812415869e-01 7.967052054442437248e-01 7.798501416848799828e-01 7.913244636020231315e-01
7.673524266651245984e-01 7.924844030669284667e-01 7.822409615128417260e-01 7.900175850291939472e-01
7.639694082609260750e-01 7.804792736780072904e-01 7.888409204656338103e-01 7.892470282304888674e-01
7.543841894490307398e-01 7.659528024497467280e-01 7.910589099445861638e-01 7.913038209152278846e-01
7.541384146076999251e-01 7.711391374845372182e-01 7.881856053923068650e-01 7.911609358622306853e-01
7.585189897208286514e-01 7.837972702934508096e-01 7.867057455289148127e-01 7.946872774631588143e-01
7.579551533201289715e-01 7.730337899579118321e-01 7.884988603998862589e-01 7.920604806777502560e-01
7.531986872732003846e-01 7.713785457798559841e-01 7.929564431514173339e-01 7.998238131281765195e-01
7.528517110266159662e-01 7.726697916602940364e-01 7.974068246384065084e-01 8.003401880398028911e-01
7.562636441180297098e-01 7.732245552906338304e-01 7.991531312898544348e-01 8.081994914449592837e-01
7.606586765747662682e-01 7.700127225903359296e-01 7.964598583511265373e-01 8.065765401381603805e-01
7.598201506455204424e-01 7.831795358818798292e-01 7.982133662671164753e-01 8.092180050414263803e-01
7.589527100290593964e-01 7.768035155594841257e-01 8.057674927717307645e-01 8.139456808600344928e-01
7.594153450245052506e-01 7.673065779129690789e-01 8.047917214262825247e-01 8.125682908320313036e-01
7.630585956136417547e-01 7.807420405221168203e-01 8.060447414565997670e-01 8.155141037665308845e-01
7.639115788864954126e-01 7.840845536419535078e-01 8.050077593625439842e-01 8.128927713893880913e-01
7.607598779800199829e-01 7.732312213002799917e-01 8.084103568586643584e-01 8.161262861112337230e-01
7.584900750336134312e-01 7.687552313029599738e-01 8.075029975263655624e-01 8.143140243850274240e-01
7.609767381341352444e-01 7.794540140411401197e-01 8.037187330095164617e-01 8.121808182711396373e-01
7.616851479709118022e-01 7.808605374152985945e-01 8.004565601719662027e-01 8.098505500924397804e-01
7.578973239456981981e-01 7.715683314303678486e-01 8.019868288871525586e-01 8.100184717707998860e-01
7.562925588052450410e-01 7.673165976304344715e-01 8.039077662037453775e-01 8.102708238405262886e-01
7.591406554959593267e-01 7.750453573674053187e-01 8.040355886493668613e-01 8.108336533207547436e-01
7.618730934378117325e-01 7.800551909478800061e-01 8.022208699847693802e-01 8.107510924321570389e-01
7.617863493761656279e-01 7.774124482101958389e-01 8.026241407991244747e-01 8.109009788510654904e-01
7.610056528213505755e-01 7.757954137182427878e-01 8.055514548354690829e-01 8.130619459123649140e-01
7.623646431204731400e-01 7.783963102518012267e-01 8.077442398885243957e-01 8.140846432566530844e-01
7.644175859127644301e-01 7.807130825397246010e-01 8.077334379917113782e-01 8.151506698507646753e-01
7.655018866833406266e-01 7.818908807175051212e-01 8.078270544307580847e-01 8.153858924531762753e-01
7.654440573089100752e-01 7.829660444770711880e-01 8.094869459077014273e-01 8.163696561675144459e-01
7.645043299744105347e-01 7.810300172493387372e-01 8.100162388515423917e-01 8.167150236409902453e-01
7.652127398111872036e-01 7.821674411092320867e-01 8.090404675060940409e-01 8.164034478481319024e-01
7.655308013705561798e-01 7.835571818014208656e-01 8.080538942638326727e-01 8.159972548715681562e-01
7.660368083968251973e-01 7.839691394702230642e-01 8.086263947949259290e-01 8.161368655093352853e-01
7.656898321502406679e-01 7.833016143236616324e-01 8.095949648758322681e-01 8.167332623300184169e-01
7.670054504185401800e-01 7.856098082184389542e-01 8.093969301009257267e-01 8.165905164631608315e-01
7.673813413523398186e-01 7.861624666969784236e-01 8.087452156598697872e-01 8.162510214017053567e-01
7.664271566742326680e-01 7.831259607128180367e-01 8.077694443144216585e-01 8.152800043785584094e-01
7.670777371365784525e-01 7.843552667695605773e-01 8.079278721343468028e-01 8.156925910176363592e-01
7.694487414882389409e-01 7.886380279248802472e-01 8.078702620180104876e-01 8.165305539509384314e-01
7.691885093033007381e-01 7.870067372904543390e-01 8.091772915323931503e-01 8.171403553996909874e-01
7.702728100738769346e-01 7.884195709558385889e-01 8.105095254726729648e-01 8.181135713402045706e-01
7.729185039540834579e-01 7.926863839186299998e-01 8.116941334898408744e-01 8.195719915763849395e-01
7.705185849152076383e-01 7.912090992788938237e-01 8.111828437073549392e-01 8.176194808839918338e-01
7.759545461116974518e-01 7.987230950476442715e-01 8.084499638136456445e-01 8.187868082968214889e-01
7.759545461116974518e-01 8.034660157426186666e-01 8.102898869041403884e-01 8.204541752696631329e-01
7.717474591218608237e-01 8.023574169970535408e-01 8.085975897367576604e-01 8.150380020416638782e-01
7.740606340990907608e-01 8.028681772354733237e-01 8.048889384976001260e-01 8.189622374224120316e-01
7.751304775260593471e-01 8.060076767812419662e-01 8.025809332118720718e-01 8.172434935483465779e-01
7.777472567190504282e-01 8.101283198485089709e-01 8.005789816691810667e-01 8.081034459205936882e-01
7.786580693663346375e-01 8.135345377677379863e-01 8.006509943146015162e-01 8.164729590479614663e-01
7.782966357761424980e-01 8.115394940586471151e-01 8.010074569094332020e-01 8.181598761806592179e-01
7.816941115239485205e-01 8.117733260765362946e-01 8.025413262568906747e-01 8.131581914552091783e-01
7.820844598013559912e-01 8.172041609121154515e-01 8.060159363984314984e-01 8.188768976115052833e-01
7.816507394931254682e-01 8.185335730939826693e-01 8.069088932016461602e-01 8.240168173832512766e-01
7.857710824213159917e-01 8.195267682264768538e-01 8.091844927969351620e-01 8.232085612825189580e-01
7.838048836906705841e-01 8.169692563993015133e-01 8.095229522304117076e-01 8.180781709294786541e-01
7.815784527750871957e-01 8.167885635918770149e-01 8.113520734240932120e-01 8.262156523271393382e-01
7.814049646517948755e-01 8.167018354871278252e-01 8.115321050376447243e-01 8.275769414227780452e-01
7.835301941621247712e-01 8.171770921677932176e-01 8.104195096658973752e-01 8.223544627605495760e-01
7.846578669635242420e-01 8.155254482977393193e-01 8.094905465399723221e-01 8.193941523817972472e-01
7.825470947968020674e-01 8.143008634745487750e-01 8.116005170507940569e-01 8.262885776699744333e-01
7.829085283869943179e-01 8.142565288185462657e-01 8.117193379157379152e-01 8.271023260853324066e-01
7.871011580332230029e-01 8.145862105080377003e-01 8.106463494989719631e-01 8.219826778857548533e-01
7.877083664647457351e-01 8.169233274963526581e-01 8.114024822758875155e-01 8.235579642433252801e-01
7.831398458847171895e-01 8.159742516580679172e-01 8.131991977791299675e-01 8.281261869554952249e-01
7.835157368185170501e-01 8.142789710320681440e-01 8.125924912414619339e-01 8.272673661594857064e-01
7.839060850959245208e-01 8.139395318252542477e-01 8.121370112591771440e-01 8.247946272060215911e-01
7.841952319680783878e-01 8.191995176450148630e-01 8.143441988413164800e-01 8.291842040402872538e-01
7.848747271176393925e-01 8.207231519656978946e-01 8.152659607026994104e-01 8.316826269322794563e-01
7.853951914875160201e-01 8.204215975992434906e-01 8.161625181381851890e-01 8.309734730165232452e-01
7.861469733551156303e-01 8.215693646255950444e-01 8.193454770657727648e-01 8.324311523383418621e-01
7.858578264829620963e-01 8.235301798013607844e-01 8.182400829585675384e-01 8.338954284448021337e-01
7.852217033642239219e-01 8.226639420548614856e-01 8.167890281533436436e-01 8.322465661189535346e-01
7.867108097558155322e-01 8.233685176438297892e-01 8.180600513450160260e-01 8.322493411686588960e-01
7.875059636542380836e-01 8.239960381433130143e-01 8.201448174299406091e-01 8.348984086671776828e-01
7.892119301999449554e-01 8.265714842020184250e-01 8.215418627510989724e-01 8.369288101219101161e-01
7.893275889488065022e-01 8.276995676626981435e-01 8.219019259782018860e-01 8.357113376582196995e-01
7.887492952044992123e-01 8.262302092000062270e-01 8.212178058467065611e-01 8.354195373504118560e-01
7.885613497375991710e-01 8.247826962194497735e-01 8.214014380925289682e-01 8.364186660641170779e-01
7.895589064465295959e-01 8.271474255307051937e-01 8.232557637121078464e-01 8.372893692843230706e-01
7.906865792479290667e-01 8.302016414347181961e-01 8.241955287348458059e-01 8.368874527297318622e-01
7.894577050412756591e-01 8.281795931454836168e-01 8.230685308340144335e-01 8.364081175207918051e-01
7.886191791120298333e-01 8.263006520858283688e-01 8.232737668734628755e-01 8.363504566134469798e-01
7.893275889488067243e-01 8.286417839031925414e-01 8.246708121946213499e-01 8.362736183443768567e-01
7.902384015960907115e-01 8.320156569628002208e-01 8.255997753205462919e-01 8.358067470443101277e-01
7.879541413060764388e-01 8.294264760260052771e-01 8.244403717292756451e-01 8.346772649710939573e-01
7.876216224030996305e-01 8.276257252888847837e-01 8.242387363220982088e-01 8.331518473097505595e-01
7.888649539533606481e-01 8.313691113287883239e-01 8.253045234743220382e-01 8.335858474198380996e-01
7.888794112969683692e-01 8.317887427592419725e-01 8.248688469695277803e-01 8.327690078861864631e-01
7.897034798826063628e-01 8.321291742231352595e-01 8.255241620428546145e-01 8.321727257995918947e-01
7.914383611155285658e-01 8.313981446404851150e-01 8.258374170504340084e-01 8.322624837902692363e-01
7.911781289305902520e-01 8.307207732746620943e-01 8.252469133579856120e-01 8.322186099515986868e-01
7.927106073530051367e-01 8.326933781287539915e-01 8.254017405456397505e-01 8.318684949485013469e-01
7.958767656030881765e-01 8.344907652423634303e-01 8.257870081986397048e-01 8.320839690420180901e-01
7.954141306076423223e-01 8.314249623389107224e-01 8.238894749918086458e-01 8.315649702022277490e-01
7.943587445242811240e-01 8.284983427259914324e-01 8.232305592862105836e-01 8.307352369983783680e-01
7.982766846419638851e-01 8.343366732299062338e-01 8.250236741571820298e-01 8.320394587407131670e-01
7.992597840072864779e-01 8.344786963003529845e-01 8.247068185173316301e-01 8.328897551930111165e-01
7.971923838713874666e-01 8.296351812493436562e-01 8.242387363220982088e-01 8.331717076215526818e-01
7.986092035449406934e-01 8.318858683497660778e-01 8.247248216786866593e-01 8.330189366083132763e-01
8.024982289754081233e-01 8.382978898289833447e-01 8.261002632062190987e-01 8.354246195289480870e-01
8.022379967904696985e-01 8.371731183593882353e-01 8.253441304293034353e-01 8.352105494488754056e-01
8.008790064913472451e-01 8.328094244183285033e-01 8.250668817444343217e-01 8.341285441665700073e-01
8.028452052219925417e-01 8.360402386066496661e-01 8.262370872325180970e-01 8.351239110534908194e-01
8.061125648773295183e-01 8.416128920559271531e-01 8.271084402421065018e-01 8.365958029005117202e-01
8.057945033179604311e-01 8.405707055425417629e-01 8.269428111576393459e-01 8.360855133218701996e-01
8.065462851855598192e-01 8.388855110769636303e-01 8.268095877636112423e-01 8.365414660026045945e-01
8.047824892654223961e-01 8.371372318222768394e-01 8.251640988157520340e-01 8.341348995841202374e-01
8.110714337347655345e-01 8.449145835872862165e-01 8.285919007377694490e-01 8.385535007605524616e-01
8.086426000086744947e-01 8.433530467082595017e-01 8.272812705911158915e-01 8.366452955415436543e-01
8.075149272072748019e-01 8.408356717997256258e-01 8.271444465648167821e-01 8.364442763723805019e-01
8.115051540429961685e-01 8.452924216698778359e-01 8.293192284565170658e-01 8.385497666729984090e-01
8.102039931183044885e-01 8.462490341327999488e-01 8.285198880923489995e-01 8.353000823773346628e-01
8.128641443421185109e-01 8.489624791315149022e-01 8.288799513194516910e-01 8.386525519586925936e-01
8.116497274790729355e-01 8.464619174941429014e-01 8.280770103230126189e-01 8.375874301662783461e-01
8.099871329641892270e-01 8.442757096877449019e-01 8.271912547843400798e-01 8.351621697517439546e-01
8.132978646503491449e-01 8.478267266299861493e-01 8.278033622704147332e-01 8.374489861320606465e-01
8.116497274790729355e-01 8.476498573221584731e-01 8.268095877636113533e-01 8.356864412435043299e-01
8.111581777964118611e-01 8.464249014056951514e-01 8.260246499285275323e-01 8.338827207668795261e-01
8.131532912142723779e-01 8.472922567209497657e-01 8.265539428723684967e-01 8.366294756632142171e-01
8.115485260738191098e-01 8.471747586997750989e-01 8.271048396098354960e-01 8.364662176612325251e-01
8.128786016857263430e-01 8.488379249528217318e-01 8.282318375106668684e-01 8.380443419621016465e-01
8.142809640156718487e-01 8.497770212181512406e-01 8.290311778748348237e-01 8.389610367139813674e-01
8.118665876331883080e-01 8.480014963104597348e-01 8.282462400397508917e-01 8.366416649195426158e-01
8.124015093466727677e-01 8.493854616787095413e-01 8.277745572122465756e-01 8.399591171306168835e-01
8.121557345053420640e-01 8.487515278622465020e-01 8.275801230696111510e-01 8.381771745523299844e-01
8.130087177781954999e-01 8.495308194607069652e-01 8.274216952496857846e-01 8.369815919481354838e-01
8.118810449767961401e-01 8.473990533829344196e-01 8.273856889269756154e-01 8.405217129436075574e-01
8.133123219939568660e-01 8.502133647626184398e-01 8.286639133831901205e-01 8.401862554531568383e-01
8.138038716766181624e-01 8.500365293641899411e-01 8.293156278242460600e-01 8.400918587034474916e-01
8.152496060373868314e-01 8.515467001479433140e-01 8.303886162410119010e-01 8.417556934574228489e-01
8.161315039974554875e-01 8.513234253178849631e-01 8.321061178342916698e-01 8.416888428004534184e-01
8.185458803799390282e-01 8.528250427495981389e-01 8.322861494478430711e-01 8.417997982566363113e-01
8.186615391288004639e-01 8.518424603149326035e-01 8.314724065545908704e-01 8.396127760352427583e-01
8.204253350489381091e-01 8.541355873078021466e-01 8.325237911777307875e-01 8.414391023244709444e-01
8.203241336436843945e-01 8.540844294131748615e-01 8.321025172020207750e-01 8.433928961703387461e-01
8.241119576688979986e-01 8.568178583967128725e-01 8.336075814913099791e-01 8.417634380836009900e-01
8.231144009599676847e-01 8.546494637204943290e-01 8.331575024574314758e-01 8.415327355068399351e-01
8.201940175512152376e-01 8.523322216862704304e-01 8.312131610310771190e-01 8.431628571435083597e-01
8.183290202258237667e-01 8.520070048525678619e-01 8.287287247640686694e-01 8.383443662533915930e-01
8.197892119301999347e-01 8.546229635819003745e-01 8.294596531150868479e-01 8.426741879089836296e-01
8.117075568535037089e-01 8.453868951556274824e-01 8.185029291143524066e-01 8.315267512661517202e-01
8.205699084850149871e-01 8.561486736636827466e-01 8.276089281277791976e-01 8.390253752348203475e-01
8.188639419393080043e-01 8.573894306576268498e-01 8.249876678344716385e-01 8.403302230642607507e-01
8.137026702713643367e-01 8.484948940984241572e-01 8.220711556949400478e-01 8.366242310795724002e-01
8.228107967442064297e-01 8.570258382157052157e-01 8.309035066557686200e-01 8.423192796900352830e-01
8.219578134713527717e-01 8.605054841344014216e-01 8.290095740812086778e-01 8.424829967765332661e-01
8.150472032268789579e-01 8.524259398002218546e-01 8.246528090332662098e-01 8.388727370249207116e-01
8.266275354566351430e-01 8.593087386247735271e-01 8.334275498777585778e-01 8.471072923778111274e-01
8.282901299715190735e-01 8.624433230906707326e-01 8.362144392555332928e-01 8.469598107433005119e-01
8.238950975147825151e-01 8.565439214585653938e-01 8.313211799992077378e-01 8.385499222854955192e-01
8.209457994188148477e-01 8.541981923901262874e-01 8.267231725891066585e-01 8.438096272244206553e-01
8.286804782489265442e-01 8.616737550196420514e-01 8.318432716785069125e-01 8.467475080539739185e-01
8.288973384030418057e-01 8.597035316129790772e-01 8.308747015976005734e-01 8.378395240209883799e-01
8.234469198629443820e-01 8.556294223006826183e-01 8.297297005354140609e-01 8.432171283221220337e-01
8.228686261186369810e-01 8.569976064197850629e-01 8.298053138131056272e-01 8.446180270166550041e-01
8.257167228093511557e-01 8.607486774623958059e-01 8.319692938079927824e-01 8.437732438941383251e-01
8.268443956107505155e-01 8.610726554949059697e-01 8.315696236259086938e-01 8.417417722695181848e-01
8.275672627911347945e-01 8.601319490896852660e-01 8.300789618657035129e-01 8.419284505032148536e-01
8.269166823287890100e-01 8.587141317642845717e-01 8.276485350827605947e-01 8.435479343719640699e-01
8.306466769795717298e-01 8.642034465886673233e-01 8.295784739800309282e-01 8.437133581542759497e-01
8.322080700892017235e-01 8.648046617162785665e-01 8.281058153811809985e-01 8.364493253708855658e-01
8.354609724009310900e-01 8.677984082591875259e-01 8.308278933780771647e-01 8.446852070812687074e-01
8.312394280674868519e-01 8.632774472728242943e-01 8.275171120048681050e-01 8.445384999192329101e-01
8.358802353655537809e-01 8.671612287023224841e-01 8.302409903178998851e-01 8.427373431178628582e-01
8.363573277046074672e-01 8.684729601904235263e-01 8.298557226649000418e-01 8.402316078693926604e-01
8.354898870881464212e-01 8.674024192490532581e-01 8.278789755481061885e-01 8.427347391846549129e-01
8.353453136520696543e-01 8.654095008888574858e-01 8.250092716280978955e-01 8.418801381458851374e-01
8.353597709956772643e-01 8.662829293064079339e-01 8.256861904950509867e-01 8.398227585647712878e-01
8.367332186384073278e-01 8.691733350962992377e-01 8.270940377130222565e-01 8.387699826307727369e-01
8.371958536338535151e-01 8.688836457664346202e-01 8.253729354874715929e-01 8.401683666051428245e-01
8.333212855469935842e-01 8.639795842115073343e-01 8.238462674045562428e-01 8.402621758365639293e-01
8.359814367708077176e-01 8.677948883518955547e-01 8.245339881683223515e-01 8.387055422525840909e-01
8.370368228541686939e-01 8.699831748590804992e-01 8.251857026093782910e-01 8.393650141193078618e-01
8.348826786566235780e-01 8.663793466417626377e-01 8.231585466407900231e-01 8.402718507113532409e-01
8.368488773872688746e-01 8.666841896882334639e-01 8.232449618152947179e-01 8.398034751265776032e-01
8.385693012765833565e-01 8.707563237457767169e-01 8.253009228420511434e-01 8.399743814040583345e-01
8.408535615665976293e-01 8.736310850455841770e-01 8.274072927206017614e-01 8.411498169114229873e-01
