6.284810495061033953e-01 6.510982276316887862e-01 5.901581934548967290e-01 5.886696202001402423e-01
6.199421684876477157e-01 6.788469695614574029e-01 6.623886004105784542e-01 7.003360460803377263e-01
6.187389625259562820e-01 6.727841204967115463e-01 6.437628305760174641e-01 6.858820038338615532e-01
6.342059810980223977e-01 6.905555976691516440e-01 6.548581089240429476e-01 6.995790792755536280e-01
6.578625628286983718e-01 7.179635664369701242e-01 6.728028015940104023e-01 7.163370145611351880e-01
6.880979642531390716e-01 7.438005727948620027e-01 6.940128003864267647e-01 7.328347859611783477e-01
7.255526014477284846e-01 7.719079352816065054e-01 7.278444632290785865e-01 7.621501016941827356e-01
7.630848648333947715e-01 8.027721514237395883e-01 7.619031517932616238e-01 7.922755223499287069e-01
7.853053620291486903e-01 8.174991957216257710e-01 7.819055669605119441e-01 8.046722702484991885e-01
8.030235401424441477e-01 8.280983121120226720e-01 7.967540152155536681e-01 8.106304145742130318e-01
8.396631023307263852e-01 8.553563681456988199e-01 8.188817775630963247e-01 8.244173815507680469e-01
8.475227541772593076e-01 8.617449087308300948e-01 8.223016543895664832e-01 8.276091248334345174e-01
8.422247666362630003e-01 8.555970002653171536e-01 8.188817775630961027e-01 8.244007214327185862e-01
8.534999708901782611e-01 8.620963015154965436e-01 8.246685182948919612e-01 8.270238793587670889e-01
8.650662733606319099e-01 8.707738951640627834e-01 8.257215312160366416e-01 8.256283788046505645e-01
8.755652157037784322e-01 8.827299356742751568e-01 8.391450307933823183e-01 8.384506912827787151e-01
8.844146014865416072e-01 8.962718228802687426e-01 8.492017872237653808e-01 8.488624346774914509e-01
8.940984688233810651e-01 9.064201232970299227e-01 8.655428088395122899e-01 8.659205193413659352e-01
8.995905218420694460e-01 9.111756378563334868e-01 8.770583262890954135e-01 8.772313070853723360e-01
8.976692736129169292e-01 9.103064082581362459e-01 8.808018355271103328e-01 8.795808178363165863e-01
8.972811426575325600e-01 9.099968356770566924e-01 8.835068228474822760e-01 8.816926511315728021e-01
8.961749694346872186e-01 9.090698506655339184e-01 8.841830696775752063e-01 8.829283565765931874e-01
8.959420908614565970e-01 9.109342306396577271e-01 8.848882985146722113e-01 8.839201214323255673e-01
8.966019134856100248e-01 9.129141431530619633e-01 8.854389566477478546e-01 8.856462410485598236e-01
8.952434551417647324e-01 9.130538746041840792e-01 8.845115324236203502e-01 8.859026965880978377e-01
8.935550854858429481e-01 9.130225345530458281e-01 8.833087791329549132e-01 8.856670383959295290e-01
8.939432164412273174e-01 9.151385748143808785e-01 8.826856659823694162e-01 8.864842601809641565e-01
8.947000718042267264e-01 9.167207942117642228e-01 8.811351286076560818e-01 8.863475003003269403e-01
8.930505152438432681e-01 9.159552712643864725e-01 8.798309382924768274e-01 8.860183808960910845e-01
8.929534825049971758e-01 9.167190846555508532e-01 8.793720565149137913e-01 8.859208436814663967e-01
8.931087348871509235e-01 9.171750754255872939e-01 8.803139717425432220e-01 8.866506750411147220e-01
8.942149081099962649e-01 9.177804070857236152e-01 8.813283419876826175e-01 8.875995678585714144e-01
8.952434551417648434e-01 9.180512390869801642e-01 8.815263857022099803e-01 8.879824358995819233e-01
8.950105765685342218e-01 9.177570248280741971e-01 8.813814756671900508e-01 8.878238516124202784e-01
8.958256515748412863e-01 9.179517134922302590e-01 8.826083806303588464e-01 8.890615488073632111e-01
8.958838712181490527e-01 9.174147024898522407e-01 8.827774423378819124e-01 8.891665892934789150e-01
8.950105765685343329e-01 9.162937572707139378e-01 8.818645091172565564e-01 8.887147466510860738e-01
8.942343146577654833e-01 9.155069290807564819e-01 8.802656683975365048e-01 8.875536014924420014e-01
8.948553241863804741e-01 9.151484695381345569e-01 8.794445115324236451e-01 8.871746261830306679e-01
8.949717634729956739e-01 9.149370194408700252e-01 8.799323753169906448e-01 8.878118284760131429e-01
8.938849967979195510e-01 9.131266120416294818e-01 8.798212776234753951e-01 8.881713386837893909e-01
8.932251741737661233e-01 9.121629648798320611e-01 8.791402004588818597e-01 8.877674815122698071e-01
8.933998331036892004e-01 9.121716673657385144e-01 8.787827557058327521e-01 8.875560669695240490e-01
8.939432164412273174e-01 9.123120616602163890e-01 8.781548122207463170e-01 8.869023706369478788e-01
8.941760950144578279e-01 9.120602116096212519e-01 8.775316990701605979e-01 8.855108455036762027e-01
8.954375206194570280e-01 9.126036375295253356e-01 8.787972467093345674e-01 8.867110309873974527e-01
8.956315860971492127e-01 9.125801432428530813e-01 8.803091414080425059e-01 8.885434679255779233e-01
8.953210813328417172e-01 9.132554477780407964e-01 8.799082236444872862e-01 8.884984422534659698e-01
8.959032777659181601e-01 9.138599087637820917e-01 8.801159280280158592e-01 8.882663056368796939e-01
8.989501057656852367e-01 9.155602408005069082e-01 8.826518536408646254e-01 8.902570321707173884e-01
9.003279706572997476e-01 9.161974122629945594e-01 8.839125709455379898e-01 8.905855472118375804e-01
8.998428069630693971e-01 9.156613546769883927e-01 8.834971621784808438e-01 8.901437032423562545e-01
9.007355081604532243e-01 9.170178835527493799e-01 8.841106146600652416e-01 8.912198080459042826e-01
9.036270837780666643e-01 9.185118437415979997e-01 8.856997947107837499e-01 8.928912396935680951e-01
9.049467290263734087e-01 9.189863327270951787e-01 8.866658616109166502e-01 8.934597030839793730e-01
9.056647712938344918e-01 9.196883954344878820e-01 8.866417099384131806e-01 8.937231568617098887e-01
9.066156921345261965e-01 9.206249749210335676e-01 8.859799541118222876e-01 8.940742357009383579e-01
9.078965242872946151e-01 9.213933362839593633e-01 8.867769593044316778e-01 8.952818419293770980e-01
9.091579498922935931e-01 9.221090694858020687e-01 8.873517691100107907e-01 8.961089867446214718e-01
9.101088707329852978e-01 9.226324926854826414e-01 8.870474580364691164e-01 8.960592866991446970e-01
9.111762308602922023e-01 9.234974343395605523e-01 8.872599927544981835e-01 8.967596518251361726e-01
9.114479225290612607e-01 9.237949899423567590e-01 8.874483758000242251e-01 8.974731937960338524e-01
9.116225814589843379e-01 9.234053139403569643e-01 8.874000724550175079e-01 8.976271812456774191e-01
9.126317219429835870e-01 9.248912145713572563e-01 8.874290544620214716e-01 8.981976609265447387e-01
9.132915445671370147e-01 9.254521589620146038e-01 8.873614297790122230e-01 8.987007387420646864e-01
9.126705350385220239e-01 9.240748578649021772e-01 8.880328462746045481e-01 8.996796882028866849e-01
9.129228201595218639e-01 9.243388660959821479e-01 8.881874169786256878e-01 9.001372381102401565e-01
9.138155213569058022e-01 9.254859246931359529e-01 8.881970776476271201e-01 9.004916552946188313e-01
9.141260261212132976e-01 9.259345635011916320e-01 8.876464195145514768e-01 9.002909473546154562e-01
9.137767082613673653e-01 9.252797282094210596e-01 8.869556816809565092e-01 8.999216403602894321e-01
9.131751052805217039e-01 9.248421243232436417e-01 8.873517691100107907e-01 9.005478376353368564e-01
9.128451939684448790e-01 9.251016673810624757e-01 8.867045042869219351e-01 9.004794073665307597e-01
9.118942731277532854e-01 9.242160794289787651e-01 8.864533268928873611e-01 9.003382755818869487e-01
9.118554600322147374e-01 9.245497759457633746e-01 8.862939258543655052e-01 9.005316558870500865e-01
9.117972403889070820e-01 9.246778551125158785e-01 8.860234271223282887e-01 9.006135496532046147e-01
9.116808011022918823e-01 9.242998178132759701e-01 8.856563217002777488e-01 9.005226102134264998e-01
9.116225814589842269e-01 9.244698328027101120e-01 8.859702934428208554e-01 9.009004277019443396e-01
9.106910671660618517e-01 9.233171660569980954e-01 8.853520106267358525e-01 9.007398229186001082e-01
9.106134409749849778e-01 9.235141051342344864e-01 8.846564424586402797e-01 9.002583514985360580e-01
9.110597915736768915e-01 9.242705148895087319e-01 8.845163627581209553e-01 9.002169514811023676e-01
9.104581885928311191e-01 9.231288190187163512e-01 8.843617920540997046e-01 9.003705601286786653e-01
9.104775951406004486e-01 9.232135259993797805e-01 8.848544861731675315e-01 9.009404375434802992e-01
9.115255487201381346e-01 9.243961609662701973e-01 8.849414321941795336e-01 9.010115873379795914e-01
9.109045391915232548e-01 9.235215615773518794e-01 8.843762830576018530e-01 9.006624066876181001e-01
9.110209784781385656e-01 9.235726686787694151e-01 8.847144064726482071e-01 9.009695165569311381e-01
9.117972403889071931e-01 9.245331516747016254e-01 8.849172805216760640e-01 9.010612914437607923e-01
9.106134409749848668e-01 9.232930205494846998e-01 8.850283782151913137e-01 9.011282056052224432e-01
9.117390207455995377e-01 9.244378153198559156e-01 8.856031880207704265e-01 9.015489709776234317e-01
9.133303576626753406e-01 9.255742168283381810e-01 8.858108924042991106e-01 9.014427878868337407e-01
9.120107124143685962e-01 9.243423655863781674e-01 8.851056635672021056e-01 9.010610569475013820e-01
9.126123153952143685e-01 9.250230999473070259e-01 8.851587972467092058e-01 9.009465064250659072e-01
9.144753439810591189e-01 9.265587136579208627e-01 8.856611520347784650e-01 9.011003881079149291e-01
9.136796755225211619e-01 9.253712618664575729e-01 8.854872599927544607e-01 9.009881073873423629e-01
9.129616332550603008e-01 9.248564650774179219e-01 8.852312522642192816e-01 9.009266014169592385e-01
9.148246618409051623e-01 9.266089232379538521e-01 8.860958821398382534e-01 9.017052015873745496e-01
9.149022880319819251e-01 9.257382026162762623e-01 8.855645453447651416e-01 9.011158427653004344e-01
9.157561761338275375e-01 9.266334573798598040e-01 8.856080183552710317e-01 9.011040082821697439e-01
9.166488773312115867e-01 9.281564533276391860e-01 8.861200338123416120e-01 9.018861069461509006e-01
9.162219332802887806e-01 9.271791444265093940e-01 8.859847844463228927e-01 9.017926497774259031e-01
9.158338023249045223e-01 9.265852102297461590e-01 8.863760415408766802e-01 9.022353470988448976e-01
9.165906576879039314e-01 9.277353004888624355e-01 8.868687356599445071e-01 9.025909362789950041e-01
9.168235362611344419e-01 9.281882400531683563e-01 8.869170390049510022e-01 9.027984657987093708e-01
9.156397368472121157e-01 9.264355002762081348e-01 8.869122086704503971e-01 9.026311372134018240e-01
9.178132701973645835e-01 9.287472287230273960e-01 8.879845429295978310e-01 9.038287578056372062e-01
9.177938636495953650e-01 9.291367335863551791e-01 8.877913295495711843e-01 9.038197354915755710e-01
9.176774243629800543e-01 9.286921382970131367e-01 8.878154812220745429e-01 9.035709864443921546e-01
9.194046071144404975e-01 9.302790928901093492e-01 8.884385943726602619e-01 9.042952096835041864e-01
9.201420559296706880e-01 9.314622815307714854e-01 8.886028257456828339e-01 9.041723847984890483e-01
9.192687612800557462e-01 9.304622358492229406e-01 8.882695326651370848e-01 9.037753707453048957e-01
9.211511964136700481e-01 9.321681992410306705e-01 8.884144427001570143e-01 9.041666798068010991e-01
9.212870422480543553e-01 9.322598029618585080e-01 8.891679748822606255e-01 9.045727031544616992e-01
9.201808690252091250e-01 9.315068267659407653e-01 8.890955198647505497e-01 9.047569117201765820e-01
9.226066874963612108e-01 9.336403298492169656e-01 8.885786740731794753e-01 9.043035735871192138e-01
9.222573696365152784e-01 9.332268051653000995e-01 8.885979954111822288e-01 9.039142234948290833e-01
9.208212851015931122e-01 9.322472191473247793e-01 8.885690134041781540e-01 9.037629446438099068e-01
9.218498321333618017e-01 9.330105137338968735e-01 8.892790725757757642e-01 9.045355783645434578e-01
9.219468648722078941e-01 9.327408966169461468e-01 8.895882139838184877e-01 9.048492862110609769e-01
9.210735702225931743e-01 9.320411615589898613e-01 8.891293322062554516e-01 9.041867026805220364e-01
9.212482291525159184e-01 9.320563275809305992e-01 8.886849414321942309e-01 9.035562016581960565e-01
9.219662714199770015e-01 9.328998076741321643e-01 8.882888540031397273e-01 9.032867437507520192e-01
9.203167148595936542e-01 9.314323037483991374e-01 8.885352010626734742e-01 9.037031005861344557e-01
9.195016398532864788e-01 9.305723825773052349e-01 8.884434247071610891e-01 9.037843345207713375e-01
9.211511964136699371e-01 9.319741745558711710e-01 8.885255403936722640e-01 9.037477773015192284e-01
9.207242523627471309e-01 9.314986792341792832e-01 8.875884555005434384e-01 9.024350445227807826e-01
9.198509577131324111e-01 9.306286741922589201e-01 8.866996739524211080e-01 9.018696360782758603e-01
9.195404529488249157e-01 9.303320455818770984e-01 8.883323270136457284e-01 9.038890298630704034e-01
9.199091773564400665e-01 9.309186656080614686e-01 8.863857022098781124e-01 9.023759855349005043e-01
9.195598594965941341e-01 9.305858053719346934e-01 8.867817896389325050e-01 9.020679379561562516e-01
9.194240136622096049e-01 9.305291028931329533e-01 8.867383166284263929e-01 9.021528267252922895e-01
9.187835975858253956e-01 9.296371309109429104e-01 8.859074990943123229e-01 9.018635886770859367e-01
9.192105416367482018e-01 9.296397706304140307e-01 8.871005917159762166e-01 9.024928972018364526e-01
9.203943410506705280e-01 9.311807655046272503e-01 8.859944451153241030e-01 9.019258421131717274e-01
9.177356440062875986e-01 9.290780334564373577e-01 8.869701726844585465e-01 9.024850507915294084e-01
9.178326767451336909e-01 9.286509886952384329e-01 8.874773578070279667e-01 9.029743794811191382e-01
9.207824720060548973e-01 9.311627740069802206e-01 8.857819103972950359e-01 9.016869427086806610e-01
9.184536862737486818e-01 9.291545559082459160e-01 8.872599927544981835e-01 9.026786372624535648e-01
9.170176017388267375e-01 9.281729030221325116e-01 8.870184760294650417e-01 9.026007179491010168e-01
9.180267422228258756e-01 9.294326145021207797e-01 8.849704142011834973e-01 9.010184827414559061e-01
9.181625880572104048e-01 9.291533631339995436e-01 8.869846636879603619e-01 9.027662958534585780e-01
9.171340410254420483e-01 9.284612233866529341e-01 8.864629875618885713e-01 9.020863314976295122e-01
9.174251392419803253e-01 9.290621469665809595e-01 8.839608742905444849e-01 8.996918331873000607e-01
9.174639523375186512e-01 9.293817627802394288e-01 8.861296944813428222e-01 9.018299833821370459e-01
9.164742184012886206e-01 9.278328408998745003e-01 8.869653423499577194e-01 9.027566988730454378e-01
9.169593820955190822e-01 9.283816491999279386e-01 8.857142857142856762e-01 9.011934003808328431e-01
9.179879291272874386e-01 9.296084263053857599e-01 8.855307330032605728e-01 9.012150804597547360e-01
9.162413398280579990e-01 9.287330939631345261e-01 8.849752445356841024e-01 9.004142226738940380e-01
9.175997981719031804e-01 9.294216781941269101e-01 8.845839874411304260e-01 8.998532198120161585e-01
9.180849618661335310e-01 9.297777001817668641e-01 8.860137664533269675e-01 9.016510028316813141e-01
9.171922606687495927e-01 9.291640507559855156e-01 8.852554039367226402e-01 9.008971481277149307e-01
9.177356440062877097e-01 9.298826044278476477e-01 8.835599565269895983e-01 8.992271971971681488e-01
9.175027654330570881e-01 9.301682569877622875e-01 8.852602342712233563e-01 9.003808640152036746e-01
9.181819946049798453e-01 9.303792501808679782e-01 8.848882985146722113e-01 9.000548471740985601e-01
9.184148731782103559e-01 9.302674164934616741e-01 8.835454655234875609e-01 8.989920605046113344e-01
9.180655553183643125e-01 9.306991368468184866e-01 8.848061828281608143e-01 9.004311252192276349e-01
9.183760600826719189e-01 9.307027870354348531e-01 8.848206738316628517e-01 8.999077828028771986e-01
9.185895321081333220e-01 9.306223242064038947e-01 8.842458640260837388e-01 8.990553587965054438e-01
9.194240136622094939e-01 9.315486288578096463e-01 8.846516121241396746e-01 9.004492301205206939e-01
9.179879291272875497e-01 9.306379652283912618e-01 8.843424707160970621e-01 8.999178749228667895e-01
9.187447844902870697e-01 9.312792630623740742e-01 8.837580002415167391e-01 8.988391572348428671e-01
9.186283452036717589e-01 9.313815365079484154e-01 8.847723704866562455e-01 8.999221042859151254e-01
9.181625880572105158e-01 9.310237663628619931e-01 8.843134887090929874e-01 8.994652228786003123e-01
9.193075743755942941e-01 9.318088972021472127e-01 8.840140079700518072e-01 8.992095266474883219e-01
9.181043684139028604e-01 9.311924653205501112e-01 8.845646661031276725e-01 9.002796428227259895e-01
9.174833588852878696e-01 9.307559581025421913e-01 8.844535684096124228e-01 8.998591952766309410e-01
9.180267422228259866e-01 9.311518973054693227e-01 8.839367226180412374e-01 8.992113461752574421e-01
9.178132701973645835e-01 9.313905806549958033e-01 8.842941673710904560e-01 9.000650882684677612e-01
9.178326767451338020e-01 9.311400852625292268e-01 8.843859437266030632e-01 9.001724476080787962e-01
9.182014011527488417e-01 9.313197272708449992e-01 8.845018717546190290e-01 9.001100419760326155e-01
9.177162374585184912e-01 9.314580643645888891e-01 8.840768023185605617e-01 8.997682703412002159e-01
9.157561761338275375e-01 9.301478133443593643e-01 8.844004347301051006e-01 9.001607380508063194e-01
9.168429428089036604e-01 9.306020596302718717e-01 8.843279797125951358e-01 9.000922307841100478e-01
9.176580178152108358e-01 9.313675485266210696e-01 8.840188383045527454e-01 8.992718216810512422e-01
9.164548118535192911e-01 9.308032587801809976e-01 8.835937688684941671e-01 8.988973296738305141e-01
9.163189660191347619e-01 9.305480309232588843e-01 8.844970414201183129e-01 9.003228516026158257e-01
9.156203302994430082e-01 9.300173475899632392e-01 8.846757637966429222e-01 9.002739434373437932e-01
9.147858487453667253e-01 9.295409862179205840e-01 8.840140079700519182e-01 8.987144932015039833e-01
9.157561761338275375e-01 9.303206896461921893e-01 8.834971621784808438e-01 8.985091886326828092e-01
9.158338023249044113e-01 9.308487476794864435e-01 8.843424707160970621e-01 9.000381066510788619e-01
9.138931475479825650e-01 9.292499042216045835e-01 8.844052650646057057e-01 8.996707313428633501e-01
9.144753439810592299e-01 9.294242131739678392e-01 8.837290182345127754e-01 8.983163941379128659e-01
9.153486386306739497e-01 9.308676382007772254e-01 8.840912933220624881e-01 8.991774335320271705e-01
9.141648392167517345e-01 9.303363806309720152e-01 8.835792778649922408e-01 8.988259632952991796e-01
9.139513671912904424e-01 9.297927375978747300e-01 8.832459847844463807e-01 8.983547508665415959e-01
9.146305963632128666e-01 9.308662896953873167e-01 8.849317715251781014e-01 9.003437184269160731e-01
9.135438296881367437e-01 9.300601780018804554e-01 8.843569617195989885e-01 8.995827919721732790e-01
9.138155213569058022e-01 9.299454902722075200e-01 8.827822726723825175e-01 8.977094213836454006e-01
9.149022880319820361e-01 9.315099262961213933e-01 8.834536891679748427e-01 8.984619224246160885e-01
9.130780725416755006e-01 9.304033892955960727e-01 8.837580002415167391e-01 8.989703371026221967e-01
9.130004463505986267e-01 9.295914923478394432e-01 8.838111339210239503e-01 8.986021006421125445e-01
9.129228201595217529e-01 9.297436253438866594e-01 8.838642676005312726e-01 8.987335091560875178e-01
9.129810398028294083e-01 9.302863354518239314e-01 8.829658253834078430e-01 8.981183505953984625e-01
9.128063808729064421e-01 9.303713916605015344e-01 8.831590387634343786e-01 8.985102666891489065e-01
9.126123153952142575e-01 9.298753764370215613e-01 8.830479410699191289e-01 8.978600002733725383e-01
9.109045391915231438e-01 9.288966626008996474e-01 8.832508151189470968e-01 8.981806433952299606e-01
9.121853713442915623e-01 9.293959046599820084e-01 8.830962444149257351e-01 8.986542649505787628e-01
9.100700576374467499e-01 9.284923731933635294e-01 8.822944088878155178e-01 8.975891182583501937e-01
9.108075064526770515e-01 9.295265335766240700e-01 8.820094191522762639e-01 8.974221447739585411e-01
9.112344505035999687e-01 9.291281901780941155e-01 8.816664654027290826e-01 8.971623972225012400e-01
9.082652486949096549e-01 9.271648226121333991e-01 8.814056273396935204e-01 8.969357785440806863e-01
9.093908284655242147e-01 9.282949747102159366e-01 8.824441492573360524e-01 8.984989064219748300e-01
