5.577635894350753132e-01 5.829390557760020242e-01 5.766767298635430139e-01 5.928337692136558257e-01
7.008674726852839321e-01 7.168776070178541904e-01 6.506943605844704992e-01 6.817550956832585385e-01
7.220012032059617280e-01 7.383848323187482965e-01 6.637700760777683895e-01 6.943310596200132911e-01
7.318985425682624779e-01 7.554817590069486943e-01 6.718705470353822928e-01 7.110783222294256856e-01
7.383803295231811115e-01 7.690612820252626936e-01 6.707160970897234620e-01 7.233936516778705084e-01
7.340138562751071793e-01 7.675755616052299946e-01 6.632967032967032051e-01 7.215973369942131344e-01
7.301907663645712532e-01 7.666469762436493030e-01 6.582296824055066109e-01 7.172826209757433569e-01
7.298026354091871060e-01 7.685855222812336685e-01 6.595773457311918664e-01 7.171973172020318366e-01
7.421063866948708343e-01 7.813721565781551748e-01 6.734017630720927627e-01 7.263079833292913623e-01
7.739331250363872261e-01 8.084136285462831806e-01 7.147494263977781648e-01 7.572769498355998996e-01
7.938054299520658219e-01 8.268078407721791701e-01 7.487936239584590536e-01 7.851773072001801967e-01
7.930679811368355203e-01 8.276280905642126040e-01 7.565704625045284182e-01 7.899065812659860075e-01
7.737196530109258230e-01 8.100910410360528946e-01 7.364617799782634533e-01 7.721049051797733709e-01
8.054493586135961225e-01 8.284486408494184939e-01 7.721724429416736424e-01 7.946288082941410646e-01
8.373731296939588287e-01 8.534926933231912205e-01 8.083951213621544118e-01 8.235759067687558055e-01
8.261561450833510012e-01 8.460841404263983456e-01 8.105397898804493906e-01 8.247019765737739760e-01
8.235556676822760602e-01 8.431236642382611279e-01 8.123463349836974601e-01 8.236908916714746898e-01
8.257292010324284171e-01 8.420139327829150311e-01 8.167805820553072360e-01 8.245462922678752360e-01
8.257097944846591986e-01 8.433422066519029592e-01 8.179978263494745994e-01 8.251354435338712490e-01
8.297657629684255243e-01 8.512207240893597815e-01 8.203936722618041522e-01 8.284457850143697177e-01
8.407692755535717266e-01 8.582424754438210401e-01 8.261127883105906511e-01 8.324382581611740051e-01
8.530730268392555660e-01 8.647412063199652055e-01 8.292863180775269516e-01 8.330567367819234903e-01
8.600787905839430980e-01 8.697910107763429099e-01 8.314406472648231405e-01 8.331020620158617884e-01
8.646005162141705558e-01 8.739057353484691593e-01 8.347639174012799756e-01 8.361287577187022091e-01
8.688311436278600697e-01 8.780041777541178760e-01 8.395942519019441441e-01 8.414371730512335557e-01
8.745172621242406352e-01 8.825492642650589747e-01 8.431300567564303794e-01 8.449479694190168422e-01
8.781656931048535952e-01 8.855056372903330475e-01 8.446805941311436028e-01 8.455991372758029367e-01
8.806303246715442290e-01 8.883509225997588965e-01 8.445501750996255996e-01 8.431730173649124582e-01
8.814842127733897303e-01 8.882139765702443679e-01 8.426373626373626635e-01 8.399502190383133504e-01
8.836965592190804131e-01 8.907681218066604290e-01 8.434440284989735970e-01 8.424399419346814133e-01
8.863164431679247945e-01 8.933513722590884498e-01 8.443666223886003852e-01 8.457255930196168059e-01
8.882376913970773114e-01 8.956670064826075528e-01 8.450621905566960690e-01 8.478229268121693085e-01
8.895767431931533853e-01 8.989196385536394329e-01 8.447337278106509251e-01 8.483291116001842047e-01
8.902171592695374835e-01 9.006854055368602729e-01 8.446274604516363915e-01 8.489817082457372655e-01
8.917696830910749606e-01 9.020540920637357685e-01 8.459074990943122874e-01 8.505811216078935644e-01
8.925265384540743696e-01 9.015409107224423568e-01 8.464436662238861153e-01 8.508689630966811412e-01
8.933804265559199820e-01 9.022964445573167236e-01 8.466803526144185410e-01 8.509725333916149381e-01
8.946030390653806341e-01 9.042390395970691941e-01 8.474242241275207199e-01 8.514291942249346823e-01
8.958450581226106157e-01 9.055275826435670306e-01 8.494433039487984116e-01 8.529050970004775634e-01
8.977663063517630215e-01 9.075750757939785585e-01 8.529694481342833257e-01 8.559849504681240617e-01
8.994158629121465909e-01 9.091433710900373999e-01 8.562106025842289858e-01 8.591055375918893455e-01
9.013565176890682151e-01 9.113037558643908298e-01 8.579205409974641761e-01 8.605912189296176518e-01
9.039569950901434892e-01 9.140107072070152716e-01 8.594034536891680398e-01 8.614286069281484881e-01
9.057035843893729288e-01 9.158685613684083293e-01 8.608332327013645813e-01 8.600835132171646968e-01
9.067515379689106148e-01 9.162802977720438946e-01 8.631324719236805887e-01 8.590865649160970285e-01
9.077218653573715379e-01 9.168173301446478352e-01 8.651563820794589965e-01 8.609312166156003476e-01
9.080517766694482518e-01 9.165914384334841181e-01 8.666875981161695774e-01 8.640610675767459448e-01
9.085369403636786023e-01 9.173528965236890098e-01 8.672237652457432944e-01 8.661164562591616711e-01
9.084981272681402764e-01 9.173410408087787626e-01 8.673590146117620137e-01 8.663223720226884694e-01
9.076442391662946640e-01 9.160470946924005320e-01 8.670885158797246861e-01 8.651125754431329140e-01
9.067903510644491627e-01 9.148217768806531369e-01 8.674411302982729666e-01 8.660179232111575587e-01
9.073143278542180612e-01 9.156954004806774350e-01 8.689385339934789787e-01 8.694928620099718897e-01
9.055289254594500736e-01 9.145266478153588618e-01 8.706967757517207751e-01 8.724626316895707223e-01
9.045391915232199320e-01 9.137071860225747244e-01 8.710155778287647088e-01 8.730300654419924644e-01
9.039569950901433781e-01 9.135588672276311328e-01 8.719430020528922132e-01 8.742125174554432609e-01
9.033747986570668242e-01 9.131609370192517172e-01 8.726578915589904284e-01 8.754618887155323215e-01
9.027149760329135075e-01 9.126855744218135280e-01 8.731795676850622190e-01 8.762781569685528238e-01
9.020939665042985167e-01 9.125356555330217390e-01 8.735273517691101164e-01 8.766894319064184593e-01
9.023462516252982457e-01 9.134921000636335719e-01 8.735853157831181548e-01 8.767406143837259691e-01
9.024238778163752306e-01 9.137699036076150083e-01 8.730008453085376097e-01 8.760100676372990502e-01
9.018028682877603508e-01 9.131538202261600956e-01 8.737930201666466168e-01 8.767033284905525470e-01
9.008325408992994277e-01 9.125016694362666492e-01 8.741311435816930819e-01 8.768732585829142057e-01
9.011042325680684861e-01 9.127134997337015276e-01 8.731554160125588604e-01 8.757987874251084159e-01
9.007063983387995076e-01 9.118792831461415282e-01 8.729573722980316086e-01 8.756657552924551613e-01
9.007743212559916612e-01 9.120105495681574137e-01 8.729815239705349672e-01 8.757492425150403825e-01
9.009877932814531754e-01 9.122851574940402664e-01 8.729525419635308925e-01 8.761563014595925569e-01
9.009877932814530643e-01 9.120221432805443174e-01 8.727689892525057891e-01 8.760147118839644031e-01
9.012206718546836859e-01 9.116311219432986501e-01 8.726627218934911445e-01 8.758390950266392583e-01
9.013371111412991077e-01 9.113598493935802791e-01 8.727351769110011093e-01 8.760436650708285367e-01
9.012982980457605597e-01 9.116769265571561531e-01 8.732327013645695413e-01 8.766818330649468471e-01
9.023850647208367937e-01 9.134998148140204277e-01 8.735273517691100054e-01 8.777409932057368414e-01
9.030642938927594399e-01 9.140679467173654649e-01 8.729187296220264347e-01 8.781125522471364686e-01
9.030448873449902214e-01 9.139991166525474053e-01 8.730249969810410793e-01 8.789207524015583139e-01
9.033747986570669353e-01 9.150724461261511289e-01 8.720202874049027830e-01 8.786866675681161976e-01
9.039181819946049412e-01 9.165021420773553640e-01 8.717642796763677149e-01 8.789101119847149146e-01
9.038211492557588489e-01 9.165183492300164048e-01 8.710445598357685615e-01 8.783002670417275892e-01
9.038793688990666153e-01 9.165621262097969346e-01 8.705228837096967709e-01 8.780786518877440328e-01
9.040540278289894704e-01 9.167019977472246062e-01 8.697548605240912334e-01 8.777454034458164189e-01
9.043451260455277474e-01 9.169441346798430370e-01 8.692573360705229124e-01 8.770813083912548658e-01
9.037047099691436491e-01 9.156118734469262943e-01 8.690254800144909808e-01 8.761609925545164046e-01
9.035300510392205720e-01 9.146624088858650303e-01 8.702330636396570229e-01 8.768490878256746113e-01
9.039958081856818151e-01 9.153423966903335707e-01 8.706533027412147741e-01 8.779394159686313426e-01
9.043257194977585289e-01 9.159760305802696623e-01 8.705277140441975980e-01 8.775217390091487601e-01
9.036270837780666643e-01 9.149776799098078284e-01 8.714744596063276338e-01 8.780310132398281286e-01
9.033165790137591689e-01 9.143983404553951422e-01 8.726917039004951082e-01 8.793168979312604439e-01
9.043257194977584179e-01 9.156952773828210823e-01 8.735128607656080790e-01 8.805448778646496333e-01
9.040346212812203630e-01 9.156786361709099431e-01 8.732906653785774687e-01 8.803946741463685166e-01
9.040346212812201410e-01 9.153451044090241684e-01 8.760053133679506221e-01 8.826599417060533304e-01
9.040540278289894704e-01 9.153038045436289183e-01 8.759763313609467694e-01 8.830583238161003878e-01
9.048302897397582090e-01 9.165706191671261216e-01 8.761743750754739102e-01 8.835188167791676594e-01
9.059170564148343319e-01 9.175764032187175845e-01 8.782997222557662464e-01 8.850536484803153137e-01
9.065768790389876486e-01 9.179161162677762498e-01 8.796570462504528232e-01 8.861128332444457856e-01
9.064216266568340119e-01 9.177809118298041469e-01 8.796184035744475382e-01 8.861439104780133302e-01
9.062663742746802642e-01 9.186641056470440381e-01 8.805216761260716840e-01 8.871739010360922828e-01
9.066350986822954150e-01 9.187922985075389626e-01 8.830624320734209443e-01 8.892684360776222929e-01
9.060140891536804242e-01 9.183691846527987090e-01 8.828788793623957298e-01 8.892462225604872428e-01
9.063634070135263565e-01 9.185123458487972625e-01 8.835454655234875609e-01 8.896194921665311339e-01
9.065186593956802152e-01 9.187233058552372045e-01 8.851732882502112432e-01 8.905878687400118343e-01
9.051213879562964859e-01 9.177140664173424334e-01 8.848351648351648890e-01 8.908710594417131867e-01
9.036853034213743197e-01 9.161568258820973476e-01 8.838835889385340261e-01 8.907967840107633428e-01
9.043645325932969659e-01 9.166638275504029876e-01 8.856804733727809964e-01 8.929482280799783123e-01
9.042674998544509846e-01 9.172668411699704816e-01 8.853713319647384949e-01 8.929039506218080513e-01
9.048302897397582090e-01 9.168569722851610537e-01 8.839657046250450900e-01 8.922175702651661267e-01
9.038017427079896304e-01 9.153867620961934071e-01 8.835068228474820540e-01 8.924239778472261575e-01
9.020551534087601908e-01 9.147255806212242213e-01 8.837531699070161340e-01 8.927775983661856429e-01
9.022686254342215939e-01 9.147597305275978474e-01 8.828015940103852710e-01 8.921235084641948587e-01
9.020745599565294093e-01 9.141172912798032346e-01 8.818162057722497282e-01 8.914830854535962246e-01
9.006190688738379135e-01 9.138122303559129689e-01 8.813621543291871863e-01 8.911062930075182020e-01
9.000174658929922522e-01 9.135190898530374248e-01 8.817968844342471968e-01 8.917861066279255677e-01
8.992023908866851878e-01 9.134187199069178087e-01 8.817630720927424059e-01 8.920885044847250978e-01
8.973005492053018894e-01 9.129828906581785031e-01 8.809757275691342260e-01 8.919768922225670416e-01
8.970094509887636125e-01 9.119214265496455862e-01 8.792464678178962822e-01 8.904029544145264374e-01
8.949717634729957849e-01 9.110569851390547536e-01 8.788841927303465695e-01 8.900703722382128369e-01
8.955151468105337909e-01 9.120597243006989263e-01 8.794590025359256824e-01 8.908560890327485993e-01
8.954569271672261355e-01 9.123895792514069569e-01 8.790725757758725001e-01 8.909769294623652858e-01
8.941372819189195020e-01 9.112729184873195054e-01 8.787875860403332462e-01 8.907133312091441990e-01
8.936521182246890405e-01 9.103567803586007923e-01 8.782948919212655303e-01 8.900272397995959706e-01
8.935356789380736187e-01 9.107528750303608422e-01 8.787682647023306037e-01 8.906993811867560673e-01
8.938461837023811141e-01 9.113834757358542094e-01 8.797053495954595403e-01 8.918424953618513396e-01
8.935550854858429481e-01 9.107352742322469830e-01 8.796377249124500697e-01 8.917853008913415591e-01
8.931281414349201420e-01 9.094002189776176914e-01 8.785798816568046732e-01 8.907747328415235311e-01
8.935356789380737297e-01 9.101287190999995946e-01 8.795507788914381786e-01 8.919958056262932145e-01
8.942925343010731387e-01 9.111234055427418488e-01 8.805989614780823649e-01 8.932322918024045988e-01
8.948165110908420372e-01 9.112508980874276521e-01 8.807631928511050479e-01 8.934018833453652997e-01
8.941955015622270464e-01 9.103468270788193095e-01 8.799613573239946085e-01 8.924457311663186454e-01
8.946224456131498526e-01 9.102815772431538388e-01 8.791015577828764638e-01 8.919483344163817717e-01
8.941178753711502836e-01 9.104377449334808414e-01 8.794010385219177550e-01 8.925788582370078883e-01
8.947971045430728187e-01 9.107038518265007099e-01 8.796473855814515019e-01 8.927961201924703438e-01
8.942343146577654833e-01 9.103701590235075969e-01 8.796956889264579971e-01 8.926598530899445549e-01
8.936521182246890405e-01 9.102408472867977718e-01 8.791691824658857124e-01 8.924748969059553838e-01
8.929728890527663943e-01 9.096357593719512913e-01 8.787103006883226763e-01 8.923649578373955560e-01
8.928952628616895204e-01 9.089568464754759214e-01 8.785170873082962517e-01 8.925128968060047630e-01
8.912457063013059511e-01 9.085839909615601728e-01 8.784059896147808910e-01 8.929154770516010142e-01
8.918861223776902714e-01 9.091517380632427869e-01 8.795073058809321775e-01 8.935686059326728437e-01
8.907217295115372746e-01 9.081514585825776198e-01 8.779084651612124590e-01 8.918782497490542749e-01
8.912651128490752805e-01 9.088690240663656050e-01 8.779036348267117429e-01 8.923578505397034011e-01
8.913815521356905913e-01 9.092651891694814026e-01 8.785653906533027468e-01 8.930561118728408410e-01
8.913621455879213729e-01 9.092464557261343838e-01 8.783914986112788537e-01 8.927129565563272084e-01
8.899648741485376435e-01 9.081773432808164515e-01 8.780485448617316724e-01 8.923460846411365166e-01
8.910710473713829849e-01 9.091343127018864934e-01 8.784977659702934982e-01 8.930358102339920334e-01
8.909157949892294592e-01 9.086453455638549004e-01 8.780147325202271036e-01 8.920975223990994518e-01
8.906052902249218528e-01 9.089965519087879198e-01 8.780388841927304622e-01 8.922041953725829977e-01
8.913815521356905913e-01 9.096117859330747901e-01 8.784204806182827063e-01 8.926305103525137286e-01
8.912457063013059511e-01 9.095284021926468565e-01 8.779181258302137802e-01 8.918079754629918421e-01
8.907023229637679451e-01 9.090584300981606747e-01 8.776911001086825648e-01 8.915760604948483881e-01
8.918473092821518344e-01 9.097114000604864525e-01 8.785992029948073156e-01 8.928905414330661205e-01
8.923518795241514034e-01 9.104995273171062609e-01 8.785412389807994993e-01 8.931060988341513740e-01
8.921772205942285483e-01 9.101623343680954603e-01 8.782031155657529231e-01 8.928076949291420261e-01
8.920607813076131265e-01 9.097860197818024020e-01 8.778988044922111378e-01 8.922288377443932106e-01
8.928370432183818650e-01 9.103722057123131428e-01 8.775703417461659939e-01 8.920439279408058919e-01
8.921190009509208929e-01 9.097283501212191092e-01 8.769230769230769162e-01 8.913264382840309086e-01
8.922160336897668742e-01 9.099211050315021421e-01 8.769713802680836334e-01 8.914989021908805711e-01
8.929922956005357237e-01 9.103262827730009832e-01 8.766284265185364521e-01 8.911992968609045995e-01
8.924295057152282773e-01 9.101943916218790953e-01 8.761550537374713787e-01 8.904230567694779719e-01
8.925653515496128065e-01 9.102746907608024740e-01 8.760246347059533756e-01 8.905751009711937449e-01
8.920025616643055821e-01 9.092726527487896560e-01 8.756092259388962296e-01 8.900485404869662442e-01
8.913815521356905913e-01 9.086517042372115327e-01 8.748750150947953719e-01 8.894270693455668120e-01
8.924100991674590588e-01 9.095256655266201751e-01 8.748943364327980143e-01 8.894173658893288481e-01
8.920219682120745786e-01 9.092877164035630955e-01 8.753435575413596181e-01 8.896345693214802175e-01
8.904888509383065420e-01 9.080911236890856220e-01 8.754015215553677676e-01 8.897008438411462272e-01
8.911486735624599698e-01 9.086894140199210934e-01 8.750199251298151903e-01 8.894560620812513863e-01
8.912262997535367326e-01 9.085041315291915165e-01 8.738751358531577917e-01 8.882627451728692947e-01
8.902171592695375946e-01 9.073263404048403924e-01 8.739669122086703990e-01 8.880598946855998710e-01
8.899066545052299881e-01 9.078827160936723262e-01 8.747880690737832587e-01 8.892451060136005170e-01
8.902753789128451389e-01 9.087111951348101346e-01 8.750150947953145852e-01 8.900673534420980859e-01
8.888004812823847578e-01 9.067245513539705648e-01 8.740635188986838333e-01 8.890797513970711830e-01
8.881794717537696560e-01 9.055928790573692932e-01 8.735032000966067578e-01 8.884135655364325812e-01
8.889363271167691760e-01 9.068897813305014655e-01 8.746624803767659717e-01 8.901977782778605075e-01
8.887810747346154283e-01 9.070865165140240549e-01 8.747397657287767636e-01 8.901229985595020544e-01
8.877525277028469608e-01 9.059598491328364478e-01 8.736384494626253661e-01 8.886850912208762443e-01
8.879465931805390344e-01 9.059221945656360520e-01 8.731457553435576502e-01 8.881456213093439356e-01
8.878689669894621606e-01 9.055249677098735628e-01 8.733099867165798891e-01 8.886018015784935553e-01
8.866851675755400564e-01 9.048962321248280594e-01 8.735321821036108325e-01 8.889002806129476797e-01
8.865881348366938530e-01 9.047504563327973814e-01 8.736481101316265763e-01 8.885583025032279814e-01
8.866657610277707269e-01 9.051705085815348051e-01 8.732713440405748262e-01 8.881290846105694969e-01
8.852102699450794532e-01 9.035614129051631194e-01 8.728994082840239033e-01 8.880162028177681632e-01
8.846086669642336808e-01 9.033731155109603339e-01 8.728221229320130004e-01 8.886317407869491758e-01
8.854431485183101858e-01 9.043329969028274240e-01 8.738896268566598291e-01 8.894028264446447452e-01
8.855595878049252745e-01 9.040520333654490370e-01 8.734838787586040043e-01 8.888034978959377108e-01
8.849579848240796132e-01 9.024402224762706481e-01 8.725419635309745736e-01 8.880858681706641500e-01
8.846862931553106657e-01 9.033756778737953574e-01 8.728317836010143216e-01 8.887490100304659135e-01
8.850550175629257055e-01 9.038615265921521313e-01 8.734887090931047204e-01 8.895734666545683789e-01
8.845698538686952439e-01 9.031790955613225869e-01 8.732568530370727888e-01 8.892968619067592728e-01
8.847251062508489916e-01 9.029162448094547599e-01 8.725274725274725363e-01 8.887518551464865801e-01
8.840458770789263454e-01 9.034167912198275419e-01 8.725033208549692887e-01 8.887562005938495213e-01
8.835995264802343208e-01 9.028146527246403430e-01 8.718995290423862121e-01 8.887053836076707070e-01
8.839488443400803641e-01 9.034794686397897845e-01 8.718898683733848909e-01 8.888551668921123028e-01
8.846474800597721178e-01 9.041903649300759849e-01 8.715952179688443158e-01 8.886291337861038642e-01
8.835413068369267764e-01 9.034975200872625845e-01 8.712232822122932818e-01 8.880891132546546718e-01
8.829397038560810040e-01 9.026207765934645133e-01 8.712860765608019253e-01 8.879716619701831792e-01
8.822022550408507024e-01 9.022872397269611211e-01 8.714647989373265347e-01 8.881344143517760914e-01
8.826486056395428381e-01 9.028930482647314903e-01 8.710832025117740685e-01 8.877982587038359963e-01
8.825321663529274163e-01 9.020810940498517061e-01 8.706388117377126257e-01 8.872732543006667250e-01
8.821440353975430471e-01 9.023841763922011427e-01 8.713150585678058890e-01 8.879995321733329394e-01
8.812319276523898903e-01 9.017565118198216378e-01 8.713730225818138164e-01 8.877707516867884285e-01
8.817753109899280073e-01 9.023056988013908875e-01 8.702185726361550966e-01 8.864068257999785372e-01
8.823769139707736686e-01 9.031804989739423695e-01 8.704552590266876333e-01 8.867859443239209938e-01
8.816394651555434780e-01 9.021844741025503156e-01 8.700784929356359942e-01 8.867995164632707095e-01
8.823186943274661242e-01 9.019890567181563235e-01 8.701654389566477743e-01 8.864601816751498387e-01
8.819111568243124255e-01 9.024065898995461410e-01 8.696389324960756007e-01 8.862803669618748437e-01
