6.137902928448057960e-01 6.168662067951418138e-01 6.116169544740973629e-01 6.151712854333647451e-01
6.545440431601622366e-01 6.882576824522568248e-01 6.729138992875256520e-01 7.011500732173012729e-01
6.551068330454694610e-01 6.999310621183756354e-01 6.762564907619852406e-01 7.042746499295191587e-01
6.479070038230898554e-01 7.019610736512461591e-01 6.725274725274725807e-01 7.024176866958797838e-01
6.626559801276949990e-01 7.183372957403819647e-01 6.820818741697862730e-01 7.151134651307083923e-01
6.683226920763065682e-01 7.273655280798321243e-01 6.898683733848568478e-01 7.259900693812734174e-01
6.705544450697664693e-01 7.308424986187196382e-01 6.921579519381717560e-01 7.309355836354792801e-01
6.736594927128413124e-01 7.373175271552540044e-01 6.969737954353339981e-01 7.378369347655351351e-01
6.764152224960702231e-01 7.412423781065442530e-01 6.989880449221108627e-01 7.429176516743536407e-01
6.780065594131459150e-01 7.420346921837007725e-01 6.962009419152275225e-01 7.436660418428080455e-01
6.822759999223738658e-01 7.437727622817226214e-01 6.988383045525902171e-01 7.471973598096866009e-01
6.900580255778299144e-01 7.507121890253740659e-01 7.120734210844100742e-01 7.568183319694169464e-01
7.050010673601271316e-01 7.625166792170745556e-01 7.336070522883709755e-01 7.719140642703625765e-01
7.298996681480330873e-01 7.798123307329026810e-01 7.587344523608259284e-01 7.906488134400875278e-01
7.573599332414756580e-01 7.968084749940212985e-01 7.866586161091655427e-01 8.119288109317435165e-01
7.693337732150827835e-01 7.989610394049733166e-01 8.028885400313972021e-01 8.241275422959806196e-01
7.712550214442353003e-01 7.894827433057298727e-01 8.033425914744595220e-01 8.184705079066270095e-01
7.822391274816122841e-01 7.979730975465217924e-01 8.208042506943605821e-01 8.324934435295515689e-01
7.876341477614545727e-01 8.108796526576389496e-01 8.231179809201787378e-01 8.387104191898124839e-01
7.875371150226087025e-01 8.125099900602057446e-01 8.144137181499817579e-01 8.314957015106703153e-01
7.966581924741407139e-01 8.178841047843011802e-01 8.248182586644124958e-01 8.393064816573523323e-01
8.063226532632110644e-01 8.227434378934012082e-01 8.339137785291631522e-01 8.439610586651329349e-01
8.107085330590541039e-01 8.289482753442937168e-01 8.361598840719719483e-01 8.478892481218374133e-01
8.161423664344349405e-01 8.387623411321661893e-01 8.367588455500543088e-01 8.496778677970890925e-01
8.245648081662753093e-01 8.465187958982300920e-01 8.454582779857505725e-01 8.565014323596227275e-01
8.304255855925790630e-01 8.505427705301282781e-01 8.555343557541359445e-01 8.642886301196502918e-01
8.307943100001941028e-01 8.501557152362345660e-01 8.597898804492210001e-01 8.673535210652463245e-01
8.354130683692677639e-01 8.542170938341079323e-01 8.604033329308055089e-01 8.674721867582302348e-01
8.356459469424983855e-01 8.559844618620396917e-01 8.601280038642675763e-01 8.666296254237250141e-01
8.311242213122707057e-01 8.527167212232600324e-01 8.624465644245863372e-01 8.696792362820907618e-01
8.372372838595741884e-01 8.571726831757636722e-01 8.645477599323754259e-01 8.728938590445642909e-01
8.437966970055696958e-01 8.613475082203826405e-01 8.664026083806303236e-01 8.750465087291080524e-01
8.477362262027207107e-01 8.643936527750629706e-01 8.706339814032121316e-01 8.787800006430593891e-01
8.497351006229502124e-01 8.655146711569984275e-01 8.724453568409611393e-01 8.790751143548019009e-01
8.536552232723321199e-01 8.672678976785819227e-01 8.735853157831179328e-01 8.792176137836854588e-01
8.582545750936366735e-01 8.699031739372895533e-01 8.757444753049149488e-01 8.810464030888844889e-01
8.586427060490209318e-01 8.683645581419514592e-01 8.775316990701604869e-01 8.820987568620752839e-01
8.597682858196356026e-01 8.683977691066795401e-01 8.790822364448739323e-01 8.831362600819104847e-01
8.625822352461720577e-01 8.702465715154984460e-01 8.797053495954595403e-01 8.831620950028840067e-01
8.637854412078636024e-01 8.703979413087860051e-01 8.805409974640743265e-01 8.838875891149741149e-01
8.650080537173241435e-01 8.704011156370592417e-01 8.817195990822364049e-01 8.854979146801057466e-01
8.661530400357082549e-01 8.718728473295324077e-01 8.823765245743269148e-01 8.864999332641809726e-01
8.673950590929380144e-01 8.738253176587769122e-01 8.828402366863905559e-01 8.872305629861920728e-01
8.689087698189370546e-01 8.766357738620841333e-01 8.827484603308779487e-01 8.883593165272913872e-01
8.692774942265519833e-01 8.768667166748175257e-01 8.828740490278951247e-01 8.893204891132958645e-01
8.689475829144752694e-01 8.758511900299540409e-01 8.843907740611036683e-01 8.910542170749409241e-01
8.703060412583204508e-01 8.767677961649282814e-01 8.852940466127279251e-01 8.922918520497301609e-01
8.715092472200119955e-01 8.777661231474335191e-01 8.851636275812100330e-01 8.926332273865780209e-01
8.719750043664731276e-01 8.791637639566985962e-01 8.847095761381476020e-01 8.925068979750350184e-01
8.719750043664733496e-01 8.783910432860835282e-01 8.851153242362033158e-01 8.934115789767296256e-01
8.722466960352422971e-01 8.776969566322498917e-01 8.855065813307572142e-01 8.938264108378521922e-01
8.750412389140095337e-01 8.806194286326101128e-01 8.848303345006641729e-01 8.933884322943103085e-01
8.759727532069320199e-01 8.822264548573812704e-01 8.846419514551383534e-01 8.931322003018816735e-01
8.778940014360846478e-01 8.839988525475005465e-01 8.853761622992392111e-01 8.938533468573198748e-01
8.788061091812378045e-01 8.841374310947942572e-01 8.858060620697982834e-01 8.943148416172613802e-01
8.793106794232374845e-01 8.843338313605690892e-01 8.862407921748582940e-01 8.948822014452066931e-01
8.778357817927767703e-01 8.827554469695868544e-01 8.864871392343919299e-01 8.959340247137003166e-01
8.788061091812376935e-01 8.833334255022506909e-01 8.867721289699310727e-01 8.969386250444829622e-01
8.812513342001591088e-01 8.852627958839838218e-01 8.868542446564423587e-01 8.972359165869877584e-01
8.793883056143142474e-01 8.836718961575119602e-01 8.874483758000242251e-01 8.976489810754368914e-01
8.806497312193133364e-01 8.842910306130955522e-01 8.878106508875739378e-01 8.982051154481478505e-01
8.835219002891576690e-01 8.874199724674535217e-01 8.875304914865354000e-01 8.982942333062763351e-01
8.821246288497739396e-01 8.863472715620749343e-01 8.883806303586523345e-01 8.992170878314228455e-01
8.805138853849288072e-01 8.852910779595458690e-01 8.881197922956164392e-01 8.992500419921143351e-01
8.852878961361563270e-01 8.905440746192877510e-01 8.879265789155899036e-01 8.990645203514122663e-01
8.847445127986183211e-01 8.898572956773692644e-01 8.873904117860162977e-01 8.986722180301867091e-01
8.827262318306196009e-01 8.875369691106707037e-01 8.869943243569617941e-01 8.985734298273476695e-01
8.858894991170020994e-01 8.912157207917104085e-01 8.855548846757637094e-01 8.976862021781563117e-01
8.858700925692328809e-01 8.920980037257337791e-01 8.846757637966428112e-01 8.973635947586922068e-01
8.850744241106949239e-01 8.904638505793615044e-01 8.840236686390532395e-01 8.967807882622447213e-01
8.873061771041549362e-01 8.932546500256706157e-01 8.829513343799059166e-01 8.959430135045294286e-01
8.879465931805390344e-01 8.942790752467506543e-01 8.824393189228354473e-01 8.955929762399321703e-01
8.865493217411555271e-01 8.931776105121183029e-01 8.822895785533148016e-01 8.955185155577547462e-01
8.865687282889247456e-01 8.928474095323121196e-01 8.825407559473492647e-01 8.961122542627865117e-01
8.887616681868462098e-01 8.952654008731029123e-01 8.825649076198527343e-01 8.961819342440302538e-01
8.874032098430011395e-01 8.940146215220641235e-01 8.833377611399590990e-01 8.966669468520859221e-01
8.852490830406178901e-01 8.919721883782075755e-01 8.839705349595459172e-01 8.971439592078127578e-01
8.862388169768480317e-01 8.931712167988814510e-01 8.840188383045525233e-01 8.974759557349987205e-01
8.862000038813095948e-01 8.937727504113953669e-01 8.836372418790001682e-01 8.972799336697195871e-01
8.830173300471578779e-01 8.909117471345227024e-01 8.837821519140199866e-01 8.974052347622911707e-01
8.820470026586970658e-01 8.897161301626518304e-01 8.840478203115564870e-01 8.980388396803655748e-01
8.828620776650040192e-01 8.910524007387152778e-01 8.834875015094794115e-01 8.979001944543857361e-01
8.818529371810047701e-01 8.901609916509191089e-01 8.834488588334741266e-01 8.972450897409746107e-01
8.815618389644666042e-01 8.898009190629432297e-01 8.830044680594131279e-01 8.971205959428851795e-01
8.803780395505442780e-01 8.892144975964619835e-01 8.825310952783478324e-01 8.972924737532588235e-01
8.805721050282364626e-01 8.897045179582314667e-01 8.815312160367105854e-01 8.962418837770995683e-01
8.796794038308524133e-01 8.885980237276057681e-01 8.813911363361912610e-01 8.956631981393980979e-01
8.806303246715441180e-01 8.895926115771806142e-01 8.812703779736745791e-01 8.959958937761087761e-01
8.804944788371595887e-01 8.896992596218121774e-01 8.801400797005192178e-01 8.949524575206388999e-01
8.793688990665450289e-01 8.894807492117343672e-01 8.790580847723705737e-01 8.939045830297294160e-01
8.808826097925439580e-01 8.906403773164497384e-01 8.789759690858591767e-01 8.942554581694626137e-01
8.801451609773137674e-01 8.899422444890533468e-01 8.792754498249004680e-01 8.945943012344672596e-01
8.796599972830831948e-01 8.903578480867740952e-01 8.785364086462986721e-01 8.941385862610100599e-01
8.803198199072367336e-01 8.916532563322491223e-01 8.777780461296944559e-01 8.939440510993625910e-01
8.821828484930815950e-01 8.936373233835290808e-01 8.780147325202271036e-01 8.937950783320791626e-01
8.817170913466202409e-01 8.933957089347283054e-01 8.783866682767781375e-01 8.939850003455925842e-01
8.813289603912359826e-01 8.934569816184037006e-01 8.782948919212656413e-01 8.940566018527141834e-01
8.811931145568514534e-01 8.937910365789648592e-01 8.776959304431831699e-01 8.936057944567656897e-01
8.817559044421586778e-01 8.940861773203243601e-01 8.777538944571912083e-01 8.937408194020941554e-01
8.818529371810048811e-01 8.936878616414095644e-01 8.776669484361792062e-01 8.940313848927075036e-01
8.817364978943895704e-01 8.933992134339958646e-01 8.783238739282696050e-01 8.941477616088850944e-01
8.812125211046206719e-01 8.935052158727511129e-01 8.781258302137423533e-01 8.941466230861137010e-01
8.807661705059288693e-01 8.930836037685663253e-01 8.769230769230769162e-01 8.937120010254280267e-01
8.813677734867743085e-01 8.935259621161217858e-01 8.774061103731431999e-01 8.935253304601958879e-01
8.805721050282365736e-01 8.926657028980857778e-01 8.777249124501871336e-01 8.939464750582545305e-01
8.794271187098526843e-01 8.914678165743770144e-01 8.770776476270980559e-01 8.935990686274202233e-01
8.804362591938520444e-01 8.923568313435885635e-01 8.782900615867648142e-01 8.944357041192738667e-01
8.800675347862367826e-01 8.925516587420919690e-01 8.783383649317715314e-01 8.943956749130912431e-01
8.791166139455452999e-01 8.916365321901720264e-01 8.773239946866320249e-01 8.938363121557184598e-01
8.796988103786217428e-01 8.925735499423326225e-01 8.781403212172442796e-01 8.940316707248427974e-01
8.799899085951601307e-01 8.925552461982972918e-01 8.783673469387756061e-01 8.940990214853256068e-01
8.790972073977760815e-01 8.917572278552194920e-01 8.781354908827436745e-01 8.943736907495525301e-01
8.792136466843911702e-01 8.922328395036212001e-01 8.775800024151672041e-01 8.936840997251679353e-01
8.800093151429292382e-01 8.933377855764597086e-01 8.770438352855935982e-01 8.928503860096327349e-01
8.782433192959304691e-01 8.913402846209315111e-01 8.774399227146481017e-01 8.935249837680614426e-01
8.780104407226998475e-01 8.914692148668093008e-01 8.768409612365657413e-01 8.933106466757194664e-01
8.790389877544683150e-01 8.924466917578419700e-01 8.767250332085496645e-01 8.928930226490623401e-01
8.790778008500067520e-01 8.930241812509107646e-01 8.775027170631566342e-01 8.933463254470330739e-01
8.763220710667779523e-01 8.911383597753017582e-01 8.768940949160729526e-01 8.933343539148257406e-01
8.771371460730850167e-01 8.912606631693525960e-01 8.766670691945417371e-01 8.930774077301115721e-01
8.789031419200837858e-01 8.933766022510774008e-01 8.768989252505734466e-01 8.926219965373757281e-01
8.763026645190086228e-01 8.912494050881627494e-01 8.768361309020649141e-01 8.932342739612486593e-01
8.767878282132390844e-01 8.919074439486985861e-01 8.770486656200939812e-01 8.933799366168126976e-01
8.791748335888529553e-01 8.943259398668452764e-01 8.770438352855934871e-01 8.925704624608005178e-01
8.777387490539306780e-01 8.928096781040155694e-01 8.762419997584831588e-01 8.923668626041900698e-01
8.753905567738553550e-01 8.910675525621437609e-01 8.761743750754739102e-01 8.928256238798349953e-01
8.770013002387005985e-01 8.927762757392720960e-01 8.773046733486293824e-01 8.931216030570011677e-01
8.793494925187758104e-01 8.948804272543171567e-01 8.765897838425310562e-01 8.922686960633117170e-01
8.770401133342389244e-01 8.928934226097077209e-01 8.758410819949281612e-01 8.920851955616195816e-01
8.757398746337012874e-01 8.911799001008124943e-01 8.762419997584832698e-01 8.925677778689111719e-01
8.781268800093150473e-01 8.937693799794107496e-01 8.764738558145150904e-01 8.921936784615560612e-01
8.772923984552387644e-01 8.932879292872246690e-01 8.751503441613330825e-01 8.914718041849586383e-01
8.752158978439324999e-01 8.909711845333940783e-01 8.752034778408405158e-01 8.922125377977657701e-01
8.771371460730850167e-01 8.927944559825885529e-01 8.759376886849414845e-01 8.922041153607067621e-01
8.776223097673153672e-01 8.937390581298322312e-01 8.758362516604274450e-01 8.920243537391961963e-01
8.760891924935473307e-01 8.921625674826476615e-01 8.746624803767659717e-01 8.915930991147995588e-01
8.774476508373925121e-01 8.935298640442048690e-01 8.753870305518658412e-01 8.923932365074682682e-01
8.775058704807001675e-01 8.942317325252275850e-01 8.743968119792295823e-01 8.910272313408590383e-01
8.767878282132391954e-01 8.936353261175788987e-01 8.733824417340900759e-01 8.905550994208829563e-01
8.763608841623162782e-01 8.932711029501472222e-01 8.736142977901220075e-01 8.914195566073480625e-01
8.762444448757009674e-01 8.929220586530748349e-01 8.732423620335707515e-01 8.916603467705184194e-01
8.768460478565467398e-01 8.939321833825699670e-01 8.729187296220264347e-01 8.910345344062938766e-01
8.766131692833161182e-01 8.938524320037433135e-01 8.713923439198164589e-01 8.900160667844005946e-01
8.767296085699314290e-01 8.931126041305277319e-01 8.716918246588576391e-01 8.911825781356477183e-01
8.763996972578547151e-01 8.932682743188385954e-01 8.723680714889506804e-01 8.916877315486809730e-01
8.757204680859321799e-01 8.935380550590844573e-01 8.715758966308416733e-01 8.909190955569497028e-01
8.760309728502397864e-01 8.933229972887998249e-01 8.705325443786982031e-01 8.907089635869165356e-01
8.781462865570843768e-01 8.950798171869669417e-01 8.705663567202031050e-01 8.909603574800702974e-01
8.771371460730850167e-01 8.948288820362951812e-01 8.704745803646902758e-01 8.905314169947929903e-01
8.744396359331637614e-01 8.928029830680697110e-01 8.696389324960752676e-01 8.900007831064047359e-01
8.771371460730850167e-01 8.950608775432014053e-01 8.698273155416011981e-01 8.905143440731528859e-01
8.794659318053910102e-01 8.976613665680316378e-01 8.703248399951695191e-01 8.908737934596546726e-01
8.768266413087775213e-01 8.957409466695214206e-01 8.696485931650765888e-01 8.902102920505230443e-01
8.751770847483941740e-01 8.936699619056400756e-01 8.693249607535322721e-01 8.904101524963350389e-01
8.778163752450076629e-01 8.961182910009485303e-01 8.698514672141045567e-01 8.910846655198808586e-01
8.787672960856993676e-01 8.970671195359889438e-01 8.698611278831058780e-01 8.913413388249651348e-01
8.747307341497020383e-01 8.942571530476546293e-01 8.693732640985388782e-01 8.910519186070537945e-01
8.762638514234702969e-01 8.951613527656272495e-01 8.691800507185122315e-01 8.904402793505897806e-01
8.789031419200838968e-01 8.975752595130297440e-01 8.696196111580725141e-01 8.906692059984451237e-01
8.765549496400084628e-01 8.958799006378128649e-01 8.697645211930926656e-01 8.917105377345486694e-01
8.746337014108559460e-01 8.944313007872433108e-01 8.689433643279795838e-01 8.909612239764241881e-01
8.769236740476236136e-01 8.962052174875210220e-01 8.697113875135853434e-01 8.911794006021026560e-01
8.767878282132390844e-01 8.964369448088205239e-01 8.701702692911483794e-01 8.917658015948075612e-01
8.757980942770090538e-01 8.953463115901498792e-01 8.697258785170873807e-01 8.915622004660924693e-01
8.745754817675484016e-01 8.940681079108495632e-01 8.693104697500301237e-01 8.910428592200562159e-01
8.763608841623163892e-01 8.958301816251563743e-01 8.694408887815481268e-01 8.909636700487317817e-01
8.743426031943177801e-01 8.945582719784685999e-01 8.695085134645572644e-01 8.913566258283107668e-01
8.742455704554716878e-01 8.948293989262708914e-01 8.704939017026929182e-01 8.915182316101972759e-01
8.741679442643948139e-01 8.943589834999504662e-01 8.700060379181258075e-01 8.913137002748638960e-01
8.743620097420869985e-01 8.945386982268996867e-01 8.688467576379665935e-01 8.911675967189942593e-01
8.736051543790874785e-01 8.941655211905497058e-01 8.694698707885520905e-01 8.910308020240593763e-01
8.732170234237031092e-01 8.940507434626356886e-01 8.700929839391378096e-01 8.916264670989864083e-01
8.724019484173959338e-01 8.931432150691613892e-01 8.694747011230528067e-01 8.919451374558357015e-01
8.728288924683187400e-01 8.937721440175934173e-01 8.701171356116410571e-01 8.921252407176046839e-01
8.747889537930098047e-01 8.959195848695649111e-01 8.701219659461417733e-01 8.914769099834773947e-01
8.737021871179335708e-01 8.947451045689210902e-01 8.702475546431589493e-01 8.919000757935772183e-01
8.723243222263190599e-01 8.930801683470099839e-01 8.706871150827195649e-01 8.926978057905393671e-01
8.726542335383959959e-01 8.940346127911024121e-01 8.710010868252626715e-01 8.927245364279572382e-01
8.743426031943177801e-01 8.953859325084967402e-01 8.712957372298031355e-01 8.927285474354635930e-01
8.740903180733179401e-01 8.948853486578082217e-01 8.707402487622266651e-01 8.924655640602000561e-01
8.714704341244736696e-01 8.935934759652638393e-01 8.709382924767540279e-01 8.927153925971009762e-01
8.715480603155505435e-01 8.944343653284702045e-01 8.718946987078856070e-01 8.934439682081412037e-01
8.745366686720099647e-01 8.962483605632792782e-01 8.715952179688444268e-01 8.929541159614626800e-01
8.735857478313182600e-01 8.954570103510680612e-01 8.710397295012680674e-01 8.927838389914162232e-01
8.697044382774747895e-01 8.925109730227587246e-01 8.704697500301894486e-01 8.926598241918572985e-01
8.712569620990122665e-01 8.940276064390861865e-01 8.707450790967274923e-01 8.930343226051047356e-01
8.752935240350094848e-01 8.971593986311781066e-01 8.713053978988044568e-01 8.929690827501131078e-01
8.730423644937801431e-01 8.956538087574905660e-01 8.707016060862213802e-01 8.925028149402118860e-01
8.698596906596285372e-01 8.931718775286028311e-01 8.705325443786983142e-01 8.926788308630274615e-01
8.719167847231655832e-01 8.951224559322787933e-01 8.714309865958218548e-01 8.935654244700456106e-01
8.739932853344718477e-01 8.966688191291627419e-01 8.715807269653422784e-01 8.935905828136454510e-01
8.718197519843194909e-01 8.953276471824644922e-01 8.713392102403092476e-01 8.934066536960113547e-01
8.690058025577830358e-01 8.932331085897690093e-01 8.709721048182585967e-01 8.931810688663859299e-01
8.711017097168584078e-01 8.948876447837696979e-01 8.710638811737714260e-01 8.935657491009935116e-01
8.719944109142425681e-01 8.955696944827313821e-01 8.713875135853158538e-01 8.936734435540290011e-01
8.686564846979369925e-01 8.937105465691816963e-01 8.699384132351164478e-01 8.927530664029237339e-01
8.683265733858603896e-01 8.934369231588356053e-01 8.705325443786982031e-01 8.932527050194636331e-01
8.695879989908594787e-01 8.939875406858511786e-01 8.705905083927062416e-01 8.934358539048395942e-01
8.701896019717052511e-01 8.945126413522199726e-01 8.698369762106026304e-01 8.923969209844830885e-01
8.694715597042441679e-01 8.945255174772903661e-01 8.713247192368070992e-01 8.934762008543579714e-01
