5.056278988530730212e-01 5.346623159045517104e-01 5.499553194058688366e-01 5.742156039346698604e-01
6.781229986997612258e-01 6.953418876485548683e-01 6.906219055669604590e-01 7.066817323866672051e-01
6.641502843059248207e-01 6.869705347796432049e-01 6.832459847844462031e-01 7.055942730810842445e-01
6.692153932736903954e-01 6.930691638297357127e-01 6.864243448858833307e-01 7.106569875721048257e-01
6.642085039492324761e-01 6.909226204169021113e-01 6.838207945900254270e-01 7.087373335443385436e-01
6.714471462671505186e-01 7.021387385122437319e-01 6.867431469629271534e-01 7.154817317974558888e-01
6.745327873624561432e-01 7.100352482496545825e-01 6.881101316266151624e-01 7.217886215298343622e-01
6.756583671330707030e-01 7.176569660324110256e-01 6.864098538823812934e-01 7.249934227594554415e-01
6.751537968910710230e-01 7.207038128977679703e-01 6.815698587127159147e-01 7.242979045527973003e-01
6.734460206873800203e-01 7.215424792697896494e-01 6.797198405989614001e-01 7.244288990594508482e-01
6.700498748277669003e-01 7.210090125098361780e-01 6.766574085255404603e-01 7.242494416466979112e-01
6.665178831337692511e-01 7.208432290105550866e-01 6.741069919091897678e-01 7.245129871858921877e-01
6.626947932232335470e-01 7.194082817362065230e-01 6.724115444994565038e-01 7.243751184592177594e-01
6.604436336820043163e-01 7.185600168182142422e-01 6.704987320371935677e-01 7.238249209502761738e-01
6.585806050961594549e-01 7.177276057790520358e-01 6.681946624803767332e-01 7.225298341357981879e-01
6.563682586504686611e-01 7.169095174110942104e-01 6.656442458640261517e-01 7.217707263899064696e-01
6.540394729181625566e-01 7.153043608164522116e-01 6.635188986837339264e-01 7.211099942211083302e-01
6.506821401540878735e-01 7.135223179692581352e-01 6.613452481584349840e-01 7.198912044894802964e-01
6.481592889440896954e-01 7.128502822656976878e-01 6.591619369641347204e-01 7.185556028295383424e-01
6.458110966640144834e-01 7.116442857751686946e-01 6.560753532182103109e-01 7.169492330500144561e-01
6.436763764094005635e-01 7.104318793289436940e-01 6.535056152638570870e-01 7.154195294113798731e-01
6.419880067534786683e-01 7.098197204989529219e-01 6.510759570100229654e-01 7.144816034875012267e-01
6.401055716198645884e-01 7.095341802597241454e-01 6.492259388962685618e-01 7.137414490067721662e-01
6.387277067282500775e-01 7.090796217239353494e-01 6.470329670329670879e-01 7.134447016777276662e-01
6.382619495817889455e-01 7.097215615108676268e-01 6.449414321941794315e-01 7.128580072364301135e-01
6.366512061169438130e-01 7.086653975815484507e-01 6.433764038159642817e-01 7.120354431833414433e-01
6.364183275437131915e-01 7.089261617096780377e-01 6.416423137302258439e-01 7.112686697644510225e-01
6.352345281297909763e-01 7.083461864362193827e-01 6.401014370245139418e-01 7.105962887112731163e-01
6.330609947796386194e-01 7.065850284914851898e-01 6.381548122207463258e-01 7.098521399126263010e-01
6.312755923848706319e-01 7.050327446401830622e-01 6.362951334379904900e-01 7.088593791813169176e-01
6.284034233150265214e-01 7.032685572425929621e-01 6.342905446202149466e-01 7.080799935188254457e-01
6.264821750858740046e-01 7.017704618982087972e-01 6.321362154329187577e-01 7.070437848846704565e-01
6.245221137611829398e-01 7.001220675036519125e-01 6.300012075836251002e-01 7.061592638440908898e-01
6.220768887422616356e-01 6.980942618726910798e-01 6.276053616712957695e-01 7.049150977887310709e-01
6.204855518251858326e-01 6.970344532132015658e-01 6.251660427484603266e-01 7.040280207679442404e-01
6.184478643094180050e-01 6.958951125900756374e-01 6.230406955681681014e-01 7.019889112944761589e-01
6.157115410739583128e-01 6.946029707931441477e-01 6.213452481584349485e-01 7.009404338325254669e-01
6.135574142715751744e-01 6.933155382951392554e-01 6.198768264702330111e-01 6.999266009270193045e-01
6.106658386539618455e-01 6.911853092894340023e-01 6.182079459002536304e-01 6.987553570240723211e-01
6.063187719536571318e-01 6.886260852650555320e-01 6.164231373022581728e-01 6.975082190781102254e-01
6.027673737118903752e-01 6.864017314168157080e-01 6.144040574809805921e-01 6.969565746668169304e-01
6.002251159541229786e-01 6.850543540383595698e-01 6.122642192971864405e-01 6.959406597405437545e-01
5.986919986803547200e-01 6.838297492508951247e-01 6.110179929960150025e-01 6.955993161943700986e-01
5.982262415338935879e-01 6.838678687610434404e-01 6.097138026808356370e-01 6.950804365480445224e-01
5.974499796231248494e-01 6.832040640417782473e-01 6.089167974882261358e-01 6.946850012169412114e-01
5.969065962855867324e-01 6.827382449144278054e-01 6.089844221712353844e-01 6.947655176325803206e-01
5.976440451008169230e-01 6.833226455353742512e-01 6.115589904600893245e-01 6.962547231737097331e-01
6.010595975081992615e-01 6.843986347258806946e-01 6.156744354546552778e-01 6.991659457438869074e-01
6.090745017368859315e-01 6.880559937031592854e-01 6.245284385943726813e-01 7.030674989001490793e-01
6.611422694016960699e-01 7.115453031621272739e-01 6.788769472285954842e-01 7.282796710502612569e-01
6.826641308777581241e-01 7.168607778319492363e-01 7.256225093587731489e-01 7.487308085158843607e-01
6.793844243047604259e-01 7.157051333594361964e-01 7.364617799782635643e-01 7.566310787938588245e-01
6.795008635913757367e-01 7.161071563541545615e-01 7.354715614056274164e-01 7.564935593504111822e-01
6.774243629800694722e-01 7.152764131587873164e-01 7.310662963410216042e-01 7.553375804159637719e-01
6.754837082031477369e-01 7.167286425148254869e-01 7.281777563096244466e-01 7.564944242259876717e-01
6.871664499602165854e-01 7.235607543395636831e-01 7.408960270498731182e-01 7.656337881403372236e-01
6.913194511828290034e-01 7.269985701880171680e-01 7.450597753894456776e-01 7.689354123856249057e-01
7.022259310291292245e-01 7.351575523539727319e-01 7.540007245501750832e-01 7.743079640702748012e-01
7.117545459838150457e-01 7.414898368912621329e-01 7.576089844221711722e-01 7.781524749005770403e-01
7.099109239457392917e-01 7.377874413651714924e-01 7.585750513223040725e-01 7.799510143935823869e-01
7.100855828756622579e-01 7.383244190983039301e-01 7.576959304431832853e-01 7.794191645621550979e-01
7.138504531428904176e-01 7.410647355880951581e-01 7.557541359739161635e-01 7.782352197414388328e-01
7.148984067224281036e-01 7.427735581781511609e-01 7.540780099021857641e-01 7.768600682827028203e-01
7.159657668497351191e-01 7.432482198394212425e-01 7.524163748339571800e-01 7.755306133723367523e-01
7.149954394612740849e-01 7.417931174707749209e-01 7.519864750633982187e-01 7.757529971645021893e-01
7.052339459333578642e-01 7.336622235525214197e-01 7.504069556816809206e-01 7.742982696737975568e-01
7.062624929651264427e-01 7.347036184402035985e-01 7.485859195749305917e-01 7.726937851700417248e-01
7.164121174484270327e-01 7.431861313004879399e-01 7.484265185364086248e-01 7.714719342538014502e-01
7.172660055502725340e-01 7.435372521017908909e-01 7.468759811616955124e-01 7.691722124043282038e-01
7.147043412447358079e-01 7.423213810521577249e-01 7.432339089481947436e-01 7.682573378164569977e-01
7.115604805061226390e-01 7.386368126026439107e-01 7.425866441251056660e-01 7.683123889387851735e-01
7.125308078945835621e-01 7.388572357795125667e-01 7.440357444753049609e-01 7.687987335402143296e-01
7.159269537541966821e-01 7.435260213707473032e-01 7.484071971984060934e-01 7.712319206074093048e-01
7.149760329135049775e-01 7.434983790593496789e-01 7.496196111580726296e-01 7.716710183302248893e-01
7.130741912321217901e-01 7.413509870434017435e-01 7.509479531457553536e-01 7.725904975386096440e-01
7.125114013468143437e-01 7.405684845041113906e-01 7.510493901702692821e-01 7.726943569403412759e-01
7.136757942129674515e-01 7.419175370229855737e-01 7.513150585678058935e-01 7.729423466416990296e-01
7.133070698053523007e-01 7.421776854873487483e-01 7.515758966308416777e-01 7.723380732522784342e-01
7.113858215761998949e-01 7.396836596327706070e-01 7.516241999758483949e-01 7.715197117637534463e-01
7.118321721748918085e-01 7.397215494508755373e-01 7.526868735659943965e-01 7.720747686035664969e-01
7.145684954103515008e-01 7.430911241564033265e-01 7.524067141649559698e-01 7.725827678669210385e-01
7.161792388751964111e-01 7.449527265073048188e-01 7.519574930563941439e-01 7.723441019262522467e-01
7.141803644549671315e-01 7.431955320111519603e-01 7.506533027412147785e-01 7.715560116077475605e-01
7.139474858817365099e-01 7.423906484572357911e-01 7.503151793261683133e-01 7.712517972866124172e-01
7.139280793339672915e-01 7.415753716046460386e-01 7.499190918971139208e-01 7.717036658862256315e-01
7.139862989772749469e-01 7.422647423755224239e-01 7.501026446081391352e-01 7.721281565076572040e-01
7.140639251683518207e-01 7.430180718150434238e-01 7.501267962806424938e-01 7.721511174586499493e-01
7.132294436142754268e-01 7.421278412538430125e-01 7.506919454172200634e-01 7.725771245940553644e-01
7.129771584932755868e-01 7.411297418960198780e-01 7.518029223523730042e-01 7.733666407912387353e-01
7.137340138562751068e-01 7.411892951419797315e-01 7.526675522279918651e-01 7.737016064152676398e-01
7.156940751809661716e-01 7.435772476471080861e-01 7.535708247796158998e-01 7.740987272309022282e-01
7.161986454229657406e-01 7.438146562921118532e-01 7.539089481946624760e-01 7.742119185942952786e-01
7.149566263657358700e-01 7.410944222030718675e-01 7.534259147445960814e-01 7.738383704248477102e-01
7.139474858817363989e-01 7.413411378058791801e-01 7.534114237410940440e-01 7.737078457293986578e-01
7.128607192066603870e-01 7.414724843736681947e-01 7.533534597270861166e-01 7.735414852825927001e-01
7.125308078945835621e-01 7.412383582184902675e-01 7.530008453085377251e-01 7.730787640938399097e-01
7.117933590793533716e-01 7.399701073883391267e-01 7.532520227025720772e-01 7.727980229370565723e-01
7.121620834869685224e-01 7.390838602196954099e-01 7.524308658374593284e-01 7.720599390399198736e-01
7.151312852956588362e-01 7.412561453812536172e-01 7.523970534959545375e-01 7.717357811622008734e-01
7.163344912573502699e-01 7.422682308747112767e-01 7.526047578794831105e-01 7.712782382575233964e-01
7.173630382891187374e-01 7.422766337045703100e-01 7.517256370003623234e-01 7.709646811778751996e-01
7.170331269770420235e-01 7.414669498867982877e-01 7.504745803646902802e-01 7.700825659472628759e-01
7.184498049641949713e-01 7.438995970670715385e-01 7.508754981282453889e-01 7.703096866854415303e-01
7.175376972190417035e-01 7.433884336218981037e-01 7.507740611037314604e-01 7.704400024457858098e-01
7.148790001746589962e-01 7.409615195371939134e-01 7.497935032000966338e-01 7.697799025666876016e-01
7.154417900599661095e-01 7.425013062346823567e-01 7.511508271947833215e-01 7.703012373617982300e-01
7.141027382638901466e-01 7.420241389730350967e-01 7.519526627218935388e-01 7.706763739481656827e-01
7.119097983659685713e-01 7.396875333402699315e-01 7.515179326168337504e-01 7.706266820550135010e-01
7.108424382386616669e-01 7.390943482472391857e-01 7.527448375800024349e-01 7.714135215702917492e-01
7.134041025441983930e-01 7.416180914880710073e-01 7.549233184398019825e-01 7.728104136979687677e-01
7.117545459838149347e-01 7.394802655369978606e-01 7.549136577708006612e-01 7.731535925016989053e-01
7.113470084806613469e-01 7.385751052024176477e-01 7.551406834923317657e-01 7.732775434523738722e-01
7.120456442003531006e-01 7.404714117697460685e-01 7.566284265185363456e-01 7.743134929511388265e-01
7.110753168118921774e-01 7.394155886015750800e-01 7.574254317111459578e-01 7.752007352110532601e-01
7.100273632323546025e-01 7.375426943039973260e-01 7.573481463591353879e-01 7.753325978887241066e-01
7.114246346717382208e-01 7.406873324201581621e-01 7.591691824658857168e-01 7.765119816627809035e-01
7.120262376525839931e-01 7.418121144187188598e-01 7.601110976935152586e-01 7.772884646399509379e-01
7.114634477672767687e-01 7.414081133740179075e-01 7.593962081874170433e-01 7.767561166797144478e-01
7.138116400473519807e-01 7.443947572476814489e-01 7.618210361067503378e-01 7.783233806842846381e-01
7.138504531428904176e-01 7.451958255429729228e-01 7.625214346093467377e-01 7.794462826432584368e-01
7.164509305439656917e-01 7.513338333955922321e-01 7.643328100470958564e-01 7.817666417482873609e-01
7.211667216518853341e-01 7.590107417486416930e-01 7.656514913657770371e-01 7.823872125997585192e-01
7.254361621611131739e-01 7.667548485455237817e-01 7.664098538823813644e-01 7.834261680978656939e-01
7.352558753323372720e-01 7.795327497306325792e-01 7.703610675039246347e-01 7.869063407270587840e-01
7.412330920452561145e-01 7.814026898956218936e-01 7.703369158314212761e-01 7.861503638851797815e-01
7.551669933435540827e-01 7.965196641159375535e-01 7.784422171235358956e-01 7.909443433902667575e-01
7.647344213937783408e-01 8.028138414219606611e-01 7.836299963772490607e-01 7.953649233367097171e-01
7.577480641968600272e-01 7.931696289437955016e-01 7.820214949885280209e-01 7.932309845766081224e-01
7.722447553804654419e-01 8.058321605718533620e-01 7.878565390653302636e-01 7.972889203913140488e-01
7.670438005783151159e-01 7.991202373747744447e-01 7.865185364086464403e-01 7.973047406179725183e-01
7.704593529856973433e-01 8.015871956495785877e-01 7.840695568168094542e-01 7.958468044541290309e-01
7.742242232529255030e-01 8.072028629080559847e-01 7.814563458519502293e-01 7.941412088023928062e-01
7.659182208077004450e-01 7.957676755076508179e-01 7.770704021253471705e-01 7.894921562113329516e-01
7.694696190494673127e-01 8.024098600943021520e-01 7.799975848327496131e-01 7.937431013013249714e-01
7.726522928836190296e-01 8.058034915372758178e-01 7.797947107837217562e-01 7.911355237026005405e-01
7.739331250363872261e-01 8.064999427298685797e-01 7.809008573843738699e-01 7.946998259270264819e-01
7.752527702846940816e-01 8.068927931080324134e-01 7.810892404298996894e-01 7.958236960204297938e-01
7.771157988705388320e-01 8.070110058280236531e-01 7.816833715734814447e-01 7.957310010793704480e-01
7.822391274816122841e-01 8.121473260794713767e-01 7.848520710059172512e-01 7.984086705483692814e-01
7.796580566283064506e-01 8.055367159669688526e-01 7.798913174737349685e-01 7.963383168073301377e-01
7.804537250868442966e-01 8.085520943515223102e-01 7.800700398502595778e-01 7.988534061697684097e-01
7.819868423606124441e-01 8.114023920544707336e-01 7.825576621181016268e-01 7.996022485311022887e-01
7.799879679403831645e-01 8.078783844379211487e-01 7.827025721531215563e-01 8.000455435479639776e-01
7.762619107686934417e-01 8.020607756918525233e-01 7.816302378939741224e-01 8.016637829622258460e-01
7.800461875836907089e-01 8.116315445758468528e-01 7.864750633981403283e-01 8.042048660161698059e-01
7.773874905393080015e-01 8.068069583793706645e-01 7.866151430986595416e-01 8.042358634554797048e-01
7.711773952531584264e-01 7.982622561987302579e-01 7.872962202632532991e-01 8.047663205111151852e-01
7.756797143356168878e-01 8.081361036646677043e-01 7.904311073541843147e-01 8.052768250494228841e-01
7.812299869976129241e-01 8.114656452286759247e-01 7.923873928269531408e-01 8.054770784762202984e-01
7.727881387180034478e-01 8.027038709620448742e-01 7.930684699915470093e-01 8.053653133972806799e-01
7.785906965009993241e-01 8.084831243746988250e-01 7.973191643521314598e-01 8.076596068330705869e-01
7.818509965262279149e-01 8.114412259165728614e-01 7.981354908827436034e-01 8.081632474611859518e-01
7.763783500553086414e-01 8.057218842624366273e-01 7.977490641226905321e-01 8.062997931592420509e-01
7.775815560170000751e-01 8.061647518887165020e-01 8.010964859316507258e-01 8.089564430163973530e-01
7.793475518639988442e-01 8.090076537714997462e-01 8.025697379543532683e-01 8.107203471191513078e-01
7.708668904888509310e-01 8.005298562659394213e-01 8.018017147687477308e-01 8.072351186686237412e-01
7.730404238390031768e-01 8.039357040842027846e-01 8.047144064726481361e-01 8.094085241639925599e-01
7.777562149469231523e-01 8.062579695353059295e-01 8.082598719961356926e-01 8.112776539962978095e-01
7.732344893166953614e-01 8.033574430024219559e-01 8.055065813307572542e-01 8.090906152614920632e-01
7.695666517883132940e-01 8.005626540239101363e-01 8.030914140804250589e-01 8.075910455192893966e-01
7.775233363736924197e-01 8.089368760788497870e-01 8.074483758000241540e-01 8.110897746030646394e-01
7.770769857750003951e-01 8.070715228979363776e-01 8.069508513464557220e-01 8.110654385895541552e-01
7.722253488326961124e-01 8.028901497070332072e-01 8.035841081994927748e-01 8.089017590784789435e-01
7.717207785906965434e-01 8.016204206527467457e-01 8.041057843255645654e-01 8.088397025842196664e-01
7.744376952783869061e-01 8.029877223714448897e-01 8.059558024393189690e-01 8.097902682344524372e-01
7.747482000426942905e-01 8.059387844917412780e-01 8.056804733727811474e-01 8.107149148650917292e-01
7.719536571639270539e-01 8.028744486251289114e-01 8.049655838666829322e-01 8.096822708535795776e-01
7.729822041956957435e-01 7.999970749749754084e-01 8.060524091293321813e-01 8.095370302326051482e-01
7.758543732655398539e-01 8.034017579862431369e-01 8.062214708368553584e-01 8.108489559040563677e-01
7.769605464883850843e-01 8.054594648741850715e-01 8.071923680714889748e-01 8.111158933381070746e-01
7.759902190999242722e-01 8.039736412393979625e-01 8.073421084410095094e-01 8.107972239738863163e-01
7.774457101826155458e-01 8.039697427852163791e-01 8.079459002535925860e-01 8.126342432829022355e-01
7.775621494692308566e-01 8.044273266721724269e-01 8.082647023306364087e-01 8.135011783331972390e-01
7.761454714820780199e-01 8.044295175711458912e-01 8.078492935635792627e-01 8.126312583836496906e-01
7.762619107686934417e-01 8.045668017673679451e-01 8.083709696896510533e-01 8.134487149254012728e-01
7.770963923227696135e-01 8.050644904214327990e-01 8.081004709576138367e-01 8.145782541409480881e-01
7.744959149216945615e-01 8.033183397573400164e-01 8.074145634585194742e-01 8.135487978579754031e-01
7.719148440683886170e-01 8.010533211542911758e-01 8.071199130539790101e-01 8.127835445373539081e-01
7.731374565778492691e-01 8.026441104684067795e-01 8.076174375075473311e-01 8.139915809480643416e-01
7.748840458770789308e-01 8.046048150166122959e-01 8.083033450066416936e-01 8.150216324289554226e-01
7.741854101573870661e-01 8.039234659402838545e-01 8.093950006037917699e-01 8.152888955864179277e-01
7.729627976479264140e-01 8.020902030580951969e-01 8.100712474338848113e-01 8.150612229331937186e-01
7.746511673038481982e-01 8.032687211431249752e-01 8.111822243690375300e-01 8.164732274091253128e-01
7.761648780298472383e-01 8.050360485607545025e-01 8.117280521676126792e-01 8.165503676047287662e-01
7.764559762463856263e-01 8.057608153935149620e-01 8.124767540152154632e-01 8.161627800557810231e-01
7.763395369597700935e-01 8.046247131389896445e-01 8.129308054582780052e-01 8.166520494892943738e-01
7.770963923227697245e-01 8.053681180880871704e-01 8.134186692428451160e-01 8.171389090965507362e-01
7.778144345902305856e-01 8.065454726829550669e-01 8.134766332568530434e-01 8.172961917466867732e-01
7.779502804246152259e-01 8.072487830033081568e-01 8.133655355633376827e-01 8.165936977779104655e-01
7.776009625647692936e-01 8.062793929723339748e-01 8.126120033812341825e-01 8.154550230731817395e-01
7.784936637621533428e-01 8.069867085858821731e-01 8.119067745441372885e-01 8.162038577389585381e-01
7.772128316093849243e-01 8.060154907449738060e-01 8.114237410940706718e-01 8.148661234921721341e-01
7.771934250616157058e-01 8.051072823263976108e-01 8.115300084530853164e-01 8.153187457418554773e-01
7.791728929340759890e-01 8.077514937659250327e-01 8.117811858471198905e-01 8.157112519929319294e-01
7.814628655708435456e-01 8.105071811789152925e-01 8.115638207945901073e-01 8.157883281731141967e-01
7.801432203225366901e-01 8.080326261341013172e-01 8.109503683130057095e-01 8.152560139455030663e-01
7.806866036600748071e-01 8.083244501898895207e-01 8.109213863060016347e-01 8.156707095670733265e-01
7.816569310485357303e-01 8.102988148868799367e-01 8.111242603550294916e-01 8.149448352915316107e-01
7.814434590230743272e-01 8.108592631034865494e-01 8.115831421325927497e-01 8.156790778057396718e-01
7.814046459275358902e-01 8.106182650863490435e-01 8.117473735056153217e-01 8.158856601117008278e-01
