5.865532030507092376e-01 6.008324014166933624e-01 5.175896630841685386e-01 5.449287182392255069e-01
6.590754720642745257e-01 6.674977308227281192e-01 6.260982973070885471e-01 6.541597176168114647e-01
6.563294455549302242e-01 6.705735296343708907e-01 6.363386064484966020e-01 6.706258995574529980e-01
6.684003182673834420e-01 6.792810483146154432e-01 6.396570462504528320e-01 6.736368027045143148e-01
6.718158706747656694e-01 6.875277687189687015e-01 6.493225455862818851e-01 6.869919845703267303e-01
6.716412117448427033e-01 6.866266313199477223e-01 6.613693998309383426e-01 6.989479012399060220e-01
6.807622891963748257e-01 6.943616183436307487e-01 6.736626011351285470e-01 7.103093206255481906e-01
6.901162452211375697e-01 7.079944784344212039e-01 6.700543412631325690e-01 7.102669136129442506e-01
6.915135166605212991e-01 7.142942210088409905e-01 6.640019321338003211e-01 7.095565865465920385e-01
6.999553649401306643e-01 7.097203138463865635e-01 6.919116048786378981e-01 7.299120980081081900e-01
6.893593898581381607e-01 6.976232950977466762e-01 6.801014370245138663e-01 7.173924080196393271e-01
7.112111626462769287e-01 7.383969706458612947e-01 7.056345851950247550e-01 7.437963676483854147e-01
6.917852083292903576e-01 7.314351084769322719e-01 6.829658253834078874e-01 7.292578430064153849e-01
7.475596266180208893e-01 7.634275739437598185e-01 7.713223040695568189e-01 7.891085524610894630e-01
7.505482349744803106e-01 7.685886792238416643e-01 7.694046612727931667e-01 7.942444891347062441e-01
7.468998039938674616e-01 7.638825411869036852e-01 7.715106871150827494e-01 7.878902364542790249e-01
7.452890605290225512e-01 7.438259771412687460e-01 7.572322183311194221e-01 7.660774059608231878e-01
7.536338760697860462e-01 7.717545254001149102e-01 7.921120637604154302e-01 7.987756101057552627e-01
7.494808748471735171e-01 7.669887818754770326e-01 7.943340176307209788e-01 7.983011647493294394e-01
7.562537600186303166e-01 7.662255314356828384e-01 7.773940345368917093e-01 7.856191754277078720e-01
7.568747695472451964e-01 7.702810390013018482e-01 7.874652819707764762e-01 7.958001386986832681e-01
7.542742921461700334e-01 7.662870378909996116e-01 7.977394034536892109e-01 8.038086788977789610e-01
7.540414135729394118e-01 7.657669903674972911e-01 7.990774061103731452e-01 8.050276718946633991e-01
7.566030778784762489e-01 7.684172926418517680e-01 7.962178480859800622e-01 8.040938980982301754e-01
7.575151856236295167e-01 7.679936086043731569e-01 7.929960149740370445e-01 8.000955534200272501e-01
7.602321023113197684e-01 7.724187062399906489e-01 7.970486656200941322e-01 8.047203547906232046e-01
7.602515088590890979e-01 7.716891009150038672e-01 7.999178843134886474e-01 8.056807801878564934e-01
7.593588076617050486e-01 7.690147402225815387e-01 7.997391619369641491e-01 8.047443209404858688e-01
7.610471773176270549e-01 7.713594417983118401e-01 7.977490641226905321e-01 8.047865150436364079e-01
7.628519862601641499e-01 7.721654851964749877e-01 7.935466731071126878e-01 8.021045853934147818e-01
7.628131731646257130e-01 7.685185502712802430e-01 7.900156985871271687e-01 7.984823001528623676e-01
7.647538279415475593e-01 7.693552907295729826e-01 7.915034416133316375e-01 7.998168291813284592e-01
7.670049874827766789e-01 7.721332629151169691e-01 7.959280280159400922e-01 8.031761645166333174e-01
7.675871839158532328e-01 7.701222745806735048e-01 7.977538944571912483e-01 8.035539160580447149e-01
7.709445166799278049e-01 7.731988409320236233e-01 7.984253109527835734e-01 8.044347791788628577e-01
7.745153214694638910e-01 7.770349235631642815e-01 7.978263494747011020e-01 8.046620801212529539e-01
7.767664810106928996e-01 7.782438594719834901e-01 7.968699432435697450e-01 8.036728259082120962e-01
7.802402530613828935e-01 7.816193228948041805e-01 7.990146117618643906e-01 8.054994832057084109e-01
7.840051233286111643e-01 7.841707872812180291e-01 8.025407559473494157e-01 8.091158004513733237e-01
7.889537930097615392e-01 7.877800740843267091e-01 8.067189952904237904e-01 8.131134247149596206e-01
7.980554639135244432e-01 7.959599046512301213e-01 8.117763555126193964e-01 8.190497624079785544e-01
8.077199247025945716e-01 8.048137105615875697e-01 8.174761502234029198e-01 8.257211681751479571e-01
8.130373187913602084e-01 8.117145720239078432e-01 8.231759449341867763e-01 8.317574671023990618e-01
8.180636146635875683e-01 8.177008187420414798e-01 8.308561767902427064e-01 8.395119174530722983e-01
8.247006540006597275e-01 8.225786118300757455e-01 8.406520951575897627e-01 8.478015887673742146e-01
8.287566224844262752e-01 8.256118714948986748e-01 8.474966791450307957e-01 8.530485888902388236e-01
8.296493236818101025e-01 8.250354824667266440e-01 8.508730829609949531e-01 8.556779038487815070e-01
8.305808379747328107e-01 8.256471597374253069e-01 8.524381113392103249e-01 8.570374577707404740e-01
8.331230957325000963e-01 8.277846741577860046e-01 8.542011834319527264e-01 8.578113701413325742e-01
8.291641599875798629e-01 8.215833745370734187e-01 8.545441371814999076e-01 8.592529832393016598e-01
8.305032117836558259e-01 8.218804761374028933e-01 8.562733969327376293e-01 8.601667204031386849e-01
8.315123522676550749e-01 8.197130275490429607e-01 8.572394638328704186e-01 8.602118650442241998e-01
8.284267111723495614e-01 8.153809464763757120e-01 8.562685665982370242e-01 8.595320625933922098e-01
8.255157290069670140e-01 8.098053281056935004e-01 8.547518415650284807e-01 8.578735745446337546e-01
8.249141260261211306e-01 8.088155476689139478e-01 8.536746769713803307e-01 8.564051140066882839e-01
8.238855789943526631e-01 8.078538889741918583e-01 8.527424224127519992e-01 8.552621747281842213e-01
8.222554289817384232e-01 8.061422066654276852e-01 8.527858954232578892e-01 8.555855950613260319e-01
8.206640920646626203e-01 8.046339230448544821e-01 8.525347180292235372e-01 8.553086054504039915e-01
8.193250402685866574e-01 8.033578199517884544e-01 8.527907257577587163e-01 8.557708179691061456e-01
8.192862271730481094e-01 8.032532097032065721e-01 8.528293684337641123e-01 8.558663048683903263e-01
8.188980962176639622e-01 8.030116039739302325e-01 8.529839391377853630e-01 8.560384170587750363e-01
8.181994604979719865e-01 8.024485088244108777e-01 8.532496075353218634e-01 8.560271621683868126e-01
8.190145355042791619e-01 8.036294273278724587e-01 8.533848569013404717e-01 8.555245152141534026e-01
8.192862271730482204e-01 8.041982758999254299e-01 8.537133196473856156e-01 8.558212571004062408e-01
8.186846241922025591e-01 8.034457684847223780e-01 8.540949160729380818e-01 8.561217688919631197e-01
8.189757224087406140e-01 8.041316025363525188e-01 8.537954353338967906e-01 8.562121366033146330e-01
8.193250402685865463e-01 8.044206391666037792e-01 8.532689288733245059e-01 8.560290329709738799e-01
8.199460497972017592e-01 8.049196381286567448e-01 8.532447772008211473e-01 8.558889062552690330e-01
8.199266432494323187e-01 8.046803377978509753e-01 8.529742784687840418e-01 8.558221892805865094e-01
8.206834986124318387e-01 8.057942337441112990e-01 8.529694481342834367e-01 8.558507397330856747e-01
8.215373867142774511e-01 8.071876843110648014e-01 8.527134404057481465e-01 8.557449674319899113e-01
8.215761998098157770e-01 8.079179953899477962e-01 8.523801473252021754e-01 8.554548785631650443e-01
8.221389896951231124e-01 8.079328741999828312e-01 8.527375920782513941e-01 8.560400623741418746e-01
8.228958450581226325e-01 8.085261308764559729e-01 8.526892887332447879e-01 8.565221546695229726e-01
8.227794057715074327e-01 8.081100452796254885e-01 8.533462142253349647e-01 8.575932006916807682e-01
8.226435599371227925e-01 8.080977711643223538e-01 8.539210240309140776e-01 8.586541128432001457e-01
8.240214248287371923e-01 8.100009633698301847e-01 8.539596667069194735e-01 8.585851459438170741e-01
8.242931164975062508e-01 8.103634180220423699e-01 8.547711629030309011e-01 8.594642491844984855e-01
8.243319295930446877e-01 8.105717005871792002e-01 8.566405023547880582e-01 8.614275198839784764e-01
8.259038599623513832e-01 8.116374048844714473e-01 8.574278468783963492e-01 8.627450034981155591e-01
8.267965611597353215e-01 8.117948752775430155e-01 8.588286438835888159e-01 8.641977444695623234e-01
8.269130004463505212e-01 8.134931125822175702e-01 8.606255283178358972e-01 8.662424786651178321e-01
8.284849308156571057e-01 8.147913168613876156e-01 8.611713561164111574e-01 8.670009578901864966e-01
8.294940712996564658e-01 8.126295053910480570e-01 8.612534718029223324e-01 8.673621679773849680e-01
8.309107492868093026e-01 8.136132264455216978e-01 8.631131505856781683e-01 8.694549803600152282e-01
8.313570998855014382e-01 8.147672613494465477e-01 8.641565028378215274e-01 8.703505414106895710e-01
8.329872498981156781e-01 8.170173625160097597e-01 8.644173409008573117e-01 8.710211130438121341e-01
8.341904558598070007e-01 8.181225577621694667e-01 8.651612124139596016e-01 8.718061391348370659e-01
8.360922975411904101e-01 8.205322652496295222e-01 8.674749426397778684e-01 8.739268573983757227e-01
8.359952648023443178e-01 8.231787593292607674e-01 8.700833232701364883e-01 8.761510965536813966e-01
8.388674338721885393e-01 8.266395459758654196e-01 8.720299480739041043e-01 8.771265369236878051e-01
8.370238118341127853e-01 8.253836601847450716e-01 8.713537012438110629e-01 8.760835329460836540e-01
8.368103398086513822e-01 8.281181520688922770e-01 8.751600048303345147e-01 8.803472464715947909e-01
8.339187641910379423e-01 8.258382861237453243e-01 8.705132230406955607e-01 8.755796366270147679e-01
8.351025636049602685e-01 8.262654752828764160e-01 8.701702692911483794e-01 8.754387739522422329e-01
8.360340778978828657e-01 8.287179174713144025e-01 8.713585315783117791e-01 8.779242566920136825e-01
8.334724135923459176e-01 8.268492222226775379e-01 8.682043231493781210e-01 8.749261733829789556e-01
8.328319975159619304e-01 8.264191029220846474e-01 8.664702330636397942e-01 8.736526756616942446e-01
8.345203671718838256e-01 8.284224774207227249e-01 8.685038038884193012e-01 8.760255834185708412e-01
8.364804284965747794e-01 8.279142802178798277e-01 8.693732640985387672e-01 8.760706581386057401e-01
8.363445826621902501e-01 8.266786935564104377e-01 8.692911484120275922e-01 8.752298015332191650e-01
8.369849987385744594e-01 8.279167113824634772e-01 8.686100712474338348e-01 8.742849525828013668e-01
8.381299850569582377e-01 8.287899499135983339e-01 8.709044801352493481e-01 8.767879866549075363e-01
8.386927749422654621e-01 8.281222869355415739e-01 8.725999275449825010e-01 8.785165259642968572e-01
8.391973451842651421e-01 8.288860026099539313e-01 8.718753773698828535e-01 8.775391558129639336e-01
8.394108172097265452e-01 8.292038748388643743e-01 8.719719840598960658e-01 8.775378147997306977e-01
8.394108172097265452e-01 8.303579141611618919e-01 8.735176911001086841e-01 8.793623008975803845e-01
8.395466630441110745e-01 8.305426434853806494e-01 8.727255162419997880e-01 8.788553305793607162e-01
8.391391255409574867e-01 8.300288838651544987e-01 8.730877913295496118e-01 8.788328487045427018e-01
8.386539618467270252e-01 8.301918300623490898e-01 8.742277502717064053e-01 8.792436796593025017e-01
8.396631023307263852e-01 8.317541249817782534e-01 8.746334983697621190e-01 8.795579287478021424e-01
8.407886821013409451e-01 8.322045611224513362e-01 8.765173288250212025e-01 8.813383096471379963e-01
8.410409672223408961e-01 8.314451611244277895e-01 8.779760898442217076e-01 8.824470219838200791e-01
8.417978225853401941e-01 8.333270592154407019e-01 8.776862697741818486e-01 8.819391186853782205e-01
8.422441731840323298e-01 8.339429629861794258e-01 8.784929356357927821e-01 8.830057428708312228e-01
8.420112946108017082e-01 8.341445071885368323e-01 8.787875860403333572e-01 8.837544592319542813e-01
8.408663082924177079e-01 8.334614005892198030e-01 8.778118584711991357e-01 8.829208813314177728e-01
8.410991868656484405e-01 8.331104160549158699e-01 8.767878275570584190e-01 8.819896522949388640e-01
8.394302237574957637e-01 8.315609759361454190e-01 8.754594855693756950e-01 8.814233613480459972e-01
8.400512332861107545e-01 8.327307440262651239e-01 8.744064726482307925e-01 8.810072425568915566e-01
8.408469017446487115e-01 8.333159677944809163e-01 8.733727810650886436e-01 8.804053465226560071e-01
8.397795416173415850e-01 8.324843134652117893e-01 8.718512256973797170e-01 8.797282345295515116e-01
8.405946166236488715e-01 8.309851001888518551e-01 8.728269532665136055e-01 8.798623301390433582e-01
8.410991868656484405e-01 8.307286851766642055e-01 8.727931409250090367e-01 8.805096827772853629e-01
8.421665469929553449e-01 8.317607787055518731e-01 8.717787706798696412e-01 8.805156129176022750e-01
8.434085660501853265e-01 8.323865570385260426e-01 8.713633619128124952e-01 8.801249115676705870e-01
8.437578839100312589e-01 8.320220766842902904e-01 8.707305880932253439e-01 8.797244774902155395e-01
8.428845892604164280e-01 8.304785820928572981e-01 8.695133437990580916e-01 8.788963169895089855e-01
8.439907624832618804e-01 8.315728938197121112e-01 8.695713078130660190e-01 8.789452922701763704e-01
8.453492208271070618e-01 8.331127318628447354e-01 8.696775751720806635e-01 8.791161590417519989e-01
8.448834636806458187e-01 8.328019288180830149e-01 8.693829247675399774e-01 8.787117177171633875e-01
8.439907624832617694e-01 8.317163082288910880e-01 8.691269170390049092e-01 8.785367151164776844e-01
8.434861922412622004e-01 8.311406374203216263e-01 8.678517087308295075e-01 8.775521841912208298e-01
8.429428089037240834e-01 8.323131179256123557e-01 8.673783359497646561e-01 8.777591367379302678e-01
8.421665469929553449e-01 8.306467311204713821e-01 8.685424465644244751e-01 8.787180862602428366e-01
8.409633410312639112e-01 8.282200148052644151e-01 8.684603308779133002e-01 8.780880002195639022e-01
8.418754487764170680e-01 8.293794880252939317e-01 8.689820070039849798e-01 8.786941503445554469e-01
8.422829862795708777e-01 8.307094706461020106e-01 8.688564183069678037e-01 8.792651818325960544e-01
8.409633410312640223e-01 8.287491772009535351e-01 8.675618886607896485e-01 8.777476357894529180e-01
8.385181160123424959e-01 8.284269451060756184e-01 8.651467214104576753e-01 8.752973755702544434e-01
8.426905237827242434e-01 8.314775386883475061e-01 8.677406110373142578e-01 8.784202932717496415e-01
8.439907624832617694e-01 8.318075560284639014e-01 8.679821277623476217e-01 8.785235201455888765e-01
8.416813832987248833e-01 8.314216624004656664e-01 8.645815722738799947e-01 8.746966248077235884e-01
8.427293368782626803e-01 8.307436928813178856e-01 8.646781789638932070e-01 8.750404232389070724e-01
8.448252440373382743e-01 8.332567053032534643e-01 8.664654027291388561e-01 8.766986175945672422e-01
8.426905237827243544e-01 8.346406610605515697e-01 8.655621301775148213e-01 8.755662606862326669e-01
8.423217993751090926e-01 8.360268871553524495e-01 8.664702330636396832e-01 8.766200298984716532e-01
8.452910011837995174e-01 8.352989512303130581e-01 8.670836855452240810e-01 8.762936965147933854e-01
8.438355101011081327e-01 8.340466471033911589e-01 8.648713923439198537e-01 8.741895538492738815e-01
8.412156261522637513e-01 8.357293922045858636e-01 8.626301171356116626e-01 8.734518522509299165e-01
8.456791321391836647e-01 8.372431042810656310e-01 8.667600531336796532e-01 8.768373733514800428e-01
8.436802577189543850e-01 8.367674026715981039e-01 8.644270015698587439e-01 8.749006029345258728e-01
8.406528362669565269e-01 8.336992582405917673e-01 8.615626132109649449e-01 8.720002518022930138e-01
8.412738457955715177e-01 8.334399626158816021e-01 8.656635672020287497e-01 8.759967843344167449e-01
8.410215606745715666e-01 8.348578314049475146e-01 8.645767419393793896e-01 8.759505354292308477e-01
8.386927749422654621e-01 8.316817630999306932e-01 8.610361067503924382e-01 8.721644295117050305e-01
8.397407285218032591e-01 8.327918546806585276e-01 8.634464436662239173e-01 8.747753701988365549e-01
8.408857148401871484e-01 8.334617581471555070e-01 8.639922714647988444e-01 8.758516256858759341e-01
8.406334297191871974e-01 8.355699615149004833e-01 8.618959062915105829e-01 8.743317521355264965e-01
8.400124201905723176e-01 8.343239131650206364e-01 8.616254075594734774e-01 8.742758631390723512e-01
8.414485047254943728e-01 8.335515582748204144e-01 8.622968240550658026e-01 8.749304637300207022e-01
8.428263696171087727e-01 8.356209016631127584e-01 8.630938292476754148e-01 8.756669474391824970e-01
8.427681499738011173e-01 8.380246970737287304e-01 8.632822122932013453e-01 8.758550950581293071e-01
8.434473791457236524e-01 8.355088347241823588e-01 8.633643279797126313e-01 8.751919923924929012e-01
8.432921267635700158e-01 8.379243729876117985e-01 8.638087187537737410e-01 8.766591283790270417e-01
8.437772904578004773e-01 8.396567778477470601e-01 8.637845670812702714e-01 8.759490443835014073e-01
8.441460148654156281e-01 8.395942375187182005e-01 8.635382200217365245e-01 8.752847935407470636e-01
8.441654214131846246e-01 8.408300925254770242e-01 8.652143460934668129e-01 8.777223253618251508e-01
8.431174678336470496e-01 8.379104866781428296e-01 8.653930684699915332e-01 8.774857509826410329e-01
8.419336684197248344e-01 8.376958233603775117e-01 8.645622509358772412e-01 8.769336215248779709e-01
8.437578839100312589e-01 8.407629288059577100e-01 8.653495954594854211e-01 8.784202580624150825e-01
8.438355101011081327e-01 8.404488841013308953e-01 8.645284385943725614e-01 8.780652432746405278e-01
8.417590094898017572e-01 8.394213040739294529e-01 8.649583383649317447e-01 8.784158539276132327e-01
8.421859535407247854e-01 8.400032870462743606e-01 8.630889989131745876e-01 8.774867681329230340e-01
8.423412059228784221e-01 8.391384680257958362e-01 8.638521917642796311e-01 8.781099697188025077e-01
8.415261309165712467e-01 8.401415476075158040e-01 8.654365414804975343e-01 8.792632683417476169e-01
8.399542005472646622e-01 8.379438015621841762e-01 8.647458036469024556e-01 8.785564632317699463e-01
8.409051213879562559e-01 8.393527314625424118e-01 8.648520710059169891e-01 8.789572871435673562e-01
8.411768130567254254e-01 8.426289998793822233e-01 8.671851225697378984e-01 8.805161236643831435e-01
8.390420928021115055e-01 8.388009856101890094e-01 8.640502354788068828e-01 8.780605136712091863e-01
8.383434570824196408e-01 8.385790006375262173e-01 8.629392585436541641e-01 8.773606348190773341e-01
8.386539618467270252e-01 8.411677372234762640e-01 8.641806545103247750e-01 8.781621632372212938e-01
8.334336004968074807e-01 8.336115866147294495e-01 8.578867286559593852e-01 8.736652341920350118e-01
8.381299850569581267e-01 8.384947311211551346e-01 8.623306363965703714e-01 8.772835537461513011e-01
8.371984707640357515e-01 8.346069448116875122e-01 8.621567443545465892e-01 8.761600202990116326e-01
8.357623862291136962e-01 8.325485868377744403e-01 8.600072455017511164e-01 8.744994763591472653e-01
8.379747326748046010e-01 8.378437243951819546e-01 8.617799782634947281e-01 8.764945271412030170e-01
8.379553261270351605e-01 8.356568987051432584e-01 8.615674435454654390e-01 8.760652759308139581e-01
8.351219701527294870e-01 8.320887364166865696e-01 8.597898804492212221e-01 8.744319677128100654e-01
8.350637505094219426e-01 8.355989990574264059e-01 8.602004588817775410e-01 8.752638047258081144e-01
8.352772225348832347e-01 8.332076972789652647e-01 8.598043714527231485e-01 8.750127140498586975e-01
8.350831570571911611e-01 8.324007317451570520e-01 8.600845308537615752e-01 8.752955524651897523e-01
8.363833957577286871e-01 8.365412520326513945e-01 8.613983818379422619e-01 8.767506108606863968e-01
8.371402511207282071e-01 8.331839246403385246e-01 8.610119550778889685e-01 8.767556594788351587e-01
8.357429796813443668e-01 8.328328904903741225e-01 8.584953508030429559e-01 8.751887286329742555e-01
8.353936618214985455e-01 8.370334216266185345e-01 8.593744716821640761e-01 8.754547953182774123e-01
8.366356808787285271e-01 8.333908033215884359e-01 8.609250090568771885e-01 8.776558067407477237e-01
8.375477886238816838e-01 8.341622265855774820e-01 8.625721531216037352e-01 8.793669212501427079e-01
8.348114653884219916e-01 8.335322685222041894e-01 8.613693998309382982e-01 8.788871391855871407e-01
8.338217314521919610e-01 8.318905145196631157e-01 8.604661272793140414e-01 8.773245865947494337e-01
