6.043198975334277412e-01 5.963482887510149766e-01 6.378360101437023921e-01 6.456446689053874088e-01
6.677793087387684512e-01 6.687950473991197686e-01 6.975679265789156425e-01 7.230211759040183761e-01
6.664402569426924883e-01 6.801412617247364345e-01 6.934669725878517266e-01 7.266279065157122963e-01
6.895146422402919084e-01 7.126784277322564254e-01 7.150440768023185178e-01 7.546681757931996692e-01
7.301131401734944903e-01 7.542333664917122427e-01 7.563530974519985239e-01 7.884436067267250881e-01
7.498495992547886679e-01 7.796749907578668370e-01 7.835044076802318846e-01 8.114503047632607435e-01
7.694696190494672017e-01 7.970361583189845556e-01 8.091293322062552695e-01 8.295739054671268375e-01
7.903898775446835945e-01 8.113884567792001290e-01 8.440236686390533150e-01 8.504341629723208840e-01
8.062450270721340795e-01 8.208020761354629657e-01 8.539741577104213999e-01 8.589282320601125953e-01
8.128820664092064607e-01 8.244442890139647151e-01 8.533607052288370021e-01 8.577608690747243747e-01
8.261367385355818937e-01 8.363034902600861020e-01 8.730008453085376097e-01 8.746336188351764296e-01
8.307554969046555549e-01 8.393717405388281261e-01 8.731988890230648614e-01 8.751277828748031951e-01
8.320557356051931919e-01 8.419680382321615975e-01 8.748267117497885437e-01 8.772772188683226613e-01
8.344621475285760592e-01 8.459643188650899370e-01 8.807438715131022944e-01 8.824885233743674506e-01
8.375283820761123543e-01 8.488263765121035753e-01 8.835309745199854126e-01 8.859534080275194290e-01
8.414485047254942618e-01 8.519185720392262740e-01 8.853037072817292463e-01 8.888229837167003211e-01
8.448834636806458187e-01 8.545059751427139805e-01 8.870764400434729691e-01 8.930385847557156254e-01
8.496380678841040091e-01 8.582642048933224466e-01 8.861586764883467859e-01 8.936061248456468320e-01
8.541015738710240335e-01 8.611179480829473931e-01 8.866417099384131806e-01 8.944055718072352335e-01
8.621552911952492515e-01 8.676591694766542240e-01 8.915010264460814238e-01 8.994116337783103488e-01
8.706747656659358237e-01 8.736491267328574395e-01 8.933075715493299374e-01 9.010936610892303911e-01
8.772341788119309980e-01 8.784486585472869313e-01 8.924187900012076069e-01 8.988118218537495263e-01
8.808632032447747395e-01 8.820597948307768998e-01 8.919695688926458921e-01 8.966336496977065362e-01
8.846086669642337919e-01 8.861773518985333054e-01 8.948387875860404073e-01 8.987479576125485536e-01
8.872673640086164992e-01 8.883023113295067663e-01 8.969399830938292739e-01 9.006663718313419054e-01
8.891692056899997976e-01 8.906564020365046463e-01 8.983601014370244942e-01 9.014862284930363900e-01
8.894603039065380745e-01 8.908764902424746168e-01 8.993599806786618522e-01 9.012888621051566851e-01
8.902171592695375946e-01 8.910307385391933455e-01 9.014949885279555097e-01 9.026816431663990947e-01
8.914009586834599208e-01 8.921432630255851093e-01 9.037410940707644169e-01 9.052117905876208015e-01
8.918473092821518344e-01 8.919062610162482585e-01 9.052481584349715282e-01 9.072430586762639804e-01
8.918473092821517234e-01 8.911613261920563467e-01 9.058277985750512462e-01 9.077695322070689077e-01
8.916338372566904313e-01 8.909075826148868948e-01 9.060451636275812515e-01 9.077052688707276662e-01
8.918667158299210529e-01 8.913082353259680346e-01 9.065137060741457198e-01 9.085938793550943915e-01
8.918279027343826160e-01 8.907184529081718649e-01 9.070691945417219682e-01 9.094901337186113155e-01
8.916144307089211019e-01 8.904712492150193004e-01 9.079338244173409400e-01 9.105925111907700042e-01
8.915562110656134465e-01 8.906096424375342657e-01 9.082236444873806880e-01 9.112405971509858205e-01
8.925653515496128065e-01 8.915230180725141063e-01 9.089771766694844102e-01 9.121671780567592869e-01
8.926235711929204619e-01 8.917064758908801458e-01 9.097307088515880213e-01 9.132851593987784122e-01
8.921190009509207819e-01 8.913984770216217823e-01 9.106001690617075983e-01 9.142997338280474118e-01
8.926817908362281173e-01 8.929796512083765236e-01 9.110107474942639172e-01 9.149477577771055747e-01
8.940208426323040802e-01 8.945831219347684105e-01 9.119768143943967065e-01 9.159139962724074380e-01
8.954957402627645724e-01 8.957744382161512142e-01 9.131505856780581798e-01 9.171024095364679329e-01
8.973005492053018894e-01 8.965660114960323224e-01 9.140683492331844739e-01 9.176294257683136335e-01
8.974946146829940741e-01 8.963798586057206697e-01 9.146479893732641919e-01 9.176849371480362283e-01
8.984649420714548862e-01 8.975045235387379972e-01 9.149184881053012974e-01 9.176241203052759587e-01
8.992217974344542952e-01 8.987035932106727243e-01 9.151793261683370817e-01 9.176456937073370623e-01
8.985619748103009785e-01 8.979704122467325744e-01 9.153338968723584435e-01 9.175461567856902922e-01
8.986396010013778524e-01 8.990194905273620751e-01 9.154498249003744093e-01 9.176686474010042893e-01
8.990277319567623326e-01 8.990606999667283272e-01 9.153097451998550849e-01 9.177976334645717715e-01
8.986590075491470708e-01 8.981957533528293069e-01 9.150682284748219431e-01 9.175421677564929990e-01
8.979991849249936431e-01 8.972428376125135552e-01 9.155029585798816205e-01 9.178591212449717096e-01
8.983679093326087939e-01 8.973683869983842820e-01 9.164931771525177684e-01 9.187722694785501742e-01
8.982708765937627016e-01 8.969519972899244742e-01 9.169810409370849902e-01 9.194437633728747006e-01
8.978051194473015695e-01 8.973758657681146778e-01 9.168313005675641225e-01 9.195808174181360206e-01
8.976886801606862587e-01 8.975349237212124631e-01 9.157927786499215905e-01 9.187063795731953419e-01
8.978051194473015695e-01 8.977418093315365777e-01 9.158410819949280857e-01 9.187032823739945675e-01
8.976498670651477108e-01 8.979583535154971319e-01 9.163192851104939862e-01 9.191595942819223986e-01
8.981350307593782833e-01 8.975470917029118034e-01 9.166574085255404514e-01 9.196881181235361247e-01
8.976498670651478218e-01 8.970276426044031526e-01 9.164448738075111622e-01 9.194128220772460613e-01
8.979215587339168803e-01 8.977739036139870121e-01 9.163192851104939862e-01 9.194210343337941849e-01
8.986007879058394154e-01 8.998075599777792810e-01 9.165366501630237694e-01 9.196250261634246748e-01
8.984261289759165603e-01 9.002775733948928938e-01 9.169230769230769518e-01 9.201713258318129363e-01
8.983096896893012495e-01 9.006970739820079341e-01 9.163434367829971228e-01 9.199279787777031592e-01
8.972617361097634525e-01 8.998250448603571927e-01 9.154739765728776568e-01 9.196424289867549673e-01
8.974946146829940741e-01 8.998722267021093124e-01 9.168699432435695185e-01 9.211534498760436396e-01
8.976498670651478218e-01 9.003416519227354087e-01 9.166187658495350554e-01 9.209133473687435290e-01
8.963302218168409663e-01 8.996558946430228687e-01 9.154449945658736931e-01 9.200697588213593292e-01
8.962525956257640924e-01 9.000139686194603694e-01 9.155029585798817315e-01 9.206752021375212980e-01
8.965631003900716989e-01 9.004915091188367970e-01 9.166718995290423777e-01 9.222373604345904807e-01
8.963690349123794032e-01 9.005229955452986879e-01 9.164400434730104461e-01 9.225108224972644599e-01
8.961361563391487817e-01 9.004533272471419991e-01 9.153242362033571222e-01 9.216340361176303952e-01
8.964466611034563881e-01 9.008118439919488019e-01 9.158748943364327655e-01 9.224636811845565720e-01
8.962137825302256555e-01 9.001990808839335223e-01 9.157589663084167997e-01 9.229048324881182763e-01
8.961167497913796742e-01 9.002005540374073966e-01 9.156333776113996237e-01 9.232434403001812395e-01
8.965825069378406953e-01 9.013100316402424816e-01 9.160487863784566587e-01 9.237638474602750671e-01
8.964272545556871696e-01 9.016482285006511832e-01 9.158314213259268755e-01 9.234780844337935335e-01
8.960973432436104558e-01 9.014499096555574909e-01 9.162226784204806629e-01 9.236056829102586851e-01
8.959420908614565970e-01 9.008234519883400182e-01 9.169955319405869165e-01 9.243761785712093504e-01
8.951270158551496436e-01 9.000879847958173086e-01 9.167685062190555900e-01 9.243077306703590956e-01
8.944671932309961049e-01 8.999321471223720170e-01 9.168119792295615911e-01 9.243921676752434591e-01
8.939238098934578769e-01 8.991136405514796870e-01 9.170486656200942388e-01 9.244430042665954250e-01
8.926429777406896804e-01 8.979502389629512304e-01 9.161260717304674506e-01 9.234876696361369319e-01
8.923712860719206219e-01 8.969817528477252999e-01 9.174109407076439515e-01 9.250302867264796891e-01
8.921578140464592188e-01 8.974800797709360234e-01 9.169472285955801993e-01 9.247472649381179854e-01
8.913427390401520434e-01 8.970496904865602472e-01 9.156092259388961541e-01 9.235042784012718053e-01
8.902753789128451389e-01 8.966691297990037057e-01 9.161260717304673395e-01 9.239700965331832938e-01
8.910516408236138775e-01 8.964316706881205743e-01 9.168940949160729881e-01 9.248928778638798587e-01
8.904306312949989977e-01 8.951116080810885833e-01 9.168313005675643446e-01 9.246422300772488834e-01
8.893050515243843268e-01 8.950315254684257926e-01 9.165608018355271280e-01 9.243415750646030160e-01
8.896155562886917112e-01 8.961016948315725372e-01 9.168940949160728771e-01 9.248409238636166041e-01
8.899454676007684251e-01 8.959965824128341971e-01 9.170631566235961651e-01 9.251161167353822989e-01
8.892274253333074530e-01 8.951400135868157193e-01 9.175606810771645971e-01 9.256087145816143114e-01
8.882570979448465298e-01 8.945729978258680770e-01 9.182272672382562062e-01 9.261759822063414527e-01
8.884317568747694960e-01 8.952019580760880446e-01 9.175751720806666345e-01 9.257864788457655925e-01
8.877719342506161793e-01 8.948113136789492827e-01 9.176766091051804519e-01 9.262276135098053143e-01
8.869568592443090038e-01 8.947289970780744062e-01 9.187006400193212796e-01 9.274922368195843703e-01
8.865299151933861976e-01 8.941503562450762166e-01 9.181644728897476737e-01 9.269005798287991427e-01
8.871897378175396254e-01 8.945151765123170451e-01 9.179471078372176684e-01 9.266876570917783607e-01
8.871315181742319700e-01 8.950093858270982139e-01 9.187199613573240331e-01 9.277986849705641692e-01
8.854625550660792932e-01 8.938411600073731256e-01 9.184736142977900641e-01 9.278902964468759285e-01
8.837935919579265054e-01 8.928308549142520700e-01 9.180630358652337453e-01 9.277005272679270664e-01
8.842593491043878595e-01 8.933581794569472878e-01 9.179857505132230644e-01 9.274506567737006435e-01
8.847833258941567580e-01 8.934989989020056811e-01 9.177925371331965287e-01 9.272488224057611195e-01
8.831919889770809551e-01 8.924209905672013665e-01 9.185557299843013501e-01 9.281626708794932235e-01
8.814842127733897303e-01 8.911522469094599330e-01 9.181451515517449202e-01 9.281854258673200020e-01
8.816976847988511334e-01 8.915737777540178044e-01 9.177587247916918489e-01 9.280565595952625646e-01
8.820275961109278473e-01 8.924367970672484329e-01 9.179954111822243856e-01 9.281810609295738645e-01
8.817364978943895704e-01 8.915722650947227601e-01 9.174302620456467050e-01 9.276966519205567252e-01
8.810378621746978167e-01 8.909591426296614713e-01 9.173771283661393827e-01 9.278941942021733391e-01
8.799899085951600197e-01 8.904881240872316583e-01 9.182997222557662820e-01 9.289773317670911856e-01
8.800675347862370046e-01 8.904886671157797862e-01 9.165656321700279552e-01 9.275050985531007042e-01
8.801451609773137674e-01 8.905652160446901888e-01 9.162613210964859478e-01 9.272186717847841209e-01
8.795241514486987766e-01 8.905511798755925135e-01 9.179422775027170633e-01 9.287489869732298287e-01
8.801257544295444379e-01 8.904353958427453364e-01 9.168409612365656658e-01 9.279597858658517051e-01
8.806691377670826659e-01 8.916588088877074325e-01 9.161550537374713032e-01 9.273242556821837956e-01
8.803198199072366226e-01 8.909938081049337821e-01 9.169423982610795942e-01 9.281315839951739255e-01
8.801839740728522044e-01 8.908570190860868321e-01 9.168119792295617021e-01 9.282804254304404257e-01
8.790389877544682040e-01 8.895374246517884220e-01 9.161840357444753780e-01 9.278258572324259434e-01
8.803392264550059521e-01 8.909731968747824915e-01 9.168699432435696295e-01 9.283148852473712687e-01
8.807855770536978657e-01 8.914747600196548660e-01 9.162275087549813790e-01 9.278120448392824793e-01
8.798152496652371646e-01 8.908377382324966787e-01 9.161164110614661293e-01 9.280790090158030914e-01
8.790001746589299891e-01 8.898688900910587396e-01 9.163144547759932701e-01 9.284659697172706894e-01
8.797182169263909612e-01 8.904973459283256343e-01 9.158942156744355190e-01 9.282571964975160350e-01
8.802421937161598597e-01 8.912944642596357658e-01 9.158604033329308391e-01 9.282514352397801538e-01
8.802033806206213118e-01 8.915593638068413096e-01 9.158169303224248381e-01 9.284171074906741872e-01
8.792718663276990476e-01 8.902853972812667660e-01 9.155705832628908691e-01 9.283529632957414623e-01
8.788837353723146784e-01 8.904701183358695316e-01 9.157493056394155895e-01 9.284549316354141490e-01
8.802227871683906413e-01 8.915546248620548342e-01 9.159183673469388776e-01 9.286837474652175350e-01
8.802616002639290782e-01 8.917149562934159057e-01 9.157637966429175158e-01 9.287103442455660884e-01
8.794271187098526843e-01 8.913948060770714443e-01 9.162806424344884793e-01 9.290469710709239326e-01
8.795629645442372135e-01 8.911929563159692869e-01 9.161453930684699820e-01 9.290372807074667172e-01
8.795823710920064320e-01 8.914317634662181078e-01 9.158555729984302340e-01 9.288323085744321084e-01
8.786508567990840568e-01 8.911659094243182810e-01 9.159038763434368402e-01 9.287705632430275360e-01
8.793688990665450289e-01 8.913058425409557950e-01 9.160149740369519789e-01 9.293044652377627779e-01
8.793300859710065920e-01 8.906400975609971571e-01 9.163675884555004814e-01 9.294639196052159047e-01
8.786508567990840568e-01 8.913907246517044358e-01 9.162854727689893064e-01 9.289959813839627767e-01
8.792524597799298292e-01 8.914255940928459410e-01 9.156237169423983024e-01 9.285295748419595263e-01
8.785926371557764014e-01 8.905228862156542302e-01 9.157106629634101935e-01 9.288633889669617449e-01
8.773506180985464198e-01 8.891235327201568728e-01 9.164352131385098410e-01 9.297184243454650332e-01
8.783015389392380134e-01 8.900787725849159671e-01 9.158024393189230228e-01 9.289980474901436969e-01
8.793300859710065920e-01 8.915795796804893980e-01 9.158555729984300120e-01 9.285889578004125067e-01
8.781074734615459398e-01 8.908468185993985156e-01 9.158459123294289128e-01 9.286816283504508718e-01
8.772729919074695459e-01 8.893340821451732880e-01 9.152034778408404403e-01 9.286820116335323672e-01
8.773312115507772013e-01 8.897186046096046130e-01 9.161598840719720194e-01 9.292347844324619910e-01
8.784567913213918722e-01 8.911328107725074998e-01 9.157831179809201583e-01 9.287364125819875804e-01
8.787478895379301491e-01 8.914538470355473088e-01 9.151213621543291543e-01 9.282940307283250592e-01
8.779910341749305180e-01 8.905380327526101203e-01 9.156575292839028712e-01 9.287798833111166052e-01
8.767684216654699769e-01 8.894055863659869887e-01 9.160729380509600173e-01 9.293592062799389542e-01
8.767296085699314290e-01 8.892176490715102410e-01 9.152614418548483677e-01 9.288416363077072191e-01
8.776999359583923521e-01 8.904311550252237417e-01 9.154643159038764466e-01 9.288397781835904254e-01
8.786508567990840568e-01 8.914646757026588597e-01 9.162419997584831943e-01 9.291572969326227227e-01
8.785732306080070719e-01 8.909320741807016386e-01 9.164303828040092359e-01 9.294983313189555396e-01
8.766325758310854477e-01 8.892293812754801241e-01 9.157686269774182319e-01 9.292648933481342244e-01
8.768072347610083028e-01 8.898745973984965030e-01 9.157203236324115148e-01 9.291237445789859439e-01
8.765549496400085738e-01 8.896982952513222687e-01 9.155271102523849791e-01 9.286907073057739659e-01
8.774864639329309490e-01 8.908162423607834945e-01 9.160294650404540162e-01 9.289828613108267463e-01
8.773506180985463088e-01 8.900587698115516311e-01 9.163820794590025187e-01 9.295570172365622552e-01
8.762832579712395153e-01 8.890902283504873438e-01 9.155754135973916963e-01 9.289635316140073540e-01
8.760891924935473307e-01 8.896473204844641547e-01 9.149184881053014085e-01 9.283273029618608341e-01
8.759339401113935830e-01 8.899690050938051655e-01 9.152759328583504050e-01 9.284579414152310806e-01
8.760503793980088938e-01 8.900366028051762690e-01 9.151068711508271170e-01 9.284269543319276785e-01
8.765355430922394664e-01 8.895852531233174876e-01 9.148798454292961235e-01 9.284494918651726714e-01
8.761085990413164382e-01 8.898685284609006985e-01 9.151744958338365876e-01 9.285116402388939871e-01
8.749247996273943340e-01 8.895421754602764741e-01 9.143243569617196531e-01 9.279331622875190977e-01
8.761085990413164382e-01 8.904330129214350631e-01 9.145320613452481151e-01 9.281117355389605361e-01
8.765937627355468997e-01 8.905755010172897723e-01 9.148991667672985439e-01 9.282919427852388550e-01
8.759339401113935830e-01 8.905370454946747172e-01 9.146334983697621546e-01 9.280747681441674501e-01
8.759921597547012384e-01 8.909420320058888398e-01 9.140538582296824366e-01 9.276921300734103371e-01
8.755458091560092138e-01 8.911600942335028419e-01 9.138509841806544687e-01 9.275917019862683910e-01
8.756234353470860876e-01 8.912053819906520236e-01 9.141069919091896478e-01 9.277411963442880882e-01
8.753517436783170291e-01 8.903381638769004569e-01 9.140780099021857952e-01 9.277704723468145342e-01
8.752741174872402663e-01 8.908518133375434855e-01 9.140538582296823256e-01 9.277894963694717223e-01
8.746725145063944939e-01 8.911944243736356075e-01 9.135611641106146097e-01 9.274887594703830063e-01
8.748665799840866786e-01 8.916337724127334496e-01 9.124550175099626070e-01 9.266012690498341975e-01
8.744590424809330909e-01 8.909975240354319759e-01 9.124260355029585323e-01 9.265431962618623229e-01
8.749830192707019894e-01 8.916844557071296196e-01 9.126675522279917852e-01 9.266109701671445542e-01
8.753129305827787032e-01 8.924529394869640253e-01 9.125564545344764245e-01 9.267214881150674932e-01
8.733140561625493126e-01 8.914240190577387146e-01 9.120396087429054610e-01 9.262748295713989499e-01
8.729259252071649433e-01 8.904280415870202692e-01 9.113923439198163834e-01 9.256759565263720235e-01
8.737992198567796631e-01 8.910875472044100798e-01 9.115179326168336704e-01 9.257895281684425104e-01
8.745172621242406352e-01 8.925511792228104646e-01 9.115903876343436352e-01 9.255484774848486973e-01
8.738768460478565370e-01 8.924763740658896438e-01 9.122907861369400351e-01 9.260152004896574640e-01
8.731782103281646723e-01 8.912923888982295928e-01 9.110638811737712395e-01 9.252113199461142745e-01
8.726348269906267774e-01 8.912262731989402109e-01 9.105663567202029185e-01 9.247159962617741424e-01
8.731588037803954538e-01 8.916600891709451915e-01 9.110348991667673868e-01 9.250097547202011938e-01
8.737021871179335708e-01 8.924651634932061484e-01 9.114696292718270643e-01 9.251447831856707271e-01
8.722272894874729676e-01 8.918565015110746508e-01 9.109479531457553847e-01 9.246672204131891615e-01
8.720138174620116756e-01 8.910919891467907750e-01 9.099673952421205581e-01 9.243089261197277029e-01
8.717809388887811650e-01 8.914095485196559254e-01 9.107209274242242802e-01 9.247987430304374090e-01
8.717227192454733986e-01 8.915741586223211446e-01 9.103731433401762718e-01 9.241981265300955872e-01
8.716839061499348507e-01 8.910075027269200865e-01 9.101123052771405986e-01 9.242462613997410870e-01
8.721690698441653122e-01 8.913387575762619086e-01 9.104794106991909164e-01 9.247510325140871901e-01
8.714510275767044511e-01 8.912225347808798714e-01 9.092573360705229479e-01 9.237599867118735375e-01
8.717033126977040691e-01 8.914817034370676740e-01 9.101316266151430190e-01 9.241484794750438603e-01
8.714704341244735586e-01 8.912996874037375505e-01 9.098901098901098772e-01 9.244205572883299471e-01
8.718973781753963648e-01 8.914219794853243117e-01 9.089964980074869416e-01 9.237106490465930575e-01
8.729259252071648323e-01 8.924042817927891891e-01 9.092283540635189842e-01 9.238222276988495851e-01
8.720138174620115645e-01 8.915768149258141984e-01 9.097258785170873052e-01 9.242154971963163490e-01
8.705971394748587278e-01 8.904789737654108528e-01 9.089916676729865586e-01 9.235982788236604124e-01
8.730811775893186910e-01 8.920736211328117449e-01 9.088564183069676172e-01 9.235334202357206035e-01
8.738962525956258665e-01 8.929914015693918294e-01 9.091848810530129832e-01 9.235126460668890980e-01
8.721690698441654233e-01 8.917215960068309855e-01 9.081705108078734767e-01 9.230118496229529068e-01
8.712569620990122665e-01 8.911489899809090787e-01 9.080690737833596593e-01 9.229240111754209996e-01
8.721884763919347527e-01 8.917685322692219252e-01 9.086487139234391552e-01 9.232568079315144338e-01
8.733140561625492015e-01 8.925410768714887588e-01 9.074218089602704707e-01 9.225149700919641482e-01
8.729453317549342728e-01 8.921882850300759671e-01 9.076053616712957961e-01 9.223764733379413716e-01
8.728677055638571769e-01 8.923697771736591733e-01 9.085521072334259429e-01 9.226718591654120560e-01
8.728482990160880695e-01 8.922260256184217919e-01 9.074894336432797193e-01 9.224854456102840050e-01
8.723437287740883894e-01 8.918819548652915374e-01 9.069967395242120034e-01 9.220363422536528297e-01
8.734499019969337308e-01 8.927547959999352356e-01 9.082236444873805770e-01 9.226334131396933813e-01
8.733334627103184200e-01 8.925363240786804431e-01 9.073831662842651857e-01 9.220479115457954622e-01
8.743426031943177801e-01 8.936686302060029563e-01 9.062576983456104296e-01 9.212167000201807454e-01
8.739932853344718477e-01 8.933062270555425233e-01 9.077695930443182570e-01 9.224783512219880688e-01
8.728871121116265064e-01 8.923666236342058244e-01 9.076343436782997598e-01 9.224669377418056593e-01
8.726542335383958848e-01 8.920151207681060734e-01 9.062142253351044285e-01 9.214115871886190412e-01
8.738962525956257554e-01 8.934379881591101302e-01 9.073928269532666180e-01 9.220024616974454856e-01
8.739544722389334108e-01 8.938280471042401309e-01 9.065281970776475351e-01 9.215948252878077840e-01
8.737021871179335708e-01 8.928826640630095346e-01 9.060838063035865364e-01 9.215550168695884059e-01
8.741485377166254844e-01 8.928973362257560664e-01 9.079096727448374704e-01 9.226682295092953900e-01
8.740709115255487216e-01 8.930541121858823761e-01 9.068083564786860729e-01 9.219214206170385228e-01
8.745560752197791832e-01 8.939521688816709499e-01 9.058181379060498140e-01 9.211774744315219809e-01
8.749053930796251155e-01 8.941728494127679783e-01 9.075860403332931536e-01 9.222289752653062278e-01
8.747889537930098047e-01 8.935063489377186308e-01 9.065330274121483622e-01 9.219224841614728216e-01
8.744396359331638724e-01 8.935536124869979391e-01 9.055476391740128195e-01 9.213448684584596426e-01
8.756040287993168691e-01 8.944432975867162572e-01 9.073493539427605059e-01 9.221153660515033490e-01
8.757010615381629615e-01 8.947918177645775017e-01 9.062383770076077871e-01 9.214966495434031568e-01
8.750412389140096447e-01 8.938065896522737752e-01 9.061031276415890678e-01 9.216367714482630591e-01
8.751188651050865186e-01 8.944407275070592744e-01 9.074024876222679392e-01 9.223209136774730421e-01
8.745366686720099647e-01 8.939938906235618266e-01 9.065281970776476461e-01 9.217952701707817775e-01
8.751576782006248445e-01 8.936321000235747380e-01 9.058422895785532836e-01 9.213961744778645935e-01
8.759921597547012384e-01 8.944113263284744209e-01 9.074169786257697545e-01 9.224554354143725821e-01
8.764773234489317000e-01 8.950915493056478267e-01 9.075812099987924375e-01 9.224535628099240769e-01
8.750994585573171891e-01 8.941790364294184279e-01 9.061369399830938587e-01 9.216503438177915397e-01
8.743037900987793432e-01 8.940310686665099427e-01 9.059968602825745343e-01 9.217672149622162525e-01
8.750412389140095337e-01 8.942890058065868786e-01 9.069146238377008284e-01 9.221461728005785341e-01
8.749636127229326599e-01 8.941159777419196431e-01 9.061562613210965011e-01 9.215846223398064252e-01
8.753905567738554661e-01 8.939581162457739261e-01 9.064895544016422502e-01 9.217733572671933384e-01
8.740709115255486106e-01 8.934419687219796735e-01 9.059968602825746453e-01 9.215329521688595538e-01
8.730035513982418172e-01 8.936017150086595917e-01 9.049100350199250631e-01 9.209279284247122721e-01
8.745560752197791832e-01 8.942811120740931097e-01 9.066489554401643280e-01 9.218560186554768388e-01
8.746531079586252755e-01 8.934422203752105940e-01 9.061852433281004648e-01 9.215389135809448629e-01
8.736051543790873675e-01 8.932074718206995945e-01 9.053930684699913467e-01 9.212063061143237475e-01
8.741485377166254844e-01 8.940409468251342417e-01 9.065040454051441765e-01 9.216284376510931464e-01
8.744396359331638724e-01 8.940455223505563431e-01 9.062673590146117508e-01 9.214736538492143136e-01
8.742843835510101247e-01 8.941262393886441062e-01 9.053544257939861728e-01 9.213331492895107111e-01
8.748471734363173491e-01 8.934493360258366490e-01 9.064605723946382865e-01 9.215521517183317135e-01
8.756622484426245245e-01 8.946614992839536651e-01 9.058761019200579634e-01 9.211373043489704537e-01
8.754681829649324509e-01 8.945518371806048252e-01 9.056297548605241055e-01 9.210450421450154801e-01
8.741485377166255955e-01 8.929841208283659792e-01 9.065958217606568947e-01 9.214498088290332678e-01
8.744202293853946539e-01 8.946092877096666340e-01 9.070402125347180045e-01 9.217638068236579940e-01
8.731976168759338908e-01 8.936074685826040920e-01 9.061949039971017861e-01 9.213921085072902528e-01
8.743814162898562170e-01 8.931802408295840268e-01 9.061127883105905001e-01 9.213905413507049724e-01
8.749442061751634414e-01 8.946377487621990365e-01 9.068373384856902586e-01 9.217155937749357264e-01
8.743620097420869985e-01 8.944910920133553045e-01 9.066344644366621797e-01 9.216553999858860813e-01
8.735469347357798231e-01 8.939857430313662423e-01 9.068518294891920739e-01 9.217233120196035578e-01
8.726348269906266664e-01 8.932171456449167213e-01 9.069484361792053972e-01 9.220072048765080019e-01
8.728094859205496325e-01 8.923068906848824478e-01 9.062383770076077871e-01 9.213152035780410865e-01
8.739932853344718477e-01 8.937633232893471558e-01 9.064267600531337177e-01 9.214386380458607917e-01
8.737021871179335708e-01 8.943869141814909662e-01 9.062142253351043175e-01 9.213255585613083776e-01
8.731199906848570169e-01 8.928959046793061294e-01 9.059388962685664959e-01 9.210532281349558259e-01
8.731782103281646723e-01 8.933684298140609492e-01 9.060258422895784980e-01 9.211951482508570210e-01
8.731199906848570169e-01 8.938176511641885424e-01 9.057118705470352804e-01 9.211581030179690766e-01
8.729259252071649433e-01 8.927167382107277227e-01 9.062673590146117508e-01 9.214738311353555256e-01
8.724989811562421371e-01 8.930281510308881732e-01 9.054655234875015335e-01 9.206780122351252427e-01
8.725572007995497925e-01 8.931296453157289150e-01 9.056152638570219571e-01 9.206860056273523663e-01
8.729647383027033802e-01 8.939012748177331824e-01 9.054027291389927790e-01 9.207875404680957443e-01
8.718003454365501614e-01 8.927089361920867994e-01 9.046347059533871304e-01 9.202773241485001643e-01
8.715868734110887583e-01 8.917609995749870011e-01 9.054075594734934951e-01 9.202873097277670666e-01
8.711793359079352816e-01 8.923399656821793258e-01 9.053785774664895314e-01 9.203112537745786748e-01
8.712957751945505924e-01 8.924967485715412652e-01 9.047747856539065658e-01 9.203505540193567258e-01
8.717615323410117245e-01 8.931178958842285187e-01 9.053834078009902475e-01 9.205980915949889543e-01
8.717809388887809430e-01 8.926825156314688314e-01 9.054365414804974588e-01 9.204592339280698310e-01
8.706747656659354906e-01 8.917282370698402794e-01 9.054027291389930010e-01 9.206149397976577387e-01
8.712375555512429370e-01 8.922979517984030995e-01 9.062045646661032183e-01 9.212953950384682456e-01
8.718779716276270353e-01 8.928155852653535396e-01 9.063881173771284328e-01 9.214675654224258050e-01
8.714704341244736696e-01 8.930603887279133790e-01 9.055524695085135356e-01 9.208491341458240331e-01
8.710628966213199709e-01 8.927116218570256834e-01 9.059485569375678171e-01 9.210246330825799799e-01
8.719944109142424571e-01 8.924581726912828028e-01 9.064026083806303591e-01 9.212425263620352966e-01
8.720914436530885494e-01 8.923679005536402364e-01 9.058761019200579634e-01 9.210645917115918291e-01
8.711793359079353927e-01 8.919112650165990086e-01 9.054123898079942112e-01 9.209721374464339139e-01
8.709658638824739896e-01 8.929107150059784059e-01 9.064315903876343228e-01 9.210405973016498882e-01
8.710046769780124265e-01 8.922882861720157210e-01 9.055283178360100660e-01 9.206479527065742907e-01
8.717421257932427281e-01 8.922185874934450700e-01 9.055089964980075345e-01 9.208079981441630313e-01
8.722855091307808451e-01 8.930326519880120717e-01 9.059292355995652857e-01 9.211419498043742493e-01
8.717227192454735096e-01 8.925985078894762559e-01 9.054896751600048921e-01 9.208008389184291209e-01
8.709270507869354416e-01 8.920008498444760292e-01 9.047699553194059607e-01 9.202091187819294582e-01
8.713151817423198109e-01 8.932385490195452471e-01 9.055814515155174993e-01 9.205600010850274462e-01
8.706553591181664942e-01 8.921017757653075808e-01 9.054703538220022496e-01 9.206747653858140534e-01
8.713928079333966847e-01 8.927894163601921562e-01 9.049728293684338176e-01 9.204227925696262247e-01
8.721884763919346417e-01 8.929271000019536331e-01 9.048858833474218155e-01 9.201813164359824437e-01
8.715092472200119955e-01 8.927863662388586530e-01 9.051563820794589210e-01 9.204125750517384574e-01
8.698790972073977557e-01 8.923114016299278362e-01 9.049100350199250631e-01 9.202874352815527681e-01
8.708300180480894603e-01 8.922372799222652029e-01 9.050066417099384974e-01 9.201407557842232743e-01
8.720138174620116756e-01 8.929468937976335896e-01 9.050307933824417450e-01 9.201368367138273996e-01
8.717809388887811650e-01 8.932076321186321888e-01 9.048713923439197782e-01 9.203064338903734765e-01
8.705777329270896203e-01 8.925675515235226287e-01 9.056104335225214630e-01 9.207701167296358236e-01
8.700343495895515034e-01 8.913925090651941829e-01 9.055814515155173883e-01 9.205679834282008978e-01
8.709270507869354416e-01 8.920155018893488608e-01 9.046202149498853151e-01 9.200692581581205731e-01
8.710823031690893004e-01 8.929383027480435331e-01 9.052578191039729605e-01 9.204179080267520519e-01
8.707135787614740385e-01 8.916546399885429963e-01 9.057988165680472825e-01 9.208538430763913984e-01
