6.776572415533000937e-01 6.743587677603573027e-01 5.973264098538824118e-01 6.099701391636346282e-01
7.163733043528888178e-01 7.301539394563864027e-01 6.369713802680835313e-01 6.779805243447286633e-01
7.290651865939569154e-01 7.519568662281821414e-01 6.597705591112184020e-01 7.030175168398503649e-01
7.466475188728677326e-01 7.699611766992806583e-01 6.825697379543532728e-01 7.274451587000528852e-01
7.636088416231635589e-01 7.870567089450940523e-01 7.035333896872357773e-01 7.475750534837188876e-01
7.950668555570648000e-01 8.196743498393831429e-01 7.365873686752808513e-01 7.795520423820500033e-01
8.173067593005880482e-01 8.401431423573846313e-01 7.671150827194784805e-01 8.003682339254627465e-01
8.158706747656658820e-01 8.374319595765725710e-01 7.863736263736263998e-01 8.054360215527557321e-01
8.279027343825806629e-01 8.463288204132681791e-01 8.134669725878516111e-01 8.275719267364867182e-01
8.229152516058917399e-01 8.396296285605493459e-01 8.177852916314455323e-01 8.339145742348612611e-01
8.372955035028819548e-01 8.531828603326061522e-01 8.350150947953146607e-01 8.470799525384569151e-01
8.515010964699488705e-01 8.655896637359736800e-01 8.489264581572273372e-01 8.558578801320770868e-01
8.536746298201012273e-01 8.655958217242301078e-01 8.575389445719114878e-01 8.640594178636278322e-01
8.558481631702536951e-01 8.644071093821763530e-01 8.623692790725758783e-01 8.696047257253269880e-01
8.621552911952492515e-01 8.680050927849594089e-01 8.699625649076199174e-01 8.763797475253687352e-01
8.658425352714005374e-01 8.692583870750070218e-01 8.744982490037436218e-01 8.803791015728219538e-01
8.684041995769372635e-01 8.688742673778960812e-01 8.791691824658857124e-01 8.850158260805326416e-01
8.710823031690891893e-01 8.690315949539207940e-01 8.827967636758845549e-01 8.889632892275614040e-01
8.735275281880106046e-01 8.715014072360893760e-01 8.875594734935394747e-01 8.950284112179625051e-01
8.759339401113934720e-01 8.757674278275118240e-01 8.937374713198888987e-01 9.016573698157756001e-01
8.771371460730850167e-01 8.788580792799380870e-01 8.991571066296341064e-01 9.064525983292355260e-01
8.755458091560093248e-01 8.782084861907282214e-01 9.029779012196594845e-01 9.096225409374313342e-01
8.736827805701643523e-01 8.771540732657311379e-01 9.047216519743991325e-01 9.113499389818021656e-01
8.731976168759338908e-01 8.758211544904395129e-01 9.060644849655838939e-01 9.124532690524616019e-01
8.742067573599332508e-01 8.768639979335730583e-01 9.078420480618283328e-01 9.137256238530269137e-01
8.756428418948553061e-01 8.793228311764654803e-01 9.093249607535323076e-01 9.143494748305344144e-01
8.770983329775465798e-01 8.811980789624931365e-01 9.103731433401762718e-01 9.145863408124906835e-01
8.778940014360845367e-01 8.824410459062143053e-01 9.105808477237047338e-01 9.138357707593279811e-01
8.771565526208543462e-01 8.808355868849554460e-01 9.097451998550899477e-01 9.123543253827497423e-01
8.770789264297773613e-01 8.812778395465203918e-01 9.084989735539186206e-01 9.106614996573315635e-01
8.783985716780841058e-01 8.825480889708674503e-01 9.083202511773940113e-01 9.102033960100349708e-01
8.777193425061616816e-01 8.819121427185068196e-01 9.076778166888056498e-01 9.098669347600647495e-01
8.778940014360846478e-01 8.802151606596224642e-01 9.067117497886729716e-01 9.093608279773912617e-01
8.777775621494692260e-01 8.796745952733941998e-01 9.051901944209637119e-01 9.081437005497684511e-01
8.777387490539309001e-01 8.813676733762882964e-01 9.042579398623354914e-01 9.074904973697643928e-01
8.781074734615459398e-01 8.827897401160498259e-01 9.038425310952782343e-01 9.073562532830541372e-01
8.788837353723146784e-01 8.835192276759140650e-01 9.036589783842531309e-01 9.074489293158902736e-01
8.790583943022376445e-01 8.837716687175144470e-01 9.037459244052651330e-01 9.079311662892735058e-01
8.795241514486987766e-01 8.845729280360413727e-01 9.036348267117498834e-01 9.081216664589406573e-01
8.801257544295446600e-01 8.866711011780672447e-01 9.038328704262771351e-01 9.087769838447790072e-01
8.812125211046206719e-01 8.886344535909788123e-01 9.038908344402849515e-01 9.092856663134367690e-01
8.824351336140814350e-01 8.892265751313741529e-01 9.044511532423620270e-01 9.095408629686939639e-01
8.839876574356188010e-01 8.895876521952372773e-01 9.046540272913899949e-01 9.097619188683151448e-01
8.863552562634632315e-01 8.926512089095463010e-01 9.053012921144789615e-01 9.104533429187822158e-01
8.881018455626928931e-01 8.951306650383260566e-01 9.055428088395121033e-01 9.108201944190725818e-01
8.880242193716159083e-01 8.948562219807331131e-01 9.054027291389930010e-01 9.107920800349613710e-01
8.874032098430010285e-01 8.936206512774695909e-01 9.055089964980074235e-01 9.111165379627577110e-01
8.883541306836926221e-01 8.946292393970152190e-01 9.057650042265427137e-01 9.115663055897685885e-01
8.889945467600768314e-01 8.960064743132295506e-01 9.061369399830938587e-01 9.120914067591580077e-01
8.883735372314619516e-01 8.950904483341239892e-01 9.060016906170751394e-01 9.120384983407091584e-01
8.874614294863086839e-01 8.929852830770486083e-01 9.058374592440526785e-01 9.123732869848893978e-01
8.857924663781560071e-01 8.908056341934653677e-01 9.061272793140924264e-01 9.130892712490767948e-01
8.852878961361563270e-01 8.911225970507150596e-01 9.063108320251178629e-01 9.136759713076975098e-01
8.855207747093870596e-01 8.920012593563904080e-01 9.065668397536530421e-01 9.139851141841823789e-01
8.853849288750025304e-01 8.903306000093265116e-01 9.059678782755706816e-01 9.138081074579181839e-01
8.842399425566186411e-01 8.877792743354736560e-01 9.053785774664895314e-01 9.139028798706837486e-01
8.834248675503115766e-01 8.868557361996654009e-01 9.053978988044922849e-01 9.144015226411061903e-01
8.825127598051581979e-01 8.862010313395273231e-01 9.053785774664896424e-01 9.150258620550618671e-01
8.818529371810048811e-01 8.849105942265329539e-01 9.055186571670089668e-01 9.155213530213879292e-01
8.812707407479283273e-01 8.841814399410168335e-01 9.056539065330273530e-01 9.159150644502145333e-01
8.806497312193134475e-01 8.839793847476477007e-01 9.050839270619490673e-01 9.158594968818575266e-01
8.806497312193134475e-01 8.846126667068703320e-01 9.045912329428813514e-01 9.156595983934864291e-01
8.799705020473908013e-01 8.834973763961680993e-01 9.042531095278347752e-01 9.156547485000179343e-01
8.795435579964679951e-01 8.835217371601793435e-01 9.037942277502717392e-01 9.155619438967667056e-01
8.794659318053911212e-01 8.833637339541506872e-01 9.035720323632411288e-01 9.152471496606473522e-01
8.797764365696987277e-01 8.839689814937834456e-01 9.028909551986474824e-01 9.144746694952505806e-01
8.790778008500067520e-01 8.835975412264831519e-01 9.022919937205651220e-01 9.137831221974062057e-01
8.779716276271614106e-01 8.822869939293120911e-01 9.024224127520831251e-01 9.140583624936142737e-01
8.776417163150848078e-01 8.821684336932471560e-01 9.024127520830815818e-01 9.140662469038536297e-01
8.766907954743931031e-01 8.812757460237486962e-01 9.023499577345731604e-01 9.139132353000180009e-01
8.771371460730852387e-01 8.822533470179103610e-01 9.020311556575292267e-01 9.134518346647650944e-01
8.773894311940848567e-01 8.821957084077992617e-01 9.020408163265306589e-01 9.135244799044656139e-01
8.766713889266238846e-01 8.818329928539445639e-01 9.019925129815240528e-01 9.134604103748531490e-01
8.758369073725476017e-01 8.808870726537247897e-01 9.022291993720565895e-01 9.137745677059488925e-01
8.755846222515476507e-01 8.802417352831117814e-01 9.022098780340538360e-01 9.138485224096613013e-01
8.765743561877779033e-01 8.813296522893216967e-01 9.016398985629755503e-01 9.135878494243405701e-01
8.771759591686235646e-01 8.818811544683362591e-01 9.013066054824296902e-01 9.134365535974642292e-01
8.779522210793921921e-01 8.827708416173238870e-01 9.012293201304190093e-01 9.131791563757125640e-01
8.776611228628539152e-01 8.812255631015702972e-01 9.004371452723101132e-01 9.128955233823397020e-01
8.782239127481612506e-01 8.825414546675025562e-01 9.002487622267841827e-01 9.128653214498250179e-01
8.787672960856993676e-01 8.836700736597783434e-01 9.003308779132955797e-01 9.131322322225867705e-01
8.795435579964679951e-01 8.855264263261474200e-01 8.997850501147205415e-01 9.127790178550007072e-01
8.812319276523897793e-01 8.880303161744594886e-01 8.993648110131626794e-01 9.127723682945346750e-01
8.817559044421586778e-01 8.891045165297021269e-01 8.990701606086222153e-01 9.126253993076142157e-01
8.830173300471579889e-01 8.898756011919211062e-01 8.988866078975968898e-01 9.127996097359739602e-01
8.831143627860039702e-01 8.889433160229947006e-01 8.987755102040815292e-01 9.127939025675567697e-01
8.840458770789264564e-01 8.904706433056330805e-01 8.989107595701003595e-01 9.130112004754488142e-01
8.847639193463875396e-01 8.918838713661285666e-01 8.987610192005797138e-01 9.131610475271410010e-01
8.847445127986182101e-01 8.902688135815968185e-01 8.990266875981161032e-01 9.134894634270364078e-01
8.846668866075413362e-01 8.896392267005319709e-01 8.993068469991545300e-01 9.135757761571511315e-01
8.857148401870791332e-01 8.903984877963239120e-01 8.989735539186087809e-01 9.135649833643862960e-01
8.858894991170020994e-01 8.906188923521070056e-01 8.983552711025237780e-01 9.132609986914899114e-01
8.858506860214635514e-01 8.917346773302867735e-01 8.984373867890351750e-01 9.133466224830558700e-01
8.857148401870791332e-01 8.903895852682565115e-01 8.986161091655597843e-01 9.134230652282825380e-01
8.854237419705408563e-01 8.897666002691750897e-01 8.977466489554400964e-01 9.128326423575598980e-01
8.854625550660791822e-01 8.899169701670441857e-01 8.973795435333897785e-01 9.126179772389685363e-01
8.860641580469250655e-01 8.918312061847903927e-01 8.978239343074507772e-01 9.129043209819680538e-01
8.860253449513865176e-01 8.913869571081147747e-01 8.978963893249607420e-01 9.129835437683497812e-01
8.863746628112324499e-01 8.923164954380651270e-01 8.979978263494745594e-01 9.130790471861814916e-01
8.862776300723864686e-01 8.922606107364431383e-01 8.980896027049871666e-01 9.131265165812858520e-01
8.855207747093868376e-01 8.926015419807297180e-01 8.981379060499939948e-01 9.132435643868126451e-01
8.843757883910030593e-01 8.917859425049161626e-01 8.983552711025237780e-01 9.134408346992184402e-01
8.846668866075413362e-01 8.921519812230570556e-01 8.987030551865716754e-01 9.138620958353653734e-01
8.842205360088494226e-01 8.924370417514944087e-01 8.988962685665983221e-01 9.140323907409759752e-01
8.825321663529275273e-01 8.906138175936479939e-01 8.987465281970775655e-01 9.139447019831725694e-01
8.826680121873121676e-01 8.901826281962188503e-01 8.988576258905929262e-01 9.140530159779981512e-01
8.831531758815424071e-01 8.913251446027677938e-01 8.992295616471441821e-01 9.141302126255805849e-01
8.828038580216965858e-01 8.901189804803690819e-01 8.993986233546673592e-01 9.140930625948423538e-01
8.819499699198509735e-01 8.890434065127374996e-01 8.997415771042144295e-01 9.142052293059438339e-01
8.815230258689281673e-01 8.896813677085635419e-01 8.998140321217243942e-01 9.140671785835366991e-01
8.821440353975431581e-01 8.904585211737497952e-01 9.000362275087548936e-01 9.144282162280756854e-01
8.806303246715441180e-01 8.903822504708946983e-01 8.994855693756793613e-01 9.139537193537408122e-01
8.799899085951599087e-01 8.892071129817615827e-01 8.995387030551865726e-01 9.141377857937890150e-01
8.807661705059286472e-01 8.895277312211514742e-01 8.997125950972104658e-01 9.142194410783442970e-01
8.809020163403130654e-01 8.903338894117724944e-01 9.001183431952661795e-01 9.142764806467003069e-01
8.803780395505442780e-01 8.894059255364519245e-01 8.997802197802197144e-01 9.139676706521443483e-01
8.805526984804673551e-01 8.893310894817587631e-01 8.998864871392344700e-01 9.140267630974301394e-01
8.822022550408507024e-01 8.916627978064378679e-01 9.002391015577828615e-01 9.144761952705142694e-01
8.817753109899278963e-01 8.921149479432768370e-01 9.003501992512981111e-01 9.143741049661238129e-01
8.821634419453123765e-01 8.913823351625037583e-01 8.994469266996740764e-01 9.139862038015618140e-01
8.812125211046206719e-01 8.908390054207130371e-01 8.994276053616712119e-01 9.136736084896589505e-01
8.822798812319276873e-01 8.923060179964497074e-01 8.994420963651731382e-01 9.132567986482550415e-01
8.824351336140814350e-01 8.927581503429088405e-01 8.995531940586884989e-01 9.135942041904496769e-01
8.818723437287740996e-01 8.915406407612672668e-01 8.992343919816447873e-01 9.136886369617743808e-01
8.817753109899278963e-01 8.916381629139226161e-01 8.990798212776234255e-01 9.135639819658214478e-01
8.809214228880825059e-01 8.914152080849263582e-01 8.986547518415650693e-01 9.133357198559578505e-01
8.795435579964681061e-01 8.900038167703450132e-01 8.984035744475304952e-01 9.131264734630860636e-01
8.798346562130062720e-01 8.903532903002956411e-01 8.984567081270378175e-01 9.135446738548280710e-01
8.796405907353139764e-01 8.905291437827038692e-01 8.988334742180896786e-01 9.139790092356587792e-01
8.788643288245454599e-01 8.894776371895027900e-01 8.989542325806061385e-01 9.140496795323826973e-01
8.781268800093151583e-01 8.884209675200900325e-01 8.988044922110856039e-01 9.138604196779942512e-01
8.782045062003920322e-01 8.883042246983635648e-01 8.987706798695810351e-01 9.140202159106682878e-01
8.789807681111607707e-01 8.893199369728586046e-01 8.981813790604998848e-01 9.139430380566848644e-01
8.778551883405460998e-01 8.887674314552753696e-01 8.985146721410457449e-01 9.140885311687171333e-01
8.776611228628540262e-01 8.879776381162139964e-01 8.986499215070644642e-01 9.139602220755638218e-01
8.780492538182382845e-01 8.892534078896644489e-01 8.988817775630961737e-01 9.143641060851102065e-01
8.785150109646994165e-01 8.893671505070122052e-01 8.987127158555731077e-01 9.146115034895836438e-01
8.775834966717770413e-01 8.885514805340799516e-01 8.984905204685424973e-01 9.145107865417338999e-01
8.770013002387003764e-01 8.876943165095915189e-01 8.985822968240551045e-01 9.144635682059932824e-01
8.768460478565467398e-01 8.875853795366679400e-01 8.985291631445476712e-01 9.142941696201126733e-01
8.775058704807000565e-01 8.885756615598098263e-01 8.989349112426034960e-01 9.149310786658154671e-01
8.781074734615458288e-01 8.894816811324185446e-01 8.994082840236687915e-01 9.154736237873646321e-01
8.779522210793920811e-01 8.886534346424868058e-01 8.988093225455862090e-01 9.152100609030671130e-01
8.770789264297774723e-01 8.877697024884630972e-01 8.984856901340417812e-01 9.146312153851720028e-01
8.770983329775465798e-01 8.875694503736087926e-01 8.984953508030431024e-01 9.148221693393192577e-01
8.780104407226997365e-01 8.885814504559209626e-01 8.986209395000603894e-01 9.152709251822096492e-01
8.791360204933144074e-01 8.901894449608416249e-01 8.987610192005797138e-01 9.153342265318573645e-01
8.782627258436996875e-01 8.893686675444196776e-01 8.989107595701003595e-01 9.154654881472694683e-01
8.783015389392380134e-01 8.887143028176885950e-01 8.982634947470111708e-01 9.150213928933009777e-01
8.785150109646994165e-01 8.884658223983497027e-01 8.983649317715252103e-01 9.151378454122266470e-01
8.786896698946223827e-01 8.892302920518168063e-01 8.993986233546673592e-01 9.160278707332243364e-01
8.795435579964678841e-01 8.901371749767574837e-01 8.991474459606327851e-01 9.159550786451529092e-01
8.802227871683906413e-01 8.905278158930440835e-01 8.988576258905929262e-01 9.158551362934563844e-01
8.801645675250828749e-01 8.901162599683448695e-01 8.996691220867043537e-01 9.163473553284049444e-01
8.803004133594675151e-01 8.899710738161805690e-01 8.991909189711388972e-01 9.161012376409096714e-01
8.806691377670825549e-01 8.901143242677934664e-01 8.989494022461055334e-01 9.160902233387664406e-01
8.812707407479282162e-01 8.903790208562319952e-01 8.996014974036952161e-01 9.163615935442852578e-01
8.816394651555433670e-01 8.900436627685691660e-01 8.996111580726965373e-01 9.163787050809280021e-01
8.819887830153892994e-01 8.906519501100857994e-01 8.992247313126432440e-01 9.161519200333367863e-01
8.824157270663121055e-01 8.910678770711477625e-01 8.987996618765849988e-01 9.159540229551109691e-01
8.817364978943895704e-01 8.897955230629926993e-01 8.985726361550536723e-01 9.159586660102128075e-01
8.820081895631586288e-01 8.894440024449975501e-01 8.983697621060258154e-01 9.156416636186359703e-01
8.833860544547729177e-01 8.911201491700121435e-01 8.985098418065451398e-01 9.157569728657040109e-01
8.845504473209261365e-01 8.918812434994829452e-01 8.985919574930563147e-01 9.159683888994295531e-01
8.833666479070038102e-01 8.906021488469795244e-01 8.980412993599806715e-01 9.156884584418388817e-01
8.836577461235421982e-01 8.913601655267751056e-01 8.975534355754135607e-01 9.155180468548461681e-01
8.837353723146189610e-01 8.907329473724940883e-01 8.971138751358531671e-01 9.152104477970900431e-01
8.842205360088493116e-01 8.910069735003323110e-01 8.971235358048543773e-01 9.153351460729691746e-01
8.847445127986182101e-01 8.915138172220717916e-01 8.970607414563458448e-01 9.153277313350876021e-01
8.839488443400803641e-01 8.901347707354265726e-01 8.964327979712595207e-01 9.148183038918060728e-01
8.828620776650040192e-01 8.893746982736032702e-01 8.964134766332569892e-01 9.147469376193595458e-01
8.844534145820799331e-01 8.907316712141960524e-01 8.963555126192489508e-01 9.147701619171676457e-01
8.854043354227716378e-01 8.921661837537885331e-01 8.963120396087429498e-01 9.148284729872191434e-01
8.835024937413882284e-01 8.899712854360168901e-01 8.963361912812461973e-01 9.147623466297548633e-01
8.824157270663121055e-01 8.887636618897400975e-01 8.952783480256008009e-01 9.140394506386644302e-01
8.845698538686952439e-01 8.904655911596117690e-01 8.953556333776113707e-01 9.139563103581708203e-01
8.845116342253875885e-01 8.907932162089272632e-01 8.959352735176910887e-01 9.144736359542235959e-01
8.832113955248501735e-01 8.901229067677672857e-01 8.958676488346819511e-01 9.144882723390521662e-01
8.843951949387722777e-01 8.912857778683541676e-01 8.958096848206739127e-01 9.144176660611522678e-01
8.844340080343107147e-01 8.903746305646024206e-01 8.952590266875981584e-01 9.140019826686930360e-01
8.831531758815425182e-01 8.892913773832133995e-01 8.952928390291028382e-01 9.142340322146815801e-01
8.829008907605424561e-01 8.900158753370458475e-01 8.959207825141891623e-01 9.145081464915538749e-01
8.846086669642336808e-01 8.913015003912302392e-01 8.960367105422050171e-01 9.144410258037405370e-01
8.836577461235419761e-01 8.894797669764604731e-01 8.946214225335104020e-01 9.133368243807331588e-01
8.824933532573889794e-01 8.887331955464321531e-01 8.948387875860402962e-01 9.136557870886282684e-01
8.833278348114652623e-01 8.902236904006293194e-01 8.957179084651611944e-01 9.144223101464180603e-01
8.834248675503114656e-01 8.901063408341904903e-01 8.957613814756671955e-01 9.142840941801750887e-01
8.818917502765433181e-01 8.881681014507550875e-01 8.949015819345489398e-01 9.133094727937046686e-01
8.820275961109277363e-01 8.882112996462545595e-01 8.951962323390896259e-01 9.136627132943343499e-01
8.837353723146188500e-01 8.904305381097032956e-01 8.953604637121120868e-01 9.139904670876206616e-01
8.828232645694656933e-01 8.894467260292037158e-01 8.953846153846152234e-01 9.141709670282152089e-01
8.822798812319275763e-01 8.888442656745334514e-01 8.953218210361066909e-01 9.139294024215081080e-01
8.828038580216963638e-01 8.894515195520790174e-01 8.954377490641226567e-01 9.138784874803576042e-01
8.822410681363891394e-01 8.895077828981766688e-01 8.953556333776114817e-01 9.140115661447566486e-01
8.825709794484658532e-01 8.900917917701832716e-01 8.956937567926579469e-01 9.143543579080293249e-01
8.833472413592345918e-01 8.900022716256502653e-01 8.950416616350682641e-01 9.138991005085894681e-01
8.821440353975430471e-01 8.880827666920940722e-01 8.944765124984904725e-01 9.135645883363296971e-01
8.813483669390052011e-01 8.887182705554123041e-01 8.947759932375316527e-01 9.137231465229717076e-01
8.829397038560811151e-01 8.906067733720146595e-01 8.963844946262529145e-01 9.144574904141866689e-01
8.837353723146189610e-01 8.908343476787172754e-01 8.963168699432435549e-01 9.141848354415162969e-01
