5.332531196025538378e-01 5.653402722362560473e-01 5.551213621543291676e-01 5.685283914576415576e-01
5.941508665023578217e-01 6.452781588410947400e-01 6.781789638932496089e-01 7.022956378954778867e-01
5.953928855595878034e-01 6.479010915857041919e-01 6.757010022944088812e-01 7.027628393684023367e-01
6.022045838265830398e-01 6.580266959154256190e-01 6.788793623958458978e-01 7.093138141587657097e-01
6.023986493042753354e-01 6.613450908872102740e-01 6.802994807390412291e-01 7.149925817252745786e-01
6.058336082594267813e-01 6.677796287854971258e-01 6.780147325202270370e-01 7.174649064839662138e-01
6.066292767179646273e-01 6.697785222617168577e-01 6.773143340176306371e-01 7.200106045078539241e-01
6.096566981699625964e-01 6.729810837664595979e-01 6.768119792295617110e-01 7.215374256719637724e-01
6.098119505521162331e-01 6.745120977274090546e-01 6.772418790001206723e-01 7.233430500306260447e-01
6.115003202080382394e-01 6.771120839264282987e-01 6.755802439318923103e-01 7.237807810213059412e-01
6.125094606920374884e-01 6.794027255378830565e-01 6.724067141649560098e-01 7.242642038912260327e-01
6.134409749849598636e-01 6.811585424905670649e-01 6.686728655959425227e-01 7.244878950452539046e-01
6.145083351122668791e-01 6.838774584520508348e-01 6.630696775751721006e-01 7.234632392371782572e-01
6.142754565390362576e-01 6.850200683684749547e-01 6.600603791812582610e-01 7.235098268591029225e-01
6.137514797492673591e-01 6.861609647387183486e-01 6.565535563337761005e-01 7.227456360333543994e-01
6.135768208193443929e-01 6.877662144919974851e-01 6.527907257577587607e-01 7.216978366821732438e-01
6.148382464243435930e-01 6.907445651584176449e-01 6.488298514672141692e-01 7.211115127731846375e-01
6.158473869083429530e-01 6.922116462572056594e-01 6.442893370365897487e-01 7.201864160203076404e-01
6.182537988317258204e-01 6.943854309015106141e-01 6.401932133800265490e-01 7.189231608964943288e-01
6.173416910865725526e-01 6.941211000844420553e-01 6.374157710421446410e-01 7.182000107609521899e-01
6.161967047681888854e-01 6.938834745695374728e-01 6.357782876464195265e-01 7.178903200242627847e-01
6.147218071377282822e-01 6.937570077736785468e-01 6.342422412752082295e-01 7.174898256206621028e-01
6.135962273671136114e-01 6.939793191183940557e-01 6.319333413838907898e-01 7.168816469454908358e-01
6.126258999786527992e-01 6.941350147373862578e-01 6.297790121965947119e-01 7.162804727238030189e-01
6.120631100933454638e-01 6.942413034648124981e-01 6.285231252264219526e-01 7.163277164403898389e-01
6.109957499660384483e-01 6.940869223618656436e-01 6.269387755102040494e-01 7.159610696179604661e-01
6.097343243610393593e-01 6.936903820588047331e-01 6.251901944209636852e-01 7.154482571738564056e-01
6.082206136350405412e-01 6.934145921816414759e-01 6.229344282091535678e-01 7.147788803395369595e-01
6.074249451765025842e-01 6.940783769550831206e-01 6.209781427363845197e-01 7.140867966761302865e-01
6.078907023229638273e-01 6.954337227906326468e-01 6.208718753773698751e-01 7.138093023660347924e-01
6.103747404374235686e-01 6.974579965250381486e-01 6.249824900374351122e-01 7.159837913632234319e-01
6.128199654563449839e-01 6.995398261718728250e-01 6.274218089602705550e-01 7.172977151612106583e-01
6.189912476469560110e-01 7.037538569781889297e-01 6.324212051684580116e-01 7.197304052171981104e-01
6.364183275437131915e-01 7.133932523737218645e-01 6.633063639657047483e-01 7.341920884045645135e-01
7.025364357934367199e-01 7.411735727642388971e-01 7.315493297910879988e-01 7.652041667955989945e-01
7.302489860078791306e-01 7.534050055367931265e-01 7.559666706919454526e-01 7.757673478765355624e-01
7.450173688602533817e-01 7.605054959461287067e-01 7.604105784325564388e-01 7.782896914100244645e-01
7.445904248093306865e-01 7.592112950350744516e-01 7.618210361067503378e-01 7.800807733150303402e-01
7.423586718158706743e-01 7.582866385545391497e-01 7.588310590508393627e-01 7.817459674960189897e-01
7.389237128607192284e-01 7.534740048270670565e-01 7.633860644849655985e-01 7.877970618952370163e-01
7.529352403500941815e-01 7.627744600267210018e-01 7.745151551744959839e-01 7.911578914043974065e-01
7.606978594577811226e-01 7.687618715980384376e-01 7.772732761743751384e-01 7.913386727836813073e-01
7.532845582099400028e-01 7.601819289043976191e-01 7.783842531095277462e-01 7.935211703160447438e-01
7.475984397135593262e-01 7.535215417536836879e-01 7.767999033933099540e-01 7.912336179634408273e-01
7.592811814706281748e-01 7.663929212652660361e-01 7.773505615263857083e-01 7.909160171896405522e-01
7.606396398144733562e-01 7.680550932165186584e-01 7.744475304914866243e-01 7.878506771811271125e-01
7.512080575986337383e-01 7.621582224315157639e-01 7.727907257577587563e-01 7.878804504448073676e-01
7.511692445030953014e-01 7.626339544260977155e-01 7.708730829609951041e-01 7.859415542643399810e-01
7.522948242737098612e-01 7.631154946278720930e-01 7.680425069436058738e-01 7.830677748500314284e-01
7.514991558151719042e-01 7.621676085591040373e-01 7.661779978263495439e-01 7.812656682726584201e-01
7.500048516369424156e-01 7.609078934626616331e-01 7.652505736022220395e-01 7.804492813742555102e-01
7.478895379300974922e-01 7.579825653261377250e-01 7.635889385339934554e-01 7.787848009031872465e-01
7.507811135477110431e-01 7.594859592368089496e-01 7.630044680594132434e-01 7.774844889362587663e-01
7.565642647829377010e-01 7.628967798088089891e-01 7.621301775147930613e-01 7.750498234725609059e-01
7.573211201459373321e-01 7.633800562815840074e-01 7.618306967757517700e-01 7.738038055410214611e-01
7.530710861844787107e-01 7.600177961410841121e-01 7.626083806303587398e-01 7.751849419031466848e-01
7.469580236371751170e-01 7.546619143367035987e-01 7.617099384132350881e-01 7.744167666972514574e-01
7.450561819557919296e-01 7.531701356813426118e-01 7.620142494867768734e-01 7.746078291092473034e-01
7.479865706689436955e-01 7.571266513729952852e-01 7.623716942398260921e-01 7.750280989354949579e-01
7.487434260319432155e-01 7.582467730294538688e-01 7.614925733607051939e-01 7.739664653858884247e-01
7.451532146946379109e-01 7.566327400862996599e-01 7.620142494867769845e-01 7.749107020101758669e-01
7.403015777523336283e-01 7.514784501177597109e-01 7.625069436058447003e-01 7.763221236278279314e-01
7.393894700071804715e-01 7.507237234399385395e-01 7.626615143098660621e-01 7.769312401734836948e-01
7.409031807331792896e-01 7.527311940822749570e-01 7.630141287284144536e-01 7.771020231200267414e-01
7.421451997904091602e-01 7.544727131604519466e-01 7.631300567564303083e-01 7.767687269457852484e-01
7.411554658541792406e-01 7.529217522192430678e-01 7.635213138509842068e-01 7.771956670141904056e-01
7.404956432300258129e-01 7.518888741741922566e-01 7.635696171959907019e-01 7.772366844575089306e-01
7.414853771662558435e-01 7.529352440365016941e-01 7.636372418790002836e-01 7.772739807068562712e-01
7.418152884783325574e-01 7.526955499988681186e-01 7.638739282695325983e-01 7.776100944934308812e-01
7.408837741854101822e-01 7.518323519299162649e-01 7.639657046250452055e-01 7.784921003149924967e-01
7.397776009625648408e-01 7.504848931458258932e-01 7.637821519140199911e-01 7.783738555752521826e-01
7.418929146694093202e-01 7.526182445640705598e-01 7.643762830576018574e-01 7.776706015682637307e-01
7.461429486308680525e-01 7.557779062485332489e-01 7.640188383045526388e-01 7.763203946838550529e-01
7.460459158920218492e-01 7.550129497548243585e-01 7.642168820190797796e-01 7.768525148426443927e-01
7.406703021599487791e-01 7.499110545492377877e-01 7.637241879000121747e-01 7.777330742968371347e-01
7.418346950261016648e-01 7.507906379446388501e-01 7.632942881294529913e-01 7.771615390252406552e-01
7.474625938791747970e-01 7.555635605692631040e-01 7.634536891679748472e-01 7.763874005335321682e-01
7.495973141337888279e-01 7.572060809121214930e-01 7.631880207704384578e-01 7.759441659884970255e-01
7.458712569620989941e-01 7.550929990754672305e-01 7.636807148895060626e-01 7.768360707779859986e-01
7.432707795610239421e-01 7.529634029183727151e-01 7.634826711749788108e-01 7.768580435940277695e-01
7.444739855227152647e-01 7.543707416035874136e-01 7.631348870909311355e-01 7.766646499891032285e-01
7.474820004269441265e-01 7.561271038826369306e-01 7.626373626373625925e-01 7.761469537178016243e-01
7.447262706437152158e-01 7.540414182519178388e-01 7.625938896268567024e-01 7.761762624654632292e-01
7.428826486056394618e-01 7.525392199618744504e-01 7.626518536408646298e-01 7.761111045680408882e-01
7.486269867453279048e-01 7.569936072252627657e-01 7.621929718633014827e-01 7.753080593860256498e-01
7.477536920957130739e-01 7.564436790149147161e-01 7.623572032363240547e-01 7.757301885429759292e-01
7.392924372683342682e-01 7.488565888996865372e-01 7.611641106146600499e-01 7.751599324392166590e-01
7.444351724271769388e-01 7.540838931874938034e-01 7.619756068107716995e-01 7.758683613817278779e-01
7.498301927070193384e-01 7.578808268166095097e-01 7.616712957372298032e-01 7.743879713475233517e-01
7.461235420830987231e-01 7.557861971400883228e-01 7.622944088878155222e-01 7.756394534311776834e-01
7.433289992043314864e-01 7.527533575610012573e-01 7.623910155778288456e-01 7.762445103632046317e-01
7.470744629237904277e-01 7.560800954395570095e-01 7.629561647144064152e-01 7.760308672384144124e-01
7.502765433057113631e-01 7.576655177858386825e-01 7.628788793623959563e-01 7.752241184628673176e-01
7.481612295988666617e-01 7.562798549424860628e-01 7.631686994324355933e-01 7.756877730732444354e-01
7.450561819557919296e-01 7.524597879860138727e-01 7.626615143098660621e-01 7.753507135034122255e-01
7.525859224902482492e-01 7.587210848207718294e-01 7.641106146600652460e-01 7.757146327431898580e-01
7.518290671272487291e-01 7.588211631327739237e-01 7.642313730225818169e-01 7.768085101101525058e-01
7.460071027964835233e-01 7.538573642908146244e-01 7.630479410699191334e-01 7.773930445654715360e-01
7.516155951017874370e-01 7.590179574335864654e-01 7.644970414201184283e-01 7.763994927384700873e-01
7.556327504900153258e-01 7.609968377560798469e-01 7.652071005917159274e-01 7.749539261291871206e-01
7.486852063886355602e-01 7.552630230810608580e-01 7.645646661031275659e-01 7.761457071101929284e-01
7.517708474839410737e-01 7.580125985084192886e-01 7.661683371573482226e-01 7.769851248056158788e-01
7.593976207572433745e-01 7.634328855977579043e-01 7.686752807631929141e-01 7.773341405970299878e-01
7.537503153564012459e-01 7.577983459449609827e-01 7.692500905687718049e-01 7.794562547461763025e-01
7.604261677890119531e-01 7.632497825476364239e-01 7.724912450187175761e-01 7.817918805900446744e-01
7.664810106930077804e-01 7.667283415716318329e-01 7.757130781306605938e-01 7.845918020020230532e-01
7.627937666168566055e-01 7.595049503188755491e-01 7.748629392585437703e-01 7.842978608903181659e-01
7.730598303867725063e-01 7.667633242220550649e-01 7.790991426156261834e-01 7.876897942139532427e-01
7.622697898270877070e-01 7.573369225614408062e-01 7.717232218331119276e-01 7.808080309369735961e-01
7.612800558908575654e-01 7.584858016181390550e-01 7.706991909189710999e-01 7.812256102985383199e-01
7.632207106677793007e-01 7.573819939606476481e-01 7.709745199855090325e-01 7.773529593662098502e-01
7.607948921966272149e-01 7.572569148168389885e-01 7.713609467455621038e-01 7.792129411900776681e-01
7.586989850375516209e-01 7.579026089479028450e-01 7.715010264460813172e-01 7.814299846584663589e-01
7.624638553047797807e-01 7.640780448821057336e-01 7.734379905808477229e-01 7.840521117321505029e-01
7.682275999922373311e-01 7.700614218308086123e-01 7.756792657891559140e-01 7.867009152913645442e-01
7.711773952531583154e-01 7.713949460990633389e-01 7.782441734090086438e-01 7.881126302016953078e-01
7.709445166799278049e-01 7.734477343515790970e-01 7.793889626856659314e-01 7.920828689124346234e-01
7.730016107434648509e-01 7.781869744997054195e-01 7.802584228957856194e-01 7.938161652446242833e-01
7.768247006540007771e-01 7.775255249052124285e-01 7.841323511653183198e-01 7.956511239864064722e-01
7.803760988957674227e-01 7.800075595750433077e-01 7.855283178360100704e-01 7.943452614587248606e-01
7.805119447301519520e-01 7.818107773282724215e-01 7.851080787344522083e-01 7.962543052655126630e-01
7.801626268703061307e-01 7.805840034013885598e-01 7.861949039971019015e-01 7.972545791035310359e-01
7.802790661569212194e-01 7.804933926674435529e-01 7.876778166888058763e-01 7.970045657611025680e-01
7.813076131886899089e-01 7.824126410475502613e-01 7.894698707885521305e-01 7.983170480410325398e-01
7.807448233033825735e-01 7.818268002822033047e-01 7.914309865958217838e-01 8.015850825683955572e-01
7.837334316598421058e-01 7.861253727732266938e-01 7.941214829126916896e-01 8.042862368693222130e-01
7.841991888063031269e-01 7.871546520548782233e-01 7.975751720806666389e-01 8.080429862542538588e-01
7.838692774942266350e-01 7.880315964540857143e-01 8.016568047337278013e-01 8.123445666521578179e-01
7.869355120417629301e-01 7.935253247116300646e-01 8.078106508875739777e-01 8.167256248512156924e-01
7.838886840419958535e-01 7.879116293446344343e-01 8.076077768385461209e-01 8.167340801240752235e-01
7.903510644491450465e-01 7.967190569269222422e-01 8.115300084530853164e-01 8.184372390486917004e-01
7.731374565778492691e-01 7.743265666803436087e-01 8.013090206496800150e-01 8.047328782257981983e-01
7.906227561179141050e-01 7.943731247186903710e-01 8.099987924163748465e-01 8.178933756318060855e-01
7.907197888567603083e-01 7.951579377277226968e-01 8.110614660065209591e-01 8.184260352904580982e-01
7.794251780550758291e-01 7.865770871254003094e-01 8.086752807631928386e-01 8.135616158191011360e-01
7.833841137999961735e-01 7.900130497597284140e-01 8.119840598961477474e-01 8.172757405142435649e-01
7.908168215956064007e-01 7.994327504345015711e-01 8.127810650887573596e-01 8.223001143010510994e-01
7.889537930097614282e-01 7.975653581305317541e-01 8.147035382200216169e-01 8.241800870870796825e-01
7.874400822837624991e-01 7.950250395639322232e-01 8.144185484844825851e-01 8.193640264378913018e-01
7.963282811620641111e-01 8.091942977542001536e-01 8.195435333896872176e-01 8.277509508929060678e-01
7.993557026140619692e-01 8.136406256859551878e-01 8.200555488467576870e-01 8.315859359723301036e-01
7.968328514040636801e-01 8.076961142984426800e-01 8.188431348870909288e-01 8.303448279545591060e-01
7.988705389198316187e-01 8.081660911087173993e-01 8.199879241637483274e-01 8.302673515033279772e-01
8.070406955306721475e-01 8.183287991392029781e-01 8.221277623475424789e-01 8.345017744276572724e-01
8.109025985367462885e-01 8.198166460631413077e-01 8.220939500060377991e-01 8.356564476753846060e-01
8.070212889829028180e-01 8.148770853028991512e-01 8.228329911846394840e-01 8.353918108125020225e-01
8.063420598109802828e-01 8.139400558414161546e-01 8.235961840357444164e-01 8.351808655843964146e-01
8.120475848551300668e-01 8.208948182295969787e-01 8.262335466731069999e-01 8.397082346118039942e-01
8.114459818742844055e-01 8.201238718790115900e-01 8.275135853157831178e-01 8.397769660734104580e-01
8.055075782569038889e-01 8.139957986745052221e-01 8.248713923439199291e-01 8.374888382629669392e-01
8.083603407789788919e-01 8.162839634501258823e-01 8.278227267238256193e-01 8.405368628216060012e-01
8.115042015175919499e-01 8.186260850977595815e-01 8.274266392947712268e-01 8.367390501738005693e-01
8.098740515049777100e-01 8.162979156856242646e-01 8.285617679024270821e-01 8.417757888320718251e-01
8.043819984862893291e-01 8.114091542636469034e-01 8.185484844825503536e-01 8.310955959168540019e-01
8.160841467911272851e-01 8.196636399736260126e-01 8.284120275329065475e-01 8.394543033416698163e-01
8.181412408546643311e-01 8.212852863671726844e-01 8.296341021615747380e-01 8.413823097571224707e-01
8.148227211861281960e-01 8.187705560881668454e-01 8.247409733124019260e-01 8.376311794334714289e-01
8.193832599118942017e-01 8.217175344173820450e-01 8.250597753894456376e-01 8.357921085367168157e-01
8.217120456442003062e-01 8.242807851373734618e-01 8.305518657167009211e-01 8.413317922267797844e-01
8.193250402685867684e-01 8.229251537824107121e-01 8.308030431107353841e-01 8.419812439970369988e-01
8.201013021793552848e-01 8.220544588719869150e-01 8.282574568288852968e-01 8.399626848319670103e-01
8.186458110966640112e-01 8.197860613676931640e-01 8.232049269411905179e-01 8.342676491558652652e-01
8.207223117079701646e-01 8.228831626758681406e-01 8.268373384856899655e-01 8.398398340286730157e-01
8.196355450328941528e-01 8.229299438649195775e-01 8.272962202632532236e-01 8.414371498257627868e-01
8.209357837334316788e-01 8.239633323533914755e-01 8.266103127641588610e-01 8.410396793957429784e-01
8.218478914785848355e-01 8.221214807299375149e-01 8.226735901461177392e-01 8.375783256420251677e-01
8.209163771856624603e-01 8.212794134296363957e-01 8.216060862214707994e-01 8.372899236001578593e-01
8.205088396825088726e-01 8.216853389633665961e-01 8.211761864509116160e-01 8.388530703506935637e-01
8.168410021541269161e-01 8.203203226696907935e-01 8.204178239343073997e-01 8.387150165048546935e-01
8.155019503580508422e-01 8.175473195068345689e-01 8.189928752566113523e-01 8.371588201029528387e-01
8.153855110714354204e-01 8.140056034553693198e-01 8.164690254800144320e-01 8.349238576818674984e-01
8.140464592753595685e-01 8.139874409675422751e-01 8.164714406472646235e-01 8.348195252312780035e-01
8.129402860525142271e-01 8.158989588627598710e-01 8.182683250815119269e-01 8.372761181090779825e-01
8.121640241417452666e-01 8.166077476774156185e-01 8.202294408887813582e-01 8.382162032868615276e-01
8.127074074792833835e-01 8.171282228877809750e-01 8.194276053616713629e-01 8.388439648119563330e-01
8.125327485493605284e-01 8.150333157467634093e-01 8.170848931288490213e-01 8.373683590048033309e-01
8.121058044984378332e-01 8.139179212381131290e-01 8.171380268083565657e-01 8.380414791442547529e-01
8.127462205748219315e-01 8.166319111854989377e-01 8.194324356961718570e-01 8.408079704233155649e-01
8.135224824855905590e-01 8.188182084902679847e-01 8.212051684579155797e-01 8.429474579325815231e-01
8.148227211861281960e-01 8.196084280756920082e-01 8.203888419273033250e-01 8.422456357565024643e-01
8.149003473772049588e-01 8.180113120698420115e-01 8.187175461900737528e-01 8.397356763228581711e-01
8.155601700013586086e-01 8.185002614224020645e-01 8.201618162057722206e-01 8.411197686019848963e-01
8.155407634535891681e-01 8.197960483686034250e-01 8.210167854123897602e-01 8.429011328233003697e-01
8.147839080905897591e-01 8.196729475454014313e-01 8.191909189711387151e-01 8.425517833577738092e-01
8.136001086766675439e-01 8.168158770805813429e-01 8.192440526506461485e-01 8.423848304761427652e-01
8.137553610588212916e-01 8.153619400737177614e-01 8.208477237048665831e-01 8.434333386712724590e-01
8.135030759378214515e-01 8.155904153783137822e-01 8.213693998309382627e-01 8.444243082947904266e-01
8.132313842690523931e-01 8.160333566170084874e-01 8.215432918729621559e-01 8.445361556683081972e-01
8.130567253391294269e-01 8.160083532515921556e-01 8.212244897959184442e-01 8.444820978714449033e-01
8.126491878359758392e-01 8.148666206467010120e-01 8.219731916435213392e-01 8.450765232242885006e-01
8.124939354538220915e-01 8.133413169115326635e-01 8.230310348991668468e-01 8.451903242469084310e-01
8.124357158105144361e-01 8.134768997255231726e-01 8.237121120637603822e-01 8.462472244922856213e-01
8.124745289060528730e-01 8.144344587555490955e-01 8.231759449341866652e-01 8.464710509219739443e-01
8.122610568805914699e-01 8.141186672134110847e-01 8.234222919937204122e-01 8.464855222672416080e-01
8.122804634283606884e-01 8.135799892629415053e-01 8.240164231373021675e-01 8.457170081033003051e-01
8.137553610588211805e-01 8.151006466719656895e-01 8.250211327134402417e-01 8.469455471262670176e-01
8.150361932115895991e-01 8.171226835794148657e-01 8.251901944209636408e-01 8.480705758626597701e-01
8.150167866638202696e-01 8.160286448689529903e-01 8.256683975365293193e-01 8.482077224689567041e-01
8.130373187913602084e-01 8.154773386252904821e-01 8.253012921144790015e-01 8.485917608041795290e-01
8.127268140270527130e-01 8.159719688791071679e-01 8.247699553194058897e-01 8.488056278108997432e-01
