5.851171185157872934e-01 5.869996834076410819e-01 5.581982852312522558e-01 5.660813655963906621e-01
6.132566127811522882e-01 6.359539039794783744e-01 6.480135249366019146e-01 6.672622550416796861e-01
6.256282869840283922e-01 6.674892818280251383e-01 6.674169786257698744e-01 6.913275120138819840e-01
6.385918608938655483e-01 6.815631420499250748e-01 6.866658616109165836e-01 7.076212912999162441e-01
6.436569698616313451e-01 6.931291091171786212e-01 6.905591112184519265e-01 7.213196858780548393e-01
6.373692483844048962e-01 6.925125213358380716e-01 6.860717304673349393e-01 7.272066656850052491e-01
6.390770245880960099e-01 6.922859318086618252e-01 6.802898200700397968e-01 7.312002358666740420e-01
6.439868811737079479e-01 6.944758783415658776e-01 6.801642313730226208e-01 7.337907044311973159e-01
6.492072425236274924e-01 6.986785340715315762e-01 6.816857867407317695e-01 7.355942707645372058e-01
6.524481360010867537e-01 7.023728574097221067e-01 6.810964859316507303e-01 7.367650104320925264e-01
6.557666556696228888e-01 7.066596446082434868e-01 6.786958096848207944e-01 7.372649963078916624e-01
6.583089134273903964e-01 7.102409662416935276e-01 6.778939741577103550e-01 7.381344026742612252e-01
6.626365735799257806e-01 7.128351263758881950e-01 6.786378456708126450e-01 7.387396605375623482e-01
6.652370509810009436e-01 7.139873129903008264e-01 6.795121362154329381e-01 7.386896142572680901e-01
6.672165188534611158e-01 7.146549703682536503e-01 6.798212776234754395e-01 7.390783172297137327e-01
6.692153932736905064e-01 7.161955232830360396e-01 6.796763675884555100e-01 7.398995914599691970e-01
6.704380057831513806e-01 7.173069462353995895e-01 6.786185243328100025e-01 7.404648941702345333e-01
6.708455432863048573e-01 7.181282614281245813e-01 6.771935756551141772e-01 7.412118657181050452e-01
6.715053659104581740e-01 7.190756810778257124e-01 6.763965704625045650e-01 7.422846796522304391e-01
6.729026373498417923e-01 7.211179559683131846e-01 6.772032363241154984e-01 7.449598709265192742e-01
6.747268528401482168e-01 7.254994865260846471e-01 6.781596425552469665e-01 7.482089419246632511e-01
6.749209183178404015e-01 7.278856872404397826e-01 6.783335345972708597e-01 7.503406592172499057e-01
6.756971802286091400e-01 7.306793822691386442e-01 6.787296220263253632e-01 7.509101360435972428e-01
6.810339808651437732e-01 7.361871973078009113e-01 6.855210723342591850e-01 7.556417684682261715e-01
6.962293077684409415e-01 7.484072359328827195e-01 7.091800507185122004e-01 7.716745256029446942e-01
7.305012711288789706e-01 7.707787949787237025e-01 7.615795193817171960e-01 8.025558641254844083e-01
7.449009295736381819e-01 7.787673679471570631e-01 7.840502354788068118e-01 8.133448317475787670e-01
7.449591492169458373e-01 7.784263192200133741e-01 7.890641226904964167e-01 8.149868294219664300e-01
7.592423683750897379e-01 7.802836213721708880e-01 7.986909793503200738e-01 8.147998612799036700e-01
7.559238487065536027e-01 7.815418945953630514e-01 7.984736142977901796e-01 8.170775727537288313e-01
7.497719730637115720e-01 7.812763469730046317e-01 7.959763313609466984e-01 8.182251699287668156e-01
7.586407653942439655e-01 7.869987831203626438e-01 7.991112184518778250e-01 8.192089923752770009e-01
7.736808399153874971e-01 7.941450815883627223e-01 8.022219538703057040e-01 8.189188074860780375e-01
7.817733703351511521e-01 8.000599430602493012e-01 8.035937688684942071e-01 8.181608878415832509e-01
7.826466649847658719e-01 8.048815876408186298e-01 8.031059050839270963e-01 8.190484447268774337e-01
7.844126608317645299e-01 8.074418798383009577e-01 8.023427122328219419e-01 8.183452692269367335e-01
7.932426400667584865e-01 8.119616360076857831e-01 8.039657046250452410e-01 8.181362778540861580e-01
7.997244270216770090e-01 8.159102446537769282e-01 8.043038280400918172e-01 8.172811375788704424e-01
7.988511323720622892e-01 8.160569181979180353e-01 8.019417944692670552e-01 8.162941692977081498e-01
7.981330901046013171e-01 8.159508294703954334e-01 7.993962081874168568e-01 8.141220493845245931e-01
8.012381377476760491e-01 8.184886583901842538e-01 7.988020770438353235e-01 8.136667875803157424e-01
8.065361252886722454e-01 8.224068986200697706e-01 7.984977659702935382e-01 8.125618781695763682e-01
8.053911389702885781e-01 8.220684299282196017e-01 7.967733365535563106e-01 8.117063642166651993e-01
8.016456752508296368e-01 8.196956676544611131e-01 7.948315420842892998e-01 8.114927555509211521e-01
8.005395020279842955e-01 8.187405161230957296e-01 7.935563337761140090e-01 8.109078000111162865e-01
8.006559413145994952e-01 8.189025522812692914e-01 7.924163748339572155e-01 8.098492511636884439e-01
7.984824079644471384e-01 8.166311918022247651e-01 7.906726240792174565e-01 8.080987926159248769e-01
7.986570668943702156e-01 8.163474843590672325e-01 7.903151793261684599e-01 8.076911476002903711e-01
8.002095907159074706e-01 8.175373982438809417e-01 7.900108682526265635e-01 8.075236149157936083e-01
7.949698228182188187e-01 8.131323169635351622e-01 7.888660789759691649e-01 8.073244387298543767e-01
7.917677424362979943e-01 8.107064615658854390e-01 7.883395725153967692e-01 8.073186330174463299e-01
7.911467329076831145e-01 8.100367466849143216e-01 7.889844221712354333e-01 8.081068006308135265e-01
7.923499388693744372e-01 8.104626967461416864e-01 7.896920661755826298e-01 8.094193341988359380e-01
7.900211531370684437e-01 8.076995481550568456e-01 7.897162178480859884e-01 8.102457336829402834e-01
7.883133769333773300e-01 8.026537380565732516e-01 7.905373747131988482e-01 8.119788013220599066e-01
7.879640590735312866e-01 7.973819086110466303e-01 7.920734210844100343e-01 8.139158392550840393e-01
7.921946864872206895e-01 7.968200835495106160e-01 7.957782876464194466e-01 8.177506176354882861e-01
7.903898775446835945e-01 7.900554343209632568e-01 7.991353701243810725e-01 8.184694265332902452e-01
7.971239496206020680e-01 7.857093021283515499e-01 8.048641468421686707e-01 8.221414739841825803e-01
7.891284519396845054e-01 7.896381263943139661e-01 7.997826349474701502e-01 8.156798507585991675e-01
7.923499388693744372e-01 7.921999567367126183e-01 7.988986837338484248e-01 8.184836673528123052e-01
7.861786566787634101e-01 7.835857325815638319e-01 7.977394034536890999e-01 8.183286213452911628e-01
7.838110578509188686e-01 7.957273119265152461e-01 7.999130539789880423e-01 8.205876610668750848e-01
7.885656620543770590e-01 8.029587226693758462e-01 8.048399951696655341e-01 8.259285769567927815e-01
7.876147412136855763e-01 8.012599475437101049e-01 8.056563217002778998e-01 8.297316556125129416e-01
7.890120126530693057e-01 8.047096208878634638e-01 8.115686511290907124e-01 8.319158938246241641e-01
7.876729608569930097e-01 8.024251666977497699e-01 8.160222195387030197e-01 8.330427079893711895e-01
7.875565215703779209e-01 8.025414787688300855e-01 8.197560681077163958e-01 8.390398531641001245e-01
7.864309417997632501e-01 7.976331255048290103e-01 8.211230527714044047e-01 8.420288567602391971e-01
7.815404917619204195e-01 7.931617421947687596e-01 8.238811737712834482e-01 8.433784228335243771e-01
7.813270197364590164e-01 7.928585608148094321e-01 8.251708730829609983e-01 8.442433360719039381e-01
7.808612625899977733e-01 7.904145230655754695e-01 8.248810530129211394e-01 8.453414862447469202e-01
7.770187661316927397e-01 7.824111292000830442e-01 8.218669242845066947e-01 8.418457354762590716e-01
7.785324768576917798e-01 7.868205828332770491e-01 8.206690013283419738e-01 8.400373853388031220e-01
7.847813852393799028e-01 7.968280495313594392e-01 8.222098780340538760e-01 8.409760196165319002e-01
7.819868423606124441e-01 7.962013266899202746e-01 8.213983818379422264e-01 8.377506672242509556e-01
7.839663102330725053e-01 7.975206660817655280e-01 8.233643279797124848e-01 8.388273589011304709e-01
7.902152186147606283e-01 8.012282591031349988e-01 8.270402125347180444e-01 8.415891103975313703e-01
7.917095227929904500e-01 8.024807418335234699e-01 8.286970172684458014e-01 8.414714198705255388e-01
7.907974150478371822e-01 8.022242484942130325e-01 8.289143823209756956e-01 8.406498884941185912e-01
7.911467329076831145e-01 8.045997055732716507e-01 8.297258785170873452e-01 8.434203878870707438e-01
7.876341477614545727e-01 8.007594788684913034e-01 8.307499094312280619e-01 8.443763860225692586e-01
7.879834656213006161e-01 8.072938973220039616e-01 8.300253592561284144e-01 8.469684929580295618e-01
7.913796114809137361e-01 8.119346176228319223e-01 8.342277502717064808e-01 8.498317099983561107e-01
7.997632401172154459e-01 8.197925160516174037e-01 8.389952904238618947e-01 8.545106248183924613e-01
8.054687651613654520e-01 8.264668350259096741e-01 8.417437507547398390e-01 8.585704699733613943e-01
8.071571348172872362e-01 8.303177261907198625e-01 8.437290182345127398e-01 8.582212148981377409e-01
8.135612955811291069e-01 8.345740969693214995e-01 8.478686149015819407e-01 8.633797075275906341e-01
8.172873527528188298e-01 8.389781374880223019e-01 8.505880932254556992e-01 8.655004456662107604e-01
8.174620116827417959e-01 8.391656865096164264e-01 8.520661755826590689e-01 8.653078992368177236e-01
8.234974480389682938e-01 8.424105718069589965e-01 8.555536770921385870e-01 8.691520500034125574e-01
8.238273593510450077e-01 8.433175168657631726e-01 8.577466489554401718e-01 8.704312665753752842e-01
8.224883075549691558e-01 8.414277323202363768e-01 8.576597029344281697e-01 8.688842866469286275e-01
8.274563837838886382e-01 8.451696846044818301e-01 8.604468059413116210e-01 8.728952234533008392e-01
8.280967998602728475e-01 8.460257292754789216e-01 8.606834923318440467e-01 8.729643038560682688e-01
8.251664111471210816e-01 8.418512255596487526e-01 8.586740731795676762e-01 8.699684305713355492e-01
8.283102718857342506e-01 8.436898551787926914e-01 8.609056877188745460e-01 8.728322674422195337e-01
8.299016088028100535e-01 8.428889382850476286e-01 8.607559473493540114e-01 8.731119527910360389e-01
8.279803605736576477e-01 8.399346957102292732e-01 8.587030551865717509e-01 8.689780545604786077e-01
8.342777853247684838e-01 8.454731361155539693e-01 8.609491607293804361e-01 8.723465995495679470e-01
8.362669564711132653e-01 8.461060807368592229e-01 8.622002173650525902e-01 8.733445791672387326e-01
8.324438665605775611e-01 8.391756558417765577e-01 8.607656080183552216e-01 8.697050647727917472e-01
8.411185934134176589e-01 8.497218308507553663e-01 8.633691583142131254e-01 8.744205800620673541e-01
8.406916493624949638e-01 8.494399781882639999e-01 8.630648472406713401e-01 8.730722190013958661e-01
8.349473112228065208e-01 8.430110426758106179e-01 8.602391015577829370e-01 8.701896902728836203e-01
8.392555648275727975e-01 8.489984326888017074e-01 8.619103972950127313e-01 8.749043770400846132e-01
8.411768130567253143e-01 8.513705598742919989e-01 8.622533510445598015e-01 8.734554657460521510e-01
8.373149100506509512e-01 8.486376250831599855e-01 8.609926337398865481e-01 8.723949799758300427e-01
8.365386481398824348e-01 8.461911637834285127e-01 8.608235720323633711e-01 8.750166642794476868e-01
8.397989481651109145e-01 8.486912321088109223e-01 8.641130298273155264e-01 8.751789247257315552e-01
8.363251761144210317e-01 8.465337814214393131e-01 8.649245260234271759e-01 8.754148668032715186e-01
8.352190028915756903e-01 8.429727194682449243e-01 8.650742663929475995e-01 8.777853892851747997e-01
8.361311106367288470e-01 8.427743876951682145e-01 8.679048424103369408e-01 8.787775832177041613e-01
8.353742552737293270e-01 8.443677209976707676e-01 8.683444028498973344e-01 8.780378833818469619e-01
8.326767451338081827e-01 8.403520569484544955e-01 8.669291148412028303e-01 8.781151824289423757e-01
8.324438665605775611e-01 8.406516417507972072e-01 8.675425673227870060e-01 8.792031843983667549e-01
8.334530070445768102e-01 8.439779826459316014e-01 8.684120275329066940e-01 8.793572754253544677e-01
8.320363290574239734e-01 8.430633888597308667e-01 8.680497524453567593e-01 8.792920202761382864e-01
8.314735391721166380e-01 8.413616407305366529e-01 8.680497524453569813e-01 8.796802190015834411e-01
8.340352034776532530e-01 8.452363275212256832e-01 8.676923076923076517e-01 8.801657237845920134e-01
8.374119427894972656e-01 8.479875148593062351e-01 8.673928269532664714e-01 8.789701867249937184e-01
8.376060082671893392e-01 8.476073845189839862e-01 8.675377369882864009e-01 8.802217187883443206e-01
8.348890915794989764e-01 8.445932832047799987e-01 8.666827677816688613e-01 8.803489473877430527e-01
8.361311106367288470e-01 8.470221046587640412e-01 8.677116290303104051e-01 8.802331028438261651e-01
8.372178773118050810e-01 8.489535046484731895e-01 8.683733848569014091e-01 8.811766565446279564e-01
8.348696850317296470e-01 8.470289711276717259e-01 8.686342229199373044e-01 8.826148928153287887e-01
8.338799510954997274e-01 8.456065767346254702e-01 8.681850018113754786e-01 8.816927466949822101e-01
8.359564517068058809e-01 8.491582569863829200e-01 8.688370969689651613e-01 8.826633354759061412e-01
8.373343165984201697e-01 8.509969542105446649e-01 8.687259992754499116e-01 8.833889049270577942e-01
8.384598963690348405e-01 8.506840824845216531e-01 8.688612486414684088e-01 8.831594692879937147e-01
8.371984707640358625e-01 8.488859718143351163e-01 8.690979350320009456e-01 8.830064818874507893e-01
8.393720041141879973e-01 8.513199448788073553e-01 8.693491124260355196e-01 8.841186596628332062e-01
8.430398416425701758e-01 8.543937780845098917e-01 8.690013283419876222e-01 8.835764069041215363e-01
8.404975838848027792e-01 8.523765163880584472e-01 8.695519864750633765e-01 8.841975212425270403e-01
8.364028023054977945e-01 8.495934540665230905e-01 8.680787344523607230e-01 8.834343901076882055e-01
8.436802577189543850e-01 8.560539402357236760e-01 8.682284748218813686e-01 8.837912892651569319e-01
8.443206737953383723e-01 8.563968842103333312e-01 8.671174978867288718e-01 8.827353829155780707e-01
8.367715267131129453e-01 8.503642820307623085e-01 8.646975003018958494e-01 8.807154533912663341e-01
8.409051213879563669e-01 8.542998639209046230e-01 8.657505132230406408e-01 8.811476048775602754e-01
8.455238797570300280e-01 8.584200850999960108e-01 8.647554643159038879e-01 8.809606732674611917e-01
8.404587707892643422e-01 8.546356484321064872e-01 8.623692790725758783e-01 8.800111179352447799e-01
8.390032797065729575e-01 8.526795894524354935e-01 8.616060862214708349e-01 8.790709414224909812e-01
8.436608511711851666e-01 8.570802194495956705e-01 8.626735901461176637e-01 8.797896629304948757e-01
8.417784160375709757e-01 8.572318479116336487e-01 8.603115565752927907e-01 8.792329412414882084e-01
8.375283820761124653e-01 8.529360932295669828e-01 8.600893611882622913e-01 8.781733492735872559e-01
8.387121814900347916e-01 8.544246311681389372e-01 8.612051684579156152e-01 8.782782753588636027e-01
8.367327136175746194e-01 8.542743913454449167e-01 8.599541118222437941e-01 8.789785024684377834e-01
8.347144326495758992e-01 8.530505478787253626e-01 8.601811375437748985e-01 8.792101092549018393e-01
8.319587028663470996e-01 8.518324350150006108e-01 8.588624562250937178e-01 8.775907240995712844e-01
8.317452308408856965e-01 8.520463026179263544e-01 8.586450911725636015e-01 8.783331344628629855e-01
8.314735391721166380e-01 8.516931384657597803e-01 8.588044922110855683e-01 8.781257338721859540e-01
8.293970385608103735e-01 8.506415512573111126e-01 8.576452119309262434e-01 8.770586583683513959e-01
8.270876593762735984e-01 8.497911568126558235e-01 8.560560318802077351e-01 8.767378482419180274e-01
8.273593510450425459e-01 8.504114332501863105e-01 8.571380268083564902e-01 8.777814642060759454e-01
8.239632051854295369e-01 8.498915882573383485e-01 8.546697258785170837e-01 8.771228182981595234e-01
8.221389896951230014e-01 8.475490667217399077e-01 8.548194662480376183e-01 8.758510731625297474e-01
8.244095557841215616e-01 8.480025558196341295e-01 8.570269291148412405e-01 8.776070002534848147e-01
8.241572706631217216e-01 8.490913551153276284e-01 8.572587851708730611e-01 8.794189091088510102e-01
8.247976867395059308e-01 8.491449021182111423e-01 8.610409370848932653e-01 8.797340784567357908e-01
8.244871819751984354e-01 8.486524212106067999e-01 8.621615746890473053e-01 8.822070953471111698e-01
8.243319295930445767e-01 8.472793301778481778e-01 8.617075232459846523e-01 8.819576434184308589e-01
8.251275980515825337e-01 8.488165871503807747e-01 8.632387392826953443e-01 8.808705519125165084e-01
8.260397057967358014e-01 8.501335314630659168e-01 8.619393793020166950e-01 8.821916051298519523e-01
8.300568611849639122e-01 8.517686105704114219e-01 8.630841685786740936e-01 8.824267495126829619e-01
8.306390576180402441e-01 8.524693537104588437e-01 8.637893974157710986e-01 8.815709172316641418e-01
8.227794057715073217e-01 8.494343913148423297e-01 8.617171839149861956e-01 8.815705607963892909e-01
8.279415474781189888e-01 8.508964244247199105e-01 8.629634102161574116e-01 8.828457267629314931e-01
8.268547808030428659e-01 8.516689898851939056e-01 8.636203357082479215e-01 8.819015046987936923e-01
8.255351355547360104e-01 8.512886143915640025e-01 8.631373022581814158e-01 8.824400303810371327e-01
8.274369772361194197e-01 8.528671011734790808e-01 8.639294771162903119e-01 8.825766188862170791e-01
8.286984028411185088e-01 8.527213299296279025e-01 8.646830092983939231e-01 8.824168287456670701e-01
8.281550195035805029e-01 8.526631808390889855e-01 8.640115928028015979e-01 8.835803359815266322e-01
8.305420248791941518e-01 8.550644096080163292e-01 8.638618524332809523e-01 8.824472621392394078e-01
8.324050534650391242e-01 8.541668244167203161e-01 8.649196956889264598e-01 8.827505471264563974e-01
8.319587028663470996e-01 8.540531498678262112e-01 8.630841685786740936e-01 8.819359383922864559e-01
8.336470725222689948e-01 8.549209852292263268e-01 8.628523125226421620e-01 8.814825500331757713e-01
8.336082594267305579e-01 8.550176653967479501e-01 8.632242482791933069e-01 8.821433752980527565e-01
8.324632731083466686e-01 8.545105013523113247e-01 8.617606569254921967e-01 8.813912114113517937e-01
8.319975159618854255e-01 8.524276231530862891e-01 8.603115565752927907e-01 8.807000884962665754e-01
8.297075433251178689e-01 8.535555775746144214e-01 8.587851708730830369e-01 8.800770290490564918e-01
8.318422635797317888e-01 8.531611195308770323e-01 8.605482429658253274e-01 8.812925236479820512e-01
8.303285528537328597e-01 8.548290937638758358e-01 8.578094433039488154e-01 8.789362790756584110e-01
8.314735391721167490e-01 8.527861463739059289e-01 8.613790604999396194e-01 8.815917066218522669e-01
8.330648760891925519e-01 8.572570667524810339e-01 8.578577466489554215e-01 8.795554481266746327e-01
8.334336004968075917e-01 8.570019210304596902e-01 8.598430141287283224e-01 8.799928684003206492e-01
8.325408992994235424e-01 8.539187494893732966e-01 8.615432918729621914e-01 8.819910075861072674e-01
8.278833278348114444e-01 8.558968937586675096e-01 8.544620214949885106e-01 8.764609974946282467e-01
8.331619088280385332e-01 8.539879251933699678e-01 8.609684820673831895e-01 8.806286526432288708e-01
8.288536552232722565e-01 8.562020168468492676e-01 8.572684458398743823e-01 8.794194580498477798e-01
8.284073046245803429e-01 8.538133025830288991e-01 8.585774664895543529e-01 8.793706034911348279e-01
8.299404218983484904e-01 8.545677967182270240e-01 8.619055669605119041e-01 8.823375493878334863e-01
8.281356129558112844e-01 8.558974744492348075e-01 8.616012558869701188e-01 8.824731477993018602e-01
8.260202992489666940e-01 8.528311968791602027e-01 8.615191402004589438e-01 8.820871535779926109e-01
8.273011314017348905e-01 8.544253601473847937e-01 8.632628909551987029e-01 8.839981668388872116e-01
8.254963224591976845e-01 8.531404674034261948e-01 8.640115928028017089e-01 8.844370294781563890e-01
8.231093170835841466e-01 8.525137054632981881e-01 8.625673227871030191e-01 8.823883930686187149e-01
8.248947194783520231e-01 8.537047756988168645e-01 8.652143460934670349e-01 8.858107918770437017e-01
8.252828504337363924e-01 8.542927132013672376e-01 8.649535080304310286e-01 8.847767299438045185e-01
8.227017795804305589e-01 8.538489552952478467e-01 8.641081994928148102e-01 8.843295718005275141e-01
8.231093170835839246e-01 8.520752652638754476e-01 8.672382562492452207e-01 8.873026388737135228e-01
