5.984009004638164431e-01 6.165887080932599407e-01 6.138099263373988368e-01 6.370829255893167842e-01
6.685749771973064082e-01 6.965096619945996270e-01 6.450718512256974346e-01 6.841751992737049592e-01
6.749597314133788384e-01 7.095206814694745567e-01 6.473614297790122318e-01 6.862718519492975178e-01
6.849152904189873547e-01 7.263537781078424072e-01 6.534138389083443688e-01 6.981185012417122637e-01
6.901744648644452251e-01 7.371671300848423591e-01 6.527762347542567234e-01 7.038911854056647543e-01
6.902909041510605359e-01 7.382482440823845415e-01 6.475546431590387675e-01 7.025587286799666042e-01
6.901550583166760067e-01 7.371727729889124836e-01 6.420045888177756677e-01 7.002606857940686380e-01
6.920568999980594160e-01 7.389617196523220466e-01 6.403332930805457623e-01 7.002177709011034867e-01
6.932212928642124128e-01 7.405547618398217180e-01 6.451201545707040408e-01 7.029269568531228973e-01
6.917075821382133727e-01 7.385119756334299623e-01 6.529308054582779741e-01 7.071351809766247554e-01
6.868753517436783085e-01 7.338838801382732147e-01 6.525540393672262240e-01 7.066386654504854814e-01
6.890682916415997727e-01 7.361266561273706044e-01 6.470861007124742992e-01 7.040261867153851938e-01
6.960352422907488679e-01 7.421785050101231684e-01 6.434247071609708879e-01 7.043502716210585657e-01
7.038172679462050274e-01 7.489550563931675065e-01 6.436517328825021034e-01 7.077357494211758970e-01
7.110559102641231810e-01 7.558306927966939037e-01 6.476367588455500535e-01 7.131833147434727405e-01
7.192066603271942693e-01 7.642498177934319292e-01 6.548532785895422315e-01 7.206039968894721870e-01
7.301325467212638198e-01 7.725884233834935388e-01 6.647264823088998575e-01 7.287322686500716795e-01
7.479477575734052586e-01 7.851762277745231167e-01 6.793962081874170833e-01 7.382311394565655993e-01
7.651031458013933806e-01 7.946938576580271363e-01 7.013935515034416257e-01 7.479809604631352249e-01
7.842574084496110043e-01 8.052481388070487078e-01 7.370124381113392076e-01 7.645407545799427496e-01
7.979584311746783509e-01 8.142724918433247305e-01 7.590725757758725045e-01 7.780577218979963794e-01
7.907780085000679637e-01 8.100349171550818017e-01 7.606231131505856169e-01 7.819751500422847945e-01
7.856934929845329485e-01 8.063503316264578613e-01 7.639222316145393155e-01 7.844779463599267366e-01
7.921752799394514710e-01 8.094328507656108895e-01 7.736795073058810868e-01 7.900690455906577148e-01
7.958237109200643200e-01 8.130060646270849123e-01 7.811278831059050853e-01 7.954283535218307222e-01
7.968328514040636801e-01 8.161316756975510733e-01 7.859775389445720073e-01 8.026103165850684285e-01
8.060509615944418949e-01 8.247448133205770304e-01 7.959521796884434508e-01 8.118987093109850672e-01
8.202177414659705956e-01 8.352164284151404328e-01 8.080086946021012295e-01 8.211629829386206669e-01
8.238855789943526631e-01 8.384486917879301338e-01 8.160801835527110581e-01 8.278190349918628232e-01
8.264084302043509522e-01 8.415438939672839069e-01 8.203743509238015097e-01 8.334665372403465833e-01
8.291447534398106445e-01 8.411955996181006423e-01 8.210554280883952671e-01 8.338128851160597765e-01
8.299598284461175979e-01 8.415266360463240503e-01 8.223547880690738054e-01 8.336847584553185309e-01
8.308137165479633213e-01 8.423253215005118699e-01 8.238570220987803117e-01 8.338412613550836294e-01
8.324244600128083427e-01 8.423769355990655683e-01 8.244028498973554608e-01 8.330880798650854846e-01
8.354906945603447488e-01 8.450495358027250159e-01 8.247554643159038523e-01 8.315228763765110109e-01
8.355295076558830747e-01 8.456730633960758414e-01 8.236444873807510225e-01 8.279477293055976794e-01
8.363445826621902501e-01 8.474089168333674982e-01 8.231517932616834177e-01 8.282539469699239376e-01
8.359370451590366624e-01 8.484597697795772664e-01 8.228571428571429536e-01 8.294591122058507793e-01
8.357041665858060409e-01 8.493174496070483581e-01 8.216833715734814803e-01 8.296160775089911343e-01
8.364610219488055609e-01 8.498686276782017046e-01 8.200458881777563658e-01 8.277476980925229100e-01
8.384598963690348405e-01 8.520670051575136572e-01 8.186306001690617506e-01 8.262811571887376250e-01
8.399736070950339917e-01 8.538566573397581294e-01 8.181475667189953560e-01 8.267831615498075770e-01
8.405169904325719976e-01 8.558789405534691364e-01 8.172925975123777054e-01 8.272227407687580136e-01
8.408274951968792710e-01 8.572072922366981151e-01 8.163410216157469534e-01 8.271049826578668052e-01
8.412544392478021882e-01 8.590445540636564292e-01 8.163603429537495959e-01 8.281803032664136754e-01
8.426517106871859175e-01 8.613768953930084349e-01 8.167709213863059148e-01 8.292944026174196015e-01
8.446893982029537451e-01 8.642358184601715010e-01 8.158724791691823741e-01 8.285299308985407674e-01
8.443982999864154682e-01 8.648671166464318993e-01 8.147518415650283341e-01 8.269965303199713347e-01
8.447670243940305079e-01 8.659708550086215872e-01 8.171959908223644931e-01 8.294051866809782902e-01
8.453492208271069508e-01 8.674756820850050287e-01 8.182538340780098896e-01 8.304845845783183078e-01
8.450387160627994554e-01 8.672886864703479581e-01 8.187465281970776054e-01 8.311945796530791908e-01
8.446893982029537451e-01 8.664201316706043876e-01 8.192343919816448272e-01 8.315021282331032104e-01
8.452133749927224216e-01 8.669437446206398334e-01 8.200507185122571929e-01 8.329555333753482227e-01
8.466494595276445878e-01 8.680747501990466741e-01 8.196642917522038996e-01 8.324851165429226763e-01
8.480467309670283171e-01 8.689786966271899615e-01 8.212051684579156907e-01 8.340839077153430203e-01
8.500844184827960337e-01 8.697990109413458182e-01 8.222871633860645568e-01 8.345576034137061061e-01
8.520444798074870985e-01 8.713213452760785183e-01 8.223741094070764479e-01 8.354795453083414536e-01
8.534805643424090427e-01 8.719267609619285597e-01 8.214466851829489435e-01 8.351874750071159870e-01
8.534805643424091537e-01 8.715801576137908180e-01 8.211568651129090846e-01 8.346234843099149536e-01
8.535775970812553570e-01 8.712634908545284773e-01 8.215336312039609457e-01 8.353908766376565431e-01
8.559646024568688949e-01 8.728491047783099033e-01 8.219103972950125847e-01 8.365976724795972652e-01
8.577111917560983345e-01 8.737008040259072184e-01 8.228571428571428426e-01 8.376809798707471888e-01
8.566632381765608706e-01 8.731241487556941072e-01 8.247892766574085321e-01 8.380620211335721992e-01
8.610685245201731286e-01 8.764070459965263016e-01 8.279676367588455488e-01 8.408609984852534192e-01
8.633973102524792331e-01 8.782740030327246261e-01 8.303345006641710269e-01 8.419948706580743236e-01
8.620388519086339407e-01 8.784448293004751829e-01 8.340007245501751543e-01 8.457182449407971703e-01
8.638436608511711468e-01 8.793915580286897349e-01 8.347639174012799756e-01 8.462329723537082016e-01
8.663665120611694359e-01 8.813998397860965950e-01 8.354884675763796231e-01 8.459751239119305266e-01
8.641153525199402052e-01 8.805898159421019500e-01 8.359618403574448076e-01 8.469021097825440991e-01
8.625434221506335097e-01 8.796663564789799494e-01 8.358459123294288418e-01 8.474042669598838007e-01
8.645422965708629004e-01 8.805592928496368543e-01 8.331602463470597630e-01 8.441034340234346844e-01
8.628539269149411162e-01 8.812072340802783454e-01 8.294698707885520550e-01 8.424507509220184875e-01
8.610879310679422360e-01 8.796716722751891648e-01 8.269001328341987200e-01 8.409667079161133874e-01
8.609326786857884883e-01 8.808330703611114698e-01 8.221132713440404416e-01 8.378911220693915363e-01
8.559451959090996764e-01 8.781089438908378231e-01 8.184953508030430314e-01 8.356607410794480995e-01
8.575171262784062609e-01 8.801807819193319116e-01 8.150126796280643404e-01 8.337344599626508312e-01
8.570707756797142363e-01 8.803985160426972545e-01 8.141673710904480110e-01 8.337194365692017772e-01
8.536940363678705568e-01 8.780585778243708006e-01 8.165438956647748103e-01 8.360166676610416570e-01
8.572648411574065319e-01 8.796079074920479801e-01 8.149402246105541536e-01 8.344608361605720948e-01
8.561198548390226426e-01 8.798967140326116043e-01 8.163989856297548808e-01 8.360107862231634934e-01
8.563915465077918121e-01 8.805365698377858319e-01 8.186499215070643931e-01 8.375246235250612958e-01
8.577888179471753194e-01 8.817019539689855412e-01 8.193551503441611761e-01 8.371908341749616511e-01
8.577694113994061009e-01 8.811290604354169442e-01 8.177997826349474586e-01 8.363397139382845458e-01
8.573812804440217317e-01 8.797392327327182571e-01 8.166163506822847751e-01 8.362463946570030116e-01
8.607580197558656332e-01 8.827630565686801489e-01 8.200700398502596133e-01 8.386749420572652269e-01
8.618253798831724266e-01 8.840118982558584637e-01 8.211955077889143695e-01 8.394616996374624218e-01
8.602728560616352826e-01 8.820410686061845862e-01 8.196014974036953671e-01 8.381094481292676868e-01
8.601564167750197498e-01 8.817189737367182589e-01 8.193503200096606820e-01 8.376856044632789988e-01
8.611073376157115655e-01 8.829254649797324550e-01 8.219152276295133008e-01 8.396414100101787792e-01
8.633196840614023593e-01 8.851972230163158706e-01 8.230165438956648094e-01 8.399672546405039242e-01
8.624852025073258543e-01 8.841821526153534894e-01 8.209733124018838701e-01 8.390645911476355412e-01
8.618835995264801930e-01 8.830833699509641477e-01 8.189832145876101421e-01 8.375384131055403358e-01
8.622135108385567959e-01 8.833946605499403137e-01 8.192199009781429009e-01 8.381402727025251131e-01
8.624269828640183100e-01 8.844135689456749105e-01 8.191184639536288614e-01 8.388095311095766782e-01
8.618835995264801930e-01 8.826945420016665267e-01 8.181137543774906762e-01 8.376196662722887876e-01
8.640765394244017683e-01 8.841580484880826596e-01 8.190943122811253918e-01 8.377397743747937442e-01
8.663082924178617805e-01 8.865465286173560555e-01 8.196498007487018622e-01 8.384032499245526182e-01
8.659783811057850667e-01 8.856787345770996689e-01 8.195097210481825378e-01 8.382925421991939130e-01
8.645228900230936819e-01 8.836428605942349135e-01 8.183939137785292139e-01 8.375565128098791945e-01
8.643870441887092637e-01 8.836724159660753752e-01 8.175920782514187746e-01 8.373068200388147364e-01
8.671427739719381744e-01 8.856569919861322360e-01 8.188334742180896075e-01 8.376501076357278919e-01
8.674726852840147773e-01 8.856866136296179803e-01 8.193454896751600769e-01 8.381931577268888489e-01
8.650080537173241435e-01 8.835562085368524610e-01 8.189928752566115744e-01 8.385564184388869524e-01
8.632226513225562670e-01 8.808488212471379253e-01 8.188431348870908177e-01 8.384816276588241690e-01
8.650080537173242545e-01 8.823260627648565890e-01 8.175003018959061674e-01 8.358405818106011687e-01
8.645811096664013373e-01 8.826648245803137005e-01 8.189300809081028198e-01 8.382004261177795623e-01
8.621552911952492515e-01 8.801445714836906298e-01 8.188334742180896075e-01 8.385044031965556144e-01
8.627957072716334608e-01 8.809568329143795395e-01 8.185001811375438585e-01 8.372042168553592845e-01
8.642123852587864086e-01 8.812817637138062876e-01 8.197560681077165068e-01 8.383892682611708835e-01
8.630285858448640823e-01 8.802033092501438949e-01 8.200990218572635770e-01 8.395225219653820181e-01
8.626016417939411651e-01 8.802873316300612316e-01 8.192875256611520385e-01 8.375212374668589144e-01
8.649498340740163771e-01 8.810801410416959634e-01 8.212583021374230130e-01 8.394716147284468910e-01
8.646393293097089927e-01 8.805189275376608116e-01 8.224707160970897712e-01 8.418527703774969506e-01
8.637466281123250544e-01 8.794222938117141064e-01 8.198526747977297191e-01 8.394217437413841187e-01
8.639018804944789132e-01 8.798819390239123184e-01 8.168240550658133481e-01 8.362720023963063909e-01
8.620388519086339407e-01 8.776026678708378492e-01 8.189349112426036470e-01 8.390261142436885589e-01
8.620776650041722666e-01 8.780371766892930419e-01 8.195290423861851803e-01 8.395418947360242523e-01
8.628539269149411162e-01 8.782740121368416419e-01 8.179543533389687093e-01 8.383106228807738480e-01
8.624852025073259654e-01 8.778361980909568096e-01 8.164955923197680931e-01 8.380816934991337508e-01
8.605445477304042301e-01 8.766682205405291750e-01 8.166598236927907761e-01 8.384360293835968481e-01
8.616507209532495715e-01 8.766770745017017363e-01 8.159207825141890913e-01 8.374738873261391436e-01
8.612237769023268763e-01 8.767260476471848696e-01 8.167371090448013460e-01 8.386384700294643446e-01
8.621552911952492515e-01 8.775442652007084954e-01 8.185484844825503536e-01 8.402852449022863990e-01
8.632420578703254854e-01 8.766597609973427740e-01 8.171187054703538122e-01 8.387589154320201912e-01
8.596518465330202918e-01 8.740309340007236250e-01 8.135490882743630081e-01 8.359677372278292440e-01
8.602340429660967347e-01 8.746890396677465818e-01 8.148098055790363725e-01 8.371677272809648906e-01
8.636495953734789621e-01 8.768910663504254632e-01 8.161043352252144167e-01 8.377572080085571304e-01
8.633390906091715777e-01 8.764147980072740651e-01 8.152107233425913702e-01 8.369402539957682130e-01
8.596324399852510734e-01 8.733178053681110997e-01 8.119454172201424624e-01 8.339867888038078325e-01
8.627957072716334608e-01 8.748156303406332546e-01 8.135056152638570071e-01 8.352076409562734227e-01
8.652409322905546540e-01 8.779766441335613569e-01 8.150899649800749103e-01 8.367403887009066121e-01
8.634361233480176701e-01 8.784127594494901548e-01 8.135104455983577232e-01 8.348754032050906826e-01
8.614760620233266053e-01 8.756659107603412817e-01 8.110228233305156742e-01 8.332465481523688711e-01
8.604087018960195898e-01 8.732535944819624918e-01 8.101002294408887749e-01 8.331090581069231504e-01
8.593995614120204518e-01 8.737295944540440784e-01 8.090665378577466260e-01 8.319316394412544780e-01
8.605833608259426670e-01 8.756727867162134027e-01 8.093563579277864850e-01 8.315780555352165759e-01
8.613790292844805130e-01 8.748749843485664757e-01 8.101775147928994558e-01 8.329181303296113725e-01
8.582739816414057810e-01 8.719049325123783278e-01 8.087525661152035195e-01 8.315896899757062588e-01
8.589532108133284272e-01 8.732185458701802183e-01 8.086752807631929496e-01 8.304836859656722359e-01
8.613208096411729686e-01 8.751501773554110075e-01 8.103562371694239541e-01 8.323268328557180684e-01
8.587203322400978056e-01 8.732810233401937516e-01 8.094626252868011296e-01 8.317327751034859773e-01
8.579828834248675040e-01 8.721191253596087822e-01 8.086946021011954810e-01 8.307219676067608694e-01
8.602340429660968457e-01 8.732641937698567558e-01 8.089651008332326976e-01 8.304767596626725368e-01
8.598070989151740395e-01 8.733408645805699200e-01 8.104914865354425624e-01 8.317002510986835073e-01
8.588561780744823348e-01 8.729183940819968957e-01 8.101437024513947760e-01 8.314411123096642209e-01
8.602728560616351716e-01 8.740333087231868525e-01 8.098297307088515584e-01 8.306524301684081735e-01
8.624852025073259654e-01 8.749272179222113976e-01 8.128583504407680405e-01 8.333610630706083100e-01
8.605057346348657932e-01 8.735545659942374197e-01 8.117715251781185692e-01 8.326304443148637713e-01
8.620388519086339407e-01 8.747875315049294942e-01 8.094288129452964498e-01 8.302678248246390114e-01
8.611849638067885504e-01 8.743558846142701624e-01 8.116749184881053569e-01 8.309894651167319957e-01
8.608744590424810550e-01 8.747802541741683813e-01 8.101485327858954921e-01 8.304121813881510938e-01
8.618835995264801930e-01 8.755442166177731522e-01 8.116411061466006771e-01 8.316369779732972756e-01
8.622911370296337807e-01 8.755159083181804913e-01 8.128825021132713990e-01 8.315180651501479225e-01
8.640377263288633314e-01 8.779669677600755451e-01 8.105446202149499957e-01 8.305328952151673771e-01
8.626598614372489315e-01 8.765833856870459684e-01 8.148098055790362615e-01 8.339298960897466584e-01
8.615342816666342607e-01 8.753309002657103655e-01 8.138244173409008297e-01 8.328805243209727038e-01
8.611655572590191099e-01 8.753989677890184895e-01 8.110566356720202430e-01 8.305115329095302812e-01
8.597488792718663841e-01 8.742880067625516949e-01 8.125830213742301078e-01 8.319441668651661459e-01
8.612625899978652022e-01 8.758306747614651444e-01 8.128969931167732144e-01 8.321836817035901390e-01
8.624269828640183100e-01 8.772338682898777051e-01 8.132882502113270018e-01 8.314871702482597993e-01
8.611655572590191099e-01 8.759193192694088026e-01 8.147711629030309766e-01 8.328676540997538291e-01
8.592054959343282672e-01 8.743307030589000384e-01 8.113512860765608181e-01 8.301981653883356849e-01
8.591860893865590487e-01 8.748959361852471917e-01 8.088636638087187691e-01 8.272529086448856539e-01
8.606415804692502114e-01 8.761451067163473772e-01 8.130998671658011823e-01 8.311243537890051769e-01
8.610685245201731286e-01 8.766012001850276292e-01 8.135490882743630081e-01 8.320157897810703806e-01
8.602728560616351716e-01 8.763269194976834875e-01 8.109213863060017458e-01 8.292260304402008231e-01
8.592831221254051410e-01 8.751936483377398268e-01 8.114285714285713880e-01 8.300378878051776210e-01
8.593219352209435780e-01 8.749668464836111159e-01 8.143895664774785104e-01 8.326509022175593300e-01
8.605445477304042301e-01 8.771284404487824649e-01 8.136988286438835427e-01 8.311453949150677811e-01
8.596712530807893993e-01 8.774409129344189484e-01 8.115300084530854274e-01 8.292837869808796780e-01
8.595354072464049811e-01 8.763375894573913749e-01 8.137229803163869013e-01 8.316482953523745003e-01
8.589920239088668641e-01 8.755397441024460603e-01 8.146165921990098369e-01 8.321480354317334349e-01
8.582933881891749994e-01 8.756641591582748907e-01 8.133848569013404362e-01 8.311077775038194781e-01
8.587397387878670241e-01 8.763977568311189792e-01 8.113367950730587808e-01 8.294771016320026114e-01
8.577111917560984455e-01 8.753569305358757102e-01 8.150803043110734780e-01 8.330835468282242751e-01
8.583710143802518733e-01 8.756017568802221263e-01 8.145634585195025146e-01 8.315480960542452893e-01
8.593995614120204518e-01 8.766001315833270580e-01 8.152252143460934075e-01 8.312876213939811576e-01
8.592054959343282672e-01 8.770602431553562450e-01 8.157951938171716932e-01 8.321632367443263512e-01
8.593995614120204518e-01 8.770438653154548625e-01 8.148870909310470534e-01 8.322749130648282589e-01
8.591666828387896082e-01 8.765459625695974921e-01 8.169979471078372413e-01 8.338187198991694471e-01
8.590696500999437379e-01 8.766956081374421839e-01 8.157807028136698779e-01 8.319893129474840165e-01
8.585844864057133874e-01 8.760180941220996331e-01 8.174858108924042410e-01 8.338153141779862665e-01
8.609520852335578178e-01 8.777407795700593596e-01 8.175775872479169593e-01 8.341404032220218756e-01
8.606415804692504334e-01 8.779742553323042209e-01 8.177418186209395312e-01 8.334065642904175952e-01
8.603892953482505934e-01 8.775217739995966326e-01 8.180074870184760316e-01 8.336776188921004582e-01
8.623881697684799841e-01 8.781552753232676478e-01 8.183359497645210645e-01 8.345023246622611524e-01
8.627180810805564759e-01 8.786653586309536301e-01 8.206062069798333303e-01 8.370482868121066344e-01
8.620000388130956148e-01 8.791923919384982966e-01 8.171621784808598132e-01 8.334071573345100958e-01
8.630868054881717377e-01 8.790560849842650182e-01 8.177611399589421737e-01 8.344037429345820822e-01
8.625628286984027282e-01 8.782991583985815254e-01 8.206013766453327252e-01 8.370355873514733203e-01
8.630673989404025193e-01 8.794525847280620923e-01 8.193068469991546809e-01 8.347393839231506130e-01
8.630285858448639713e-01 8.787957661019853983e-01 8.197367467697138643e-01 8.351990131069439993e-01
8.635331560868637624e-01 8.790437871779750445e-01 8.197174254317111108e-01 8.366201068927681117e-01
8.634943429913253254e-01 8.795987969950268548e-01 8.176548725999275291e-01 8.349354351845408306e-01
8.619030060742496335e-01 8.784486556671521340e-01 8.183359497645212866e-01 8.352837292273740388e-01
8.625822352461720577e-01 8.778026949925342715e-01 8.180606206979832429e-01 8.350641767014248540e-01
8.626404548894796021e-01 8.781090362895576096e-01 8.169496437628306351e-01 8.347895436952410542e-01
8.632032447747869375e-01 8.791374762017145628e-01 8.168578674073180279e-01 8.345883547944361602e-01
8.648139882396320699e-01 8.796439830053877085e-01 8.203695205893009046e-01 8.376784711290825580e-01
8.643482310931707158e-01 8.778852730516195635e-01 8.210795797608985147e-01 8.376498182536114001e-01
