9.204805834495431993e-01 9.316415689463780625e-01 9.214005725507956601e-01 9.347649318776258820e-01
9.225848847893235449e-01 9.330379047588117647e-01 9.233058424373443707e-01 9.360946730097895463e-01
9.243121489267422941e-01 9.341080588061511092e-01 9.249391018226484906e-01 9.372093318919477722e-01
9.257370094749052258e-01 9.349930095045111411e-01 9.261003519692684316e-01 9.380063419702766581e-01
9.272827296393801877e-01 9.360250774396565721e-01 9.275674675644149936e-01 9.390077967210332943e-01
9.286119817800310150e-01 9.369121364685810693e-01 9.290034518809707764e-01 9.399646227286460043e-01
9.298399236273118262e-01 9.377179841420922868e-01 9.304190468646142964e-01 9.409523517249724911e-01
9.309805044376963101e-01 9.384852787258046725e-01 9.315895371209060860e-01 9.418008275346605451e-01
9.317952631990513712e-01 9.390283479275559619e-01 9.324593801724251341e-01 9.423765299721114097e-01
9.322999819168762414e-01 9.393192315677888482e-01 9.329864482464257369e-01 9.426900375896425377e-01
9.327370925595277473e-01 9.395635211129491626e-01 9.332793317226864005e-01 9.428587642830759119e-01
9.334724321964316118e-01 9.400155068919400225e-01 9.338225127152054439e-01 9.432075568071331961e-01
9.344199634427661216e-01 9.406385019533545222e-01 9.344379600200054536e-01 9.435971836518668443e-01
9.350878986432769047e-01 9.410750825460231228e-01 9.350697493369521940e-01 9.439476994868539750e-01
9.357794559423425751e-01 9.414716946060068814e-01 9.355897155084779149e-01 9.442585269774612655e-01
9.362182975146295938e-01 9.417243376575602509e-01 9.360550301222484437e-01 9.445466199674626973e-01
9.362993457493254956e-01 9.417247981377327992e-01 9.361049725332012406e-01 9.444933140595187515e-01
9.363901686454925155e-01 9.417207276494236057e-01 9.361951081484836124e-01 9.444617294819633857e-01
9.366282223800648232e-01 9.418009893441765534e-01 9.366896449272764658e-01 9.447505919394367790e-01
9.369631063548332639e-01 9.419591475131070535e-01 9.372738082244002067e-01 9.451250387655252272e-01
9.368736071107404140e-01 9.418633164917069589e-01 9.374087189165765110e-01 9.451621941834702501e-01
9.370329544565940694e-01 9.419025288047939704e-01 9.376555036638689611e-01 9.453244830637905771e-01
9.369520080412880869e-01 9.418210501810698743e-01 9.376935841158492435e-01 9.453199749034857380e-01
9.370458855191649006e-01 9.418437319282773057e-01 9.374798397607163603e-01 9.451164447576367866e-01
9.369251277222431229e-01 9.417059964740168709e-01 9.372660699507356918e-01 9.449203833272221686e-01
9.369976231281523793e-01 9.417035908128031929e-01 9.372213203286892114e-01 9.448534767209778584e-01
9.369760374174040951e-01 9.416909020859204338e-01 9.371012752674998669e-01 9.447752450114264011e-01
9.366443098437357007e-01 9.413965165467815810e-01 9.371321265427674518e-01 9.448247316106239690e-01
9.365253847958399103e-01 9.412284549483652674e-01 9.371935999996742206e-01 9.448414307228958364e-01
9.364636822453049625e-01 9.410898639032805324e-01 9.372693281712259905e-01 9.448784601411122086e-01
9.365618361375751544e-01 9.410632377681049654e-01 9.371490794712560302e-01 9.447367213606026048e-01
9.365848473197877500e-01 9.410281035663384808e-01 9.371803634789322990e-01 9.447341728328696453e-01
9.367371691277093237e-01 9.410779550092082113e-01 9.373633583781881828e-01 9.448154898383280820e-01
9.365728326317297459e-01 9.408347946411722562e-01 9.372847028991645457e-01 9.447768555550329905e-01
9.362492506092873201e-01 9.405831533396158406e-01 9.372102729248394937e-01 9.447427480793627597e-01
9.360360408059533732e-01 9.403777806845173837e-01 9.371859890002475213e-01 9.446887128631751285e-01
9.358222200862775786e-01 9.401882459061632336e-01 9.372402841901369408e-01 9.447307787305433413e-01
9.354375464296420528e-01 9.398196762977772956e-01 9.371471958125351387e-01 9.446661075841764621e-01
9.353909131488745698e-01 9.398220892069391041e-01 9.373314379993222811e-01 9.447815933010135225e-01
9.353848039854552043e-01 9.397965401179235734e-01 9.374886216831315178e-01 9.448885239873864306e-01
9.352228093354534311e-01 9.396122047384554143e-01 9.374561158427714425e-01 9.448420879262696692e-01
9.349680572208681761e-01 9.394386955362565850e-01 9.373753221565510607e-01 9.447232432432831617e-01
9.347580038186344975e-01 9.392717803910500818e-01 9.370150851535925529e-01 9.444098019578548442e-01
9.346698282266158175e-01 9.392122139166749761e-01 9.368692797866516875e-01 9.443592092892341139e-01
9.351726123760246701e-01 9.395328464511012445e-01 9.369359969421602319e-01 9.444407225294444430e-01
9.353797130159391404e-01 9.396928115841807205e-01 9.367614021426056148e-01 9.443526750727895269e-01
9.355831481578020803e-01 9.397767401731996761e-01 9.365791199790822752e-01 9.442210456762135662e-01
9.355729662187699525e-01 9.396626522285639327e-01 9.364572421688669435e-01 9.441033247227945679e-01
9.359429778831992452e-01 9.398847668282849233e-01 9.365693453176114902e-01 9.442000620360482266e-01
9.361486530516494042e-01 9.400518050226347455e-01 9.367548347919298912e-01 9.443155945571642951e-01
