8.053607830097297970e-01 8.551509874422893454e-01 7.889885463887458261e-01 8.256530879182450988e-01
7.943732018678888451e-01 8.476881144603937157e-01 7.849162312902144834e-01 8.210398925370041567e-01
7.720655206812300220e-01 8.309057711713672134e-01 7.627597406104511535e-01 8.004101052437624375e-01
7.542107013257384196e-01 8.166048693968503969e-01 7.420146977809303213e-01 7.837699155925045291e-01
7.450519741502696913e-01 8.069101503373801165e-01 7.265355796477861450e-01 7.709273686857734953e-01
7.322066243548409625e-01 7.956014973083354036e-01 7.080535342006055721e-01 7.573154241714303847e-01
7.193540458876086507e-01 7.809143269651013242e-01 6.950246463278951792e-01 7.467242360488426378e-01
7.071303618673104863e-01 7.692430099225698870e-01 6.822874096691379231e-01 7.376583628403785564e-01
6.921019531871213104e-01 7.566477264909484690e-01 6.679442910175027448e-01 7.270208705362867230e-01
6.822854168775029926e-01 7.473425686988066641e-01 6.583756107572489302e-01 7.175098179244719931e-01
6.782373606673508526e-01 7.418003884746116050e-01 6.558839732256984689e-01 7.125765191523013575e-01
6.763723633419596037e-01 7.386588945081121738e-01 6.545283351756567836e-01 7.084578212858770874e-01
6.754904653818907256e-01 7.370091695245516439e-01 6.517720511721858401e-01 7.049685878167768482e-01
6.687027425580824858e-01 7.272316300594316996e-01 6.464719204692344068e-01 6.975588442798865696e-01
6.682473362344403256e-01 7.240137434273687944e-01 6.465745384889586278e-01 6.944361754099755979e-01
6.649221472046724646e-01 7.200217328123947880e-01 6.438866664986371280e-01 6.910602580937391659e-01
6.665052263297142066e-01 7.194359621989501186e-01 6.472514573559116080e-01 6.921509537027754622e-01
6.631294365973197102e-01 7.154396349606522154e-01 6.432547555350719426e-01 6.872475011000962475e-01
6.637800170596654947e-01 7.156588428576191596e-01 6.444429641845108581e-01 6.859843143245920594e-01
6.713412077664850930e-01 7.188482432999548921e-01 6.490175674848503995e-01 6.857617554239694435e-01
6.735965533692839236e-01 7.195948989008604801e-01 6.496800838227192454e-01 6.840676276159813884e-01
6.723965938498459582e-01 7.185172676744098208e-01 6.494334405121540144e-01 6.836097794970233954e-01
6.681895068600095522e-01 7.159923812449823233e-01 6.458436101379401162e-01 6.826601435768353543e-01
6.646040856453034884e-01 7.128115105441574784e-01 6.429324989468150342e-01 6.796163817909315341e-01
6.631294365973194882e-01 7.106531376343412365e-01 6.425490316099506938e-01 6.773266618466684541e-01
6.597175035059058557e-01 7.097387868201289196e-01 6.401168045108720506e-01 6.774417533770327182e-01
6.590958377307754024e-01 7.089179420403461940e-01 6.384695152468773394e-01 6.767524007887912862e-01
6.576067313391836811e-01 7.082347435126084001e-01 6.370202607577890586e-01 6.750436271042459246e-01
6.514045309314866472e-01 7.001599946151160214e-01 6.326274893871364213e-01 6.697438491367011526e-01
6.519105379577556647e-01 6.992806027349323106e-01 6.339777264887713759e-01 6.687301345717746592e-01
6.535586751290317631e-01 7.009047946585040822e-01 6.350147085828271587e-01 6.691749344987425463e-01
6.539345660628315127e-01 7.029667915720161364e-01 6.349318940405934697e-01 6.709199209345373394e-01
6.523948589686130450e-01 7.001306061934851055e-01 6.337022781200378763e-01 6.671599105242269623e-01
6.528358079486475951e-01 6.965090628237948778e-01 6.369734525382656498e-01 6.658230822758876011e-01
6.562332836964535066e-01 6.957633781072225521e-01 6.417658940910023757e-01 6.652052922601623397e-01
6.604403706862900236e-01 6.976597641165165342e-01 6.463711027656455776e-01 6.672243257062216992e-01
6.622764533244660523e-01 6.996119702513812211e-01 6.489527561039718506e-01 6.706605799515360511e-01
6.645607136144804361e-01 7.013620774308805261e-01 6.522419336835547643e-01 6.739642490567699928e-01
6.668811172635139561e-01 7.036811310266217756e-01 6.569227556358896436e-01 6.781299263102823494e-01
6.694400670820743748e-01 7.043466802251505676e-01 6.634236972012285127e-01 6.819510809875607427e-01
6.673871242897830847e-01 7.004786389363171217e-01 6.605413910682713663e-01 6.757984044852662908e-01
6.677702438953866393e-01 6.968529688718718695e-01 6.581937788275620260e-01 6.691498735758877325e-01
6.724977952550997840e-01 6.978848377157411687e-01 6.651015918395269955e-01 6.716368810617152629e-01
6.746085674218218475e-01 6.971460254516130828e-01 6.677732609846289691e-01 6.736670900304997378e-01
6.800300712747039400e-01 7.016249436768440262e-01 6.736224881089118988e-01 6.787321915165215325e-01
6.850612268501784508e-01 7.037622695408383144e-01 6.806509223019561183e-01 6.838052438335604499e-01
6.913140279605025640e-01 7.105028845161091011e-01 6.879674070766825800e-01 6.938504685071675837e-01
6.950801659703047530e-01 7.102820852036251242e-01 6.924051863507232341e-01 6.967815237113892390e-01
6.979860920354493681e-01 7.107346240831533546e-01 6.936690082778536048e-01 6.998385453569552217e-01
6.993667683499833476e-01 7.095583237940044086e-01 6.937302190264610369e-01 7.001373244118502814e-01
7.036099986988391120e-01 7.121244213689139624e-01 6.964198913329181506e-01 7.027045044085167280e-01
7.080917752172216639e-01 7.130213403040964737e-01 7.012807448988040981e-01 7.052704077674940564e-01
7.103904928508436578e-01 7.112523853443282196e-01 7.041342459735928649e-01 7.044100273324359618e-01
7.123566915814887324e-01 7.123596923018233884e-01 7.051298207965319698e-01 7.041307772329405967e-01
7.183275744914630057e-01 7.161491654216192160e-01 7.109808482369504024e-01 7.080596278507423902e-01
7.223900880452225337e-01 7.192596577284727788e-01 7.144050495266969225e-01 7.091085646147186061e-01
7.252309560641329034e-01 7.234404463782906358e-01 7.178436533455274660e-01 7.127297463586549364e-01
7.245586895863753707e-01 7.237707461048259461e-01 7.165636285731774580e-01 7.124011421832407986e-01
7.265104309734129462e-01 7.229069238862183555e-01 7.194891422933866743e-01 7.143388215622233917e-01
7.317150746721797772e-01 7.257375444816880350e-01 7.243643983883569781e-01 7.180825108236953414e-01
7.358643322875854098e-01 7.262206563541826476e-01 7.287913757655843927e-01 7.201520861215484626e-01
7.374763260998425940e-01 7.263545356228444660e-01 7.313982335298079285e-01 7.213709880944400021e-01
7.380907632031691312e-01 7.262981737925003900e-01 7.320049400674758511e-01 7.213287407818046448e-01
7.432664922147204090e-01 7.301716951163951252e-01 7.360592520046520537e-01 7.246851918571811657e-01
7.497289248073559786e-01 7.368957946251628588e-01 7.418166630060238909e-01 7.281757113589848451e-01
7.485289652879180133e-01 7.388574608109717001e-01 7.403458047233093531e-01 7.283162348025904453e-01
7.510590004192629898e-01 7.409752683076459290e-01 7.433361298243972293e-01 7.282499840309097916e-01
7.544275614798536811e-01 7.435517220542222638e-01 7.466667146750969319e-01 7.298231188182227047e-01
7.590539114343131111e-01 7.446218040354515288e-01 7.522440940629173678e-01 7.319887932029777167e-01
7.635067732654801098e-01 7.455660735106230952e-01 7.591555077071534541e-01 7.355629361350887185e-01
7.631453396752881924e-01 7.438005503405711316e-01 7.595749813667279637e-01 7.363076138526650771e-01
7.661958391765097964e-01 7.491582683465239922e-01 7.598216246772933058e-01 7.355106837762365180e-01
7.703378681201116240e-01 7.527990498870187341e-01 7.625959118421195004e-01 7.379825444578824722e-01
7.739305180066214929e-01 7.567145995253190538e-01 7.636436958329881897e-01 7.377977428459882026e-01
7.838482557214937474e-01 7.659849861856122821e-01 7.687853987160144786e-01 7.422414522484442889e-01
7.923491737628128861e-01 7.752651812249071739e-01 7.733023919000177049e-01 7.484281902817575549e-01
7.918287093929361475e-01 7.753743084368716065e-01 7.732375805191391560e-01 7.475593618414012598e-01
7.976261041796179896e-01 7.814714576138814817e-01 7.759830626257970820e-01 7.508571479476071620e-01
8.003007127470398441e-01 7.841388947988410241e-01 7.759146506126476384e-01 7.492211744990323607e-01
8.048692333270685006e-01 7.904849927058357206e-01 7.772504851851984586e-01 7.500369281692602641e-01
8.100738770258353316e-01 7.961248999251941960e-01 7.797673271426462938e-01 7.555819164508723595e-01
8.152496060373866094e-01 8.003635096426998663e-01 7.823867871198183499e-01 7.612609714421949558e-01
8.191386314678541503e-01 8.048033798102223191e-01 7.845489667985697801e-01 7.642347529660569183e-01
8.197458398993768824e-01 8.069280896074382259e-01 7.849000284449949572e-01 7.650995732412007033e-01
8.228107967442062076e-01 8.105307379697085368e-01 7.850530553165134817e-01 7.664518310149306402e-01
8.233168037704753361e-01 8.130581074108115258e-01 7.841889035714673106e-01 7.673104903037210045e-01
8.207289392646995863e-01 8.086386485897766319e-01 7.831339183160563877e-01 7.670594672261230595e-01
8.166953403981552784e-01 7.999378164534347579e-01 7.817836812144213221e-01 7.648144476814442427e-01
8.178952999175931327e-01 7.955073282795324108e-01 7.818340900662155146e-01 7.588831584701878352e-01
8.178591565585739964e-01 7.954475033011929597e-01 7.811607718315336513e-01 7.625489086548801199e-01
8.268877676415734568e-01 8.116815238948665856e-01 7.831663240064956621e-01 7.734955118856634559e-01
8.259335829634663062e-01 8.085065716910320166e-01 7.843149257009531805e-01 7.740131038154306475e-01
8.258323815582124805e-01 8.083431592406814525e-01 7.834903809108878514e-01 7.729975708746998908e-01
8.220879295638218176e-01 8.061031424720395133e-01 7.840952871324204931e-01 7.758437216356431909e-01
8.306466769795718408e-01 8.159848404486151896e-01 7.849342344515698455e-01 7.699072968437270514e-01
8.248637395364976088e-01 8.122815997191185078e-01 7.845255626888082423e-01 7.766723668597852459e-01
8.264106753025199925e-01 8.167059606763361623e-01 7.855067349826629908e-01 7.781816478299037332e-01
8.292298573060186140e-01 8.223808697406327362e-01 7.871270195046249363e-01 7.788873134942831955e-01
8.301840419841258756e-01 8.247369873646469562e-01 7.877679320488678583e-01 7.799382124335484390e-01
8.321357833711634511e-01 8.274546078645309555e-01 7.878075390038490333e-01 7.802072599324403335e-01
8.286081915308880497e-01 8.249536447275099826e-01 7.856471596412331060e-01 7.782264698318170915e-01
8.300250112044412765e-01 8.261225008727689501e-01 7.866337328834943632e-01 7.791504820923615959e-01
8.342320981942777935e-01 8.298561029495272745e-01 7.889813451242038145e-01 7.816929578105751286e-01
8.308201651028640500e-01 8.274665593051452328e-01 7.879299605010638974e-01 7.830669836034604980e-01
8.299527244864027820e-01 8.281896386027536305e-01 7.874546770412883534e-01 7.823861526777738939e-01
8.367187612947997177e-01 8.348029114699508924e-01 7.907852618919882781e-01 7.782508667862709784e-01
8.334947736702856824e-01 8.317542178063973557e-01 7.860360279265038441e-01 7.836821489839862487e-01
8.409403056282438449e-01 8.405615192807609493e-01 7.913757655844366745e-01 7.870034860361440066e-01
8.414318553109052523e-01 8.402527580656335982e-01 7.929240374609782815e-01 7.832415813785622571e-01
8.375428298804378224e-01 8.372559829748871252e-01 7.882648193022694372e-01 7.866081005556502248e-01
8.409113909410285137e-01 8.412135380881746727e-01 7.908752776987637567e-01 7.853114681093501526e-01
8.414029406236898101e-01 8.416905014105372507e-01 7.922633214392447165e-01 7.836472094140544131e-01
8.399572062629212521e-01 8.400856096282147689e-01 7.901137439734416956e-01 7.827654513363944133e-01
8.407089881305208623e-01 8.413666418211593889e-01 7.894098203644560607e-01 7.842045006495111936e-01
8.416776301522358450e-01 8.426718871926591747e-01 7.914261744362310891e-01 7.832032544448962463e-01
8.400439503245673567e-01 8.413664133641892695e-01 7.896240579845822394e-01 7.835088869516574350e-01
8.417065448394512872e-01 8.428751229799501532e-01 7.910211033057404917e-01 7.820148008489078428e-01
8.421691798348971414e-01 8.433115368455146310e-01 7.888913293174281138e-01 7.823275234870186168e-01
8.435426274776272049e-01 8.448463446750600347e-01 7.910157023573338719e-01 7.823563889601755639e-01
8.423137532709740194e-01 8.436057211397212097e-01 7.913433598939972891e-01 7.828866402481660103e-01
8.422559238965433570e-01 8.432102103137105731e-01 7.915557971979879648e-01 7.839005711172829516e-01
8.419956917116049322e-01 8.432880769462410830e-01 7.895178393325867905e-01 7.835691856480386797e-01
8.420101490552125423e-01 8.429573531820694354e-01 7.908896802278480020e-01 7.826111155363988381e-01
8.399861209501366943e-01 8.399257422012820218e-01 7.852150837687097429e-01 7.822003712732028546e-01
8.414029406236898101e-01 8.414858100942025354e-01 7.922597208069737107e-01 7.816603810078404102e-01
8.404198412583671063e-01 8.409775403561042806e-01 7.911993346031562790e-01 7.820910816124436726e-01
8.404921279764057118e-01 8.409080613787880409e-01 7.845093598435884941e-01 7.806858193145967961e-01
8.438317743497809609e-01 8.455852038082780631e-01 7.904432018262407267e-01 7.820732115118311789e-01
8.452052219925112464e-01 8.462771208578333537e-01 7.912209383967824250e-01 7.816911657395133606e-01
8.444823548121267454e-01 8.462044044314254165e-01 7.888841280528859912e-01 7.835278861297096942e-01
8.434992554468042636e-01 8.454417431566967345e-01 7.891433735764000756e-01 7.822054615040923142e-01
8.441787505963653793e-01 8.450619184121586080e-01 7.908500732728668270e-01 7.806367332465778963e-01
8.437161156009194141e-01 8.446104518927020077e-01 7.894530279517082416e-01 7.810752483052981754e-01
8.420968931168586469e-01 8.421778865765253697e-01 7.908644758019509613e-01 7.799034089989934637e-01
8.407957321921669669e-01 8.404058102923959162e-01 7.883512344767741320e-01 7.806415749045263475e-01
8.424149546762277341e-01 8.426900381245293614e-01 7.901875569349977591e-01 7.810756269159683240e-01
8.442944093452269261e-01 8.450932947833793563e-01 7.912137371322403023e-01 7.800419963702660553e-01
8.448293310587111637e-01 8.459085748594945553e-01 7.875554947448771825e-01 7.810945871348888847e-01
8.461015772961876236e-01 8.475852953314622074e-01 7.905800258525396140e-01 7.809665638805325383e-01
8.454799115210570593e-01 8.467624868519765258e-01 7.905260163684741936e-01 7.814847329884910820e-01
8.456678569879569896e-01 8.467495048974632565e-01 7.887761090847552614e-01 7.823958367939952696e-01
8.463762668247336585e-01 8.477324378433296337e-01 7.916638161661186945e-01 7.834363541637275885e-01
8.463039801066951640e-01 8.473296965969057126e-01 7.923119299749035171e-01 7.824456380782429665e-01
8.453497954285880134e-01 8.458309079920924844e-01 7.903099784322127341e-01 7.826799405303360713e-01
8.449594471511805427e-01 8.459750238703076519e-01 7.905476201621004506e-01 7.814310302286396892e-01
8.464485535427721530e-01 8.477211928254744233e-01 7.909688941378105742e-01 7.805406817638218531e-01
8.467521577585335191e-01 8.478927315907673901e-01 7.902235632577081503e-01 7.814121736336806512e-01
8.450461912128265363e-01 8.459276430641857747e-01 7.922165132197214188e-01 7.803625235420718065e-01
8.455955702699187171e-01 8.464866062170155470e-01 7.906376359688760402e-01 7.811774068776318192e-01
8.473304515028408090e-01 8.484254218711843043e-01 7.917538319728945062e-01 7.805976534392580213e-01
8.476051410313869550e-01 8.490403462305227134e-01 7.914009700103338263e-01 7.809100690686994195e-01
8.459714612037183556e-01 8.471390969030954121e-01 7.900543335409696555e-01 7.810326997113474778e-01
8.457112290187800419e-01 8.464751857124382939e-01 7.907672587306330270e-01 7.812008750052428230e-01
8.465497549480258677e-01 8.475845476195089656e-01 7.912929510422029855e-01 7.816245559836705326e-01
8.464196388555567108e-01 8.475767971929512035e-01 7.918726528378383644e-01 7.809109218016361265e-01
8.470413046306871641e-01 8.487259941130831375e-01 7.920994926709130635e-01 7.815115592600504479e-01
8.454654541774493381e-01 8.468164219102446433e-01 7.912857497776609739e-01 7.801218826079268087e-01
8.460003758909337979e-01 8.472543392609106494e-01 7.908824789633059904e-01 7.796598689088681811e-01
8.477858578264828582e-01 8.491777158436930595e-01 7.894908345905540248e-01 7.804516628566157133e-01
8.478798305599328788e-01 8.491994103838220731e-01 7.922795242844644648e-01 7.776951940427667687e-01
8.487183564891787046e-01 8.504317041328282034e-01 7.924559552657447492e-01 7.797526149218585445e-01
8.472870794720177567e-01 8.472469486244075254e-01 7.861836538496160820e-01 7.791416864556997002e-01
8.475906836877792339e-01 8.488199737285250235e-01 7.903963936067173179e-01 7.797692664645157201e-01
8.470557619742947741e-01 8.481284065869363342e-01 7.919302629541746796e-01 7.790074062895602225e-01
8.464196388555567108e-01 8.473568252525465194e-01 7.909076833892031422e-01 7.791678719511129225e-01
8.444100680940884729e-01 8.436275934699661860e-01 7.854815305567656170e-01 7.786624702683822008e-01
8.435281701340197058e-01 8.427174884701524871e-01 7.884376496512787158e-01 7.786122694017558743e-01
8.434847981031965425e-01 8.429477688480733200e-01 7.913577624230815344e-01 7.781414571146297865e-01
8.453208807413725712e-01 8.450156051211586972e-01 7.908896802278480020e-01 7.788096194532887484e-01
8.453353380849802923e-01 8.450885511604122602e-01 7.907240511433807351e-01 7.786634843695102726e-01
8.436293715392733095e-01 8.428320755753624383e-01 7.900651354377828950e-01 7.775744353188163149e-01
8.436438288828810306e-01 8.429538000724710045e-01 7.892837982349699688e-01 7.772924410033664744e-01
8.438751463806040132e-01 8.434365446438405467e-01 7.887293008652319637e-01 7.774783230899022790e-01
8.414896846853358037e-01 8.401520148626817619e-01 7.894818330098765102e-01 7.758354125361555109e-01
8.431811938874351764e-01 8.421022986286526013e-01 7.898815031919604879e-01 7.766301083018534168e-01
8.453353380849802923e-01 8.443286993614123048e-01 7.886572882198115142e-01 7.775488568822913615e-01
8.440630918475040545e-01 8.434766733589278420e-01 7.897266760043063494e-01 7.769177353203812197e-01
8.445835562173805711e-01 8.438017894806398855e-01 7.895196396487222934e-01 7.774748820066641475e-01
8.441642932527577692e-01 8.432618051173588203e-01 7.893486096158485177e-01 7.774690927973999521e-01
8.439040610678193444e-01 8.426161404807328559e-01 7.898436965531148157e-01 7.771590408213047141e-01
8.457979730804261465e-01 8.443386636876103468e-01 7.895808503973298365e-01 7.781479855491659769e-01
8.456100276135263272e-01 8.441082914304508522e-01 7.899535158373810484e-01 7.780824177969065669e-01
8.460726626089722924e-01 8.449943542171703958e-01 7.915269921398196962e-01 7.786226241614384591e-01
8.470846766615102164e-01 8.456090862576776113e-01 7.897554810624746180e-01 7.788189074961882064e-01
8.480677760268329202e-01 8.470121690114142954e-01 7.898382956047080850e-01 7.783713184300424803e-01
8.455811129263108850e-01 8.444370604876573205e-01 7.916746180629317120e-01 7.764511720922806504e-01
8.462027787014413382e-01 8.451552589650641600e-01 7.913073535712872308e-01 7.778650288062649576e-01
8.465497549480257566e-01 8.453443392349394570e-01 7.891217697827738187e-01 7.775183692197986662e-01
8.454726828492533652e-01 8.441271532811187583e-01 7.902775727417733487e-01 7.767236051986166068e-01
8.459714612037183556e-01 8.448654839963849472e-01 7.907564568338200095e-01 7.769099150389426889e-01
8.457112290187801529e-01 8.448314378791385026e-01 7.900075253214463578e-01 7.761188608218172469e-01
8.468967311946102861e-01 8.454821123020780371e-01 7.884988603998863699e-01 7.765967206878665596e-01
8.463618094811259374e-01 8.458036643535755683e-01 7.895646475521103103e-01 7.765138652053198420e-01
8.456100276135263272e-01 8.447856724301829878e-01 7.900543335409697665e-01 7.761315956000445215e-01
8.457690583932109263e-01 8.444949371929475479e-01 7.891829805313814727e-01 7.761910596600283263e-01
8.454365394902340070e-01 8.445138980661321959e-01 7.897248756881708465e-01 7.762276417009772445e-01
8.453353380849801813e-01 8.439746646725332369e-01 7.893558108803905293e-01 7.761027511501182863e-01
8.454220821466262858e-01 8.439646476535680453e-01 7.893018013963251089e-01 7.762586381938902935e-01
8.451184779308650308e-01 8.440812035201790131e-01 7.898815031919604879e-01 7.757422263712681065e-01
8.449160751203573794e-01 8.435746155161618631e-01 7.894854336421475161e-01 7.756982825744602739e-01
8.460437479217567391e-01 8.450125153667357170e-01 7.897194747397642267e-01 7.758842240196296425e-01
8.453353380849802923e-01 8.437212155916193890e-01 7.903279815935677632e-01 7.750234578740126112e-01
8.465352976044181466e-01 8.448241008736290247e-01 7.887491043427226067e-01 7.758735800591308740e-01
8.438896037242117343e-01 8.417650654298155510e-01 7.894206222612689672e-01 7.744720687426760453e-01
8.439185184114270655e-01 8.418552068142827194e-01 7.895970532425493627e-01 7.745285720568457766e-01
8.455811129263108850e-01 8.436331064099863442e-01 7.896798677847830517e-01 7.758211611205358960e-01
8.458991744856800832e-01 8.438825407108987431e-01 7.890821628277926436e-01 7.751804039188501250e-01
8.473593661900562513e-01 8.463949754618695920e-01 7.890929647246055501e-01 7.750674161764907755e-01
8.479521172779714844e-01 8.467502618123022851e-01 7.896114557716334970e-01 7.747506937223289647e-01
8.475328543133484605e-01 8.463320421834914509e-01 7.898058899142688105e-01 7.751343103632192255e-01
8.468822738510025649e-01 8.455901383949268046e-01 7.893810153062876811e-01 7.758634303735614246e-01
8.456172562853301322e-01 8.437389101513415035e-01 7.891901817959232623e-01 7.756991625141773650e-01
8.460292905781492401e-01 8.437446072805728781e-01 7.890209520791851006e-01 7.753691190084973650e-01
8.465352976044181466e-01 8.441754306071662661e-01 7.888913293174280028e-01 7.754858842661918050e-01
8.460726626089721814e-01 8.439840199236717799e-01 7.894098203644559497e-01 7.752016317680232582e-01
8.469111885382178961e-01 8.449610731075234415e-01 7.893954178353719264e-01 7.754871453731275732e-01
8.483135508681634018e-01 8.461888618330180023e-01 7.885168635612413990e-01 7.759950274262219505e-01
8.464774682299873731e-01 8.443618638994681014e-01 7.901803556704557474e-01 7.757304272229863518e-01
8.467810724457487392e-01 8.450082999405472695e-01 7.904071955035304464e-01 7.752386391952266198e-01
8.471135913487255475e-01 8.447275704587801082e-01 7.896042545070914853e-01 7.754095648661814000e-01
8.475328543133484605e-01 8.454433044336582270e-01 7.891649773700262216e-01 7.750001243074929880e-01
8.454220821466263969e-01 8.433275247189379042e-01 7.898058899142688105e-01 7.741137191177785981e-01
8.464051815119491007e-01 8.440536618377578737e-01 7.895214399648579073e-01 7.753116082388776809e-01
8.452341366797264666e-01 8.421001805477733582e-01 7.893306064544933776e-01 7.755230315299547206e-01
8.466220416660642512e-01 8.436914137744389031e-01 7.887220996006898410e-01 7.750581057114633854e-01
8.465642122916334777e-01 8.435415499446499155e-01 7.892045843250073967e-01 7.748249172307076771e-01
8.456244849571339373e-01 8.429468632602925560e-01 7.901101433411708008e-01 7.745460835934959709e-01
8.482557214937327394e-01 8.450763703069058552e-01 7.889885463887457151e-01 7.755160123154328788e-01
8.464919255735950943e-01 8.437653558334801129e-01 7.896150564039043918e-01 7.744826730678757709e-01
8.450895632436495886e-01 8.421638485382256789e-01 7.894350247903532125e-01 7.743764909659907048e-01
8.451040205872573097e-01 8.414776207475149761e-01 7.891937824281943792e-01 7.742152540130611271e-01
8.460003758909337979e-01 8.425391853696132527e-01 7.889669425951196802e-01 7.741821431381238350e-01
8.460292905781492401e-01 8.431974567040216861e-01 7.893450089835775119e-01 7.736090381793980786e-01
8.469979325998642228e-01 8.441978900937661123e-01 7.889345369046805168e-01 7.737695285839233383e-01
8.456389423007416584e-01 8.428086338916049858e-01 7.894710311130634928e-01 7.732762345424259998e-01
8.461594066706182860e-01 8.427696677378961887e-01 7.892549931768018112e-01 7.737999585732506791e-01
8.447859590278882225e-01 8.409827961271083563e-01 7.894710311130632707e-01 7.733905974253064697e-01
8.465497549480258677e-01 8.425576912193336598e-01 7.889111327949187569e-01 7.735346621208865070e-01
8.476485130622098962e-01 8.437740506055751988e-01 7.885744736775778252e-01 7.739948564298337885e-01
8.461304919834029548e-01 8.426913126783941443e-01 7.893414083513065060e-01 7.735667022940135862e-01
8.466220416660643622e-01 8.434014577080259922e-01 7.889705432273906860e-01 7.732260785978708473e-01
8.469690179126487806e-01 8.436705016947265712e-01 7.893198045576802491e-01 7.735009641133112623e-01
8.473882808772715824e-01 8.439959703544002156e-01 7.890569584018952698e-01 7.732564429756048074e-01
8.473449088464486412e-01 8.439754981368019493e-01 7.891649773700261106e-01 7.730614735130134640e-01
8.454799115210570593e-01 8.423825411210139613e-01 7.899463145728389257e-01 7.726217695164419030e-01
8.484581243042403909e-01 8.447882247081416329e-01 7.889849457564748203e-01 7.732119522739872020e-01
8.466003556506527250e-01 8.425508053389296759e-01 7.894386254226242183e-01 7.725618021622381315e-01
8.455377408954878327e-01 8.413458984074609903e-01 7.892099852734140164e-01 7.727358481286026315e-01
8.464630108863797631e-01 8.415725055465740345e-01 7.888121154074656527e-01 7.730970164139250311e-01
8.458558024548570309e-01 8.417684958982353249e-01 7.890929647246056611e-01 7.728592737876092134e-01
8.464196388555567108e-01 8.422234905881463840e-01 7.893828156224232950e-01 7.735939753264640117e-01
8.460292905781491291e-01 8.417708233469389789e-01 7.889057318465122481e-01 7.727791925492217828e-01
8.462316933886566694e-01 8.419339044667445426e-01 7.884844578708021245e-01 7.722034369930403930e-01
8.463762668247335474e-01 8.419956270479602711e-01 7.882882234120311971e-01 7.722839463078721156e-01
8.450172765256112051e-01 8.410651827982839057e-01 7.889057318465122481e-01 7.721711097180158356e-01
8.466364990096719723e-01 8.423044282371062730e-01 7.881387971727835673e-01 7.724518364582111385e-01
8.461015772961876236e-01 8.420958492332042411e-01 7.884880585030732414e-01 7.719247803945891162e-01
8.477207997802483908e-01 8.434795441969215046e-01 7.889777444919326976e-01 7.727209759091362429e-01
8.471858780667640421e-01 8.426576101024653154e-01 7.883872407994844123e-01 7.720612156768489331e-01
8.449016177767496583e-01 8.403954660640373664e-01 7.876131048612136087e-01 7.707477414582889486e-01
8.420752071014472318e-01 8.376809727580334375e-01 7.880883883209891527e-01 7.700435855434711874e-01
8.455955702699186061e-01 8.405923687491088092e-01 7.870460052785268612e-01 7.710442346656887214e-01
8.464774682299873731e-01 8.417693984070977464e-01 7.879191586042508799e-01 7.716875464049794964e-01
8.474750249389176870e-01 8.434722574563138231e-01 7.892982007640541031e-01 7.720180108548940767e-01
8.479232025907559311e-01 8.430469902379982283e-01 7.888553229947178336e-01 7.722518873219128555e-01
8.469690179126487806e-01 8.421552644445167157e-01 7.889741438596618028e-01 7.722133056361162318e-01
8.466220416660642512e-01 8.415308072474810830e-01 7.896096554554979940e-01 7.721124120680555869e-01
8.463039801066951640e-01 8.408590960069304288e-01 7.882360142441011686e-01 7.712500453906590003e-01
8.457401437059954841e-01 8.406660173252421542e-01 7.874996849446763703e-01 7.698569438857905123e-01
8.462606080758721117e-01 8.414130674376998353e-01 7.873700621829191615e-01 7.700210667942608556e-01
8.459714612037183556e-01 8.409064515111167593e-01 7.880667845273628958e-01 7.700327880261410574e-01
8.481256054012635826e-01 8.434250840240786751e-01 7.880415801014658550e-01 7.715029673808213584e-01
8.468099871329641815e-01 8.425288426934867125e-01 7.888805274206149853e-01 7.706358508947332986e-01
8.466364990096719723e-01 8.419575199155201473e-01 7.886842929618440579e-01 7.707375616370066851e-01
8.467521577585334080e-01 8.418113007000778136e-01 7.887004958070636951e-01 7.707612796939138367e-01
8.471425060359409898e-01 8.422243803486926250e-01 7.878687497524563543e-01 7.709475571366033453e-01
8.443450100478538944e-01 8.397258396758133792e-01 7.888067144590590329e-01 7.694746397489082845e-01
8.466220416660643622e-01 8.417284477981499258e-01 7.876167054934847256e-01 7.702484218184004749e-01
8.464630108863797631e-01 8.412630698423014808e-01 7.871882302532324793e-01 7.704082615281161450e-01
8.451184779308650308e-01 8.399285298010658041e-01 7.878291427974752903e-01 7.695080266686646908e-01
8.456244849571339373e-01 8.404625924839881357e-01 7.878939541783537281e-01 7.695279556389538200e-01
8.473159941592331990e-01 8.424454523004714090e-01 7.877247244616154553e-01 7.707741235519365297e-01
8.470629906460986902e-01 8.421991672687154651e-01 7.882108098182040168e-01 7.702674671332743195e-01
8.446992149662421179e-01 8.387115764591885902e-01 7.882774215152180686e-01 7.696851663381191200e-01
8.443088666888346472e-01 8.376151078007357809e-01 7.877877355263583903e-01 7.698717618307534538e-01
8.445835562173806821e-01 8.377237224094777890e-01 7.878795516492695938e-01 7.706548910343953285e-01
8.456823143315647107e-01 8.394401772979975807e-01 7.880415801014657440e-01 7.706593205626461884e-01
8.453642527721956235e-01 8.394355481316253531e-01 7.883530347929096349e-01 7.699815893430214109e-01
8.452052219925110244e-01 8.393124972231635894e-01 7.879875706174004346e-01 7.697050794511568483e-01
8.464051815119489897e-01 8.405756560530230903e-01 7.876455105516528832e-01 7.703566913439449104e-01
8.456100276135262162e-01 8.395913877007398218e-01 7.877211238293444495e-01 7.702929862651648474e-01
8.451040205872573097e-01 8.388779652125437636e-01 7.883044262572507233e-01 7.701910088264941612e-01
8.446269282482036234e-01 8.380175082449248247e-01 7.882864230958955831e-01 7.697529464295975732e-01
8.442944093452269261e-01 8.375205589994553224e-01 7.882756211990826767e-01 7.696274225819399462e-01
8.458558024548570309e-01 8.390621240803826097e-01 7.879443630301481427e-01 7.705698798307036856e-01
8.463473521375183273e-01 8.397844142899815179e-01 7.883116275217928459e-01 7.704651196321450346e-01
8.468822738510025649e-01 8.403820202179039800e-01 7.884340490190077100e-01 7.701276581475706706e-01
8.463473521375182163e-01 8.400586614009246667e-01 7.882162107666106365e-01 7.690908491030961081e-01
8.454365394902340070e-01 8.393251693345660236e-01 7.884988603998861478e-01 7.688001434485737251e-01
8.461160346397953447e-01 8.393231092808813854e-01 7.878957544944893421e-01 7.699443460800508010e-01
