8.993188301733003875e-01 9.208481871978072553e-01 8.915734814635913885e-01 9.172814332330390119e-01
9.005802557782994766e-01 9.222272420889148226e-01 8.953652940466126919e-01 9.198971274304058587e-01
9.038017427079896304e-01 9.246497295551893147e-01 9.005579036348265731e-01 9.235409908157069525e-01
9.080323701216791443e-01 9.272489550956325433e-01 9.046830092983939586e-01 9.266137635541744633e-01
9.110015719303693471e-01 9.299901756577046985e-01 9.095761381475666596e-01 9.301401632069221659e-01
9.138737410002134576e-01 9.318855400239602904e-01 9.144161333172322603e-01 9.336714737653053486e-01
9.165130314968270575e-01 9.338186151002971780e-01 9.184349716217847792e-01 9.363429077703072645e-01
9.175997981719030694e-01 9.344599178824282149e-01 9.206327738195869692e-01 9.379578611008052569e-01
9.164354053057501837e-01 9.337422321858376284e-01 9.213814756671899753e-01 9.381226637108525113e-01
9.140483999301364237e-01 9.321242554055533258e-01 9.202801594010384667e-01 9.373293976974289565e-01
9.143977177899824671e-01 9.321990214332861457e-01 9.185508996498007450e-01 9.360577353923023036e-01
9.179491160317490017e-01 9.342366481074589890e-01 9.190435937688684609e-01 9.362793553091627308e-01
9.210929767703622817e-01 9.362576761713725659e-01 9.191498611278832165e-01 9.360649752013119329e-01
9.246055619165907125e-01 9.388394872076375464e-01 9.203429537495472212e-01 9.373017243811548882e-01
9.269149411011274875e-01 9.400967515950980902e-01 9.223620335708246909e-01 9.392373914642420107e-01
9.254594500184362138e-01 9.393294804763704375e-01 9.229803163869096938e-01 9.400433355906271382e-01
9.252265714452057033e-01 9.396331777580265721e-01 9.233522521434610608e-01 9.401306962727931094e-01
9.246637815598983678e-01 9.397019481020125742e-01 9.233425914744595175e-01 9.398944048485818881e-01
9.242174309612062322e-01 9.392051384050692509e-01 9.236275812099988824e-01 9.396592530609744198e-01
9.245861553688212719e-01 9.395112657626042418e-01 9.239705349595459527e-01 9.398721031751322563e-01
9.241009916745911434e-01 9.394259380365794776e-01 9.249607535321821006e-01 9.406444465829809642e-01
9.228783791651302693e-01 9.379989885814399297e-01 9.242168820190799217e-01 9.399684644592700700e-01
9.249936928719749707e-01 9.389418827347161267e-01 9.231831904359376617e-01 9.391454747258805025e-01
9.256147024005899615e-01 9.390006743490101337e-01 9.227436299963771571e-01 9.386432705478593430e-01
9.288361893302800043e-01 9.409549928053391188e-01 9.229271827074024825e-01 9.387319489435088649e-01
9.298453298142793644e-01 9.420052782651090473e-01 9.245067020891197807e-01 9.398012195854612560e-01
9.303887131518174813e-01 9.427986251425120034e-01 9.247337278106507741e-01 9.399596229651960844e-01
9.316889518523550073e-01 9.434369039136779600e-01 9.256418306967757470e-01 9.405417725954583474e-01
9.319024238778164104e-01 9.433735321626283143e-01 9.252360825987200332e-01 9.406247171976980237e-01
9.308350637505093950e-01 9.426607337062179459e-01 9.259944451153242495e-01 9.415566923490240603e-01
9.299229560053561272e-01 9.418508765319609788e-01 9.273421084410096160e-01 9.427103575517901124e-01
9.308544702982786134e-01 9.422291804904198154e-01 9.279652215915952240e-01 9.424630095639114913e-01
9.330862232917385146e-01 9.435464230588146428e-01 9.284579157106629399e-01 9.426686397014061303e-01
9.331444429350462810e-01 9.437263627940708499e-01 9.283806303586523700e-01 9.426550401730088291e-01
9.324264006675850869e-01 9.434131004031385270e-01 9.277526868735659349e-01 9.422372829277845252e-01
9.325234334064311792e-01 9.435175161753973638e-01 9.285255403936722995e-01 9.426411933774467844e-01
9.310097226804321391e-01 9.420135185861815419e-01 9.277526868735661569e-01 9.421387659188258379e-01
9.331638494828153885e-01 9.434252267169143114e-01 9.276222678420480428e-01 9.418449714613111867e-01
9.332996953171999177e-01 9.440483060155323569e-01 9.276947228595580075e-01 9.417601638035276723e-01
9.330085971006616408e-01 9.444981783335385517e-01 9.278178963893251030e-01 9.419759566836989340e-01
9.334549476993536654e-01 9.451194713791883917e-01 9.282453809926337618e-01 9.425078259474347631e-01
9.321547089988162504e-01 9.439617698297485537e-01 9.273179567685062574e-01 9.421336042955136270e-01
9.321935220943546874e-01 9.437339425954500705e-01 9.286656200941914019e-01 9.430318995460466036e-01
9.332802887694306992e-01 9.442193113841959029e-01 9.310759570100228810e-01 9.447483980086724964e-01
9.325428399542006197e-01 9.436193014794489464e-01 9.304383528559352357e-01 9.443167409242663179e-01
9.327951250752004597e-01 9.436249204012544523e-01 9.294336432797971614e-01 9.435392837895512086e-01
9.350462846164295794e-01 9.454650263197552640e-01 9.273565994445115424e-01 9.418781072044966063e-01
9.363659298647364349e-01 9.464566947857464552e-01 9.272841444270015776e-01 9.417297562719404436e-01
9.364241495080440902e-01 9.465427228608735977e-01 9.283419876826470851e-01 9.425909886341388155e-01
9.350462846164295794e-01 9.453543785059851379e-01 9.294239826107957292e-01 9.434330435791118408e-01
9.359972054571210620e-01 9.459971670660319853e-01 9.308006279434850594e-01 9.446176907881869145e-01
9.352403500941217640e-01 9.453935615856924324e-01 9.294771162903030515e-01 9.436570654911367040e-01
9.353373828329678563e-01 9.454010129316974265e-01 9.287187537736988352e-01 9.425901828201392885e-01
9.348716256865066132e-01 9.450384196591194996e-01 9.281487743026205495e-01 9.420547284385802911e-01
9.362106774825826871e-01 9.462452000375695116e-01 9.289216278227268031e-01 9.424917892248712015e-01
9.372198179665818252e-01 9.470074694902681500e-01 9.292211085617678723e-01 9.425101946578672285e-01
9.351239108075064532e-01 9.459881318979850295e-01 9.309165559715011362e-01 9.436609317679615083e-01
9.366376215335054933e-01 9.474056571387636794e-01 9.336263736263736845e-01 9.456249366723658012e-01
9.360166120048902805e-01 9.470739419479041743e-01 9.335539186088636088e-01 9.456864166171115027e-01
9.352209435463525455e-01 9.460876224980051541e-01 9.327375920782514651e-01 9.450837895440633574e-01
9.351627239030448902e-01 9.458189611221891058e-01 9.328245380992633562e-01 9.451699321236350926e-01
9.339207048458149085e-01 9.452957951534881609e-01 9.315541601255886706e-01 9.441399994290845532e-01
9.358031399794290994e-01 9.465982693663063108e-01 9.320468542446564975e-01 9.445438406833015499e-01
9.385006501193502437e-01 9.481977576110869332e-01 9.320854969206617824e-01 9.448476219272180510e-01
9.394321644122727299e-01 9.487894247135233439e-01 9.307764762709818118e-01 9.439114101096497400e-01
9.407129965650411485e-01 9.498572500250700434e-01 9.306363965704627095e-01 9.438420173937230873e-01
9.412563799025791544e-01 9.502731266321788883e-01 9.309841806545103848e-01 9.438090104519881729e-01
9.400337673931185023e-01 9.488922922491903611e-01 9.307233425914744895e-01 9.435361810298199536e-01
9.369481262978127667e-01 9.466690836643635309e-01 9.297234633498370204e-01 9.427129121350630303e-01
9.364629626035825272e-01 9.461563205509270214e-01 9.303948798454292346e-01 9.433825488181031282e-01
9.344252750878146996e-01 9.447875595139203497e-01 9.311773940345369205e-01 9.439283185043116919e-01
9.352597566418909825e-01 9.456367779714514032e-01 9.322448979591835272e-01 9.449509034172750566e-01
9.371421917755051734e-01 9.467670722062073718e-01 9.317763555126192809e-01 9.444871060262575169e-01
9.384230239282733699e-01 9.475107032734244594e-01 9.315589904600893867e-01 9.442062792453561615e-01
9.394903840555803853e-01 9.487485373044741710e-01 9.317135611641106374e-01 9.444281469784051586e-01
9.405189310873487418e-01 9.497348700266289301e-01 9.312353580485446258e-01 9.441700340593095486e-01
9.408876554949641147e-01 9.497601665740261767e-01 9.305059775389445953e-01 9.436210854183231245e-01
9.407324031128101449e-01 9.494507469912707442e-01 9.311097693515275608e-01 9.441119729161934204e-01
9.415668846668865388e-01 9.500218438130278997e-01 9.304045405144305558e-01 9.433668285151708410e-01
9.404995245395795234e-01 9.489798293324668288e-01 9.306315662359618823e-01 9.433089448802410848e-01
9.401113935841952651e-01 9.485096679501913153e-01 9.301437024513947716e-01 9.429358033152820395e-01
9.403248656096567792e-01 9.481302962002674528e-01 9.308296099504890231e-01 9.434769154419295756e-01
9.414116322847329021e-01 9.492844593497394845e-01 9.316459364811012778e-01 9.440270564595859559e-01
9.429641561062702682e-01 9.505729579217712111e-01 9.330660548242964980e-01 9.450590288259624883e-01
9.455258204118069942e-01 9.525427218414829200e-01 9.324864146842170021e-01 9.443305347114142601e-01
9.435463525393468220e-01 9.514846176560847191e-01 9.318439801956285296e-01 9.439023931157156655e-01
9.420132352655785635e-01 9.505905409170838372e-01 9.317956768506218124e-01 9.441449401082251391e-01
9.408682489471946742e-01 9.496501669578863991e-01 9.314961961115807432e-01 9.438374904923193531e-01
9.409652816860407665e-01 9.499367184341733772e-01 9.328438594372659987e-01 9.448639355840403597e-01
9.429253430107318312e-01 9.508517706265465774e-01 9.336746769713801797e-01 9.453361500375857540e-01
9.430805953928855789e-01 9.513476639665873202e-01 9.327231010747494278e-01 9.445543607304346390e-01
9.422267072910399666e-01 9.504183195879879475e-01 9.316169544740973141e-01 9.434894333138745814e-01
9.422655203865786255e-01 9.504994231055984288e-01 9.319067745441371731e-01 9.441552443362267732e-01
9.421102680044246558e-01 9.507898622845103453e-01 9.324139596667069263e-01 9.447850643067053911e-01
9.424983989598090250e-01 9.508629105898652734e-01 9.327061949039970878e-01 9.453750715361882717e-01
9.431194084884240159e-01 9.512129082484959142e-01 9.334234995773456056e-01 9.458729911219555531e-01
9.442061751635001388e-01 9.516127486890525455e-01 9.333317232218329984e-01 9.456500169092387775e-01
9.441479555201923723e-01 9.514058712926072303e-01 9.338823813549087527e-01 9.458185641836889257e-01
9.441479555201925944e-01 9.518139491077157732e-01 9.332882502113271084e-01 9.452515757342592195e-01
9.443032079023463421e-01 9.523443359127488073e-01 9.325009056877189284e-01 9.444566656252673109e-01
9.431582215839623418e-01 9.513908968888173945e-01 9.311194300205288821e-01 9.430556798266250818e-01
9.429641561062702682e-01 9.508645440690968176e-01 9.317425431711146011e-01 9.434855755182615100e-01
9.443420209978845570e-01 9.514613579576811642e-01 9.333075715493297508e-01 9.449322650830545012e-01
9.447107454054998188e-01 9.520205602398974509e-01 9.342301654389565391e-01 9.458833694581481044e-01
9.444584602844999788e-01 9.520943915018621473e-01 9.343605844704745422e-01 9.460166493516414254e-01
9.435075394438083851e-01 9.516266012686455111e-01 9.333124018838304670e-01 9.449143007398244087e-01
9.447689650488072521e-01 9.524143701310475718e-01 9.337036589783842544e-01 9.449792312495091107e-01
9.449436239787304403e-01 9.525988057164865852e-01 9.336505252988769321e-01 9.452830197996523465e-01
9.440509227813465021e-01 9.520681124643890492e-01 9.335442579398622875e-01 9.454725690467147281e-01
9.432940674183469820e-01 9.517121507182035867e-01 9.341963530974520813e-01 9.461646294202966656e-01
9.436433852781929144e-01 9.520217701032284152e-01 9.349933582900615825e-01 9.464618418326730120e-01
9.437016049215004587e-01 9.517550891501942445e-01 9.343750754739764686e-01 9.458128859801354649e-01
9.444778668322693083e-01 9.521920293888183062e-01 9.339258543654148648e-01 9.453845072902304913e-01
9.460497972015757817e-01 9.532037629898382214e-01 9.338727206859075425e-01 9.453727458784128013e-01
9.455258204118068832e-01 9.529021824313689271e-01 9.340417823934308306e-01 9.454070940924258482e-01
9.446331192144228339e-01 9.526905203616119477e-01 9.343074507909672199e-01 9.454451128850431818e-01
9.456034466028837571e-01 9.531659604335187552e-01 9.351430986595821171e-01 9.459492125743442781e-01
9.458751382716528155e-01 9.532013734121561610e-01 9.346504045405146233e-01 9.454030274039441073e-01
9.473112228065748708e-01 9.538833160217192741e-01 9.340176307209272499e-01 9.450701981439872945e-01
9.486696811504200522e-01 9.549861209128118755e-01 9.336746769713801797e-01 9.451971998036301503e-01
9.489995924624967660e-01 9.551823779439978512e-01 9.337809443303948242e-01 9.453003677325598764e-01
9.469036853034213941e-01 9.537185331725047677e-01 9.330419031517932504e-01 9.449417420485924923e-01
9.462050495837295294e-01 9.531822360331193567e-01 9.328825021132713946e-01 9.446995980449921504e-01
9.449436239787304403e-01 9.520088772020645074e-01 9.331046975003018940e-01 9.445873387746824834e-01
9.454287876729607909e-01 9.524679500863904025e-01 9.345924405265064738e-01 9.455607080270445053e-01
9.475246948320363849e-01 9.541645297688455818e-01 9.355874894336433378e-01 9.465396722808954166e-01
9.477963865008054434e-01 9.542722292511828242e-01 9.365632170027775594e-01 9.471151700317470556e-01
9.484173960294202121e-01 9.549235193693332846e-01 9.357951938171717998e-01 9.464303480234780297e-01
9.483979894816511047e-01 9.547432246897706865e-01 9.349450549450549763e-01 9.459737112338428844e-01
9.459721710104989079e-01 9.530217259705831001e-01 9.335635792778650410e-01 9.449424762653789722e-01
9.444584602844999788e-01 9.516623083838636754e-01 9.338340780099021465e-01 9.450806610306377031e-01
9.471559704244211231e-01 9.539023382364067993e-01 9.345199855089965091e-01 9.453269273126496675e-01
9.479904519784975170e-01 9.547352816152983035e-01 9.348242965825384054e-01 9.453185998818306457e-01
9.476799472141901326e-01 9.543937600724773374e-01 9.336650163023789695e-01 9.444663172482460345e-01
9.483009567428049014e-01 9.546230046966579508e-01 9.340900857384374367e-01 9.449667815738210797e-01
9.486890876981892706e-01 9.550698055451586344e-01 9.350126796280642250e-01 9.457744395989035047e-01
9.475635079275745998e-01 9.541896260506219640e-01 9.353169907016061213e-01 9.462073603342071593e-01
9.466514001824215541e-01 9.535986527041021565e-01 9.355391860886366207e-01 9.465688805900321912e-01
9.464379281569601510e-01 9.538193195861988105e-01 9.353942760536166912e-01 9.462545306578538096e-01
9.467872460168059723e-01 9.540411617776655140e-01 9.351914020045887233e-01 9.457978612531564577e-01
9.483785829338817752e-01 9.551518049541627420e-01 9.356019804371451531e-01 9.463289709500679603e-01
9.491548448446506248e-01 9.556685595069934758e-01 9.352010626735901555e-01 9.461615814424557680e-01
9.495817888955734309e-01 9.561542392402333501e-01 9.349257336070522229e-01 9.459784649691865832e-01
9.503386442585728400e-01 9.567097684648140365e-01 9.361816205772249821e-01 9.467461206461365020e-01
9.498340740165731599e-01 9.561526622246599993e-01 9.374181862093949880e-01 9.472995833843116387e-01
9.484368025771894306e-01 9.549306621684234830e-01 9.376645332689288459e-01 9.474661249553073539e-01
9.495235692522656645e-01 9.555888552592829432e-01 9.378142736384493805e-01 9.475854600801062455e-01
9.494265365134195722e-01 9.553035023658849045e-01 9.371814998188624513e-01 9.470382180432137531e-01
9.485920549593434004e-01 9.546653459318218404e-01 9.348677695930442955e-01 9.452383916544588871e-01
9.483591763861125568e-01 9.546304558960040376e-01 9.349885279555609774e-01 9.455316060197620498e-01
9.484562091249586491e-01 9.549539734285420467e-01 9.364376283057601613e-01 9.468927034178113988e-01
9.490772186535738619e-01 9.554251741371276863e-01 9.368095640623113063e-01 9.470431577890149333e-01
9.493295037745734799e-01 9.558567482074186161e-01 9.367999033933099851e-01 9.467602791673823681e-01
9.497176347299578492e-01 9.559416707235957045e-01 9.366115203477840545e-01 9.466390973694618349e-01
9.496400085388810863e-01 9.556224872085521405e-01 9.362154329187295509e-01 9.461150187278201118e-01
9.502804246152651846e-01 9.560284408726713590e-01 9.360028982007002618e-01 9.460664224586399218e-01
9.516971026024181324e-01 9.569943729752856676e-01 9.357807028136697625e-01 9.457955690816469696e-01
9.516194764113410365e-01 9.572771748221047261e-01 9.356502837821518703e-01 9.458119058686985658e-01
9.510372799782647046e-01 9.570149303703663346e-01 9.362830576017389106e-01 9.462042657722751215e-01
9.501057656853422184e-01 9.565196454501726508e-01 9.355005434126313357e-01 9.458590821614500932e-01
9.513671912903414185e-01 9.572825648927341113e-01 9.361961115807270195e-01 9.463319766705328151e-01
9.507655883094955351e-01 9.567449919256909574e-01 9.360077285352010890e-01 9.462588385177528316e-01
9.498534805643423784e-01 9.561428092308029703e-01 9.353556333776114062e-01 9.456732140704228184e-01
9.501639853286497628e-01 9.561826794094187010e-01 9.365535563337763492e-01 9.465215324935339902e-01
9.502610180674959661e-01 9.560927979785931452e-01 9.378335949764522450e-01 9.471818782941380244e-01
9.510178734304954862e-01 9.567313343988674834e-01 9.379543533389688159e-01 9.473738527352362215e-01
9.518135418890333321e-01 9.573713813531398165e-01 9.377852916314455278e-01 9.474159081041482189e-01
9.520464204622638427e-01 9.576007214213236862e-01 9.380219780219779535e-01 9.475113354661620635e-01
9.538706359525702672e-01 9.589616852078427511e-01 9.383987441130298146e-01 9.478582428025403850e-01
9.550738419142618119e-01 9.598065579038899120e-01 9.379060499939620987e-01 9.472059067584253089e-01
9.535019115449553384e-01 9.583040716934634329e-01 9.364762709817655573e-01 9.462154037585566169e-01
9.520852335578023906e-01 9.573056149096303979e-01 9.362685665982369843e-01 9.459962833370394453e-01
9.514060043858798554e-01 9.570376744744394371e-01 9.365583866682767322e-01 9.463972641614434300e-01
9.519299811756486429e-01 9.576495767196657738e-01 9.370993841323511653e-01 9.469462009280857906e-01
9.508432145005725200e-01 9.568588012399763532e-01 9.370124381113391632e-01 9.467992906699119748e-01
9.501057656853422184e-01 9.564304527722031768e-01 9.368143943968119114e-01 9.465232503748632897e-01
9.503386442585728400e-01 9.565810077649028464e-01 9.374858108924043476e-01 9.470103272665706395e-01
9.508820275961109569e-01 9.568347747244555501e-01 9.374809805579036315e-01 9.472046063666192950e-01
9.520464204622639537e-01 9.577022460936418513e-01 9.381862093950006365e-01 9.477773615144182706e-01
9.537930097614935043e-01 9.591065637808419142e-01 9.384518777925371369e-01 9.477947659125200985e-01
9.531720002328786245e-01 9.586688064783079888e-01 9.378625769834560977e-01 9.474475342403230194e-01
9.516388829591103660e-01 9.575834514560195299e-01 9.372829368433764907e-01 9.469955430690236708e-01
9.512701585514952152e-01 9.571596382294330629e-01 9.377273276174374894e-01 9.469994237174621521e-01
9.513089716470336521e-01 9.571539067285759206e-01 9.381862093950006365e-01 9.472733000190820540e-01
9.520270139144947352e-01 9.575086323741393013e-01 9.379736746769714584e-01 9.470145308522285310e-01
9.522598924877253568e-01 9.575410346481458834e-01 9.377128366139355631e-01 9.468125524990171904e-01
9.524927710609559783e-01 9.572890206425156423e-01 9.383069677575172074e-01 9.470613895050613573e-01
9.529973413029555473e-01 9.579584444510752528e-01 9.381620577224972779e-01 9.468331507310062678e-01
9.520076073667255168e-01 9.574879874877990638e-01 9.383407800990218872e-01 9.468862219247505818e-01
9.517165091501872398e-01 9.575670001498560735e-01 9.383649317715252458e-01 9.470659329030137741e-01
9.523375186788022306e-01 9.579003736228786092e-01 9.380896027049873132e-01 9.470234372456306504e-01
9.532690329717244948e-01 9.587820259584637350e-01 9.382634947470112063e-01 9.473952266149769930e-01
9.536183508315705382e-01 9.588824727413182147e-01 9.383311194300204550e-01 9.474285075483923624e-01
9.532302198761861689e-01 9.584319879253014873e-01 9.387416978625769959e-01 9.476678892467415016e-01
9.526286168953405076e-01 9.578812543087711351e-01 9.381765487259992042e-01 9.473556109158468574e-01
9.523763317743406676e-01 9.576826404710068186e-01 9.376741939379302782e-01 9.468640446349072537e-01
9.523569252265714491e-01 9.575639110138065568e-01 9.372346334983696625e-01 9.463756054497466375e-01
9.534630984494167905e-01 9.583893894405653979e-01 9.381185847119912768e-01 9.469563965937974892e-01
9.549379960798772826e-01 9.597075353521276053e-01 9.394469266996740009e-01 9.480099492554991958e-01
9.555395990607230550e-01 9.598631742280433476e-01 9.401424948677695737e-01 9.485429835666991938e-01
9.547633371499543165e-01 9.593487310676956925e-01 9.401956285472770070e-01 9.486613481199946962e-01
9.553455335830309814e-01 9.598200913309016258e-01 9.403067262407921456e-01 9.486859059093182278e-01
9.542393603601854180e-01 9.591027945417373024e-01 9.394759087066778536e-01 9.481693078062737312e-01
9.535407246404937753e-01 9.583235693094576124e-01 9.385678058205529917e-01 9.475344708511640457e-01
9.528614954685711291e-01 9.578750656895029802e-01 9.381523970534958456e-01 9.472995683129803446e-01
9.527450561819558184e-01 9.578737755671156151e-01 9.379543533389688159e-01 9.469540997318575126e-01
9.528032758252634737e-01 9.580818539929255584e-01 9.374664895544017051e-01 9.464713252213466932e-01
9.525509907042636337e-01 9.580401343210172005e-01 9.382296824055066375e-01 9.470451408640490065e-01
9.533660657105706981e-01 9.586933231524880084e-01 9.392295616471441067e-01 9.476086347099613727e-01
9.536959770226475230e-01 9.589820755247595585e-01 9.390266875981160277e-01 9.473868490287286059e-01
9.544140192901083841e-01 9.594008234631992149e-01 9.389397415771042477e-01 9.474242026141641571e-01
9.551514681053387967e-01 9.600186213714539951e-01 9.387561888660790332e-01 9.472508965989201446e-01
9.553455335830309814e-01 9.598049679124902589e-01 9.395725153966911769e-01 9.478950934548945328e-01
9.544528323856469321e-01 9.589682832957334702e-01 9.396932737592078588e-01 9.480692378504079754e-01
9.536377573793398676e-01 9.582942798879903190e-01 9.401231735297670422e-01 9.483154720270128291e-01
9.541617341691087661e-01 9.586884194214624344e-01 9.403067262407922566e-01 9.484793411464995661e-01
9.550350288187233749e-01 9.596356706510477119e-01 9.404709576138147176e-01 9.484429450905323966e-01
9.546468978633391167e-01 9.594815535339027424e-01 9.389928752566114589e-01 9.475823104649341300e-01
9.535989442838013197e-01 9.585962687641405022e-01 9.388624562250935668e-01 9.474170158643286932e-01
9.523375186788022306e-01 9.577760039472404952e-01 9.387465281970776010e-01 9.474746023119924310e-01
9.520270139144947352e-01 9.575903162680908798e-01 9.387513585315783171e-01 9.472750968022698448e-01
9.521046401055716091e-01 9.574094106416152217e-01 9.391522762951334258e-01 9.474415699824261239e-01
9.544140192901083841e-01 9.590971431667519864e-01 9.396787827557058215e-01 9.479544966606389123e-01
9.538900425003394856e-01 9.589001260275664684e-01 9.395290423861851759e-01 9.477795810111060426e-01
9.535989442838014307e-01 9.588307699045386379e-01 9.397608984422169964e-01 9.479200560324316793e-01
9.530167478507248768e-01 9.581917410398095303e-01 9.395870064001932143e-01 9.478509184113993458e-01
9.521628597488792645e-01 9.577892890803799686e-01 9.390508392706196084e-01 9.473590337526972549e-01
9.516776960546489139e-01 9.573032383186615979e-01 9.386595821760657099e-01 9.471708928471456179e-01
9.518523549845716580e-01 9.575269414895766218e-01 9.390266875981161387e-01 9.472885831003620138e-01
9.525121776087250858e-01 9.581704233824812622e-01 9.394710783721773595e-01 9.476616897530886208e-01
9.526868365386482740e-01 9.583597955054702355e-01 9.398236927907257510e-01 9.479421229263389481e-01
9.542393603601855290e-01 9.593874412083315262e-01 9.397850501147204660e-01 9.480117797352427544e-01
9.546857109588775536e-01 9.595829692124161481e-01 9.392005796401400319e-01 9.474547363180736426e-01
9.547245240544158795e-01 9.596226206484292920e-01 9.394565873686753221e-01 9.477756536812351751e-01
9.536571639271090861e-01 9.591130861611548708e-01 9.389880449221108538e-01 9.473798220677197568e-01
9.531137805895707471e-01 9.588384836158043711e-01 9.393020166646540714e-01 9.475774542975154979e-01
9.541229210735702182e-01 9.594797060695230417e-01 9.396981040937085750e-01 9.476373025954506479e-01
9.546080847678006798e-01 9.595068143434848373e-01 9.403067262407921456e-01 9.478618632886124384e-01
9.551902812008771226e-01 9.599043669650263455e-01 9.409201787223766544e-01 9.484035092781607501e-01
9.556172252517999288e-01 9.603066934367887608e-01 9.407752686873567249e-01 9.484761042347091831e-01
9.561994216848764827e-01 9.608399440841176586e-01 9.407221350078492916e-01 9.483490073363360917e-01
9.561800151371072642e-01 9.606911927997583422e-01 9.404806182828160388e-01 9.483621066482467166e-01
9.559859496594150796e-01 9.603081689347353622e-01 9.401424948677696847e-01 9.480947904547610827e-01
9.563546740670302304e-01 9.604778680988851347e-01 9.397174254317111064e-01 9.477663785918559736e-01
9.552873139397232150e-01 9.597371752677529289e-01 9.390556696051202135e-01 9.471368565759537006e-01
9.553455335830308703e-01 9.598426217678890371e-01 9.394614177031759272e-01 9.474308813469098922e-01
9.543557996468007287e-01 9.593217667070940147e-01 9.400797005192609301e-01 9.481264856811009167e-01
9.538318228570319413e-01 9.590010568770911403e-01 9.399106388117377531e-01 9.481587824571001688e-01
9.539676686914164705e-01 9.589158957366697988e-01 9.395580243931892506e-01 9.478625426015980793e-01
9.528809020163401255e-01 9.580103433572509930e-01 9.396546310832025739e-01 9.478398570991359851e-01
9.527062430864173814e-01 9.578661145441601521e-01 9.400313971742543240e-01 9.479849230417722872e-01
9.538318228570318302e-01 9.586458898981922161e-01 9.409539910638811122e-01 9.485926116238775352e-01
9.556172252517999288e-01 9.600235000286027054e-01 9.411713561164110065e-01 9.486245450957913050e-01
9.567816181179529256e-01 9.608704754246983892e-01 9.409588213983819394e-01 9.483628019898036055e-01
9.568980574045683474e-01 9.608764207047455486e-01 9.409443303948799020e-01 9.484142970818030260e-01
9.565293329969530856e-01 9.608282933151396366e-01 9.410554280883951517e-01 9.483910056008235667e-01
9.557336645384152396e-01 9.601042180715707586e-01 9.411665257819104013e-01 9.485055137729745400e-01
9.544722389334161505e-01 9.592697617818010114e-01 9.406738316628425745e-01 9.483115344947321557e-01
9.535407246404936643e-01 9.586990592966284641e-01 9.404806182828160388e-01 9.480295994343443944e-01
9.547633371499543165e-01 9.596755792135749363e-01 9.408863663808718636e-01 9.482387879116157547e-01
9.556754448951075842e-01 9.604389355627067637e-01 9.415046491969568665e-01 9.487051088291797996e-01
9.565487395447223040e-01 9.612482162082419679e-01 9.411375437749064377e-01 9.485641964817108640e-01
9.562188282326457012e-01 9.609851504144161227e-01 9.403405385822968254e-01 9.480101639983875561e-01
9.554037532263384147e-01 9.602924390029151658e-01 9.405240912933220399e-01 9.481513489923676374e-01
9.558112907294920024e-01 9.604713127030553022e-01 9.415771042144669423e-01 9.487784813794787331e-01
9.558306972772614429e-01 9.601990535526734316e-01 9.417558265909914406e-01 9.488718734344459005e-01
9.553649401308000888e-01 9.600058746861296344e-01 9.418331119430021214e-01 9.488874633857766749e-01
9.553843466785693073e-01 9.601358311416685609e-01 9.411037314334016468e-01 9.484008763604505621e-01
9.545692716722621318e-01 9.594233017909186145e-01 9.409974640743871133e-01 9.483994482265351023e-01
9.535213180927243348e-01 9.585677876165746847e-01 9.409250090568772595e-01 9.483384722822647550e-01
9.538318228570319413e-01 9.585981901675898476e-01 9.410071247433884345e-01 9.483526390181896693e-01
9.551514681053386857e-01 9.593911666935127647e-01 9.406883226663447228e-01 9.480128460643063582e-01
9.565875526402608520e-01 9.608051518242805011e-01 9.414321941794469017e-01 9.484878905347304823e-01
9.560829823982611719e-01 9.604490252866743072e-01 9.415143098659581877e-01 9.485094432621651306e-01
9.555784121562616029e-01 9.602359496336291267e-01 9.404419756068107539e-01 9.477896031687355061e-01
9.552485008441848890e-01 9.602570096549640777e-01 9.402535925612847123e-01 9.477737481084153037e-01
9.549962157231850490e-01 9.598355570190278963e-01 9.402342712232822919e-01 9.477056423470106017e-01
9.559277300161074242e-01 9.602530098830447391e-01 9.406545103248400430e-01 9.478989995274760272e-01
9.567233984746452702e-01 9.606719338773411776e-01 9.410505977538943245e-01 9.482472088065023730e-01
9.561023889460303904e-01 9.602513206922647093e-01 9.413549088274363319e-01 9.485600509864344776e-01
9.555784121562614919e-01 9.600897132807922896e-01 9.414563458519502603e-01 9.486937938560975336e-01
9.547827436977236459e-01 9.596887538815372931e-01 9.413645694964376531e-01 9.487213940792753597e-01
9.537930097614933933e-01 9.591424966519657147e-01 9.411278831059051164e-01 9.486519911185251619e-01
9.543169865512622918e-01 9.595514051501590203e-01 9.410699190918970780e-01 9.483547422174536390e-01
9.546857109588774426e-01 9.599156019374751603e-01 9.408187416978626150e-01 9.480604038007742762e-01
9.553067204874924334e-01 9.604027246616263502e-01 9.404419756068108649e-01 9.476887131877312909e-01
9.567428050224145997e-01 9.616213084557195812e-01 9.401763072092741425e-01 9.475778962031843333e-01
9.563352675192611230e-01 9.611065025933898109e-01 9.409926337398863971e-01 9.480887939962889810e-01
9.567622115701837071e-01 9.610661173499827070e-01 9.411665257819104013e-01 9.481991151535965612e-01
9.571309359777988579e-01 9.612796763811255474e-01 9.412438111339210822e-01 9.481056538683884094e-01
9.576743193153369749e-01 9.616129562236578332e-01 9.415674435454655100e-01 9.483662865672475295e-01
9.584311746783364949e-01 9.621675069762654076e-01 9.426880811496196610e-01 9.491219729530189220e-01
9.583535484872595100e-01 9.621361927311887774e-01 9.424900374350922982e-01 9.489337708775551494e-01
9.574220341943372459e-01 9.614078267187800009e-01 9.419007366260113701e-01 9.485999703032623742e-01
9.567622115701837071e-01 9.608564552325884467e-01 9.418137906049993680e-01 9.484670329816601297e-01
9.561800151371072642e-01 9.605654036040865984e-01 9.416833715734814758e-01 9.486969157847117140e-01
9.559083234683382058e-01 9.604989981068915439e-01 9.418427726120033316e-01 9.487014364310408787e-01
9.558112907294921134e-01 9.602057378716714053e-01 9.418959062915107650e-01 9.484441646199113229e-01
9.565681460924915225e-01 9.605851000951275420e-01 9.417654872599926508e-01 9.481270182972366678e-01
9.566457722835683963e-01 9.607450712664717951e-01 9.419152276295132964e-01 9.482979271254892151e-01
