9.250585868771912246e-01 9.354686606848187092e-01 9.222318769630777346e-01 9.348272681798985850e-01
9.259907433955871792e-01 9.361438817962185466e-01 9.234287129866152188e-01 9.356600640071481845e-01
9.268478590233157899e-01 9.368075811868332714e-01 9.244859291711738924e-01 9.364544526351836762e-01
9.275415545295783160e-01 9.373789126973004482e-01 9.252091268457820483e-01 9.369741471376815678e-01
9.284906130667673896e-01 9.380981860695386532e-01 9.262080259745336663e-01 9.376756985877376938e-01
9.292982444707998946e-01 9.386578894699185716e-01 9.271967940739485048e-01 9.383486037893122855e-01
9.304944186683000718e-01 9.395278772430889491e-01 9.285554974732499467e-01 9.393132608088374802e-01
9.313628362483545864e-01 9.401152945404377403e-01 9.297052420287635899e-01 9.401219290346838342e-01
9.326991139269376063e-01 9.410202740652151565e-01 9.311959033579220169e-01 9.412086241146112586e-01
9.335848408033468049e-01 9.416508877033202829e-01 9.323365859876970863e-01 9.420530366487023244e-01
9.343649809719922761e-01 9.421620661148106812e-01 9.332148036840699490e-01 9.426835747846531444e-01
9.351620231594313104e-01 9.426835832097779644e-01 9.341277927022378913e-01 9.433267360683779135e-01
9.360125205267890713e-01 9.433087207301487087e-01 9.351592231261973698e-01 9.440729475739462195e-01
9.367326890745348855e-01 9.438751876036661770e-01 9.361251582273326655e-01 9.447716776891459389e-01
9.376920313701468945e-01 9.446533442203137731e-01 9.372379423441594692e-01 9.455354982969448319e-01
9.384229927732669063e-01 9.452757350510987422e-01 9.379590018115706584e-01 9.459809172689648271e-01
9.389216023276727441e-01 9.455830735731053371e-01 9.387529130527569876e-01 9.464212142048021859e-01
9.390569202974103913e-01 9.456320514840447222e-01 9.394989437256449083e-01 9.468565128718356982e-01
9.392347987723025371e-01 9.457601278103174858e-01 9.402993204981167086e-01 9.473790643015145285e-01
9.392480352930443477e-01 9.457918634404673952e-01 9.408875565708533228e-01 9.477039926715231655e-01
9.390617058087553648e-01 9.455838146434706326e-01 9.411545779219722130e-01 9.478831423857224658e-01
9.391166882795292103e-01 9.455545142453360974e-01 9.414516614480834544e-01 9.480785939264118056e-01
9.389710865513690718e-01 9.453766992653593881e-01 9.416689949367254009e-01 9.481834574443825936e-01
9.392119912288704464e-01 9.455141418492518657e-01 9.420866580758252562e-01 9.484702488829351852e-01
9.393736804207013513e-01 9.456014630451852199e-01 9.424065491453686993e-01 9.486907696569011339e-01
9.391598597010256677e-01 9.453997830083649134e-01 9.423503957516062846e-01 9.486332890045214850e-01
9.385678817656948336e-01 9.449616706089519758e-01 9.421857283426082752e-01 9.485725623446270571e-01
9.383294207535612941e-01 9.447000681830531876e-01 9.421107638164840647e-01 9.485057471273226071e-01
9.384190218170443964e-01 9.447208281084369386e-01 9.424179274622370706e-01 9.486966761563139228e-01
9.384862226146567510e-01 9.446816600881546844e-01 9.428108484894888175e-01 9.489411714766913253e-01
9.386906759504227704e-01 9.447783442649890784e-01 9.430986919059287654e-01 9.491104171474966655e-01
9.387534985142513833e-01 9.449120074321962770e-01 9.432676357293200420e-01 9.491983760326969666e-01
9.385996494154753567e-01 9.447395411985775038e-01 9.432610683786443184e-01 9.491616303683803046e-01
9.382428742717876524e-01 9.445849847359863993e-01 9.430496149597936695e-01 9.489779382637741900e-01
9.381802553467399886e-01 9.446339896821063231e-01 9.430332220379517016e-01 9.488740940221815912e-01
9.378379385564781234e-01 9.443900529686947154e-01 9.426723232089561089e-01 9.485707720250609043e-01
9.375521315278447787e-01 9.442053923711345442e-01 9.421472406130667610e-01 9.481512797216277155e-01
9.369945685464425855e-01 9.438652923782786530e-01 9.415665137203664825e-01 9.477544862005885529e-01
9.365729344511201093e-01 9.435817207791243888e-01 9.409077168101369626e-01 9.473790254951204304e-01
9.364632749677435086e-01 9.435346259727946938e-01 9.407398675451915659e-01 9.473521260445955106e-01
9.365500250882978772e-01 9.435153631619177528e-01 9.407455948858971517e-01 9.474079522715455060e-01
9.367543766046735332e-01 9.435644793388153762e-01 9.405278032099989582e-01 9.472385866056247661e-01
9.370803004730937635e-01 9.437479771525054684e-01 9.404829517685620033e-01 9.471599224255977667e-01
9.368931564336820950e-01 9.435982233397549601e-01 9.398718317878506090e-01 9.466761521646973598e-01
9.367461292340574230e-01 9.434207749566565493e-01 9.398067437425875470e-01 9.466262288843273476e-01
9.367077433239061612e-01 9.433607651001281180e-01 9.395922611968746674e-01 9.464307363209067958e-01
9.370982206857901842e-01 9.437121227952223190e-01 9.397386265704622543e-01 9.464247792120380476e-01
9.373401435571948603e-01 9.439098660437863497e-01 9.398669190022677089e-01 9.464934194378991084e-01
9.373031831185080209e-01 9.438827451290506820e-01 9.398659771729073187e-01 9.464868137373532164e-01
9.370234852532940417e-01 9.436654443711047779e-01 9.397196881638623100e-01 9.464195754406579120e-01
