9.311598083840528783e-01 9.392829855274840156e-01 9.270761890061125499e-01 9.370391304340244254e-01
9.332984228583716124e-01 9.406379741679822271e-01 9.291377771116526851e-01 9.384319414046377039e-01
9.343229295637894838e-01 9.412198309284796061e-01 9.304426435083215097e-01 9.393393048136777779e-01
9.362030246060811800e-01 9.424491847261148303e-01 9.327182559723181665e-01 9.408405948387472684e-01
9.370876314691967135e-01 9.429496659184193330e-01 9.340270424155143747e-01 9.416612338723351350e-01
9.369953831015651602e-01 9.425520993569083128e-01 9.338151308094070346e-01 9.413881284307282771e-01
9.371791671010960556e-01 9.424653794874239265e-01 9.343844284755438157e-01 9.416356126490494916e-01
9.379258086903257130e-01 9.427219186385212835e-01 9.353606982447966178e-01 9.420892919164789436e-01
9.393614620938627313e-01 9.435767368465018956e-01 9.370170960865512599e-01 9.431250456374045132e-01
9.408854947281991565e-01 9.444404057753871262e-01 9.387308436999047823e-01 9.441970715347801635e-01
9.412267933245579421e-01 9.447147703681888498e-01 9.396142796400317465e-01 9.447283366201497667e-01
9.421760555005278537e-01 9.452932445896826685e-01 9.405920512452918825e-01 9.453265137882347346e-01
9.427471604608427258e-01 9.456099782481629523e-01 9.409343680355537476e-01 9.455296766497061078e-01
9.428634382045901763e-01 9.455552606189342457e-01 9.407849480802565889e-01 9.453367261772823715e-01
9.436987644827901089e-01 9.459765029777819079e-01 9.411232175497529218e-01 9.455333791138249566e-01
9.437722780826024449e-01 9.460819498134767080e-01 9.410311728209023174e-01 9.455283203668052305e-01
9.431710345827523101e-01 9.455778333051355622e-01 9.407579659418211504e-01 9.453204463657709500e-01
9.434254812391663636e-01 9.456561780929024774e-01 9.410134307921385055e-01 9.455529572688394779e-01
9.438736901953629355e-01 9.457741900077146768e-01 9.415543972129183370e-01 9.458014503191143341e-01
9.447719408567817334e-01 9.465748202948442991e-01 9.423997527010647968e-01 9.463493235612649990e-01
9.446534230864470638e-01 9.465340199973836244e-01 9.422499254682062952e-01 9.462116635535199327e-01
9.444711663777710653e-01 9.464556048434752400e-01 9.417341338916838112e-01 9.457996133437942543e-01
9.445705421027250637e-01 9.465242862549750891e-01 9.416353690830716605e-01 9.456995383661299659e-01
9.448165377497425022e-01 9.466115909152573726e-01 9.417206173676183623e-01 9.457394961966860691e-01
9.447228639106466375e-01 9.463780911076314917e-01 9.414005481141419773e-01 9.455096036500851842e-01
9.443225100679012440e-01 9.459222667721187694e-01 9.411161665569731660e-01 9.452708810087586677e-01
9.445740039619963113e-01 9.460129316756686890e-01 9.414430067999062235e-01 9.454628522671405522e-01
9.450598860926116007e-01 9.462782222807850641e-01 9.421911502251429926e-01 9.459077832176140399e-01
9.461682919756544408e-01 9.469744043677669199e-01 9.435206314594221100e-01 9.467009084350095360e-01
9.457897274824382805e-01 9.466617110008510583e-01 9.433843207506288353e-01 9.465556315917456054e-01
9.444960103090096482e-01 9.457794010326837642e-01 9.424739281269142177e-01 9.459542062679775487e-01
9.449825033559671184e-01 9.461209610522122171e-01 9.431646708708570914e-01 9.464389092583885832e-01
9.452074223891879790e-01 9.461794850415113922e-01 9.435829958359943648e-01 9.466857731613447235e-01
9.453793953394413752e-01 9.462872639453427936e-01 9.433047998067874973e-01 9.465943628008033350e-01
9.462723513925634933e-01 9.467908050040283463e-01 9.435031694339817143e-01 9.466986080335301201e-01
9.469377411083162999e-01 9.473599772363379135e-01 9.436615494956274164e-01 9.467593513159791030e-01
9.469876326095738595e-01 9.474778216576208445e-01 9.435608246637515739e-01 9.467047464203541818e-01
9.464617354585619369e-01 9.471213954586537032e-01 9.433808588913579207e-01 9.464728776741353489e-01
9.462468965449829517e-01 9.468147705147286208e-01 9.430329674894760705e-01 9.462011058807792141e-01
9.463945346609495823e-01 9.468442367013377714e-01 9.430684260921555762e-01 9.461899711811219138e-01
9.459243327164437165e-01 9.463875673227837293e-01 9.422462599701546537e-01 9.456171281497173231e-01
9.451991750185718688e-01 9.457652766245709941e-01 9.412772957421574604e-01 9.449765500389994966e-01
9.451507089887787316e-01 9.457956697184040085e-01 9.413905952687380285e-01 9.450869548386761076e-01
9.453692134004093583e-01 9.460093564948075517e-01 9.416740349965463386e-01 9.452921278551834616e-01
9.451382870231594957e-01 9.458513589620466400e-01 9.417733852666527739e-01 9.452665259098788075e-01
9.457923747865863984e-01 9.462518108334727618e-01 9.425330851926911890e-01 9.456067526883698005e-01
9.459021360893533625e-01 9.462630934995802656e-01 9.431562198614604764e-01 9.459291170216629352e-01
9.451070284703305679e-01 9.455814363662660149e-01 9.428587036029402180e-01 9.455792928016290011e-01
9.450262856938054234e-01 9.454149803180491585e-01 9.428794493037184754e-01 9.455570545479976552e-01
9.445805204029766866e-01 9.451003912986291056e-01 9.426838288000625177e-01 9.454151405160151622e-01
