9.282562248302468344e-01 9.371144245501838999e-01 9.331726759113241343e-01 9.421252157239513592e-01
9.290363649988920836e-01 9.372369155241870864e-01 9.335086289896910028e-01 9.421302330004873715e-01
9.304905495314679253e-01 9.377975355523625600e-01 9.341218617227515786e-01 9.420654385651224816e-01
9.315140380429823841e-01 9.382424960212074616e-01 9.349149584088154441e-01 9.423106987320241101e-01
9.319414758435532464e-01 9.384340829738916367e-01 9.356789856589426968e-01 9.427279035509268379e-01
9.318463765329927373e-01 9.382116355256050477e-01 9.356679637099403202e-01 9.425498085273820159e-01
9.313034755437969991e-01 9.377347059001962526e-01 9.358335729482984977e-01 9.426164426121350637e-01
9.334867887304668654e-01 9.391921260560849305e-01 9.382408378839811602e-01 9.442088010709069890e-01
9.361200418029689274e-01 9.411063768238616678e-01 9.408346104878859695e-01 9.461103692054460002e-01
9.373401435571946383e-01 9.420608764744687891e-01 9.422674384033415951e-01 9.471924648574816530e-01
9.374313737309230010e-01 9.419907476660505097e-01 9.420852326043608338e-01 9.470195956034117568e-01
9.371880253880541245e-01 9.418325628535845206e-01 9.412059712592369953e-01 9.464225208911187792e-01
9.364973844635013922e-01 9.414740860393016053e-01 9.404502677442687641e-01 9.458385750013833526e-01
9.360891905277014535e-01 9.412090352635552604e-01 9.399351634486308171e-01 9.453961561586309292e-01
9.357902487977166617e-01 9.408989323988696807e-01 9.395733991548176345e-01 9.449754364756780545e-01
9.360128259849600507e-01 9.408608618962339687e-01 9.391570596677917271e-01 9.445001910635351106e-01
9.372167384561247427e-01 9.415232171176797227e-01 9.394633069390321278e-01 9.445322917017071607e-01
9.378602370029583968e-01 9.418712560377074938e-01 9.401835518513208534e-01 9.449446653565442000e-01
9.384074144065476242e-01 9.421238535144805804e-01 9.402722874499862549e-01 9.449424315496739446e-01
9.394378266366041341e-01 9.427081894120524774e-01 9.408755164279476446e-01 9.453378170026849325e-01
9.400915071224699160e-01 9.433097624883054477e-01 9.417512140944102050e-01 9.460101982706468071e-01
9.409603319800857735e-01 9.438966174950415011e-01 9.430646587747134602e-01 9.470263333617104928e-01
9.412770921033767335e-01 9.441550071347918349e-01 9.441659882101292034e-01 9.477590994340445718e-01
9.396088832123449253e-01 9.430097018645010598e-01 9.434880492545191233e-01 9.471412297713683870e-01
9.386589083006425804e-01 9.422665363623335955e-01 9.429280426077490951e-01 9.466138106101322780e-01
9.391749289707932435e-01 9.423748664470750214e-01 9.434113028890641628e-01 9.468208032700888843e-01
9.396339307823640130e-01 9.423974120886141614e-01 9.433719751495522887e-01 9.466818297019565787e-01
9.404763844178862797e-01 9.427663946713075172e-01 9.436448511156145802e-01 9.467437390272421815e-01
9.387977899490413947e-01 9.414686254422112155e-01 9.415858594045276586e-01 9.451979900107263521e-01
9.374596795214324985e-01 9.406094502353847808e-01 9.399411707926599302e-01 9.440360491598511761e-01
9.356896512400786348e-01 9.394618089210066136e-01 9.384265819067758585e-01 9.430164900549323770e-01
9.361657587092233612e-01 9.397243742519458820e-01 9.387309964289904940e-01 9.432480757706636076e-01
9.371141045106805567e-01 9.404238954904543535e-01 9.397862525902853648e-01 9.440973164201150736e-01
9.385933366132751532e-01 9.416186332481405463e-01 9.409281570527441296e-01 9.450793786243811834e-01
9.383577265440705695e-01 9.413924573969835174e-01 9.410417365826481140e-01 9.451075846055903007e-01
9.387745751280479611e-01 9.416591970071419571e-01 9.413943880410274856e-01 9.453681239509816869e-01
9.393844732760754379e-01 9.420625761779464202e-01 9.418985722070535305e-01 9.456301528607644613e-01
9.396890150725280000e-01 9.421676817278692440e-01 9.417411848844634559e-01 9.454899897635499206e-01
9.393612584550822264e-01 9.418290466104028980e-01 9.406158006180844744e-01 9.446449388990931784e-01
9.397686378357595904e-01 9.420587941996777515e-01 9.407060125979095355e-01 9.446331318531313581e-01
9.405305523335375506e-01 9.426335211264075253e-01 9.417544723149005037e-01 9.453321604964486369e-01
9.405448070481825518e-01 9.425913032685130366e-01 9.415486953270600923e-01 9.450405442236992082e-01
9.398634316881492312e-01 9.418599539615275518e-01 9.411275703286893224e-01 9.444276528251704939e-01
9.382003137666331538e-01 9.405873090335538089e-01 9.402045266457270678e-01 9.437100645776398400e-01
9.374315773697037280e-01 9.398283694505473740e-01 9.393518910711725622e-01 9.431039993636005647e-01
9.382174194242072218e-01 9.402437300937557252e-01 9.400078624933206894e-01 9.435116334536727267e-01
9.379659255301123766e-01 9.400208693533933513e-01 9.396849422969151266e-01 9.432186387631921187e-01
9.377769487416751648e-01 9.398121468112121679e-01 9.396418726948090328e-01 9.431022747016191143e-01
9.383328826128322087e-01 9.400073739034866538e-01 9.402835130377693584e-01 9.434507117673234244e-01
9.387552294438868961e-01 9.402939860392407478e-01 9.407094999120281242e-01 9.437072757492561692e-01
