8.877387268863219383e-01 9.045163411852338298e-01 9.074781531636955112e-01 9.224951832530414730e-01
8.854544665963076655e-01 9.035855517960191818e-01 9.062467369270044149e-01 9.219582502758758569e-01
8.868134568954298969e-01 9.049120805945214396e-01 9.062071299720231288e-01 9.225235304328520680e-01
8.916422096603969782e-01 9.081416262751234036e-01 9.082846947924054781e-01 9.242177882191411342e-01
8.956179791525104017e-01 9.115298637281186167e-01 9.104990836390871589e-01 9.257301689431790548e-01
8.974829764779019836e-01 9.126964761387414971e-01 9.104198697291244757e-01 9.261682269928647182e-01
8.999551822348161867e-01 9.146314002588064040e-01 9.134948096885813218e-01 9.284089291565169599e-01
9.055212595237751572e-01 9.173419765367638590e-01 9.150286790360386835e-01 9.297410933694053581e-01
9.089042779279735695e-01 9.186208971126064160e-01 9.161880826273093303e-01 9.306452591891283266e-01
9.066489323251746280e-01 9.169738224660246573e-01 9.185969056166263247e-01 9.322915549053287787e-01
9.055212595237751572e-01 9.161575803966728326e-01 9.228384504318958292e-01 9.350810535405087442e-01
9.043646720351602442e-01 9.157477163350297156e-01 9.247071785805587307e-01 9.368320223170347738e-01
9.061862973297286628e-01 9.169499939621340578e-01 9.251536569821661171e-01 9.375958822133698689e-01
9.052465699952290112e-01 9.154973600665243794e-01 9.249268171490915291e-01 9.373689024902858158e-01
9.091789674565196044e-01 9.178586460018702819e-01 9.262770542507263727e-01 9.382880031470282045e-01
9.115065997773570405e-01 9.187758279706353948e-01 9.261942397084926837e-01 9.381842686114890695e-01
9.122439243013488186e-01 9.193572270871785967e-01 9.273212376093242781e-01 9.386225523575479901e-01
9.138776041290174179e-01 9.209890824582964708e-01 9.278577318177071431e-01 9.392796147220708880e-01
9.144414405297172088e-01 9.225208511300835301e-01 9.271448066280438827e-01 9.382312473244135420e-01
9.150341916176322199e-01 9.237167825496267470e-01 9.261870384439506720e-01 9.374058475209497976e-01
9.147884167763015162e-01 9.246319480772352550e-01 9.294204062233326624e-01 9.395755902346540900e-01
9.129957061689484288e-01 9.234124240102972170e-01 9.296544473209495951e-01 9.391575218206019704e-01
9.127788460148330563e-01 9.231591039438060697e-01 9.300145105480522867e-01 9.391195258173883342e-01
9.100174933857653192e-01 9.204022434088350302e-01 9.290495410994170644e-01 9.384430890706045858e-01
9.086006737122120924e-01 9.190722018624999379e-01 9.263922744833992251e-01 9.358603954158790650e-01
9.108849340022263652e-01 9.205000926986266485e-01 9.275264736487727202e-01 9.364894457988532928e-01
9.131691942922407490e-01 9.217752409426791527e-01 9.275084704874175801e-01 9.364961811816245874e-01
9.159739189521317604e-01 9.238264908652822349e-01 9.281817887220995544e-01 9.376278760783692823e-01
9.183593806473998589e-01 9.262676502648384824e-01 9.295392270882765207e-01 9.392474509146179207e-01
9.179112029955615037e-01 9.253654407219985556e-01 9.313539457528742238e-01 9.408400287630521719e-01
9.158582602032703246e-01 9.235844910023010002e-01 9.321208804266030157e-01 9.416912487185827851e-01
9.139498908470558014e-01 9.218680800668541675e-01 9.333883029860042813e-01 9.427840129616997800e-01
9.159160895777008760e-01 9.230188866859030394e-01 9.346449236485928624e-01 9.435160865923600815e-01
9.157426014544087778e-01 9.233819991766825108e-01 9.332838846501445573e-01 9.424292342857594207e-01
9.191834492330379636e-01 9.265761034982464839e-01 9.333054884437707033e-01 9.421503576939308511e-01
9.180268617444231616e-01 9.265574629938732043e-01 9.311811154038649452e-01 9.407604711872726844e-01
9.209761598403909399e-01 9.285304286276669927e-01 9.306410205632109633e-01 9.406830633016832754e-01
9.218291431132443758e-01 9.288458669256546285e-01 9.301513345743512851e-01 9.398108089708743229e-01
9.239110005927511082e-01 9.303679257877242037e-01 9.321784905429393309e-01 9.407074806890189933e-01
9.259784007286500085e-01 9.303118603337879877e-01 9.343676749637235268e-01 9.419867584605983168e-01
9.264554930677038058e-01 9.296954258645091507e-01 9.353686507350690293e-01 9.427581482569482585e-01
9.253567349535196662e-01 9.277681514755260483e-01 9.363732271386855377e-01 9.436555933482778658e-01
9.267590972834649499e-01 9.283889945106758024e-01 9.363300195514331348e-01 9.437949828755435311e-01
9.264554930677038058e-01 9.285219911609482457e-01 9.377414674016757434e-01 9.446998668686665823e-01
9.261808035391576599e-01 9.283719815322017954e-01 9.395417835371890902e-01 9.465031308134100874e-01
9.266145238473882939e-01 9.291954877932958601e-01 9.393653525559086948e-01 9.463755951168612013e-01
9.264988650985268581e-01 9.290556964398851703e-01 9.390628994451426514e-01 9.459077708606173918e-01
9.209327878095677766e-01 9.253210142187527909e-01 9.379431028088534017e-01 9.454688598191153259e-01
9.185184114270844580e-01 9.236298211304122541e-01 9.367638957400918898e-01 9.448537373089349600e-01
9.201665485983605564e-01 9.251748656322661413e-01 9.361463873056109497e-01 9.446204483004226882e-01
9.250097587069351368e-01 9.287213486019053610e-01 9.359195474725362507e-01 9.441224805258826569e-01
9.262820049444114856e-01 9.294634741861788063e-01 9.362328024801154225e-01 9.439131307497296008e-01
9.269325854067573811e-01 9.298452921082686062e-01 9.369637308311339341e-01 9.436298354404457633e-01
9.258049126053577993e-01 9.293084443295067665e-01 9.372013725610216506e-01 9.430694960087107059e-01
9.251254174557966836e-01 9.286612183955715860e-01 9.362111986864893876e-01 9.420646214733144896e-01
9.242868915265509688e-01 9.276649004793731113e-01 9.366360732944705170e-01 9.423959678620539293e-01
9.249953013633274157e-01 9.282844920535460176e-01 9.366036676040312425e-01 9.428264657412467331e-01
9.255013083895964332e-01 9.289979107733080665e-01 9.363840290354987772e-01 9.431124808732208598e-01
9.245326663678814505e-01 9.281342721623774272e-01 9.366540764558256571e-01 9.438122353807408826e-01
9.255013083895965442e-01 9.283704788965455590e-01 9.375974421108347334e-01 9.442966334705766851e-01
9.284072344547412703e-01 9.305109259405912603e-01 9.375074263040590328e-01 9.438086999991064374e-01
9.287252960141104685e-01 9.314172190960705588e-01 9.373561997486757891e-01 9.437313277639740594e-01
9.273229336841649628e-01 9.309165915895962762e-01 9.382347540228064275e-01 9.442062513383706612e-01
9.245615810550970037e-01 9.287591432985426998e-01 9.383283704618531340e-01 9.445355956381095153e-01
9.244170076190201257e-01 9.285251385449447836e-01 9.395345822726469676e-01 9.455838808209433566e-01
9.249663866761120845e-01 9.288258016631193437e-01 9.388180564507128123e-01 9.448290553759395305e-01
9.253278202663043350e-01 9.290526996552492811e-01 9.388324589797969466e-01 9.446695568917526931e-01
9.269181280631495490e-01 9.303652880000783387e-01 9.392861386459461226e-01 9.449617575272712955e-01
9.281325449261952354e-01 9.311538736897883028e-01 9.404167371790486118e-01 9.456952171210135649e-01
9.287397533577179676e-01 9.314243761113096820e-01 9.400458720551329028e-01 9.455446565659051394e-01
9.285084358599950960e-01 9.306844563854053121e-01 9.402655106236654792e-01 9.452884614270248287e-01
9.286963813268950263e-01 9.305867867734205490e-01 9.390809026064976806e-01 9.443281766956298506e-01
9.300264569388020375e-01 9.311205672738875894e-01 9.390088899610771200e-01 9.439386002010057286e-01
9.304168052162096192e-01 9.315994825495921283e-01 9.376658541239841771e-01 9.429731533664501564e-01
9.294192485072793053e-01 9.317759524999807974e-01 9.364380385195639755e-01 9.425794745272487729e-01
9.272072749353033050e-01 9.309696151122196506e-01 9.372697845741712053e-01 9.437308794600509643e-01
9.262820049444115966e-01 9.305892888070931290e-01 9.377522692984887609e-01 9.442237976515898135e-01
9.267012679090343985e-01 9.308345732513703119e-01 9.393689531881798116e-01 9.453643713945385496e-01
9.277421966487877647e-01 9.310266633383916801e-01 9.410972566782727089e-01 9.463162367076544124e-01
9.282337463314489501e-01 9.308413302968917558e-01 9.413348984081604254e-01 9.465156485973501566e-01
9.297517674102560026e-01 9.315937423200438827e-01 9.409640332842446053e-01 9.457197978764080304e-01
9.295204499125330200e-01 9.310216732564339237e-01 9.405247561471792306e-01 9.447337618935764958e-01
9.305180066214633339e-01 9.315953181202819566e-01 9.397722240025347951e-01 9.443990030292555016e-01
9.299252555335482118e-01 9.312796341977378489e-01 9.397902271638899352e-01 9.448797773529935551e-01
9.281903743006260088e-01 9.300210004619262616e-01 9.410432471942073995e-01 9.459620147208627206e-01
9.281180875825875143e-01 9.298989006987175010e-01 9.409424294906184594e-01 9.456466995982462098e-01
9.277421966487878757e-01 9.294459578328280180e-01 9.403591270627122967e-01 9.457720381376418795e-01
9.287831253885411309e-01 9.301479697586497730e-01 9.409100238001792960e-01 9.458340463455116032e-01
9.295493645997484622e-01 9.309196212505076451e-01 9.402042998750580471e-01 9.452323020849209279e-01
9.296939380358253402e-01 9.311837887676687187e-01 9.408560143161139866e-01 9.456027286671916388e-01
9.301710303748789155e-01 9.312485639662113623e-01 9.417345685902445140e-01 9.458585770848086938e-01
9.303300611545635146e-01 9.305681512199684979e-01 9.423394748117770447e-01 9.460998618002932625e-01
9.284506064855643226e-01 9.291235388487389946e-01 9.419794115846742422e-01 9.459112969054001008e-01
9.267301825962498407e-01 9.273453768782802253e-01 9.410072408714968972e-01 9.451874414004175495e-01
9.253133629226965029e-01 9.262616655414921407e-01 9.401862967137027960e-01 9.444781962236619144e-01
9.263687490060574792e-01 9.272503914386155399e-01 9.420910311850759777e-01 9.458207679917495225e-01
9.262097182263731021e-01 9.271237905077721608e-01 9.428183589038234835e-01 9.465731182276957423e-01
9.271349882172649215e-01 9.287300498482403688e-01 9.424907013671600664e-01 9.463983341541021277e-01
9.284072344547413813e-01 9.295116578640427729e-01 9.428327614329076178e-01 9.466683096946786335e-01
9.275397938382802243e-01 9.286030850601785236e-01 9.422926665922535250e-01 9.463128284110734478e-01
9.282771183622721134e-01 9.297729521588870005e-01 9.410360459296652769e-01 9.452167510348256085e-01
9.296216513177868457e-01 9.310562895722097609e-01 9.405751649989739782e-01 9.448508378087329129e-01
9.297806820974714448e-01 9.308637866217905898e-01 9.396029942857965223e-01 9.443483554896708876e-01
9.281036302389797932e-01 9.297317264372459977e-01 9.389332766833855537e-01 9.440541323373212723e-01
9.279445994592953051e-01 9.294787354567742854e-01 9.400782777455719552e-01 9.444861654897784842e-01
9.267012679090343985e-01 9.280476426615706931e-01 9.411764705882353921e-01 9.454950571058398090e-01
9.272072749353034160e-01 9.296951621880653605e-01 9.410216434005811426e-01 9.456572009638453125e-01
9.264699504113114159e-01 9.292330403455731913e-01 9.412196781754875730e-01 9.457387447127134639e-01
9.269181280631497710e-01 9.293878742091973288e-01 9.415977445639454046e-01 9.457770355074321955e-01
9.267157252526420086e-01 9.288316413065793586e-01 9.415725401380482529e-01 9.456093074196447734e-01
9.265422371293497994e-01 9.288008830343140732e-01 9.417849774420388176e-01 9.455833561023025968e-01
9.269470427503649912e-01 9.286598301352766427e-01 9.418137825002068642e-01 9.451608395978295940e-01
9.272651043097341894e-01 9.283107357351235711e-01 9.416985622675342338e-01 9.448294219430445340e-01
9.275253364946722812e-01 9.286241125046672540e-01 9.412484832336558416e-01 9.447660998550235778e-01
9.274385924330263986e-01 9.287748399908010155e-01 9.406255738507682818e-01 9.443781022348419762e-01
9.287542107013257997e-01 9.297454094462803686e-01 9.407479953479830348e-01 9.446106861138068300e-01
9.301999450620942467e-01 9.304493291612336847e-01 9.404599447663011258e-01 9.441733713082438584e-01
9.300119995951944274e-01 9.297025815867654419e-01 9.413529015695155655e-01 9.444944164635624695e-01
9.292168456967716539e-01 9.296829955476204610e-01 9.415473357121509901e-01 9.449010374557573755e-01
9.291879310095562117e-01 9.297965119327857852e-01 9.414213135826650092e-01 9.448640801194273520e-01
9.304312625598173403e-01 9.305609894639470525e-01 9.417705749129547943e-01 9.450473595415842532e-01
9.303878905289941770e-01 9.304986140947126838e-01 9.422350564759172098e-01 9.455722150938076220e-01
9.316601367664705258e-01 9.313818255672544622e-01 9.429011734460571725e-01 9.460685824082194495e-01
9.317902528589397937e-01 9.322311402128581337e-01 9.427895538456552149e-01 9.457585800909255047e-01
9.316023073920397524e-01 9.317890701938131848e-01 9.416193483575715506e-01 9.445920165788677103e-01
9.305613786522864972e-01 9.307645248149700734e-01 9.399198499256469219e-01 9.431766653169891823e-01
9.299397128771559329e-01 9.300185525699914413e-01 9.398910448674787643e-01 9.428944071611335964e-01
9.305613786522864972e-01 9.305667690774453993e-01 9.399954632033385993e-01 9.428622528103141054e-01
9.300842863132325888e-01 9.297517270262841693e-01 9.410144421360391309e-01 9.437009220850787194e-01
9.295493645997483512e-01 9.294160817766579097e-01 9.418713926165436234e-01 9.444468252187403490e-01
9.283638624239182180e-01 9.281722717512275178e-01 9.416589553125528367e-01 9.443505608910607307e-01
9.281470022698028455e-01 9.279922530952776638e-01 9.414033104213099801e-01 9.440496943189896628e-01
9.284939785163874859e-01 9.287094044851642582e-01 9.413420996727025480e-01 9.439715465085831703e-01
9.283494050803104969e-01 9.287142069290882374e-01 9.414789236990015464e-01 9.442967740166092749e-01
9.284506064855643226e-01 9.286677303128736405e-01 9.408128067288615837e-01 9.439472857200376099e-01
9.291445589787332704e-01 9.301661875684128500e-01 9.404779479276561549e-01 9.437587661333580735e-01
9.291011869479102181e-01 9.302334426848387627e-01 9.399090480288337934e-01 9.435260914361400797e-01
9.302288597493096889e-01 9.312870306877557569e-01 9.407191902898148772e-01 9.438364751708449019e-01
9.312842458326707762e-01 9.316109673118464496e-01 9.415041281248988092e-01 9.440130971126794446e-01
9.304890919342480027e-01 9.308243651682143183e-01 9.426311260257300706e-01 9.450188455739303439e-01
9.299541702207636540e-01 9.300993276157051293e-01 9.427355443615899055e-01 9.450795297496785707e-01
9.296939380358253402e-01 9.295462083842923606e-01 9.423142703858797820e-01 9.447489172480140196e-01
9.290867296043024970e-01 9.291848657000182365e-01 9.417525717515995431e-01 9.445282572345822247e-01
9.295493645997485732e-01 9.294867937781066125e-01 9.408884200065531500e-01 9.436182658754901365e-01
9.294192485072791943e-01 9.293950560096264635e-01 9.400602745842169261e-01 9.429903595588617904e-01
9.292457603839869851e-01 9.293213527310919542e-01 9.402042998750579361e-01 9.430523545004655395e-01
9.289566135118333401e-01 9.291609474601475460e-01 9.406219732184972759e-01 9.433525865673582089e-01
9.298674261591175494e-01 9.299217268347582666e-01 9.412376813368429351e-01 9.437582404503879197e-01
9.301710303748789155e-01 9.300523442203183500e-01 9.416913610029920001e-01 9.439100749982596295e-01
9.295204499125331310e-01 9.298939013918409158e-01 9.422926665922535250e-01 9.444719864653272623e-01
9.288409547629720153e-01 9.290264157076607576e-01 9.418353862938331211e-01 9.440260186585439639e-01
9.280747155517645730e-01 9.281674623655347123e-01 9.423430754440478285e-01 9.445870885195837285e-01
9.284795211727797648e-01 9.284452543501261479e-01 9.424330912508236402e-01 9.446442712394258479e-01
9.292168456967716539e-01 9.294035242816529596e-01 9.420118172751135166e-01 9.444535142659378213e-01
9.293469617892408108e-01 9.293267949842305420e-01 9.419686096878611137e-01 9.443031920884978891e-01
9.296505660050022879e-01 9.295227862222259496e-01 9.423934842958424651e-01 9.445390591689608595e-01
9.293469617892409218e-01 9.291052546710230065e-01 9.421558425659546376e-01 9.441425076937317584e-01
9.292313030403792640e-01 9.291063401713881564e-01 9.416193483575716616e-01 9.436548212367893429e-01
9.292457603839869851e-01 9.290684881651227744e-01 9.409640332842446053e-01 9.430300671107834098e-01
9.287686680449334098e-01 9.288200167587051803e-01 9.404095359145066002e-01 9.426019111825382213e-01
9.297662247538637237e-01 9.299160134903422525e-01 9.402259036686840821e-01 9.425549393437542278e-01
9.298529688155098283e-01 9.303608559540135214e-01 9.402907150495627420e-01 9.427917165259961374e-01
9.289421561682256190e-01 9.300381612300963052e-01 9.396894094603012171e-01 9.427038697617091678e-01
9.283638624239182180e-01 9.296328381727669843e-01 9.393653525559089168e-01 9.426740941518191308e-01
9.271928175916958059e-01 9.278980837193526732e-01 9.395273810081051780e-01 9.427692916018014513e-01
9.283060330494874446e-01 9.285656297243114476e-01 9.405751649989737562e-01 9.434140885353785588e-01
9.287686680449334098e-01 9.285825219095837912e-01 9.408236086256746011e-01 9.436235860880666237e-01
9.276554525871416601e-01 9.273882063600571435e-01 9.404131365467774950e-01 9.434091552179065809e-01
9.264554930677038058e-01 9.263155872482821129e-01 9.397218151507402695e-01 9.429729622069928929e-01
9.267590972834651719e-01 9.263776762214241955e-01 9.397614221057217776e-01 9.427015252499539866e-01
9.271349882172650325e-01 9.265111800144835152e-01 9.393473493945536656e-01 9.420554836217706063e-01
9.278723127412569216e-01 9.275028325842858967e-01 9.392069247359837725e-01 9.419199107482085775e-01
9.283638624239182180e-01 9.280832530068567898e-01 9.394949753176657925e-01 9.420207696574822709e-01
9.288987841374025667e-01 9.284726559610233521e-01 9.397614221057217776e-01 9.423123354266040863e-01
9.301421156876633622e-01 9.290732848091348695e-01 9.409352282260765588e-01 9.427756142657833793e-01
9.301854877184867476e-01 9.291255767676684929e-01 9.416949616352631169e-01 9.435991473401341700e-01
9.301276583440557522e-01 9.294096790261224816e-01 9.416301502543846791e-01 9.433373532661498695e-01
9.298674261591175494e-01 9.298830438210137217e-01 9.410432471942072885e-01 9.425416443042238246e-01
9.294626205381023576e-01 9.296213330596854174e-01 9.407119890252728656e-01 9.423000468442378486e-01
9.290289002298717236e-01 9.291542860543943183e-01 9.405751649989737562e-01 9.424148044368915178e-01
9.280458008645492418e-01 9.281862438750058120e-01 9.399378530870019510e-01 9.419876599927503591e-01
9.285807225780334795e-01 9.284199954160288204e-01 9.403591270627121856e-01 9.424416129593925495e-01
9.275253364946723922e-01 9.272523112212941454e-01 9.400926802746562005e-01 9.424411010990570992e-01
9.284072344547412703e-01 9.281615873553419327e-01 9.396462018730489252e-01 9.422877835190019979e-01
9.296505660050022879e-01 9.291817896253597997e-01 9.402979163141046426e-01 9.424268284559929043e-01
9.298095967846866650e-01 9.293464601356880017e-01 9.407659985093381749e-01 9.425937717461004839e-01
9.293325044456332007e-01 9.291912188676580975e-01 9.401538910232637436e-01 9.425159420222186668e-01
9.283927771111336602e-01 9.280939164897836768e-01 9.400566739519459203e-01 9.424501642188012340e-01
9.274964218074571720e-01 9.270396053331317887e-01 9.398910448674786533e-01 9.421543128916239906e-01
9.272940189969494096e-01 9.266351744363002796e-01 9.405175548826374410e-01 9.427255360880024693e-01
9.281903743006260088e-01 9.274449310624571785e-01 9.408668162129270041e-01 9.431382616338432889e-01
9.287831253885410199e-01 9.280984223108991182e-01 9.408956212710952727e-01 9.430400150508161383e-01
9.285373505472103162e-01 9.282982500300414053e-01 9.402006992427869303e-01 9.426846196727510785e-01
9.282482036750567822e-01 9.283210579335965384e-01 9.404995517212821898e-01 9.428376984434035935e-01
9.276120805563186078e-01 9.275538655984237879e-01 9.399846613065253598e-01 9.423855159327101383e-01
9.272651043097340784e-01 9.275027360641882046e-01 9.393689531881799226e-01 9.420113796490299229e-01
9.270337868120112068e-01 9.267429348477438378e-01 9.392465316909649475e-01 9.419666388874723406e-01
9.284506064855643226e-01 9.275955479721365027e-01 9.394157614077032203e-01 9.416927973155062581e-01
9.289132414810102878e-01 9.277546887693871591e-01 9.396173968148806566e-01 9.417014681378292895e-01
9.289421561682256190e-01 9.277876256046725389e-01 9.393401481300117650e-01 9.414396064158924160e-01
9.284650638291720437e-01 9.278726425496987007e-01 9.395057772144788100e-01 9.414471885720719913e-01
9.282337463314490611e-01 9.279225534303807699e-01 9.401502903909926268e-01 9.418977219357769215e-01
9.282482036750567822e-01 9.279334471964093556e-01 9.405895675280577795e-01 9.423637577282429900e-01
9.283349477367028868e-01 9.277141067395965335e-01 9.402511080945814559e-01 9.423303362815366180e-01
9.288843267937949566e-01 9.281015342524322476e-01 9.397902271638899352e-01 9.420452438821613761e-01
9.286096372652489217e-01 9.279473719818177591e-01 9.399198499256469219e-01 9.422145928475459398e-01
9.280168861773337996e-01 9.276966584744091859e-01 9.398730417061236242e-01 9.422478175300533776e-01
9.277132819615724335e-01 9.275906828180974228e-01 9.394985759499369093e-01 9.420369270215341873e-01
9.279445994592953051e-01 9.276932087315782338e-01 9.395813904921702653e-01 9.420056583200806521e-01
9.286240946088565318e-01 9.280599028615791335e-01 9.396173968148808786e-01 9.417972423680740501e-01
9.294770778817099677e-01 9.281769682745411032e-01 9.399288515063244365e-01 9.416092146871429813e-01
9.290289002298717236e-01 9.282628994523642874e-01 9.400530733196749145e-01 9.419199651881875468e-01
9.285084358599950960e-01 9.278711517480109361e-01 9.394841734208527750e-01 9.414817042138723391e-01
9.280602582081567409e-01 9.272862580022939172e-01 9.391961228391705330e-01 9.411706245898034950e-01
9.273952204022032353e-01 9.270025557707778363e-01 9.394805727885816582e-01 9.414692458994629032e-01
9.269759574375804334e-01 9.265441588232417036e-01 9.391385127228341068e-01 9.412785731022860203e-01
9.260073154158654507e-01 9.257874487085540061e-01 9.382887635068717369e-01 9.407492846629689209e-01
9.261808035391576599e-01 9.258438577347667398e-01 9.375146275686010444e-01 9.401906688110761579e-01
9.267446399398574508e-01 9.265212299675171792e-01 9.372805864709843338e-01 9.399572840676930774e-01
9.275397938382801133e-01 9.271978055075237313e-01 9.377396670855402405e-01 9.399846994522915722e-01
9.277421966487877647e-01 9.271720626061126236e-01 9.382671597132457020e-01 9.402276728305357656e-01
9.274385924330262876e-01 9.263938846999720811e-01 9.385516096626567162e-01 9.404042297947161622e-01
9.274530497766341197e-01 9.262141221181330319e-01 9.386488267339744285e-01 9.404802851269179476e-01
9.278289407104338693e-01 9.264024701345674462e-01 9.388216570829838181e-01 9.405835692253821101e-01
9.268892133759343288e-01 9.256840415358364993e-01 9.390052893288061142e-01 9.409992114382372819e-01
9.263398343188422590e-01 9.253986955461692698e-01 9.386560279985165511e-01 9.407183217005039566e-01
9.263398343188422590e-01 9.258657513489327862e-01 9.386308235726192883e-01 9.407864696213255051e-01
9.267301825962497297e-01 9.260043313302068757e-01 9.385912166176380023e-01 9.406459166904241886e-01
9.272506469661264683e-01 9.261333072182962312e-01 9.387064368503108547e-01 9.405400824688111561e-01
9.275687085254954445e-01 9.264102432319407665e-01 9.387712482311892925e-01 9.406433473679660651e-01
9.267301825962497297e-01 9.257650674853777906e-01 9.380907287319654175e-01 9.403609127002618973e-01
9.261374315083347186e-01 9.253178398637240676e-01 9.382131502291801706e-01 9.406227919068116394e-01
9.264410357240960847e-01 9.256038369667878296e-01 9.383211691973110113e-01 9.405276793474898200e-01
9.269615000939728233e-01 9.260305056008983904e-01 9.388756665670492385e-01 9.408565498661648485e-01
9.268892133759343288e-01 9.257753269085069459e-01 9.388756665670490165e-01 9.407776360201196564e-01
9.271639029044802527e-01 9.261754977065190797e-01 9.386992355857687320e-01 9.405264326497636551e-01
9.273084763405571307e-01 9.263989463486318465e-01 9.385120027076754301e-01 9.402328502840520130e-01
9.281614596134105666e-01 9.274380236444377257e-01 9.383931818427314608e-01 9.401147257644476563e-01
9.278144833668262592e-01 9.271662850087910579e-01 9.384219869008998405e-01 9.401383175728499353e-01
9.273807630585956252e-01 9.269063392000596036e-01 9.385768140885538680e-01 9.403644275201237246e-01
9.277277393051800436e-01 9.268598913727283950e-01 9.390304937547033770e-01 9.406367700056295078e-01
9.284506064855644336e-01 9.270402993757050902e-01 9.395525854340022187e-01 9.408335894755809337e-01
9.282626610186645033e-01 9.271197243573837676e-01 9.391457139873760074e-01 9.406357353580301339e-01
9.279590568029031372e-01 9.269725565452897609e-01 9.392213272650676847e-01 9.407294291388047514e-01
9.280747155517645730e-01 9.271763657890789156e-01 9.384651944881521324e-01 9.400111421548222879e-01
9.281180875825876253e-01 9.272060752706156039e-01 9.382203514937224043e-01 9.396412941687084519e-01
9.278578553976492005e-01 9.268852573534612782e-01 9.384867982817782783e-01 9.399933829113115147e-01
9.281036302389799042e-01 9.270890104003335352e-01 9.388576634056940984e-01 9.404439883577012660e-01
9.277132819615724335e-01 9.266798499487594043e-01 9.388432608766098530e-01 9.404592963777705927e-01
9.264988650985268581e-01 9.256062936737369240e-01 9.383319710941241398e-01 9.398844165899732372e-01
9.256314244820658121e-01 9.245491380476305032e-01 9.378602882666197127e-01 9.395199152382647245e-01
9.251543321430121258e-01 9.241751537105160619e-01 9.372625833096290826e-01 9.391716111132446532e-01
9.253278202663043350e-01 9.245039009605487967e-01 9.372193757223767907e-01 9.393217243407587791e-01
9.261663461955500498e-01 9.256788013275740745e-01 9.373201934259656198e-01 9.392674499626796347e-01
9.265711518165652416e-01 9.260693238698523011e-01 9.377126623435074748e-01 9.396420738686126484e-01
9.277132819615724335e-01 9.267768239676172914e-01 9.382923641391428538e-01 9.399091218057143982e-01
9.279879714901183574e-01 9.271924791375520947e-01 9.383499742554792800e-01 9.398607198216315517e-01
9.273663057149880151e-01 9.260891294357359582e-01 9.382671597132457020e-01 9.395174032572690681e-01
9.276699099307494922e-01 9.262771277318631036e-01 9.383571755200212916e-01 9.392709151236559029e-01
9.274675071202418408e-01 9.262107117581243054e-01 9.383535748877502858e-01 9.394182012842436924e-01
9.269904147811880435e-01 9.257218900572958820e-01 9.382707603455167078e-01 9.396538454006916341e-01
9.266868105654267884e-01 9.253498798245693990e-01 9.380475211447130146e-01 9.396702737194233546e-01
9.270482441556188169e-01 9.258230785800560803e-01 9.379611059702084308e-01 9.396179486753708510e-01
9.274385924330263986e-01 9.260209633009260921e-01 9.381375369514886042e-01 9.397555648569749787e-01
9.273807630585956252e-01 9.261125211276375335e-01 9.380151154542736291e-01 9.394679485696408872e-01
9.272506469661264683e-01 9.259717197677684863e-01 9.377198636080494865e-01 9.392978576078828690e-01
9.269181280631497710e-01 9.255084091865656282e-01 9.372913883677974622e-01 9.390681450873864522e-01
9.272217322789111371e-01 9.259594855760071574e-01 9.374714199813486415e-01 9.391489990958704626e-01
9.273084763405572417e-01 9.264288281810743042e-01 9.379899110283766994e-01 9.394777944530221525e-01
9.273952204022033463e-01 9.263553580228509610e-01 9.381087318933204466e-01 9.396169122429529619e-01
9.275687085254955555e-01 9.263831439242506960e-01 9.381195337901336861e-01 9.395997667215618687e-01
9.270337868120110958e-01 9.256984527010619912e-01 9.380223167188157518e-01 9.394551779576875150e-01
9.267735546270727820e-01 9.253626303300350742e-01 9.378890933247877593e-01 9.395293536476669871e-01
9.269615000939727123e-01 9.258894005864002352e-01 9.383823799459185544e-01 9.398615497710023359e-01
9.269181280631497710e-01 9.259897151001358351e-01 9.380439205124420088e-01 9.396220506856829413e-01
9.266145238473881829e-01 9.258960433302194648e-01 9.373561997486756781e-01 9.389744966944114646e-01
9.265566944729576315e-01 9.258419945282738706e-01 9.370645485347226522e-01 9.387791623068546532e-01
9.264699504113115269e-01 9.255170431213878279e-01 9.368953188179846014e-01 9.384953341793687009e-01
9.264410357240959737e-01 9.253458103851738281e-01 9.364488404163771040e-01 9.380887961871782199e-01
9.264554930677038058e-01 9.253332196333265980e-01 9.364128340936668238e-01 9.380469133566324835e-01
9.265856091601729627e-01 9.255916717535686011e-01 9.369421270375078992e-01 9.384309347078440000e-01
9.269036707195421609e-01 9.257057463891953386e-01 9.375902408462924997e-01 9.388746883438235935e-01
9.273807630585956252e-01 9.259293400725525647e-01 9.381519394805727385e-01 9.392713821683535969e-01
9.267590972834650609e-01 9.253731054255468491e-01 9.377198636080494865e-01 9.389782803190498406e-01
9.262097182263731021e-01 9.249972839144299241e-01 9.373670016454889176e-01 9.389398594359164019e-01
9.257326258873195268e-01 9.247136285485976215e-01 9.367296897335172234e-01 9.384868557181619275e-01
9.256892538564963635e-01 9.245863872856475707e-01 9.365388562231528047e-01 9.383216165421973676e-01
9.254001069843426075e-01 9.244177390296752783e-01 9.362472050091996678e-01 9.381522922893840155e-01
9.247784412092121542e-01 9.237955649575534389e-01 9.360275664406669804e-01 9.381815271856377425e-01
9.248796426144659799e-01 9.242349279691961517e-01 9.359375506338912798e-01 9.381145006602444880e-01
9.252844482354812827e-01 9.243139137667609750e-01 9.363912303000405668e-01 9.383980543975490862e-01
9.259494860414348993e-01 9.250477706780327880e-01 9.368485105984609707e-01 9.385368510342391168e-01
9.264554930677038058e-01 9.253624178937839284e-01 9.369565295665918114e-01 9.384591648676290365e-01
9.264844077549190260e-01 9.247235133775488780e-01 9.370537466379095237e-01 9.384390848749657454e-01
9.264554930677036948e-01 9.246565790850326261e-01 9.370753504315356697e-01 9.385524174919904761e-01
9.265566944729575205e-01 9.246474344707885651e-01 9.371977719287507558e-01 9.386739948030259351e-01
9.264699504113114159e-01 9.248290448949916254e-01 9.369889352570311969e-01 9.386288744036411780e-01
9.253856496407349974e-01 9.241445737217647283e-01 9.367476928948723636e-01 9.385218315900423214e-01
9.254001069843428295e-01 9.240539874718745050e-01 9.367404916303301299e-01 9.385146029892921238e-01
9.251543321430121258e-01 9.236577986766627557e-01 9.365136517972555419e-01 9.382088394872837300e-01
