7.043473232228310010e-01 7.260281024710075748e-01 7.251463354372092995e-01 7.522163106080230754e-01
7.050557330596076699e-01 7.269473105413430947e-01 7.257500954605691224e-01 7.525479014759108853e-01
7.050412757160000599e-01 7.269746725521548658e-01 7.258399407021405292e-01 7.527641426337400299e-01
7.063279792970840187e-01 7.279190960736076077e-01 7.257532400440241949e-01 7.528059785024585615e-01
7.073689080368372739e-01 7.288342817741484403e-01 7.255650142629320731e-01 7.525768099020657687e-01
7.085544102126676291e-01 7.298636747434401606e-01 7.254841535455178736e-01 7.526267206923955566e-01
7.097543697321054834e-01 7.308056754098848362e-01 7.252541497270951210e-01 7.524029564320872110e-01
7.103615781636282156e-01 7.313369333934035543e-01 7.254037420543113512e-01 7.523411515142079953e-01
7.114025069033815818e-01 7.322790715305926845e-01 7.252793063947351460e-01 7.518971848193327645e-01
7.117061111191429479e-01 7.329444537473173149e-01 7.247361919094359450e-01 7.512596840004865939e-01
7.123133195506659021e-01 7.337466447666701752e-01 7.250645762673794126e-01 7.511908734804289001e-01
7.125157223611733315e-01 7.342021741014785885e-01 7.258570112980391453e-01 7.516545334627018349e-01
7.129494426694038545e-01 7.341158605486421962e-01 7.267204240695401829e-01 7.520743607922467655e-01
7.124868076739580003e-01 7.339212424466552420e-01 7.267792727027695410e-01 7.521430076630013506e-01
7.134554496956730940e-01 7.348038363725847288e-01 7.264225870937310869e-01 7.520256226104300445e-01
7.143807196865648024e-01 7.357659404772851630e-01 7.261067810696076874e-01 7.518637090416407931e-01
7.148578120256183777e-01 7.373672767055843291e-01 7.257851351047820421e-01 7.518017338809521721e-01
7.146843239023261685e-01 7.377492217928023344e-01 7.252999708002965118e-01 7.514957713819839791e-01
7.139759140655497216e-01 7.370085579193421665e-01 7.250443610880259460e-01 7.512399296975202923e-01
7.137012245370035757e-01 7.367245628951355485e-01 7.249199254284495186e-01 7.510346372893489386e-01
7.135277364137114775e-01 7.366174287316379354e-01 7.248399631634508955e-01 7.507487267569551426e-01
7.127470398588964251e-01 7.362756476404062056e-01 7.241113182543069682e-01 7.499089515368821957e-01
7.124434356431350590e-01 7.362489901243091106e-01 7.235704499000472634e-01 7.490421131271415289e-01
7.126169237664272682e-01 7.366469889619515765e-01 7.229851081512095323e-01 7.484477058148502060e-01
7.124578929867425581e-01 7.366277332906550068e-01 7.219343680510321715e-01 7.473087813576635430e-01
7.124578929867426691e-01 7.367022144738331058e-01 7.212389658812694559e-01 7.467730175995301867e-01
7.124723503303502792e-01 7.365662502753494989e-01 7.206329597268705811e-01 7.460085116313734943e-01
7.115759950266737910e-01 7.365327865470880919e-01 7.199074594011815043e-01 7.454463000803333017e-01
7.120241726785119241e-01 7.377929080744756174e-01 7.188931066238404277e-01 7.448173118840557549e-01
7.127325825152885930e-01 7.387275980484135918e-01 7.185256395858135026e-01 7.448227968159744083e-01
7.129783573566191857e-01 7.392625203696272518e-01 7.181123514745850756e-01 7.445555273061088553e-01
7.134120776648500417e-01 7.391761041421477385e-01 7.176141596100716891e-01 7.443017610929629768e-01
7.138457979730804537e-01 7.394516033544775713e-01 7.176586330046494933e-01 7.447271197832388001e-01
7.143518049993493602e-01 7.397241514065471257e-01 7.177444352103501402e-01 7.448982022722651086e-01
7.151180442105569135e-01 7.408322753722305087e-01 7.176757036005479984e-01 7.447661349011933662e-01
7.168384680998713954e-01 7.419110140485918325e-01 7.176060735383301692e-01 7.445638674154717584e-01
7.167517240382251797e-01 7.416986313047129187e-01 7.175454280002695473e-01 7.442859067179268262e-01
7.165926932585406917e-01 7.420475165589038857e-01 7.167736573751712914e-01 7.438727746695221743e-01
7.166360652893638550e-01 7.413743327328989885e-01 7.164798634352327333e-01 7.434629189875893163e-01
7.172866457517095284e-01 7.422346254579592628e-01 7.166038498686013725e-01 7.434315062703948929e-01
7.182408304298169011e-01 7.429090372204882886e-01 7.162175153298444563e-01 7.433018863750386895e-01
7.193106738567854874e-01 7.437676036727692841e-01 7.157036005480559293e-01 7.431312628971483703e-01
7.192673018259624351e-01 7.441400486483780163e-01 7.150104445093325989e-01 7.423285759541526918e-01
7.189926122974166223e-01 7.441429877006137117e-01 7.139048988117967509e-01 7.412653087095756321e-01
7.183275744914630057e-01 7.436299570014327509e-01 7.133191078367512317e-01 7.400739170921747379e-01
7.179516835576630340e-01 7.438537631154229501e-01 7.127027694795714519e-01 7.393064999837337670e-01
7.182263730862090689e-01 7.439678789386970914e-01 7.119265065923945368e-01 7.386988680087021031e-01
7.189926122974164002e-01 7.446054587426331750e-01 7.114036072864491356e-01 7.383411605953992263e-01
7.195853633853315223e-01 7.445715072797571832e-01 7.114314593113362228e-01 7.381998860569459753e-01
7.200624557243852086e-01 7.449197364582831327e-01 7.117845511107117051e-01 7.383320105173372117e-01
7.199467969755236618e-01 7.450266970336468786e-01 7.117504099189146949e-01 7.379465061419094862e-01
7.198455955702699471e-01 7.447841888268360577e-01 7.119902967139102312e-01 7.382306780688936421e-01
7.202070291604620866e-01 7.449859827559357495e-01 7.116111497944790365e-01 7.380181546199864329e-01
7.206262921250849995e-01 7.452387653033973880e-01 7.106102738033737154e-01 7.373603015274895478e-01
7.203805172837542958e-01 7.453197387683372366e-01 7.106363289234293168e-01 7.375762497203773860e-01
7.207274935303387142e-01 7.452423147368429923e-01 7.112333505536712064e-01 7.380832018390224292e-01
7.202648585348928600e-01 7.435485935571956029e-01 7.119130298061588924e-01 7.389638323361518157e-01
7.201636571296390343e-01 7.438585772055088530e-01 7.114988432425146669e-01 7.389442331181628187e-01
7.208865243100233133e-01 7.441618478283297256e-01 7.122283866040743927e-01 7.391726951333801310e-01
7.215804768031921501e-01 7.441507958994113547e-01 7.127580243031377272e-01 7.388285880220203383e-01
7.211756711821770693e-01 7.435067740885688004e-01 7.131025808045641234e-01 7.388376871418210756e-01
7.202648585348927490e-01 7.428627742205170525e-01 7.122517463668830429e-01 7.382945351972798331e-01
7.204961760326157316e-01 7.426066417692733790e-01 7.112760270434176357e-01 7.381164147742016457e-01
7.213491593054691675e-01 7.435539024623404325e-01 7.106102738033737154e-01 7.377011822790193740e-01
7.211178418077462959e-01 7.433029565672453209e-01 7.107297679746635843e-01 7.378886187348850934e-01
7.207130361867311041e-01 7.427625111168577599e-01 7.106623840434851402e-01 7.379606863149246188e-01
7.213925313362923308e-01 7.430890581111095905e-01 7.104728105837693208e-01 7.380462510394825149e-01
7.222744292963609869e-01 7.431628402783383436e-01 7.103236674827609898e-01 7.378654485728290968e-01
7.234888461594066733e-01 7.435943930992330309e-01 7.106740639248894098e-01 7.381433737209170953e-01
7.244574881811216560e-01 7.441326510049082188e-01 7.111340715617349151e-01 7.383028741870972800e-01
7.234165594413681788e-01 7.433456793112929173e-01 7.116174389613890705e-01 7.387519313951693700e-01
7.231274125692145338e-01 7.430956658285239325e-01 7.115042339570090135e-01 7.386553141153778812e-01
7.224334600760456970e-01 7.432197151949133662e-01 7.113712629994835002e-01 7.383638793475697515e-01
7.219129957061689584e-01 7.428588218510128183e-01 7.110002021517933812e-01 7.380674962769542269e-01
7.212913299310385051e-01 7.421704414107379577e-01 7.103838637946138235e-01 7.377535872055760446e-01
7.216961355520536969e-01 7.431431852442964558e-01 7.099705756833853965e-01 7.374419710328703470e-01
7.222382859373419617e-01 7.436739304161585906e-01 7.097468610318725668e-01 7.374260122615639013e-01
7.225346614812994117e-01 7.446145596745880058e-01 7.090370836234585195e-01 7.370652050016202050e-01
7.223900880452225337e-01 7.448004461115139696e-01 7.086525459895329782e-01 7.370128404182050286e-01
7.219852824242074529e-01 7.443645150932272081e-01 7.090914399946093294e-01 7.372578580189723674e-01
7.214359033671153831e-01 7.435169922585069813e-01 7.100154983041710999e-01 7.379531542234638586e-01
7.217250502392690281e-01 7.442807229498259458e-01 7.104629276071966482e-01 7.377966882160394979e-01
7.207997802483770977e-01 7.430904874766220969e-01 7.110046944138721514e-01 7.379698531610411338e-01
7.205829200942618362e-01 7.422371402463949774e-01 7.120289301677859006e-01 7.390294726255983715e-01
7.199323396319161628e-01 7.413111977782463891e-01 7.118106062307675286e-01 7.391531424205806111e-01
7.203371452529313546e-01 7.419175285752979132e-01 7.106435165427550382e-01 7.382631363454968954e-01
7.205106333762234527e-01 7.420096388552728239e-01 7.107189865456751132e-01 7.382227655213792206e-01
7.203371452529312435e-01 7.413415190094834184e-01 7.108816064329191997e-01 7.383573980728916908e-01
7.201058277552082609e-01 7.405234880496461836e-01 7.117787111700096814e-01 7.390387814125802812e-01
7.199323396319159407e-01 7.404456883932971634e-01 7.120055704049774725e-01 7.391275010952003122e-01
7.205250907198311738e-01 7.416513110013246424e-01 7.117063857505447899e-01 7.393274959345763619e-01
7.213057872746461152e-01 7.436292645187131400e-01 7.112904022820691896e-01 7.387119512520625708e-01
7.212913299310385051e-01 7.433448460854230611e-01 7.108510590507849392e-01 7.382777273187736133e-01
7.210166404024923592e-01 7.424745172913292945e-01 7.109579748882550732e-01 7.383665718591558846e-01
7.215515621159768189e-01 7.428165100385450970e-01 7.118483412322275106e-01 7.389340419957209916e-01
7.216527635212306446e-01 7.424192987538120736e-01 7.125230789964286382e-01 7.391764385754813205e-01
7.209877257152771390e-01 7.417253786849093977e-01 7.119498663552031870e-01 7.389874321202403173e-01
7.209009816536311455e-01 7.418920196743616913e-01 7.114449360975718673e-01 7.384816316539194458e-01
7.210310977461000803e-01 7.421387905039142918e-01 7.116623615821747739e-01 7.387201727748953228e-01
7.201925718168543655e-01 7.418383541196476028e-01 7.122822937490171924e-01 7.396268724938737105e-01
7.197154794778006792e-01 7.412227368151232954e-01 7.128299004963949415e-01 7.403051552341823882e-01
7.195275340109008599e-01 7.415649906747012743e-01 7.136820826126996087e-01 7.409201912456380157e-01
7.185733493327935983e-01 7.404816961776290452e-01 7.137386851148895817e-01 7.410658949572718202e-01
7.182408304298169011e-01 7.401232186162793880e-01 7.127935131735586571e-01 7.404844137221326950e-01
7.195709060417239122e-01 7.411904136709703828e-01 7.117122256912469247e-01 7.395506835112821697e-01
7.202359438476774178e-01 7.417504590820348520e-01 7.106740639248894098e-01 7.387019580495370885e-01
7.207564082175540454e-01 7.427300507367476934e-01 7.102104624783809328e-01 7.383140058273240935e-01
7.209732683716694179e-01 7.427258384893665744e-01 7.103771254014958902e-01 7.384459854114653332e-01
7.199612543191313829e-01 7.414995643254725932e-01 7.112113384694863649e-01 7.388262242728411699e-01
7.199901690063468251e-01 7.411533798899161418e-01 7.118442981963568617e-01 7.392174764924301922e-01
7.200046263499546573e-01 7.409366342210362832e-01 7.112796208530804964e-01 7.391865922816089896e-01
7.211612138385693482e-01 7.418464332633382119e-01 7.114000134767861638e-01 7.391382363475633710e-01
7.215081900851537666e-01 7.419455262472669510e-01 7.113483524628827492e-01 7.390432336253108803e-01
7.211178418077464070e-01 7.415546656135347803e-01 7.109948114372992567e-01 7.391357163979717093e-01
7.205973774378696683e-01 7.409175073259168798e-01 7.108789110756721374e-01 7.390220850669462216e-01
7.194552472928623654e-01 7.401323479503549851e-01 7.109391073875250822e-01 7.391013212072452543e-01
7.180817996501323019e-01 7.397370813857252481e-01 7.114849172300712343e-01 7.392684945701366583e-01
7.176480793419017790e-01 7.393295491779622308e-01 7.117396284899260017e-01 7.391643947416424165e-01
7.187323801124781975e-01 7.406216209367931791e-01 7.112176276363962879e-01 7.383395315489618138e-01
7.194841619800778076e-01 7.410189987127473454e-01 7.108636373846051182e-01 7.378605815612486740e-01
7.202793158785003591e-01 7.413382457355330857e-01 7.110999303699379048e-01 7.381976945632942044e-01
7.206696641559080518e-01 7.409571504843281975e-01 7.117279486085217322e-01 7.390964683848910699e-01
7.205684627506542261e-01 7.399870231352139172e-01 7.115725163406032561e-01 7.393372227970727018e-01
7.198889676010931105e-01 7.396882171187162403e-01 7.116075559848160648e-01 7.397129567969394914e-01
7.211756711821770693e-01 7.408543342892330852e-01 7.113937243098762409e-01 7.397811503888922502e-01
7.206552068123004418e-01 7.404721572951630248e-01 7.112656948406370638e-01 7.396269276637589263e-01
7.204383466581849582e-01 7.406816364021782118e-01 7.112679409716762269e-01 7.393158552815148887e-01
7.210310977461000803e-01 7.416225199414894220e-01 7.119489679027874995e-01 7.394473030322796792e-01
7.208865243100232023e-01 7.418462832364143278e-01 7.125662047123828557e-01 7.397492957227309596e-01
7.206841214995156619e-01 7.418914903114292025e-01 7.123514745850272334e-01 7.398818456007887345e-01
7.211901285257845684e-01 7.424746111582661845e-01 7.119534601648660477e-01 7.393294588512094867e-01
7.211756711821769583e-01 7.426611678454799748e-01 7.110424294153320224e-01 7.386342527106132261e-01
7.215226474287613767e-01 7.428353374009277754e-01 7.104638260596123356e-01 7.381847548220851207e-01
7.214214460235076620e-01 7.427528219215759897e-01 7.101605983693088930e-01 7.381188694820518537e-01
7.213347019618614464e-01 7.426225732678484182e-01 7.101511646189438975e-01 7.384546903473226953e-01
7.198889676010929994e-01 7.417192923792310655e-01 7.103685901035465822e-01 7.387589827597398351e-01
7.197010221341931802e-01 7.418342530027288717e-01 7.113065744255518963e-01 7.391124464945786343e-01
7.204672613454004004e-01 7.418174322652133501e-01 7.111673143011163489e-01 7.390814421358350428e-01
7.201491997860314243e-01 7.418592366351268730e-01 7.106628332696929284e-01 7.385876241148685573e-01
7.210310977461000803e-01 7.425813131166407732e-01 7.105689449922507617e-01 7.381026033136730558e-01
7.215226474287615988e-01 7.427402865569325829e-01 7.118204892073404233e-01 7.385995845445052499e-01
7.204961760326158426e-01 7.411652809870669101e-01 7.121547135059860256e-01 7.389978276350199771e-01
7.206552068123003307e-01 7.416768679184172486e-01 7.121619011253117471e-01 7.392374182768379764e-01
7.201491997860314243e-01 7.410390315034447450e-01 7.119552570696973115e-01 7.393939563944914584e-01
7.205395480634387839e-01 7.411674276900609426e-01 7.117171671795333721e-01 7.394450499209663796e-01
7.203082305657159123e-01 7.417995740186396070e-01 7.110657891781405615e-01 7.388498424631219086e-01
7.198022235394467838e-01 7.411631912862668425e-01 7.113505985939219123e-01 7.388585628482857715e-01
7.199034249447007205e-01 7.416011337796230007e-01 7.118070124211046679e-01 7.391291642571991005e-01
7.210455550897079124e-01 7.423406536048973159e-01 7.114826710990318492e-01 7.391895917434658791e-01
7.221587705474996621e-01 7.428059453430330139e-01 7.110289526290963780e-01 7.388474048437617681e-01
7.223900880452225337e-01 7.429220738255214451e-01 7.104314817726465892e-01 7.388330376262464139e-01
7.232719860052913008e-01 7.435864659161273149e-01 7.106120707082050902e-01 7.388380422057214680e-01
7.228671803842762200e-01 7.429148816422836976e-01 7.112562610902719573e-01 7.391970444221896974e-01
7.231707846000375861e-01 7.432958408572625242e-01 7.108232070258979629e-01 7.388646538412528830e-01
7.231418699128222549e-01 7.439451343995568955e-01 7.102306776577346215e-01 7.384413113665954098e-01
7.227081496045917319e-01 7.433597622762722068e-01 7.105608589205093528e-01 7.384935468024007577e-01
7.226936922609841218e-01 7.431109247757685665e-01 7.111619235866220023e-01 7.386415348799595382e-01
7.213780739926846097e-01 7.408796042965068995e-01 7.116920105118933471e-01 7.389744321917333103e-01
7.208286949355924289e-01 7.401787104756641922e-01 7.114157363940611933e-01 7.390428994046558397e-01
7.202648585348927490e-01 7.396311179622446774e-01 7.111659666224927623e-01 7.393376445867445579e-01
7.206262921250847775e-01 7.398406820295629904e-01 7.103344489117494609e-01 7.385231542066748034e-01
7.208431522792001500e-01 7.396035704358656648e-01 7.101044450933267083e-01 7.385652684640309218e-01
7.214648180543308253e-01 7.410245730274789278e-01 7.100756946160238225e-01 7.382194701761060074e-01
7.217973369573074116e-01 7.413985942473468871e-01 7.101278048561352474e-01 7.381245396584308338e-01
7.218551663317380740e-01 7.419911973258492832e-01 7.097989712719838806e-01 7.377327523970533818e-01
7.214214460235077730e-01 7.425964992533002906e-01 7.099984277082724837e-01 7.377577484126676133e-01
7.212768725874307840e-01 7.423588509943929159e-01 7.101987825969766632e-01 7.381000278845721851e-01
7.212335005566078427e-01 7.424611809739511958e-01 7.106003908268009317e-01 7.387556028100104033e-01
7.216527635212305336e-01 7.421255062061893337e-01 7.113541924035847730e-01 7.391384331568597865e-01
7.223467160143994814e-01 7.431872027097987665e-01 7.117450192044203483e-01 7.392603460587920949e-01
7.225635761685148539e-01 7.439836988819785724e-01 7.113955212147076157e-01 7.390175603703419416e-01
7.228093510098453356e-01 7.442707528159311359e-01 7.110514139394892297e-01 7.387165795562438131e-01
7.228382656970607778e-01 7.449292285223816368e-01 7.107971519058422505e-01 7.385243272065853404e-01
7.224190027324379759e-01 7.442686375622835637e-01 7.108825048853351092e-01 7.387491086834185872e-01
7.218262516445228538e-01 7.426558271248329124e-01 7.113326295456076087e-01 7.395331365773540888e-01
7.215226474287614877e-01 7.419713922903039549e-01 7.117881449203746769e-01 7.398247839213025756e-01
7.215515621159767079e-01 7.419468201542844810e-01 7.115797039599289775e-01 7.394872381492865188e-01
7.222744292963610979e-01 7.426888321008782157e-01 7.116515801531860808e-01 7.393089707730189364e-01
7.216961355520536969e-01 7.428097428945761305e-01 7.114952494328519172e-01 7.391588426048784077e-01
7.214503607107231042e-01 7.433995468398141293e-01 7.116066575324004884e-01 7.391157317063026255e-01
7.213780739926844987e-01 7.432936981745618121e-01 7.120783450506502632e-01 7.393343776134546630e-01
7.207130361867311041e-01 7.418508564635961644e-01 7.127414029334472323e-01 7.397435099290841087e-01
7.205829200942617252e-01 7.413507190967352223e-01 7.124368275645200921e-01 7.395103756405434492e-01
7.205540054070465050e-01 7.417152532430889567e-01 7.118725994474517371e-01 7.390452981331495641e-01
7.199757116627389930e-01 7.414176682596376189e-01 7.117872464679589894e-01 7.389752122963504366e-01
7.195275340109009710e-01 7.417179663172415172e-01 7.112243660295141101e-01 7.386935691265122950e-01
7.195853633853316333e-01 7.419159235713590483e-01 7.109283259585363890e-01 7.387005610686878665e-01
7.187468374560859186e-01 7.407774984284951625e-01 7.112984883538104874e-01 7.391586957939837443e-01
7.192383871387471039e-01 7.410402357735805801e-01 7.113443094270119893e-01 7.390778753160842651e-01
7.193829605748240930e-01 7.416498770901549520e-01 7.110532108443207155e-01 7.388116426616877508e-01
7.197299368214085113e-01 7.422092580889328994e-01 7.106983221401137474e-01 7.383885398384560927e-01
7.201491997860313132e-01 7.426899315477373253e-01 7.100990543788325837e-01 7.380251470066437891e-01
7.214937327415460455e-01 7.436735569388550626e-01 7.092419307742412471e-01 7.372749188766108963e-01
7.221732278911072722e-01 7.434898830559171223e-01 7.098735428224882682e-01 7.375299610270781292e-01
7.215804768031922611e-01 7.423851291039055278e-01 7.107324633319107576e-01 7.383092090989135103e-01
7.209298963408463656e-01 7.420756083909931800e-01 7.108618404797735213e-01 7.385234666803995873e-01
7.202793158785005811e-01 7.417069391101297482e-01 7.111273331686169819e-01 7.387271990660371213e-01
7.206262921250849995e-01 7.422187253752934311e-01 7.115608364591989865e-01 7.389348228567972354e-01
7.199034249447008316e-01 7.418125117938957347e-01 7.116048606275691135e-01 7.388990420661329939e-01
7.203226879093235224e-01 7.422337561629128722e-01 7.113479032366747390e-01 7.387971198975373799e-01
7.203660599401465747e-01 7.420944037668748550e-01 7.108609420273578339e-01 7.385304041085658522e-01
7.203371452529312435e-01 7.415973924200728318e-01 7.104692167741065711e-01 7.384895087722163076e-01
7.197877661958391737e-01 7.413609189888159534e-01 7.100819837829339676e-01 7.380742680356426888e-01
7.196576501033700168e-01 7.417605471161007324e-01 7.098951056804654325e-01 7.377861330532647921e-01
7.185588919891859883e-01 7.410344980029983653e-01 7.100154983041710999e-01 7.376744635725472898e-01
7.184721479275398837e-01 7.407416817616253590e-01 7.100676085442825247e-01 7.374612031756275776e-01
7.186022640200090406e-01 7.404093535752156452e-01 7.098780350845668163e-01 7.373608803233029363e-01
7.194697046364701976e-01 7.406654028595989203e-01 7.091291749960692004e-01 7.369976064711168950e-01
7.197010221341930691e-01 7.411514572210329277e-01 7.093758001841826699e-01 7.374281785493121966e-01
7.195130766672931388e-01 7.412003209007548277e-01 7.099638372902675743e-01 7.379258432542780133e-01
7.198166808830546159e-01 7.413766418832179461e-01 7.104413647492193729e-01 7.384751896462588006e-01
7.193685032312163719e-01 7.406687870420352038e-01 7.118366613508232410e-01 7.393626801092367806e-01
7.194552472928623654e-01 7.409067709291060622e-01 7.118330675411603803e-01 7.391125549856907284e-01
7.195998207289392434e-01 7.410435287344527833e-01 7.111682127535320364e-01 7.382950448842187097e-01
7.189130969075743227e-01 7.402266004385791298e-01 7.099274499674310679e-01 7.375272746409153868e-01
7.183131171478551735e-01 7.394611575071234899e-01 7.096875631724354205e-01 7.373035930061371257e-01
7.195709060417239122e-01 7.408678906591803504e-01 7.094728330450797982e-01 7.367642190621597198e-01
7.199757116627392151e-01 7.413119835927627355e-01 7.096084993598527069e-01 7.366302034932525888e-01
7.205684627506542261e-01 7.418772825340032018e-01 7.099040902046225288e-01 7.367283302161873326e-01
7.201202850988159820e-01 7.414104636026239703e-01 7.106516026144964471e-01 7.374722576686337794e-01
7.201491997860312022e-01 7.407923643698718363e-01 7.112450304350756980e-01 7.378715950907908105e-01
7.208576096228078711e-01 7.415659289395872822e-01 7.114970463376834031e-01 7.384509208744500786e-01
7.202504011912851389e-01 7.416144880325006294e-01 7.111592282293750511e-01 7.383543925849892497e-01
7.195419913545084700e-01 7.420450825525021221e-01 7.109220367916264660e-01 7.381821422476275707e-01
7.192383871387472150e-01 7.414409069878049596e-01 7.110028975090406655e-01 7.383000885235693200e-01
7.204094319709696270e-01 7.422383071013554101e-01 7.108604928011499346e-01 7.380826297692748561e-01
7.194841619800778076e-01 7.414557196250183280e-01 7.109840300083106746e-01 7.381488378770486580e-01
7.193829605748240930e-01 7.415866352172963971e-01 7.107109004739335933e-01 7.377654376567382988e-01
7.191950151079240516e-01 7.409824455911718788e-01 7.108860986949977478e-01 7.380710136346054773e-01
7.197588515086237315e-01 7.413168243259700141e-01 7.107962534534264520e-01 7.382990584694913982e-01
7.197588515086238425e-01 7.410503171639353237e-01 7.108456683362907036e-01 7.387169079168238728e-01
7.201491997860314243e-01 7.417385758014618524e-01 7.108519575032007376e-01 7.387773527514893690e-01
7.208865243100233133e-01 7.420270250021996361e-01 7.104710136789380570e-01 7.383798975001742981e-01
7.201781144732467554e-01 7.417434497556438799e-01 7.108986770288179269e-01 7.385933194732230422e-01
7.201636571296389233e-01 7.419173013037935194e-01 7.103479256979852163e-01 7.381868214687725693e-01
7.200479983807774875e-01 7.421847819198958973e-01 7.102320253363580971e-01 7.378026313517146439e-01
7.199323396319159407e-01 7.422710010831030658e-01 7.104669706430672971e-01 7.379351549060608750e-01
7.188480388613395222e-01 7.409250405021020613e-01 7.101978841445610868e-01 7.377082395116235647e-01
7.197299368214085113e-01 7.413161678637991692e-01 7.102167516452908558e-01 7.377172589666269875e-01
7.201781144732466444e-01 7.419127271185412820e-01 7.103003077199523396e-01 7.381259685301095885e-01
7.201058277552082609e-01 7.417111676750500759e-01 7.108196132162349912e-01 7.387571056741082387e-01
7.197733088522314526e-01 7.415841033394107162e-01 7.111426068596842232e-01 7.389666516884680902e-01
7.199612543191314940e-01 7.424724050820892263e-01 7.113047775207206325e-01 7.388522993335894240e-01
7.194986193236854177e-01 7.422105454158900439e-01 7.110334448911750371e-01 7.387360794152348920e-01
7.191877864361202466e-01 7.414264439994492362e-01 7.110046944138720404e-01 7.387078349761790896e-01
7.189781549538087901e-01 7.408697869863976049e-01 7.109373104826935963e-01 7.384805900268822665e-01
7.184287758967167203e-01 7.406885945145251782e-01 7.106273443992723315e-01 7.384017534009303940e-01
7.187323801124780864e-01 7.406002506524946849e-01 7.103402888524515957e-01 7.384522431999454017e-01
7.177781954343710469e-01 7.391349886495495181e-01 7.103865591518608857e-01 7.391250647231437654e-01
7.175324205930402321e-01 7.395163086993314927e-01 7.100199905662496480e-01 7.386897202786621985e-01
7.182119157426014588e-01 7.404747216030619361e-01 7.096291637654140727e-01 7.378622686329121549e-01
7.185010626147553259e-01 7.418246231935252677e-01 7.089130971900901024e-01 7.370967882254386705e-01
7.187902094869089709e-01 7.415216200712129169e-01 7.092886502998585474e-01 7.374295349808739353e-01
7.193251312003932085e-01 7.416752536312689603e-01 7.103892545091080590e-01 7.384200422499912486e-01
7.193540458876086507e-01 7.417522434196196501e-01 7.108852002425820604e-01 7.389078257087879908e-01
7.195709060417241343e-01 7.422061351230042625e-01 7.109462950068508036e-01 7.390914254244649317e-01
7.193829605748240930e-01 7.420278225880507783e-01 7.108825048853348871e-01 7.387350444258534710e-01
7.192094724515316617e-01 7.417954734474031531e-01 7.106471103524178989e-01 7.385095880417461567e-01
7.191227283898855571e-01 7.422891780344537116e-01 7.098663552031625468e-01 7.380389709166215173e-01
7.182842024606399534e-01 7.416779056547180282e-01 7.098456907976010699e-01 7.381894030890118197e-01
7.185878066764013195e-01 7.417494034565743632e-01 7.102814402192223486e-01 7.382772763785852010e-01
7.185878066764013195e-01 7.413892088104767630e-01 7.107926596437635913e-01 7.385266143586373122e-01
7.185878066764014305e-01 7.419514081798435079e-01 7.113263403786975747e-01 7.386606012702494617e-01
7.192528444823549361e-01 7.419060926290398372e-01 7.115302890770647259e-01 7.390534622993909508e-01
7.193685032312163719e-01 7.418545560342013623e-01 7.109741470317378909e-01 7.384801289578449834e-01
7.195998207289393545e-01 7.416826999681344068e-01 7.106147660654522635e-01 7.383893528607194945e-01
7.199757116627392151e-01 7.419701728102390259e-01 7.100783899732711069e-01 7.380955305498791974e-01
7.205106333762234527e-01 7.422164112311331330e-01 7.100864760450124047e-01 7.381594518018839146e-01
7.205540054070465050e-01 7.422109066929427623e-01 7.106152152916600517e-01 7.383741526453129200e-01
7.194841619800778076e-01 7.419183926425354514e-01 7.113541924035848840e-01 7.390067733095946334e-01
7.187179227688704763e-01 7.410141925589199818e-01 7.114094472271512704e-01 7.391250938824969197e-01
7.194552472928624764e-01 7.414749394292956541e-01 7.112477257923227603e-01 7.390155900327605165e-01
7.205973774378696683e-01 7.424677858371957484e-01 7.109283259585363890e-01 7.386250955476025837e-01
7.204961760326158426e-01 7.422041364796914120e-01 7.107073066642708437e-01 7.384038942900045255e-01
7.200479983807774875e-01 7.418791484456341845e-01 7.103344489117495719e-01 7.383495690380696974e-01
7.205106333762234527e-01 7.426528698850725085e-01 7.098852227038925378e-01 7.378225495330499317e-01
7.200769130679929297e-01 7.429102430776006738e-01 7.099162193122345865e-01 7.377579379004020055e-01
7.203660599401466857e-01 7.430760083402115912e-01 7.099880955054918008e-01 7.379212789678155637e-01
7.210455550897078014e-01 7.432339579333258062e-01 7.100307719952381191e-01 7.378277455223126724e-01
7.211901285257846794e-01 7.431034257181110547e-01 7.105235731452572701e-01 7.382545426386550869e-01
7.207419508739464353e-01 7.430301812283063301e-01 7.107940073223871780e-01 7.386635660208648035e-01
7.201202850988159820e-01 7.425954994436470002e-01 7.108600435749421464e-01 7.386587573616327784e-01
7.200190836935620453e-01 7.424573922889312616e-01 7.107513308326407486e-01 7.389896488756710902e-01
7.196431927597624068e-01 7.420318407448840414e-01 7.109094584578063980e-01 7.395335368296465095e-01
7.199467969755237728e-01 7.418884086519816901e-01 7.106174614226994368e-01 7.395102267128269569e-01
7.203660599401466857e-01 7.421123397107238784e-01 7.100721008063610729e-01 7.391400032769972483e-01
7.209732683716694179e-01 7.428765556588075025e-01 7.098353585948203870e-01 7.387826830030203018e-01
7.209588110280616968e-01 7.434477627274712619e-01 7.091431010085129660e-01 7.382271128247437364e-01
7.205106333762234527e-01 7.430228330425702188e-01 7.096165854315941157e-01 7.385578402118568864e-01
7.193829605748240930e-01 7.420259902695816034e-01 7.105240223714651693e-01 7.390364054258602433e-01
7.201202850988159820e-01 7.425654085142840977e-01 7.103946452236022946e-01 7.389748797068369512e-01
7.202648585348928600e-01 7.425194792753095907e-01 7.112724332337548860e-01 7.394268834855148853e-01
7.211322991513540170e-01 7.429678322620063557e-01 7.118213876597561107e-01 7.398251602585750319e-01
7.219274530497767906e-01 7.433693425425966783e-01 7.116821275353204523e-01 7.394278395069850962e-01
7.227081496045917319e-01 7.443044209910144593e-01 7.110882504885334132e-01 7.389458421572679958e-01
7.236334195954835513e-01 7.451043947635656028e-01 7.109489903640977548e-01 7.386800093029028957e-01
7.236189622518758302e-01 7.454210563661269884e-01 7.109067631005592247e-01 7.386637169378587053e-01
7.224912894504763594e-01 7.438013985618789903e-01 7.107423463084836524e-01 7.390275213106616281e-01
7.211612138385692372e-01 7.420592251705973030e-01 7.109373104826934853e-01 7.391968724118396228e-01
7.209588110280615858e-01 7.421519950507812213e-01 7.114889602659419943e-01 7.397517847116726886e-01
