7.855867569718023580e-01 8.233693043051169003e-01 7.869900978142736481e-01 8.209979819148556235e-01
7.861107337615710344e-01 8.226633537951818509e-01 7.884947470112304568e-01 8.223229069761435195e-01
7.864988647169554037e-01 8.215445552631226445e-01 7.893195266272189370e-01 8.231040709139706424e-01
7.875080052009548748e-01 8.213867291160128481e-01 7.903254437869822180e-01 8.240526909034924241e-01
7.883230802072620502e-01 8.205922001940380017e-01 7.913156623596184769e-01 8.244683935514031115e-01
7.886529915193387641e-01 8.199607836632027968e-01 7.921271585557300154e-01 8.248305998362586156e-01
7.887500242581846344e-01 8.195558836962374416e-01 7.923409008573844003e-01 8.253036767241235250e-01
7.892740010479535329e-01 8.201622406665041165e-01 7.935364086462988187e-01 8.263649250262308232e-01
7.888082439014922898e-01 8.192778925590072925e-01 7.944167371090447016e-01 8.267396519785356057e-01
7.876632575831085115e-01 8.172890789894887709e-01 7.946534234995773494e-01 8.264678192646689459e-01
7.871198742455703945e-01 8.160853545619746185e-01 7.947150102644607861e-01 8.259356266400996738e-01
7.861495468571095824e-01 8.141424574632009081e-01 7.941643521313851428e-01 8.254477614286162002e-01
7.852762522074948626e-01 8.123940678100878277e-01 7.932755705832629234e-01 8.247783124555194689e-01
7.841894855324186286e-01 8.097478347583694225e-01 7.937730950368312444e-01 8.251845541039857235e-01
7.828698402841118842e-01 8.080992747665656228e-01 7.948937326409853954e-01 8.258823178244582008e-01
7.816278212268821246e-01 8.070169307736687614e-01 7.954057480980558648e-01 8.260741756700202831e-01
7.799200450231908999e-01 8.055634591763400909e-01 7.956037918125831165e-01 8.258735097855463003e-01
7.802693628830368322e-01 8.056228569431342912e-01 7.961798092017871031e-01 8.263240850045490138e-01
7.825981486153428257e-01 8.075719938306269441e-01 7.953743509238013765e-01 8.257319890780602245e-01
7.822682373032662229e-01 8.070673309478131330e-01 7.950519260958821555e-01 8.252811476615321551e-01
7.834520367171883271e-01 8.081003513992757181e-01 7.958712715855573716e-01 8.259557821837230085e-01
7.845582099400338905e-01 8.091283908801424340e-01 7.963935515034417101e-01 8.264777160011214097e-01
7.865182712647247332e-01 8.112303390285018345e-01 7.968971138751358430e-01 8.266450176073270040e-01
7.886723980671077605e-01 8.122050957910376123e-01 7.980515638207945628e-01 8.269133164627899824e-01
7.918162588057209295e-01 8.154928439965594134e-01 7.983021374230165890e-01 8.269540328952693642e-01
7.922820159521822836e-01 8.151747748750981515e-01 7.984138389083443865e-01 8.271868120896833654e-01
7.931941236973356624e-01 8.157837097782190128e-01 7.976264943847360955e-01 8.266306582209558274e-01
7.928448058374895080e-01 8.150175531277723540e-01 7.958163265306121836e-01 8.252737780539148860e-01
7.913505016592597974e-01 8.136517640159354192e-01 7.941160487863784256e-01 8.236221682063504801e-01
7.916804129713366223e-01 8.143739094706055059e-01 7.935955802439318418e-01 8.229580236999536336e-01
7.913893147547982343e-01 8.141630469618612587e-01 7.939735539186090207e-01 8.229182477839253051e-01
7.917580391624133851e-01 8.139702401872277449e-01 7.948128245380993162e-01 8.231666552704802742e-01
7.905160201051835145e-01 8.130726563762675774e-01 7.957619852674798766e-01 8.236670540152550846e-01
7.894874730734149360e-01 8.117790014662586984e-01 7.959020649679990900e-01 8.238502209937929033e-01
7.902443284364143450e-01 8.112700982137934780e-01 7.956049993962081013e-01 8.232591719343420600e-01
7.906906790351064807e-01 8.116222984680991903e-01 7.943491124260355640e-01 8.228089338028714561e-01
7.892545945001843144e-01 8.108330338220178790e-01 7.948538823813547927e-01 8.235396808376804767e-01
7.881484212773390841e-01 8.097725845882404183e-01 7.941619369641346182e-01 8.231658321356409846e-01
7.877796968697239333e-01 8.098419824266583911e-01 7.935279555609225932e-01 8.230788035369516198e-01
7.865376778124939516e-01 8.101877929432745873e-01 7.940677454413718195e-01 8.237650953248256691e-01
7.870616546022627391e-01 8.111011381127604114e-01 7.953634826711749595e-01 8.249065359722236312e-01
7.872169069844164868e-01 8.123318557725767164e-01 7.960324839995168711e-01 8.255598894956601708e-01
7.844611772011875761e-01 8.120002508425860910e-01 7.953538220021737493e-01 8.258664607371638544e-01
7.851598129208795518e-01 8.118629928743483770e-01 7.949106388117377353e-01 8.255645164884122256e-01
7.868481825768014470e-01 8.118775011070988867e-01 7.954492211085617548e-01 8.255790515573545596e-01
7.876438510353392930e-01 8.108825647659918534e-01 7.956726240792174609e-01 8.251311568868761048e-01
7.890411224747230223e-01 8.111136213156242558e-01 7.962099987924162736e-01 8.251522220203273417e-01
7.898950105765685237e-01 8.102631093606518231e-01 7.957426639294771231e-01 8.239254625493516171e-01
7.912534689204135940e-01 8.106706353437491686e-01 7.950024151672503425e-01 8.234261017050239495e-01
7.915445671369519820e-01 8.117613194411652522e-01 7.956810771645936864e-01 8.241865529340507424e-01
7.910982165382600684e-01 8.122247278134406834e-01 7.960288612486414728e-01 8.246658890520832674e-01
7.906906790351064807e-01 8.129212778824359553e-01 7.957148895060982552e-01 8.243650548244795262e-01
7.908847445127986653e-01 8.141046280585714223e-01 7.954341263132471695e-01 8.243224720275751372e-01
7.897785712899532129e-01 8.133861053997171187e-01 7.957813066054824080e-01 8.244139644966175240e-01
7.898756040287993052e-01 8.132204150844062340e-01 7.969007366260113523e-01 8.257647538939523191e-01
7.899920433154146160e-01 8.132183392513329112e-01 7.966248037676608718e-01 8.257988083324586670e-01
7.907683052261833545e-01 8.133402066762932536e-01 7.968777925371332005e-01 8.258951939461512959e-01
7.905160201051835145e-01 8.136532054167584516e-01 7.971591595217968340e-01 8.260891331853962294e-01
7.901861087931068006e-01 8.128435069614321495e-01 7.963887211689409940e-01 8.257780719902390043e-01
7.901667022453375822e-01 8.129365614791034256e-01 7.957752686873564851e-01 8.246928779208135829e-01
7.892157814046458775e-01 8.123242708612481433e-01 7.967147687477358353e-01 8.255600291257796375e-01
7.895650992644918098e-01 8.123447211532940360e-01 7.971978021978022300e-01 8.257831874300511910e-01
7.890993421180305667e-01 8.118464939709378880e-01 7.971217244294167559e-01 8.262063376879446031e-01
7.885753653282616682e-01 8.119004245747647452e-01 7.981312643400555462e-01 8.266291929029373486e-01
7.881290147295697546e-01 8.114127338578074333e-01 7.995779495230044276e-01 8.277283623130110568e-01
7.877214772264161669e-01 8.111142721896122953e-01 7.988558145151551937e-01 8.269247443828999788e-01
7.863824254303402039e-01 8.099771954502654747e-01 7.988606448496557988e-01 8.268676209282700418e-01
7.877602903219546038e-01 8.112259378661281772e-01 7.989246467817895381e-01 8.270809613934263504e-01
7.885753653282616682e-01 8.114527365401279502e-01 7.986613935515033402e-01 8.270294081461226909e-01
7.892740010479535329e-01 8.118967198843286548e-01 7.978933703658978027e-01 8.262055780578495545e-01
7.866347105513399329e-01 8.111164334187972447e-01 7.972539548363725137e-01 8.263158194800441780e-01
7.845582099400337794e-01 8.093570735812427586e-01 7.965082719478324691e-01 8.256615064900517664e-01
7.843835510101109243e-01 8.091085798372232851e-01 7.967401280038642897e-01 8.260176175754050387e-01
7.876826641308777299e-01 8.109467610212675037e-01 7.967340900857384778e-01 8.255240653172030152e-01
7.877408837741853853e-01 8.123771281514210463e-01 7.959926337398863794e-01 8.255283200593717119e-01
7.849075277998796007e-01 8.108873829403192568e-01 7.959093104697499976e-01 8.260031574597697102e-01
7.844029575578800317e-01 8.103269675857630583e-01 7.955301292114478340e-01 8.257395978566107742e-01
7.853150653030331885e-01 8.098212998097958915e-01 7.961399589421567224e-01 8.262943176654891086e-01
7.866541170991092624e-01 8.100208113332749704e-01 7.957293805096002925e-01 8.259144883593670938e-01
7.884589260416463574e-01 8.114811689746977974e-01 7.955977538944571936e-01 8.254374088801506026e-01
7.900308564109530529e-01 8.134239632158302147e-01 7.965408767057118311e-01 8.260228625546934822e-01
7.920297308311825546e-01 8.147331602370361248e-01 7.975033208549691111e-01 8.269172994766063045e-01
7.888858700925691636e-01 8.125327355832532294e-01 7.973185605603188009e-01 8.270861688325457095e-01
7.867899629334937917e-01 8.107055940218612644e-01 7.958646298756189008e-01 8.262183790129936645e-01
7.867123367424168068e-01 8.106277610983507742e-01 7.953417461659220145e-01 8.257432143181118178e-01
7.870034349589551947e-01 8.107657493906795798e-01 7.958930080908103166e-01 8.254142851772354739e-01
7.871975004366472684e-01 8.108218826645494648e-01 7.964515155174496375e-01 8.258844768344413279e-01
7.883036736594927207e-01 8.120387520616967336e-01 7.969852674797730518e-01 8.262516423439090207e-01
7.874109724621087825e-01 8.116978144626163516e-01 7.952825745682887693e-01 8.250222881063746794e-01
7.878767296085699146e-01 8.118781497835341199e-01 7.944420963651732670e-01 8.244883092766105426e-01
7.877214772264160558e-01 8.116450613414836202e-01 7.937103006883227119e-01 8.243986207130604704e-01
7.875856313920317486e-01 8.112780295204996550e-01 7.943684337640382065e-01 8.251161921381138242e-01
7.869646218634167578e-01 8.109422750232564425e-01 7.956593406593406304e-01 8.259609776693731531e-01
7.872169069844165978e-01 8.104637659113537174e-01 7.953936722618041300e-01 8.253512787291655828e-01
7.895650992644918098e-01 8.115085207610420737e-01 7.955856780582055698e-01 8.252812195444859666e-01
7.917774457101827146e-01 8.126141399058820491e-01 7.960566356720202297e-01 8.255908299107930226e-01
7.917580391624133851e-01 8.123246691398697816e-01 7.976421929718633397e-01 8.265472947979037865e-01
7.903413611752605483e-01 8.115417590066837938e-01 7.979779012196595023e-01 8.271394409735990383e-01
7.887306177104154159e-01 8.118049545006806866e-01 7.970571187054704687e-01 8.268714000441022005e-01
7.886918046148770900e-01 8.124455446463498820e-01 7.968149981886245570e-01 8.266679582537597160e-01
7.877796968697237112e-01 8.122539316138241983e-01 7.970444390774060750e-01 8.266139176406772648e-01
7.899532302198761791e-01 8.123071876317156104e-01 7.968355271102522952e-01 8.263097340976307548e-01
7.928253992897202895e-01 8.138552751997989443e-01 7.961737712836612912e-01 8.258158885214931244e-01
7.907100855828756991e-01 8.131027889071211767e-01 7.962667552227991052e-01 8.258279297857852308e-01
7.883618933028002651e-01 8.113513659288911217e-01 7.971253471802923762e-01 8.265485470914530897e-01
7.884589260416463574e-01 8.111642075375160577e-01 7.978402366863904804e-01 8.271367946489780465e-01
7.887306177104154159e-01 8.117660868594607226e-01 7.983534597270861566e-01 8.273690047163388961e-01
7.897591647421841055e-01 8.123918913239090989e-01 7.989379302016663686e-01 8.282014719558189464e-01
7.904578004618758591e-01 8.121871070774424606e-01 7.977557058326288919e-01 8.278369842193802342e-01
7.921655766655669728e-01 8.129208202890076951e-01 7.975612848689770384e-01 8.279958165418033200e-01
7.936016612004890280e-01 8.144739725212581938e-01 7.985502958579882016e-01 8.286978180811714889e-01
7.943002969201808927e-01 8.147654263460264445e-01 7.988920420239100650e-01 8.284986960437038528e-01
7.931359040540277849e-01 8.146528826638936849e-01 7.991408042506943366e-01 8.284582276092332664e-01
7.892934075957227513e-01 8.126177140545908228e-01 7.988352855935272334e-01 8.279822912368216548e-01
7.861495468571095824e-01 8.101626574300755390e-01 7.980684699915470137e-01 8.269263297211209007e-01
7.875274117487240932e-01 8.103737747110714151e-01 7.975069436058447314e-01 8.268274926645801104e-01
7.899144171243377421e-01 8.115426792941548007e-01 7.970160608622147702e-01 8.268074797938353981e-01
7.935240350094122652e-01 8.133821618422460986e-01 7.973270136456950263e-01 8.272337313746044307e-01
7.968813677734867262e-01 8.160992530720688753e-01 7.976627218934910779e-01 8.272307521706958600e-01
7.980263540918706155e-01 8.171501888854764140e-01 7.976482308899890405e-01 8.270182629645427275e-01
7.959304469327950216e-01 8.164401015050910537e-01 7.985333896872358617e-01 8.279219967875828257e-01
7.919909177356441177e-01 8.142222973709021261e-01 7.982755705832628168e-01 8.281683001463567839e-01
7.907683052261832435e-01 8.132853513096771625e-01 7.968971138751358430e-01 8.270285481985196752e-01
7.930970909584893480e-01 8.149144985321661316e-01 7.965783117980920203e-01 8.267657179981686699e-01
7.932523433406430957e-01 8.150696511259529764e-01 7.977363844946262494e-01 8.275055212756011747e-01
7.908847445127986653e-01 8.136438943509536337e-01 7.983486293925854405e-01 8.280254276072532837e-01
7.897979778377223203e-01 8.133119836812114922e-01 7.997699553194059785e-01 8.291968336501771564e-01
7.898173843854917608e-01 8.128670967537869885e-01 7.988280400917763258e-01 8.285063272025041670e-01
7.892740010479535329e-01 8.125727596705148992e-01 7.976283057601739612e-01 8.270130119149301517e-01
7.890605290224923518e-01 8.121957936727534078e-01 7.969623233908947890e-01 8.267435853153444203e-01
7.905548332007219514e-01 8.128147464243541398e-01 7.977532906653785894e-01 8.276876802600390270e-01
7.927477730986434157e-01 8.136355526395304683e-01 7.984573119188504986e-01 8.282560996330007308e-01
7.919521046401055697e-01 8.133577241150166115e-01 7.993376403815963815e-01 8.287495624917584625e-01
7.924566748821052498e-01 8.141747871295104133e-01 7.999293563579277233e-01 8.286662555343735637e-01
7.913505016592599084e-01 8.134771421332565033e-01 7.997361429779011877e-01 8.286183299269107572e-01
7.915057540414135451e-01 8.139700984315152432e-01 7.997868614901582074e-01 8.291177051082299077e-01
7.933105629839507511e-01 8.150599346384211907e-01 7.992337881898321506e-01 8.285860417010628698e-01
7.931747171495663329e-01 8.142717874270141154e-01 7.990272913899286733e-01 8.285713066272143434e-01
7.936792873915659019e-01 8.158805417074224131e-01 7.998152397053496232e-01 8.292339775860657625e-01
7.920491373789516620e-01 8.148119096511965420e-01 8.000138872116894229e-01 8.292599632823678402e-01
7.894874730734149360e-01 8.134856949629294398e-01 8.006309624441492190e-01 8.293574266403551665e-01
7.910982165382600684e-01 8.141780513331291491e-01 8.006478686149016699e-01 8.294937467230582007e-01
7.898950105765685237e-01 8.136546890369799057e-01 8.009195749305638712e-01 8.298129299540761838e-01
7.894486599778766100e-01 8.130661615974179579e-01 7.992235237290181704e-01 8.287107066091135010e-01
7.887306177104154159e-01 8.122888659648734855e-01 7.983836493177152160e-01 8.278522296638587408e-01
7.882260474684158469e-01 8.121715382993509591e-01 7.985720323632412576e-01 8.280001723889884868e-01
7.899144171243377421e-01 8.121337811691409225e-01 7.983715734814635923e-01 8.281107947510217837e-01
7.905354266529525109e-01 8.128546809756742597e-01 7.990170269291148042e-01 8.284615998931761371e-01
7.919618079139902900e-01 8.139673721941900197e-01 7.995091172563699722e-01 8.288605553853949370e-01
7.929030254807971634e-01 8.147796922024626021e-01 7.999981886245624008e-01 8.295080851275985490e-01
7.938539463214888681e-01 8.160257590538864125e-01 8.001660427484602600e-01 8.293963972994295997e-01
7.933105629839508621e-01 8.162065307156667338e-01 7.998593165076681721e-01 8.290249132413091138e-01
7.901861087931068006e-01 8.137215713199430489e-01 7.984307450790967264e-01 8.280121761667105229e-01
7.894680665256457175e-01 8.134147541901618483e-01 7.972267842048060826e-01 8.273801852464721662e-01
7.904189873663374222e-01 8.132231381251846525e-01 7.974181862093949746e-01 8.274161794710120921e-01
7.904966135574141850e-01 8.133793760468925882e-01 7.987610192005796250e-01 8.285166315794760816e-01
7.902055153408760191e-01 8.130075708916797428e-01 8.002191764279675823e-01 8.295063057121833117e-01
7.903413611752605483e-01 8.134435987333681339e-01 8.013929477116290556e-01 8.303744164898769764e-01
7.905548332007219514e-01 8.131124925814227078e-01 8.008133075715493376e-01 8.302042012241405144e-01
7.900308564109530529e-01 8.114137269299881439e-01 7.989971017992997249e-01 8.288927889763927359e-01
7.909429641561063207e-01 8.121909345346045583e-01 7.989572515396691221e-01 8.285325688137266109e-01
7.926701469075665418e-01 8.135510398167664636e-01 7.987773215795194170e-01 8.281641491179021486e-01
7.904966135574142960e-01 8.125000194820440891e-01 7.987465281970776987e-01 8.282064377707191172e-01
7.898561974810300867e-01 8.128811749930598962e-01 7.998049752445356431e-01 8.291262567830323116e-01
7.887500242581847454e-01 8.124687581246086143e-01 8.002783480256008275e-01 8.295693553505127937e-01
7.879543557996466774e-01 8.125995737392850415e-01 8.009231976814393805e-01 8.299361718495039675e-01
7.910011837994139761e-01 8.144995146582818535e-01 8.015595942519019301e-01 8.300527963446866497e-01
7.930388713151816926e-01 8.150091358035411737e-01 8.011767902427243682e-01 8.300517171196002408e-01
7.944749558501038589e-01 8.159791800009670304e-01 8.004196353097452477e-01 8.297706535445432685e-01
7.938733528692579755e-01 8.156778934766177880e-01 7.988884192730345557e-01 8.288360028968262405e-01
7.910982165382599574e-01 8.130800598952401259e-01 7.986034295374955239e-01 8.282771031308228116e-01
7.906906790351063696e-01 8.131812518954938396e-01 7.997107837217727333e-01 8.292110228246859505e-01
7.917774457101826036e-01 8.139752994831177535e-01 7.996431590387634847e-01 8.288546920335990720e-01
7.948630868054881171e-01 8.163673106386732936e-01 7.994910035019925365e-01 8.285247465631299102e-01
7.963185778881793908e-01 8.172080930551368638e-01 8.000682284748219519e-01 8.288628860502853524e-01
7.950377457354111943e-01 8.171366003580111670e-01 7.998816568047337761e-01 8.286728451252139971e-01
7.933105629839507511e-01 8.163794933407373389e-01 7.997095761381476375e-01 8.289793799765232674e-01
7.924760814298743572e-01 8.151253882412828888e-01 8.001527593285833184e-01 8.293411614734369497e-01
7.944555493023346404e-01 8.160376490372693858e-01 8.004582779857505326e-01 8.297810730788247602e-01
7.930582778629510221e-01 8.144838769884604757e-01 7.995731191885037115e-01 8.295358787422921765e-01
7.918356653534902589e-01 8.126819987510631726e-01 7.992482791933340769e-01 8.292057807500761157e-01
7.913699082070289048e-01 8.122043557351584786e-01 7.993026204564666060e-01 8.293998015757951814e-01
7.908071183217217914e-01 8.134056648378436005e-01 7.996999154691462053e-01 8.292897577411545429e-01
7.922626094044129541e-01 8.144189079226356043e-01 8.007686269774181298e-01 8.298845592953476569e-01
7.938539463214888681e-01 8.155688661230180436e-01 8.014388358893853592e-01 8.305155829891919250e-01
7.943973296590268740e-01 8.150804006956469117e-01 8.009231976814394915e-01 8.300978826097780150e-01
7.919132915445670218e-01 8.137995716940403801e-01 7.999571307813067023e-01 8.292455287486164561e-01
7.905548332007219514e-01 8.132677997910033874e-01 7.992585436541479460e-01 8.289920084092770036e-01
7.927477730986434157e-01 8.152705205204484606e-01 7.982471923680714010e-01 8.286015406369946490e-01
7.926119272642588864e-01 8.146453343250223966e-01 7.971048182586645270e-01 8.282220527874732952e-01
7.927477730986435267e-01 8.145311762439388925e-01 7.969128124622629761e-01 8.281224466315656452e-01
7.917774457101826036e-01 8.128502945360870369e-01 7.976470233063639448e-01 8.284428132684610313e-01
7.908847445127986653e-01 8.126111800411890407e-01 7.986976210602583226e-01 8.288110752841688633e-01
7.908459314172602284e-01 8.133420307909571267e-01 7.995598357686269919e-01 8.293857167398983599e-01
7.900502629587222714e-01 8.132027390199403349e-01 7.990888781548121100e-01 8.295555514301122813e-01
7.888276504492615082e-01 8.122981915118602236e-01 7.980563941552951679e-01 8.291652336980359639e-01
7.906906790351064807e-01 8.128425948315007865e-01 7.979332206255282944e-01 8.287303079961246821e-01
7.912728754681829235e-01 8.126528684929651414e-01 7.974091293322062013e-01 8.284124399836640951e-01
7.936016612004890280e-01 8.139921858009018241e-01 7.978921627822725959e-01 8.287360051391515769e-01
7.927283665508743082e-01 8.137558060632337220e-01 7.987555850742663610e-01 8.290826507775479470e-01
