7.392536241727958313e-01 7.692141478958134382e-01 7.340254800144909719e-01 7.661523576872359964e-01
7.396029420326417636e-01 7.684495194958675945e-01 7.357788914382320522e-01 7.674156362221893346e-01
7.416600360961788097e-01 7.699819979018863725e-01 7.362921144789276173e-01 7.674854460963395075e-01
7.426497700324089513e-01 7.708337499313617780e-01 7.366616350682284597e-01 7.675657407803992971e-01
7.420093539560248530e-01 7.704944740193937491e-01 7.357885521072334845e-01 7.665637774756305367e-01
7.406703021599487791e-01 7.695585288428252735e-01 7.344010385219177373e-01 7.650913035353320568e-01
7.406120825166411237e-01 7.694847030419067480e-01 7.342899408284023766e-01 7.646100815377778748e-01
7.415241902617943914e-01 7.706632334240062221e-01 7.347910880328463179e-01 7.647184453345478028e-01
7.416794426439480281e-01 7.708387995434220485e-01 7.346437628305760859e-01 7.641168835188109076e-01
7.425333307457937515e-01 7.715821565460391218e-01 7.344698707885520816e-01 7.635888349616339887e-01
7.432901861087931605e-01 7.721976549490738861e-01 7.344457191160487231e-01 7.632515316834658226e-01
7.428244289623318064e-01 7.714865835488845525e-01 7.350042265426881549e-01 7.635826177747910837e-01
7.430767140833317574e-01 7.722228507402245645e-01 7.354323149378094726e-01 7.638508227539072548e-01
7.422810456247938005e-01 7.727225611677214223e-01 7.346733486293925974e-01 7.630140600279589069e-01
7.417570688350249020e-01 7.730069389767608712e-01 7.351968361309020317e-01 7.634717142126866696e-01
7.409808069242561634e-01 7.732043455194080872e-01 7.362244897959184797e-01 7.638695006996214509e-01
7.393312503638727051e-01 7.714292645054110498e-01 7.355639415529524605e-01 7.632597567207077827e-01
7.374294086824895178e-01 7.699564710718942440e-01 7.345954594855692577e-01 7.624640982295352032e-01
7.367307729627977642e-01 7.701732713815826470e-01 7.352692911484119964e-01 7.632234694672905828e-01
7.372353432047972221e-01 7.716068528530577453e-01 7.357921748581089938e-01 7.634854623328877210e-01
7.372353432047973332e-01 7.714869179272827449e-01 7.364599686028256986e-01 7.640972923687501250e-01
7.384967688097965333e-01 7.721811304239019069e-01 7.347971259509722408e-01 7.632645002835712900e-01
7.386714277397193884e-01 7.715593837129299803e-01 7.334084047820312868e-01 7.623944455379288998e-01
7.384579557142580963e-01 7.706148372677533720e-01 7.320909310469749798e-01 7.616473398182117549e-01
7.381668574977195973e-01 7.693621799170774489e-01 7.328553314817052300e-01 7.622556202004275860e-01
7.383415164276427856e-01 7.689580472714117043e-01 7.342247313126433195e-01 7.636935182836273039e-01
7.394476896504881269e-01 7.691858635911739128e-01 7.333673469387755883e-01 7.635103317126212819e-01
7.391177783384113020e-01 7.684099311826381173e-01 7.333812341504649668e-01 7.637349123362916492e-01
7.379533854722581943e-01 7.669519007254511633e-01 7.322986354305035528e-01 7.627494135803243314e-01
7.391177783384114131e-01 7.684313354355448711e-01 7.321658012317353581e-01 7.625511588086740788e-01
7.379727920200274127e-01 7.676266177645205691e-01 7.296890472165197261e-01 7.604733678038733125e-01
7.387490539307962623e-01 7.685259858932556032e-01 7.286251660427485177e-01 7.597076919924969918e-01
7.405926759688719052e-01 7.702449759918468253e-01 7.303803888419272416e-01 7.610018358471175581e-01
7.420675735993325084e-01 7.713463685178990614e-01 7.318530370728172363e-01 7.621166903605979259e-01
7.431349337266393018e-01 7.726443463351948537e-01 7.331741335587489417e-01 7.633661011861994083e-01
7.431737468221777387e-01 7.729320344585903779e-01 7.345713078130660101e-01 7.645508117146486704e-01
7.431543402744085203e-01 7.732211001757189894e-01 7.356907378335950654e-01 7.653604463255012647e-01
7.457354111277143538e-01 7.746186967779535859e-01 7.365517449583383058e-01 7.661673575779759382e-01
7.453472801723299845e-01 7.740535273209997458e-01 7.355717908465161381e-01 7.652752287599829950e-01
7.463952337518680036e-01 7.758363078938136370e-01 7.347524453568408109e-01 7.643306155735569707e-01
7.469580236371751170e-01 7.763224048794358234e-01 7.346298756188867074e-01 7.642403360821858893e-01
7.465116730384832033e-01 7.760254586753752015e-01 7.355880932254559301e-01 7.650930699931455248e-01
7.440276349240233511e-01 7.736724316418253089e-01 7.357438715131022766e-01 7.655000502922095773e-01
7.419511343127171976e-01 7.720520117125559967e-01 7.360089361188262291e-01 7.658792126904936381e-01
7.408255545421025268e-01 7.719005918395249743e-01 7.364394396811979604e-01 7.663885391278164594e-01
7.442022938539463173e-01 7.757530857488448284e-01 7.375310952783480367e-01 7.671004713818960763e-01
7.446292379048691235e-01 7.764500528064004481e-01 7.380479410699191112e-01 7.672211375395460164e-01
7.437947563507927295e-01 7.751038825774126950e-01 7.371639898562976079e-01 7.667031893518108099e-01
7.461041355353296156e-01 7.760650862995925880e-01 7.360022944088877583e-01 7.663562148370439697e-01
7.479089444778668216e-01 7.774153660794587140e-01 7.362287163386065370e-01 7.673423564254997498e-01
7.486269867453279048e-01 7.779989621382861209e-01 7.363367950730588252e-01 7.674123489159064837e-01
7.463564206563293446e-01 7.763043137880254463e-01 7.363881173771282818e-01 7.673976519978085165e-01
7.470550563760213203e-01 7.771824983576676171e-01 7.382532302861972706e-01 7.686643614156801751e-01
7.454443129111762989e-01 7.762150603878492650e-01 7.381143581693031530e-01 7.682633499329615256e-01
7.468415843505598062e-01 7.773240921952058180e-01 7.381856056031880220e-01 7.681168453293201193e-01
7.452696539812533327e-01 7.758566261979253920e-01 7.378933703658978605e-01 7.680028294406343603e-01
7.435812843253313265e-01 7.743625766274451205e-01 7.370577224972829633e-01 7.676014201951479876e-01
7.422228259814860341e-01 7.736436956018628575e-01 7.351135128607655389e-01 7.663501228503746265e-01
7.423586718158706743e-01 7.740266768951438170e-01 7.341377852916315394e-01 7.654006759729542475e-01
7.420287605037939604e-01 7.735640871594431367e-01 7.351962323390894838e-01 7.659848521369235774e-01
7.435812843253313265e-01 7.743482259144292001e-01 7.370565149136577565e-01 7.675235729582431388e-01
7.434066253954083603e-01 7.729547033218047147e-01 7.375057360222194713e-01 7.683396248506222381e-01
7.426109569368705143e-01 7.728647792002131256e-01 7.375190194420964129e-01 7.686616505058113669e-01
7.412719051407945514e-01 7.723361612049650660e-01 7.364853278589542640e-01 7.681353707002325226e-01
7.392730307205651608e-01 7.713143823601851246e-01 7.369001328341987511e-01 7.683966079540180960e-01
7.391565914339498500e-01 7.709661452465754738e-01 7.378837096968964282e-01 7.688476222642978142e-01
7.408255545421024157e-01 7.726754795232770867e-01 7.375425673227871126e-01 7.683087695683219476e-01
7.397970075103339482e-01 7.718312693346215392e-01 7.374743388479652051e-01 7.677486985789572227e-01
7.416988491917172466e-01 7.727425952767505990e-01 7.387604154087670238e-01 7.688861035490459628e-01
7.422228259814861451e-01 7.727975040293095788e-01 7.403085376162299447e-01 7.702994297987875161e-01
7.413883444274097512e-01 7.721280768314854326e-01 7.406466610312765209e-01 7.709299857017308799e-01
7.399910729880261329e-01 7.710282096234339910e-01 7.395127400072455393e-01 7.698260485920767060e-01
7.393312503638727051e-01 7.715428562649875310e-01 7.392639777804612677e-01 7.699212362635188267e-01
7.396805682237186375e-01 7.714107132836409697e-01 7.394910035019924832e-01 7.703734342430680337e-01
7.421840128859475971e-01 7.731211650100024979e-01 7.405138268325082151e-01 7.714382393411878258e-01
7.429990878922548836e-01 7.741743893772555785e-01 7.401527593285834872e-01 7.710561168174678848e-01
7.403209843001029578e-01 7.727396812408366955e-01 7.402276295133438655e-01 7.703318034924548918e-01
7.417764753827942315e-01 7.737397648388457672e-01 7.411447892766573897e-01 7.708366939640436399e-01
7.403792039434105021e-01 7.732839165157417982e-01 7.410874290544620102e-01 7.702160583784130043e-01
7.405344563255642498e-01 7.727122189219404191e-01 7.406575292839028268e-01 7.701993991314259880e-01
7.410196200197947114e-01 7.720571805570395352e-01 7.420945537978504980e-01 7.718644499144139415e-01
7.414465640707172955e-01 7.726089996588909603e-01 7.414581572273879484e-01 7.720620764687962101e-01
7.423004521725631299e-01 7.736659481619352352e-01 7.396600652095157713e-01 7.707988142478285898e-01
7.407285218032563234e-01 7.721464482032533994e-01 7.378088395121362719e-01 7.689338259931393083e-01
7.416988491917171356e-01 7.723466761016970494e-01 7.383848569013404806e-01 7.692161357642486319e-01
7.419511343127171976e-01 7.730542941373848009e-01 7.394451153242361796e-01 7.693959328915973561e-01
7.430767140833317574e-01 7.738658112993952454e-01 7.395308537616229749e-01 7.692884408580351607e-01
7.431349337266393018e-01 7.740950233244737744e-01 7.384639536287888051e-01 7.690429799916633780e-01
7.428438355101010249e-01 7.749207189697695508e-01 7.393146962927181765e-01 7.699516336306999609e-01
7.414659706184867360e-01 7.737551138410547757e-01 7.405693756792657290e-01 7.714933430259687253e-01
7.394476896504881269e-01 7.725727420357139108e-01 7.403991063881173451e-01 7.713022995839693419e-01
7.404180170389489390e-01 7.734324070015299313e-01 7.420462504528438918e-01 7.725217551725742648e-01
7.439888218284849142e-01 7.764722884041657114e-01 7.414859316507667053e-01 7.721885537804258348e-01
7.448815230258688525e-01 7.767928416664444669e-01 7.405923197681438808e-01 7.711370614251921163e-01
7.456383783888684835e-01 7.771071954319098696e-01 7.404196353097451944e-01 7.709178169303811945e-01
7.437559432552542926e-01 7.754070359084066499e-01 7.394475304914864822e-01 7.704493657838071830e-01
7.430379009877932095e-01 7.745125436448516698e-01 7.393485086342229673e-01 7.706333159993722370e-01
7.418541015738711053e-01 7.736831101811418865e-01 7.394632290786136153e-01 7.707370938746062050e-01
7.433289992043314864e-01 7.750071225130836794e-01 7.402855935273517929e-01 7.708592267296108247e-01
7.418929146694093202e-01 7.741012812874752402e-01 7.408990460089361907e-01 7.711575824635101828e-01
7.417764753827941204e-01 7.749450929301279212e-01 7.396685182948918857e-01 7.701036035423665105e-01
7.423198587203322374e-01 7.758645211451122847e-01 7.381517932616834532e-01 7.693546162091206009e-01
7.422616390770244710e-01 7.756991207017327472e-01 7.376953266513706087e-01 7.687984759443232674e-01
7.433872188476392529e-01 7.764645475636102745e-01 7.378649921507064446e-01 7.683415282624821430e-01
7.448427099303305265e-01 7.775384498219433116e-01 7.389958942156744648e-01 7.688221939906507707e-01
7.461817617264064895e-01 7.791637495231753530e-01 7.393316024634706274e-01 7.689902321781936223e-01
7.439500087329464773e-01 7.768191321604933641e-01 7.401322304069557489e-01 7.706552732822047336e-01
7.432319664654853941e-01 7.760855374669033413e-01 7.403604637121120602e-01 7.711676291135237671e-01
7.429796813444856651e-01 7.758391671139177603e-01 7.414279676367588889e-01 7.715009631298097581e-01
7.453666867200993140e-01 7.774339225151076782e-01 7.414321941794468351e-01 7.714726416947622623e-01
7.462982010130218002e-01 7.777441081040676885e-01 7.420667793744715190e-01 7.720498939336116750e-01
7.465116730384832033e-01 7.777006764627715230e-01 7.419810409370849458e-01 7.719858274528235142e-01
7.452502474334838922e-01 7.774863541893903829e-01 7.413458519502474919e-01 7.716145741833082550e-01
7.441246676628694434e-01 7.760551999815152868e-01 7.401020408163265785e-01 7.706611623469223904e-01
7.443963593316385019e-01 7.756404148889840533e-01 7.385696171959907907e-01 7.694145422834641757e-01
7.444351724271769388e-01 7.753326102123416774e-01 7.389705349595458994e-01 7.699406340809721305e-01
7.457742242232527907e-01 7.759241958266738237e-01 7.401575896630842033e-01 7.708623564725378685e-01
7.455607521977914987e-01 7.759437814799474697e-01 7.392724308658373822e-01 7.704203515282587178e-01
7.444351724271769388e-01 7.754252143160196287e-01 7.381940586885642475e-01 7.693373069171511869e-01
7.434260319431775788e-01 7.750137375309017473e-01 7.374743388479652051e-01 7.686522201036392055e-01
7.428050224145625879e-01 7.742046930880137623e-01 7.378462746045163501e-01 7.692240197551823977e-01
7.440082283762542437e-01 7.744697667478888103e-01 7.386384494626253572e-01 7.695226794946504745e-01
7.417376622872557945e-01 7.725214806925116973e-01 7.388220021736504606e-01 7.699586638327647892e-01
7.431155271788701944e-01 7.735104187069672399e-01 7.398098055790364169e-01 7.708341138489672728e-01
7.439694152807156957e-01 7.745396529585468759e-01 7.387990580847723088e-01 7.699423748097641296e-01
7.449979623124842742e-01 7.755503165631365547e-01 7.391637483395725461e-01 7.700561111380117563e-01
7.437753498030236221e-01 7.754178908217487232e-01 7.380467334862939044e-01 7.690197151882194326e-01
7.436589105164083113e-01 7.756907490880617928e-01 7.390611037314334109e-01 7.693806963552335398e-01
7.428632420578703544e-01 7.745799960448823684e-01 7.403616712957371560e-01 7.707312267246596571e-01
7.429602747967163356e-01 7.752157044525727070e-01 7.415704625045284049e-01 7.718671272775368131e-01
7.422616390770244710e-01 7.743407485142905777e-01 7.405379785050114627e-01 7.715202728750034655e-01
7.418929146694094312e-01 7.727657161183685286e-01 7.409461417703177011e-01 7.714117686397757856e-01
7.434066253954083603e-01 7.744407069049232817e-01 7.417999033933100339e-01 7.718486266757189629e-01
7.436395039686389818e-01 7.745760684486739933e-01 7.399046008936118746e-01 7.711600128726581183e-01
7.439694152807158067e-01 7.755341445379565490e-01 7.389222316145392933e-01 7.710279995409788922e-01
7.466669254206369510e-01 7.776740922609570728e-01 7.396975003018958494e-01 7.718367725260851797e-01
7.455801587455608281e-01 7.768277957231727315e-01 7.397747856539065303e-01 7.713563545451374015e-01
7.448815230258689635e-01 7.769652695814371901e-01 7.398605240912932146e-01 7.709015304284184689e-01
7.446486444526383419e-01 7.769117651580493833e-01 7.414388358893853059e-01 7.716720122778613078e-01
7.451338081468686925e-01 7.767529912803553538e-01 7.425160004830335669e-01 7.725304059063913265e-01
7.461623551786372710e-01 7.780679261817625703e-01 7.426440043473010455e-01 7.728975160421913682e-01
7.457936307710221202e-01 7.777362046662730233e-01 7.407915710662963393e-01 7.722672249092235042e-01
7.460459158920219602e-01 7.779966579677879412e-01 7.393823209757275361e-01 7.710123385024547638e-01
7.448427099303305265e-01 7.765605078258425165e-01 7.399547156140562354e-01 7.709718906422027285e-01
7.439306021851772588e-01 7.756403480304868703e-01 7.405428088395120678e-01 7.708211862580933715e-01
7.446292379048691235e-01 7.749736796735273714e-01 7.416791450307933520e-01 7.718621784835961730e-01
7.469968367327135539e-01 7.767382875824717647e-01 7.416091051805338008e-01 7.719853098154618731e-01
7.453860932678686435e-01 7.758910335566793215e-01 7.394004347301049718e-01 7.706905840600922764e-01
7.443575462361000650e-01 7.757508218002159284e-01 7.393110735418427781e-01 7.700393835014506250e-01
7.451920277901763479e-01 7.770142494277287870e-01 7.394765124984905569e-01 7.699406504118565531e-01
7.469386170894058985e-01 7.794533185103749151e-01 7.418059413114358458e-01 7.713625256092959681e-01
7.480447903122513509e-01 7.801236240447581016e-01 7.432139838183794422e-01 7.727047757278604490e-01
7.469968367327136649e-01 7.781897335041310093e-01 7.429567685062191673e-01 7.724850306598107785e-01
7.451726212424072404e-01 7.772367434245153195e-01 7.422394638328704275e-01 7.727303953072018894e-01
7.433289992043314864e-01 7.765814394165847512e-01 7.414442700156985699e-01 7.718407501654744873e-01
7.437947563507927295e-01 7.772326595545504535e-01 7.408338364931772446e-01 7.712773821427184595e-01
7.450367754080227112e-01 7.784515271597258756e-01 7.401648351648351110e-01 7.709481534957770554e-01
7.444545789749461573e-01 7.775348815194496055e-01 7.403894457191160239e-01 7.709461288080829977e-01
7.447456771914843232e-01 7.773521264939037279e-01 7.408386668276777387e-01 7.716407572897241440e-01
7.442799200450231911e-01 7.766637998047700719e-01 7.400078492935635577e-01 7.712814097866292906e-01
7.453278736245608771e-01 7.776418727977969514e-01 7.395441371814999165e-01 7.709724934449455613e-01
7.460071027964834123e-01 7.773001895582410947e-01 7.396799903393309616e-01 7.710821935510892011e-01
7.447068640959459973e-01 7.764461326967231347e-01 7.401334379905808447e-01 7.712400468495214101e-01
7.438141628985619480e-01 7.758939283641208551e-01 7.394161333172322159e-01 7.703918686980087971e-01
7.445322051660229201e-01 7.776035960011329351e-01 7.404824296582537269e-01 7.705808641758673527e-01
7.457936307710221202e-01 7.784550759422714794e-01 7.402046854244656027e-01 7.705668778058577528e-01
7.446098313570999050e-01 7.773547598435014416e-01 7.392790725757758530e-01 7.698963445331408195e-01
7.450755885035611481e-01 7.775103681243917819e-01 7.392180896027049641e-01 7.699459613642023470e-01
7.448815230258688525e-01 7.765941228828032727e-01 7.384573119188504453e-01 7.696155896998213564e-01
7.449591492169458373e-01 7.774869240024154804e-01 7.389258543654148026e-01 7.699094250844003007e-01
7.451532146946380220e-01 7.776520333061086587e-01 7.400344161333172188e-01 7.712484226672298160e-01
7.470744629237904277e-01 7.793481404354585251e-01 7.398460330877912883e-01 7.710246029360054987e-01
7.480059772167129140e-01 7.799307368647043770e-01 7.410548242965825372e-01 7.718562974964225942e-01
7.455025325544838433e-01 7.781055080527985446e-01 7.403568409612366619e-01 7.712195056850179586e-01
7.441828873061770988e-01 7.758918529315592671e-01 7.397627098176547955e-01 7.706905988933129281e-01
7.437559432552542926e-01 7.752657240722556908e-01 7.400519260958821066e-01 7.711295006460471280e-01
7.437753498030235111e-01 7.747133961248919842e-01 7.412287163386064304e-01 7.720103728540791410e-01
7.448038968347920896e-01 7.756393591264992837e-01 7.418337157348146027e-01 7.726141157490138411e-01
7.447456771914844342e-01 7.754331137676664376e-01 7.415559715010264785e-01 7.725492057417769898e-01
7.454249063634070804e-01 7.769019869041431381e-01 7.416103127641588966e-01 7.722910160574389948e-01
7.443769527838693945e-01 7.762882200231098206e-01 7.413965704625046227e-01 7.721526080058740416e-01
7.445710182615614681e-01 7.757663832330889964e-01 7.400609829730708800e-01 7.713071190072372518e-01
7.468027712550213693e-01 7.772712873214417950e-01 7.404643159038764022e-01 7.718297359348091913e-01
7.463952337518678926e-01 7.766844713293891145e-01 7.402463470595339601e-01 7.718985234452092614e-01
7.457742242232530128e-01 7.764116685640858329e-01 7.400404540514429197e-01 7.716551099365496214e-01
7.454443129111761879e-01 7.762907694174439044e-01 7.408253834078009081e-01 7.719145208964635074e-01
7.461817617264066005e-01 7.774925214399230899e-01 7.410016906170752149e-01 7.722952531527739195e-01
7.485105474587125940e-01 7.797709520212035006e-01 7.411562613210964656e-01 7.720213421095878381e-01
7.481224165033282247e-01 7.794233230850389216e-01 7.407541359739161502e-01 7.719651644926550649e-01
7.486463932930971232e-01 7.797034842213139694e-01 7.419134162540756972e-01 7.730993192567903183e-01
7.473461545925594862e-01 7.782497827988469341e-01 7.425896630841686274e-01 7.735185133747330966e-01
7.447844902870228712e-01 7.750141465106437089e-01 7.419049631686994717e-01 7.728968738215151735e-01
7.449591492169458373e-01 7.754326773754135482e-01 7.425220384011592678e-01 7.729049313239981789e-01
7.452502474334841143e-01 7.752574437530697082e-01 7.418143943968119602e-01 7.722714898554585705e-01
7.481224165033282247e-01 7.781352983174387727e-01 7.415704625045284049e-01 7.720775362027656463e-01
7.489763046051738371e-01 7.795338435796034249e-01 7.421247433884796685e-01 7.727020760921147202e-01
7.488210522230200894e-01 7.800664132815459118e-01 7.424266392947711513e-01 7.733990260317370469e-01
7.457742242232529017e-01 7.779023477175983636e-01 7.421325926820432350e-01 7.729609576940137394e-01
7.452890605290225512e-01 7.768763586428857337e-01 7.435955802439320195e-01 7.739760625302718466e-01
7.461429486308679415e-01 7.784088939131336149e-01 7.439638932496075441e-01 7.744746446121427708e-01
