8.437384773622620404e-01 8.626661807348094957e-01 8.300362275087549424e-01 8.570729285577124434e-01
8.434473791457237635e-01 8.630552863418201603e-01 8.318814152880086299e-01 8.588359780853569436e-01
8.429816219992625204e-01 8.630367742937083975e-01 8.331071126675521077e-01 8.601220489451629758e-01
8.425546779483397142e-01 8.629788038508736658e-01 8.336915831421326528e-01 8.607788454023299618e-01
8.425546779483397142e-01 8.620209449712838978e-01 8.344740973312401167e-01 8.616130489186175634e-01
8.421083273496476895e-01 8.609405917873088621e-01 8.350205289216278137e-01 8.623307338685830548e-01
8.420307011585710377e-01 8.605909675350719157e-01 8.355065813307572808e-01 8.630426965196023037e-01
8.417396029420325387e-01 8.597622289942127294e-01 8.350078492935635310e-01 8.626649811390870726e-01
8.407304624580332897e-01 8.590684095969655099e-01 8.347590870667794816e-01 8.621846986671426460e-01
8.415649440121096836e-01 8.590011811508295736e-01 8.343557541359738483e-01 8.619536403126467627e-01
8.403035184071104835e-01 8.579416718488803717e-01 8.342603550295858428e-01 8.619916817414943200e-01
8.402452987638029391e-01 8.575117897837080116e-01 8.337350561526386539e-01 8.615693489169962138e-01
8.400512332861106435e-01 8.571954603791641647e-01 8.329126917039004763e-01 8.609885575222532283e-01
8.394302237574957637e-01 8.563279806517108961e-01 8.318029223523728533e-01 8.604793668455303912e-01
8.399736070950338807e-01 8.578129945999930506e-01 8.321664050235477728e-01 8.609830849002002573e-01
8.390032797065729575e-01 8.565406457012567643e-01 8.323161453930684184e-01 8.612820918516823632e-01
8.395854761396494004e-01 8.565885696008319616e-01 8.317691100108682845e-01 8.610038197365048607e-01
8.391391255409574867e-01 8.554722607301361581e-01 8.323101074749426065e-01 8.616847042364428333e-01
8.404393642414951238e-01 8.571315125865079931e-01 8.338050960028982050e-01 8.628799185629446589e-01
8.397601350695724776e-01 8.563133714031512245e-01 8.339487984542929278e-01 8.626103905250769310e-01
8.364222088532671240e-01 8.531578966074497838e-01 8.332985146721409997e-01 8.618865655424952088e-01
8.332977546624230625e-01 8.500428961601905753e-01 8.320649679990339553e-01 8.608904436226016976e-01
8.307943100001941028e-01 8.477297889864729985e-01 8.312824538099262695e-01 8.601619916149194633e-01
8.277086689048883672e-01 8.453907806022089577e-01 8.295664774785653783e-01 8.590337113104827838e-01
8.270294397329659430e-01 8.458809152463254710e-01 8.275353218210360629e-01 8.573086702946393078e-01
8.276698558093500413e-01 8.467785045211286832e-01 8.257927786499215106e-01 8.555376482251766390e-01
8.303091463059637523e-01 8.487619762019806835e-01 8.262975486052408503e-01 8.562725712198994144e-01
8.315705719109628413e-01 8.501679736162867096e-01 8.271440647264822754e-01 8.568448431232564833e-01
8.302509266626559858e-01 8.498152338356292912e-01 8.267962806424344890e-01 8.562647544392765209e-01
8.273787575928117644e-01 8.476376609192342038e-01 8.258024393189228318e-01 8.555982422741652549e-01
8.251664111471210816e-01 8.455856740272993388e-01 8.251708730829611094e-01 8.553262916911912317e-01
8.221778027906615494e-01 8.434032211482124231e-01 8.249571307813066134e-01 8.552272732942256539e-01
8.212268819499698447e-01 8.418200369524225790e-01 8.244318319043593135e-01 8.548492654168062810e-01
8.219449242174309278e-01 8.417379458073617204e-01 8.239946866320491115e-01 8.547822385061540906e-01
8.212656950455082816e-01 8.412522489074395482e-01 8.242736384494625534e-01 8.547677213779392158e-01
8.196937646762018082e-01 8.395951786668803818e-01 8.242277502717063609e-01 8.548104576631780915e-01
8.194220730074326386e-01 8.391909770797184587e-01 8.244777200821157281e-01 8.551728945183680874e-01
8.207223117079702757e-01 8.405902875015072162e-01 8.259135370124381925e-01 8.567114909001485312e-01
8.223718682683537340e-01 8.418438973520130375e-01 8.271241395966670851e-01 8.576880447247374750e-01
8.230899105358147061e-01 8.426239156584593992e-01 8.269737954353338916e-01 8.576901090811510642e-01
8.229346581536609584e-01 8.424327791987109570e-01 8.268083564786861128e-01 8.575210796639249899e-01
8.217508587397387432e-01 8.421541097645354190e-01 8.265644245864025574e-01 8.571465402733222660e-01
8.183741194278949527e-01 8.397447696149631380e-01 8.251286076560802041e-01 8.559112196230029834e-01
8.178889557336644911e-01 8.395439900920016463e-01 8.249897355391860865e-01 8.556955990653147825e-01
8.162199926255119253e-01 8.381673271089419286e-01 8.252747252747253404e-01 8.558993846995319732e-01
8.170350676318189898e-01 8.391330203937578114e-01 8.261719599082235632e-01 8.568068196573699336e-01
8.173067593005880482e-01 8.401555770624506980e-01 8.263561164110614365e-01 8.572794658121601907e-01
8.161811795299733774e-01 8.396887920332321009e-01 8.254619007366260641e-01 8.567765321687039748e-01
8.128820664092064607e-01 8.364154911528087766e-01 8.241009539910638670e-01 8.556041117285010378e-01
8.124551223582836545e-01 8.359574517103101066e-01 8.232363241154450062e-01 8.541309533400600618e-01
8.165304973898193097e-01 8.387889604684518607e-01 8.238509841806543887e-01 8.542225704796728714e-01
8.181024277591257832e-01 8.393629921697864926e-01 8.248581089240429876e-01 8.552833766285298234e-01
8.204894331347396541e-01 8.410533244849460743e-01 8.262142253351045795e-01 8.566271834782157590e-01
8.212074754022007372e-01 8.424799340277668858e-01 8.273964497041420563e-01 8.577526672974329358e-01
8.204894331347396541e-01 8.423377626731028966e-01 8.270287404902789685e-01 8.572104436013789908e-01
8.180830212113566757e-01 8.412883929373113912e-01 8.266658616109165969e-01 8.564710095422827241e-01
8.157736420268197897e-01 8.396976085487704022e-01 8.260234271223281244e-01 8.558349185716811469e-01
8.157542354790505712e-01 8.392482360141754194e-01 8.240671416495590762e-01 8.545184107706840226e-01
8.183158997845872973e-01 8.414043152177229645e-01 8.242506943605845127e-01 8.549998465436202677e-01
8.191115682431251432e-01 8.420926938530715056e-01 8.246576500422653222e-01 8.555840927040072597e-01
8.204894331347396541e-01 8.438018436080390039e-01 8.253731433401763073e-01 8.562794769734868305e-01
8.215956063575851065e-01 8.450682973567273937e-01 8.254570704021253480e-01 8.562435734546762767e-01
8.208387509945854754e-01 8.440260336659004547e-01 8.253169907016060236e-01 8.562654281266135481e-01
8.206640920646626203e-01 8.439096265426446752e-01 8.264146842168821339e-01 8.568995675524790911e-01
8.185099652622795929e-01 8.417003143710075630e-01 8.245996860282573948e-01 8.555113061608781155e-01
8.153466979758970945e-01 8.379427153420041519e-01 8.234343678299722580e-01 8.547130324096257059e-01
8.169186283452035680e-01 8.393854519220677046e-01 8.237205651491366076e-01 8.550648718799969128e-01
8.177337033515107434e-01 8.398932471002298339e-01 8.254896751600049321e-01 8.566209603469852052e-01
8.229152516058917399e-01 8.443139642053894001e-01 8.278456708127037711e-01 8.586895796481259779e-01
8.226823730326611184e-01 8.443650428623336035e-01 8.278625769834560000e-01 8.585308021501218967e-01
8.224689010071998263e-01 8.438836845725520286e-01 8.273541842772611510e-01 8.579045596232619530e-01
8.212851015932776111e-01 8.423087238240611896e-01 8.264533268928873078e-01 8.568659447673596663e-01
8.180053950202798019e-01 8.409689395097796893e-01 8.250235478806907663e-01 8.555186703269386239e-01
8.184517456189719375e-01 8.421361610667641440e-01 8.253840115928028354e-01 8.560705341129737356e-01
8.198296105105862264e-01 8.434037921105057567e-01 8.262468300929839415e-01 8.569176808753484753e-01
8.196937646762018082e-01 8.428674333066430435e-01 8.262673590146117908e-01 8.572390018964152203e-01
8.200818956315860664e-01 8.431599333415458197e-01 8.273928269532665469e-01 8.579262434064736098e-01
8.220225504085079127e-01 8.440478591042297474e-01 8.281294529646178182e-01 8.580188607402101653e-01
8.206058724213549649e-01 8.420302420709846469e-01 8.275280763192851552e-01 8.576251261100473755e-01
8.184129325234332786e-01 8.400436876633557981e-01 8.260101437024514048e-01 8.565915459299549006e-01
8.188592831221255253e-01 8.409579893911267590e-01 8.262709817654873001e-01 8.569790019811465154e-01
8.182770866890489714e-01 8.408199614362472651e-01 8.275920782514188945e-01 8.576550104400817442e-01
8.173261658483572667e-01 8.403929709427193639e-01 8.277551020408163707e-01 8.576504727775676740e-01
8.170738807273574267e-01 8.400807489946275908e-01 8.276705711870546711e-01 8.574164784170767994e-01
8.157154223835121343e-01 8.385369136228872922e-01 8.275316990701606645e-01 8.575273622493857495e-01
8.159483009567427558e-01 8.390504028726608610e-01 8.277877067986958437e-01 8.580628853739871165e-01
8.164916842942809838e-01 8.405214960849169969e-01 8.280618282816084585e-01 8.586082567536328369e-01
8.189563158609713955e-01 8.428416310848916293e-01 8.284192730346576772e-01 8.589337404712485968e-01
8.194996991985095125e-01 8.428682203889180657e-01 8.276705711870545601e-01 8.584416936137919674e-01
8.227405926759689958e-01 8.449079377983205186e-01 8.281004709576138545e-01 8.588896814245359224e-01
8.213239146888159370e-01 8.433120290166661315e-01 8.273058809322545448e-01 8.582794811510594535e-01
8.185487783578179188e-01 8.408497882164158721e-01 8.267057118705470886e-01 8.576529363463636368e-01
8.169574414407421159e-01 8.393503117231065902e-01 8.256333776113995437e-01 8.566297735620971299e-01
8.171321003706650821e-01 8.408531234268254995e-01 8.248665620094191020e-01 8.563466561592014692e-01
8.186264045488947927e-01 8.428525557634595211e-01 8.267238256249245243e-01 8.577251821201348214e-01
8.172485396572803928e-01 8.413627648439987450e-01 8.269979471078372502e-01 8.579413228189096685e-01
8.150167866638202696e-01 8.386642287276784291e-01 8.279271827074023982e-01 8.584547313523072098e-01
8.159871140522811928e-01 8.395668774056757044e-01 8.276729863543050847e-01 8.581308636095705822e-01
8.152884783325894391e-01 8.381739156894673082e-01 8.276041540876705183e-01 8.579797411844723998e-01
8.159871140522813038e-01 8.389255601537261020e-01 8.275401521555366680e-01 8.581244094664174371e-01
8.156377961924353714e-01 8.384515889531323207e-01 8.266139355150343704e-01 8.572284493449536802e-01
8.147062818995129962e-01 8.375004499940525982e-01 8.262480376766090373e-01 8.568555846808072474e-01
8.156572027402044789e-01 8.380869692238466229e-01 8.276995531940587458e-01 8.581184223155801094e-01
8.154631372625125163e-01 8.383309830790530714e-01 8.279797125950972836e-01 8.582948171614378507e-01
8.132119777212831746e-01 8.371735423169991419e-01 8.271621784808598221e-01 8.576203530415311693e-01
8.160647402433580666e-01 8.403447558239753867e-01 8.271223282212292194e-01 8.577112767548099592e-01
8.179859884725104724e-01 8.418712412004420997e-01 8.277732157951938063e-01 8.583978365756926854e-01
8.200042694405093036e-01 8.434646337813289652e-01 8.277961598840719581e-01 8.582840673487917016e-01
8.196549515806633712e-01 8.425728151191513859e-01 8.276295133437990836e-01 8.581927273853620086e-01
8.192862271730482204e-01 8.417018991900508951e-01 8.275075473976573059e-01 8.582907768070131560e-01
8.193056337208173279e-01 8.417918678024065571e-01 8.275932858350441013e-01 8.585479398156143915e-01
8.175978575171263252e-01 8.403743381149211267e-01 8.275957010022942928e-01 8.587551171066021283e-01
8.169962545362805528e-01 8.399422187241314397e-01 8.275570583262890079e-01 8.588621162988382407e-01
8.178889557336644911e-01 8.408621315677099473e-01 8.270607414563460047e-01 8.583197665297350731e-01
8.176366706126646511e-01 8.406757336065526776e-01 8.263337761139959436e-01 8.577329814583740664e-01
8.174231985872033590e-01 8.399935296243314919e-01 8.258350440768023049e-01 8.572736104065751261e-01
8.168410021541269161e-01 8.393143872677926165e-01 8.258422895785533235e-01 8.575074993009066393e-01
8.179859884725105834e-01 8.394319036064108452e-01 8.266405023547881425e-01 8.581165950690590183e-01
8.207611248035087126e-01 8.418986194692139602e-01 8.283721772732760558e-01 8.597481630500234395e-01
8.239243920898911000e-01 8.445920534604892671e-01 8.299480739041178445e-01 8.607896003210556701e-01
8.228570319625841956e-01 8.434690436264558056e-01 8.302221953870305704e-01 8.606596144517358882e-01
8.198296105105863374e-01 8.415405655561823961e-01 8.289977055911120774e-01 8.593932539997655162e-01
8.200430825360476295e-01 8.417273512326548524e-01 8.279772974278468700e-01 8.585614136967797405e-01
8.184323390712026081e-01 8.410470101948521737e-01 8.263132471923680944e-01 8.572872541439748861e-01
8.185099652622793709e-01 8.417896462661199619e-01 8.262106025842289592e-01 8.572215570432135667e-01
8.203535873003551249e-01 8.434397653755631996e-01 8.267817896389324517e-01 8.578306634595874725e-01
8.207805313512778200e-01 8.440652717376998515e-01 8.282393430745079721e-01 8.588092130330926555e-01
8.192086009819712356e-01 8.419930869410354735e-01 8.297608984422171208e-01 8.595743846277622557e-01
8.175396378738186698e-01 8.398406099706099415e-01 8.305096002898201268e-01 8.600405533018323778e-01
8.170156610840497713e-01 8.387158222791569750e-01 8.290617075232460387e-01 8.591247853081594998e-01
8.153078848803586576e-01 8.375731912066517459e-01 8.269725878517086848e-01 8.577337316239113107e-01
8.190145355042790509e-01 8.405529271769064392e-01 8.273384856901340179e-01 8.580919229064150056e-01
8.196937646762016971e-01 8.418092953623478314e-01 8.276319285110493862e-01 8.581266853983420262e-01
8.194220730074326386e-01 8.419165858937740499e-01 8.281173771283661944e-01 8.586575757016097210e-01
8.181606474024336606e-01 8.414183345068610986e-01 8.283782151914019787e-01 8.588938877474532330e-01
8.183353063323564047e-01 8.412721180063458259e-01 8.291957493056393291e-01 8.593369960855707923e-01
8.182188670457412050e-01 8.410471180280002512e-01 8.297301050597754024e-01 8.596292403994123532e-01
8.179083622814338206e-01 8.407758168106538310e-01 8.290049510928630960e-01 8.591100753433016379e-01
8.176948902559724175e-01 8.403571866031018800e-01 8.285533148170510787e-01 8.589627736438673056e-01
8.199072367016631002e-01 8.427677812053584461e-01 8.280292235237289855e-01 8.588214740956621185e-01
8.189563158609713955e-01 8.424057276882565004e-01 8.271030068832266879e-01 8.582625284330858140e-01
8.181412408546644421e-01 8.413150929705975889e-01 8.272708610071246582e-01 8.586802499638599429e-01
8.175396378738186698e-01 8.406878073072223678e-01 8.278625769834560000e-01 8.591714599044834033e-01
8.178113295425877283e-01 8.415822381198160285e-01 8.284542929597875638e-01 8.593952187701348056e-01
8.212851015932776111e-01 8.441436817631395861e-01 8.290387634343678869e-01 8.594487336247151887e-01
8.221195831473540050e-01 8.441187207431721795e-01 8.293974157710422013e-01 8.594837915907482806e-01
8.196937646762016971e-01 8.417563362687661144e-01 8.278625769834561110e-01 8.582828312930672610e-01
8.169768479885113344e-01 8.389760933313135105e-01 8.274622630117135502e-01 8.580877033356979489e-01
8.178501426381261652e-01 8.399658559148303061e-01 8.273904117860161334e-01 8.581014224019196668e-01
8.167633759630499313e-01 8.397121722676262889e-01 8.270885158797247616e-01 8.576786233654789537e-01
8.174814182305110144e-01 8.400432794225046740e-01 8.276222678420480650e-01 8.582325851858361165e-01
8.206640920646626203e-01 8.424038050569487845e-01 8.301038521917643020e-01 8.603052997615430186e-01
8.222748355295076417e-01 8.439327122876436604e-01 8.301280038642676606e-01 8.605976901570724369e-01
8.203147742048166879e-01 8.413852984594781814e-01 8.307330032604758330e-01 8.607628104940767688e-01
8.175590444215878883e-01 8.397672534032203373e-01 8.312214708368554916e-01 8.610682761876804481e-01
8.167245628675113833e-01 8.390032324785751117e-01 8.308302137423017042e-01 8.606833851532863511e-01
8.181800539502026570e-01 8.406934181946302820e-01 8.309902185726361079e-01 8.609013716676456873e-01
8.192474140775097835e-01 8.416977627214791147e-01 8.306605482429657572e-01 8.609528951221376847e-01
8.184517456189719375e-01 8.409115257413832811e-01 8.291800507185123070e-01 8.596545790873174608e-01
8.202953676570474695e-01 8.422456363931276613e-01 8.288588334742179597e-01 8.595954911465366610e-01
8.198102039628170079e-01 8.422444356305763824e-01 8.284071971984059424e-01 8.592839226785581319e-01
8.190145355042791619e-01 8.417849214120592949e-01 8.281970776476270668e-01 8.592101626111137147e-01
8.203729938481243433e-01 8.422319461339123903e-01 8.282948919212655969e-01 8.588465408207499596e-01
8.219837373129693647e-01 8.431384884966801607e-01 8.287827557058325967e-01 8.594806529178578014e-01
8.220807700518155681e-01 8.435130143553610793e-01 8.292621664050234820e-01 8.599165720926609247e-01
8.196743581284325897e-01 8.418087034979824246e-01 8.293334138389083510e-01 8.599279943256019632e-01
8.198102039628170079e-01 8.415700021052813229e-01 8.286209395000603273e-01 8.596986959647142656e-01
8.197325777717401341e-01 8.417873216395386216e-01 8.296932737592077611e-01 8.606889037871784387e-01
8.217702652875079616e-01 8.430679564832739281e-01 8.310771645936481100e-01 8.616820983961532843e-01
8.219837373129693647e-01 8.436154161986110234e-01 8.310856176790242245e-01 8.613873859862835047e-01
8.221389896951231124e-01 8.426552811931123932e-01 8.312607173046733244e-01 8.611993310844188176e-01
8.205476527780473095e-01 8.411103697355530873e-01 8.302620456466609511e-01 8.601788341339468014e-01
8.210522230200469895e-01 8.420312119489976599e-01 8.294239826107957514e-01 8.598677956026745672e-01
8.213627277843544849e-01 8.429588996995163175e-01 8.304842410336915615e-01 8.609964829159111321e-01
8.210522230200468785e-01 8.428572843207958742e-01 8.315469146238376741e-01 8.620898951315529857e-01
8.205476527780473095e-01 8.417057142981586582e-01 8.311725637000362266e-01 8.618962278958546275e-01
8.206446855168932908e-01 8.415334342642672993e-01 8.307148895060982863e-01 8.611094411588060549e-01
8.211686623066623003e-01 8.428798590320937256e-01 8.312184518777925302e-01 8.610626797390414922e-01
8.217508587397388542e-01 8.430788774839056421e-01 8.311955077889143784e-01 8.613054225838145950e-01
8.206446855168934018e-01 8.421082048375654328e-01 8.298067866199734244e-01 8.605838747276401968e-01
8.195385122940479494e-01 8.417252763420156603e-01 8.291088032846274380e-01 8.599133584811161635e-01
8.230705039880454876e-01 8.443145658554828126e-01 8.296377249124502473e-01 8.603692677408976142e-01
8.239826117331987554e-01 8.447890230459500494e-01 8.307861369399831553e-01 8.612081440320802361e-01
8.223330551728154081e-01 8.426949930277944922e-01 8.306376041540877164e-01 8.611266432313442465e-01
8.221001765995846755e-01 8.420152235283706599e-01 8.309274242241275754e-01 8.614396685747156557e-01
8.217896718352771801e-01 8.419933716662986178e-01 8.308857625890592180e-01 8.614089147822276971e-01
8.245454016185060908e-01 8.448872536186167181e-01 8.300929839391376630e-01 8.609580347357999042e-01
8.251081915038134262e-01 8.458032526931892336e-01 8.301123052771403055e-01 8.609095811713203261e-01
8.230316908925071617e-01 8.436030820721311940e-01 8.307619852674797967e-01 8.612489611276199497e-01
8.224689010071999373e-01 8.436674203944753980e-01 8.314032121724430624e-01 8.614616589618835363e-01
8.197713908672785710e-01 8.421889509476901958e-01 8.315698587127158259e-01 8.614845160191967333e-01
8.160453336955889592e-01 8.395484973880906754e-01 8.315517449583383902e-01 8.615370783909280794e-01
8.167245628675114943e-01 8.396409641963284987e-01 8.309225938896269703e-01 8.611769894154286398e-01
8.208387509945855864e-01 8.422401165359638675e-01 8.314575534355754804e-01 8.619562153747978295e-01
8.239437986376604295e-01 8.445611731407107747e-01 8.320987803405386352e-01 8.627005524392628022e-01
8.233421956568145461e-01 8.443682717193125020e-01 8.308042506943607020e-01 8.618487430853005726e-01
8.219449242174310388e-01 8.437598349531656439e-01 8.310240309141407877e-01 8.615702693805240564e-01
8.229928777969687248e-01 8.444984332570707464e-01 8.314454775993236346e-01 8.614419184492931869e-01
8.223912748161230635e-01 8.437792150829537263e-01 8.312063760415407954e-01 8.609562810044441017e-01
8.236527004211220415e-01 8.443847737243673768e-01 8.305760173892040577e-01 8.607560850723789958e-01
