7.846164295833414348e-01 8.099685841997839031e-01 7.855693756792658800e-01 8.056100120246414420e-01
7.845193968444952315e-01 8.101259184943276903e-01 7.855983576862697326e-01 8.057564692861661770e-01
7.844417706534183576e-01 8.109531762390190801e-01 7.850766815601980531e-01 8.054220814635920656e-01
7.841506724368801917e-01 8.109859771472347489e-01 7.856973795435333585e-01 8.055954486830783079e-01
7.852956587552640810e-01 8.125148824038782580e-01 7.851648351648351509e-01 8.048854652019090672e-01
7.849657474431872561e-01 8.126833330895550933e-01 7.843859437266030854e-01 8.041028571712126594e-01
7.858390420928021980e-01 8.125814865368339301e-01 7.843678299722255387e-01 8.040059200925046001e-01
7.855091307807253731e-01 8.116589495220878359e-01 7.837543774906411409e-01 8.034578631641946522e-01
7.867317432901861363e-01 8.118410662847392878e-01 7.837966429175220462e-01 8.037368964523776693e-01
7.881290147295696435e-01 8.133266125358680210e-01 7.838268325081512167e-01 8.041463243831050711e-01
7.905160201051835145e-01 8.144225115892125277e-01 7.841021615746891493e-01 8.042360078900085973e-01
7.913699082070290158e-01 8.162554657381508871e-01 7.842434488588334585e-01 8.044363868580528543e-01
7.922626094044129541e-01 8.180692381912415545e-01 7.840200458881778633e-01 8.048590247158609046e-01
7.934658153661044988e-01 8.209059958272717505e-01 7.845103248399951656e-01 8.055160111048760285e-01
7.944943623978730773e-01 8.227644861846850066e-01 7.847494263977781159e-01 8.065055381786440103e-01
7.935628481049505911e-01 8.226298840628208930e-01 7.840176307209274498e-01 8.067164872520095065e-01
7.927283665508741972e-01 8.225401554720761510e-01 7.829175220384010370e-01 8.066200807413992369e-01
7.920685439267209915e-01 8.221802094681749384e-01 7.830237893974159036e-01 8.069948175960128811e-01
7.911758427293369422e-01 8.220576117170713681e-01 7.828263494747011997e-01 8.068964535128591020e-01
7.904189873663373112e-01 8.216403088591510695e-01 7.816912208670450113e-01 8.061513773148057949e-01
7.911370296337985053e-01 8.228222499632491527e-01 7.797150102644607728e-01 8.044426202130062764e-01
7.911370296337983943e-01 8.237211871646554773e-01 7.785352010626733765e-01 8.032286498826155530e-01
7.894874730734150470e-01 8.229728932887274695e-01 7.760801835527110226e-01 8.007656450788118718e-01
7.871780938888781609e-01 8.205838308975762496e-01 7.741746165921989942e-01 7.993423044446501535e-01
7.852956587552639700e-01 8.194834623115259120e-01 7.729815239705348784e-01 7.987374980551049664e-01
7.833744105261114532e-01 8.178734568590599885e-01 7.721144789276656040e-01 7.984695788303652897e-01
7.844611772011876871e-01 8.178591380197214322e-01 7.730286197319163888e-01 7.999518731220920387e-01
7.845388033922644500e-01 8.181849245517032188e-01 7.736915831421325995e-01 8.007018770298190979e-01
7.849463408954180377e-01 8.190922374387914484e-01 7.741746165921989942e-01 8.010245900932787544e-01
7.855091307807253731e-01 8.196399703323423713e-01 7.738111339210240747e-01 8.009608931804612642e-01
7.878767296085699146e-01 8.222737712533179089e-01 7.741208791208792350e-01 8.012813344366469526e-01
7.864600516214170778e-01 8.204271885294214250e-01 7.744855693756793613e-01 8.016855429271040334e-01
7.858778551883405239e-01 8.193090058421594879e-01 7.752071005917159363e-01 8.025326075974452689e-01
7.863824254303402039e-01 8.193162341255957326e-01 7.766465402729139100e-01 8.034533175799720706e-01
7.892740010479535329e-01 8.201338046494535128e-01 7.778275570583264020e-01 8.041180106411003337e-01
7.896815385511071206e-01 8.193168272816455655e-01 7.772551624199974807e-01 8.032399370975584763e-01
7.886335849715693236e-01 8.175599748771870123e-01 7.751165318198285359e-01 8.015748672009657128e-01
7.876050379398009671e-01 8.165563898607837157e-01 7.736964134766332046e-01 8.003383504465599874e-01
7.891187486657998962e-01 8.181102939642568295e-01 7.744873807511170050e-01 8.008826711529423159e-01
7.918356653534903700e-01 8.210127996851590559e-01 7.760632773819587937e-01 8.016711762813186759e-01
7.940674183469502712e-01 8.233940755603490480e-01 7.770402125347180000e-01 8.023692474418604448e-01
7.932135302451047698e-01 8.231253327100456207e-01 7.764279676367589200e-01 8.021930199604412337e-01
7.889634962836460375e-01 8.196289942022125796e-01 7.752119309262166524e-01 8.016622456668920371e-01
7.863242057870325485e-01 8.169018336762209342e-01 7.742156744354545816e-01 8.007842476987636626e-01
7.860913272138020380e-01 8.166151823200034077e-01 7.725335104455983704e-01 7.992008446307400371e-01
7.845970230355723274e-01 8.163265884280249685e-01 7.719345489675160099e-01 7.986325981227700987e-01
7.863436123348017670e-01 8.186163139481551498e-01 7.728088395121361920e-01 7.992794428240782567e-01
7.870228415067244132e-01 8.202348473771068349e-01 7.727641589180050952e-01 7.989256215572517750e-01
7.869646218634167578e-01 8.197078601192486769e-01 7.713911363361913853e-01 7.977828688942090185e-01
7.876050379398009671e-01 8.195042927868064764e-01 7.729126917039005340e-01 7.992903544700035168e-01
7.904189873663374222e-01 8.219661945642654510e-01 7.738932496075352496e-01 8.004396020566965086e-01
7.913310951114906899e-01 8.232850941519822552e-01 7.743956043956043978e-01 8.008603874553008595e-01
7.917580391624133851e-01 8.238729666117293737e-01 7.749100350199250586e-01 8.011572710887300275e-01
7.909235576083371022e-01 8.235522925340417189e-01 7.746214225335104064e-01 8.006662579313490458e-01
7.889634962836460375e-01 8.208061110107034430e-01 7.741190677454414804e-01 7.998223591742131822e-01
7.878573230608008071e-01 8.185404311235964236e-01 7.740466127279314046e-01 8.001216836044038327e-01
7.863824254303402039e-01 8.170602894553813389e-01 7.749836976210602302e-01 8.014118608220290874e-01
7.852374391119563146e-01 8.155847333000790789e-01 7.753701243811134125e-01 8.018627189410644229e-01
7.839760135069573366e-01 8.160228552938633140e-01 7.756056031880207424e-01 8.020882214689961653e-01
7.861107337615711455e-01 8.178964265204172746e-01 7.755295254196352683e-01 8.017380839216368127e-01
7.879543557996468994e-01 8.193583252748912749e-01 7.750609829730708000e-01 8.012251488092432261e-01
7.872945331754934717e-01 8.188547756874718919e-01 7.738920420239101539e-01 8.007487923784992745e-01
7.869064022201091024e-01 8.188041149168372446e-01 7.745845912329428762e-01 8.014763534926514499e-01
7.878767296085699146e-01 8.205666648393975526e-01 7.758833474218089776e-01 8.026899230491332249e-01
7.864988647169555147e-01 8.189277918253037303e-01 7.757897596908586157e-01 8.024424581345778185e-01
7.866347105513400439e-01 8.187739157257027944e-01 7.749305639415529079e-01 8.019237516585973058e-01
7.865570843602630591e-01 8.190139244219182268e-01 7.743678299722256408e-01 8.017079608465667029e-01
7.871198742455705055e-01 8.196790526471942062e-01 7.744487380751117200e-01 8.017382473741518911e-01
7.884977391371849054e-01 8.209983662475142108e-01 7.750271706315663423e-01 8.023564900463003857e-01
7.886918046148769790e-01 8.209296116466474613e-01 7.768940949160729748e-01 8.034082259959973715e-01
7.882842671117233913e-01 8.207520389691158602e-01 7.777418186209394957e-01 8.038774379547964921e-01
7.884201129461079205e-01 8.202750479903896386e-01 7.776911001086825870e-01 8.039457130155595044e-01
7.892545945001843144e-01 8.199705367681675572e-01 7.754727689892524367e-01 8.023412679861642305e-01
7.876826641308777299e-01 8.188605087846061448e-01 7.742011834319526553e-01 8.013432317380282388e-01
7.876438510353392930e-01 8.196662623577730677e-01 7.748134283299119573e-01 8.020086374895749604e-01
7.878961361563390220e-01 8.204930551852187559e-01 7.760173892042023791e-01 8.031443903459265510e-01
7.889052766403383821e-01 8.210812662202584544e-01 7.766223886004105514e-01 8.037783580246962156e-01
7.890799355702613482e-01 8.219053791680503984e-01 7.752312522642192949e-01 8.026485896421265975e-01
7.893904403345689547e-01 8.225442196670131878e-01 7.740321217244292562e-01 8.013572784772469149e-01
7.895456927167225913e-01 8.212492831689055528e-01 7.737948315420842826e-01 8.006050456888025302e-01
7.895650992644919208e-01 8.200101438957931865e-01 7.750078492935635888e-01 8.015246566630859215e-01
7.902831415319528929e-01 8.217841380704418164e-01 7.761139958942155914e-01 8.022977574007117418e-01
7.889634962836460375e-01 8.214778599214793697e-01 7.760765608018355133e-01 8.026206868668140926e-01
7.880125754429543328e-01 8.207301926412853277e-01 7.752590266875980518e-01 8.024297738235002253e-01
7.897785712899532129e-01 8.221544527445594497e-01 7.750899649800748747e-01 8.024864539666982655e-01
7.915639736847212005e-01 8.236042783690010749e-01 7.765402729138992655e-01 8.036114042674122881e-01
7.919132915445671328e-01 8.238968684762731920e-01 7.761417703175944593e-01 8.031185440708616952e-01
7.925148945254129051e-01 8.243701573118000780e-01 7.754836372418790758e-01 8.015839141272197432e-01
7.904189873663374222e-01 8.227948703386849250e-01 7.746648955440164075e-01 8.008102712698341730e-01
7.867899629334937917e-01 8.193777828833430643e-01 7.744523608259872294e-01 8.012222525265338957e-01
7.849657474431872561e-01 8.183869051515000326e-01 7.739125709455381141e-01 8.013744010690574404e-01
7.866929301946476993e-01 8.192682007002995981e-01 7.748134283299117353e-01 8.023858455564466530e-01
7.858390420928020870e-01 8.187908033595414636e-01 7.754449945658736798e-01 8.028082169190180473e-01
7.871392807933396130e-01 8.200493834364976919e-01 7.749142615626132269e-01 8.020766373591516896e-01
7.877796968697239333e-01 8.211318559678191242e-01 7.744668518294892667e-01 8.014809279263469532e-01
7.880125754429545548e-01 8.204137045989864374e-01 7.743352252143460568e-01 8.014793585181032576e-01
7.879543557996466774e-01 8.198684293721956173e-01 7.729271827074024603e-01 8.003659843600405832e-01
7.870422480544936317e-01 8.192398508065829033e-01 7.740689530249968975e-01 8.013212104499198851e-01
7.864794581691862962e-01 8.194604285365436613e-01 7.745525902668759510e-01 8.017344298684893067e-01
7.871392807933397240e-01 8.208467977717283093e-01 7.745616471440648354e-01 8.017009239668348997e-01
7.870034349589551947e-01 8.222486884403403806e-01 7.737078855210723916e-01 8.014245551954048974e-01
7.881290147295697546e-01 8.239246888523290568e-01 7.737459244052651286e-01 8.011601383907941409e-01
7.883618933028002651e-01 8.241456755308291804e-01 7.738195870064001891e-01 8.010543026654679544e-01
7.893516272390305177e-01 8.235230355537582758e-01 7.744113029827316419e-01 8.012058016207226352e-01
7.877408837741853853e-01 8.220474805657842499e-01 7.744004347301050029e-01 8.008162714172742946e-01
7.879155427041083515e-01 8.220938770282407715e-01 7.737145272310107513e-01 8.007012367226270522e-01
7.896039123600302467e-01 8.227521829578050561e-01 7.748001449100350158e-01 8.013773238313299796e-01
7.908071183217217914e-01 8.237459761606424902e-01 7.750513223040694788e-01 8.017740474684182939e-01
7.928448058374895080e-01 8.249504197038457498e-01 7.759219900978142626e-01 8.025951359408229902e-01
7.903219546274912188e-01 8.213033122968192989e-01 7.758519502475546004e-01 8.027052254471138681e-01
7.897203516466455575e-01 8.210677779463469994e-01 7.752481584349716348e-01 8.020801189607176251e-01
7.888082439014922898e-01 8.208660277332135990e-01 7.740562733969327258e-01 8.012702769073666298e-01
7.890217159269536928e-01 8.211958674513342160e-01 7.731759449341867318e-01 8.004053438787722685e-01
7.899144171243377421e-01 8.223685936128726226e-01 7.736927907257576953e-01 8.007044995284324784e-01
7.900502629587222714e-01 8.228371161750869245e-01 7.754836372418789647e-01 8.018751187701882444e-01
7.909429641561063207e-01 8.231657581966790316e-01 7.761816205772249511e-01 8.023635532983057761e-01
7.895845058122610283e-01 8.227938150764910752e-01 7.752686873565994841e-01 8.021788376823859590e-01
7.881096081818005361e-01 8.210831852140666465e-01 7.752034778408405380e-01 8.025696396495417551e-01
7.873527528188010161e-01 8.199460355120231636e-01 7.747276898925250510e-01 8.023563573947909422e-01
7.903607677230297668e-01 8.224217985015948029e-01 7.755198647506339471e-01 8.025005608751477615e-01
7.912340623726445976e-01 8.250432433012090394e-01 7.758652336674314309e-01 8.023306282383075860e-01
7.916998195191057297e-01 8.254378085925182518e-01 7.760620697983335869e-01 8.025248717516588748e-01
7.922820159521822836e-01 8.250456073063141549e-01 7.766513706074146262e-01 8.029972900461113117e-01
7.915639736847210894e-01 8.236833857160357208e-01 7.762890955198648024e-01 8.024845415030509299e-01
7.924372683343359203e-01 8.243784647515448594e-01 7.762311315058567640e-01 8.023690552984530378e-01
7.913116885637213604e-01 8.247212458537755975e-01 7.758724791691824496e-01 8.023962564599295133e-01
7.909041510605678837e-01 8.248358925953459542e-01 7.760270498732037003e-01 8.029345426315668277e-01
7.896815385511071206e-01 8.233904276478161144e-01 7.748146359135369421e-01 8.022844216665058203e-01
7.909235576083369912e-01 8.238156148387931754e-01 7.752264219297186898e-01 8.025658472588639292e-01
7.915057540414134341e-01 8.236643510421555181e-01 7.750670208911967229e-01 8.025153610277863114e-01
7.928059927419510711e-01 8.254611954794803808e-01 7.752083081753411431e-01 8.020416295826343633e-01
7.931941236973354403e-01 8.259572647433428561e-01 7.752759328583505027e-01 8.020973615968263193e-01
7.915833802324905299e-01 8.243576480674825735e-01 7.744354546552348895e-01 8.017766868673289471e-01
7.894680665256458285e-01 8.219702550662996154e-01 7.746087429054461237e-01 8.020328209192191249e-01
7.892934075957227513e-01 8.211258220664563456e-01 7.749172805216761883e-01 8.022165256306835746e-01
7.873915659143395640e-01 8.205525970331173369e-01 7.747832387392826758e-01 8.023743361047317446e-01
7.871004676978012871e-01 8.204377247771822423e-01 7.749027895181741510e-01 8.023036155651651624e-01
7.881096081818005361e-01 8.214013030316469344e-01 7.759038763434369379e-01 8.029394336334749749e-01
7.909623707038755391e-01 8.242784618608107738e-01 7.773143340176307259e-01 8.039740330320077621e-01
7.921461701177977544e-01 8.247651485528414428e-01 7.768530370728171652e-01 8.035113522650398910e-01
7.909235576083371022e-01 8.245077246780736502e-01 7.757160970897234442e-01 8.028450270280897971e-01
7.891963748568766590e-01 8.224123739640971653e-01 7.754027291389928855e-01 8.022239425916011246e-01
7.897203516466455575e-01 8.230595563955633853e-01 7.770003622750875083e-01 8.034840534307174931e-01
7.889052766403383821e-01 8.226499633458278504e-01 7.764164955923198441e-01 8.031044889072131987e-01
7.894874730734149360e-01 8.224127643652192621e-01 7.769834561043352794e-01 8.033593093142220587e-01
7.910399968949524130e-01 8.242790809271760555e-01 7.769665499335829395e-01 8.032168189547107540e-01
7.911758427293367202e-01 8.243048809426360979e-01 7.776053616712956806e-01 8.037762195506630292e-01
7.916415998757979633e-01 8.246073337631165678e-01 7.772261804129936280e-01 8.033997283889793284e-01
7.913893147547982343e-01 8.250415911223387688e-01 7.768651129090689000e-01 8.031867542622083134e-01
7.925148945254129051e-01 8.250371246390992841e-01 7.768011109769350497e-01 8.030682063797505155e-01
7.903801742707988742e-01 8.231737571695714184e-01 7.759847844463230171e-01 8.024121836739419589e-01
7.881290147295697546e-01 8.204947954695975820e-01 7.743424707160971865e-01 8.018136162671977152e-01
7.868287760290322286e-01 8.199463230685384296e-01 7.742277502717064275e-01 8.017464580641494587e-01
7.903995808185682037e-01 8.236930465126711676e-01 7.747011230527713899e-01 8.023536455394488787e-01
7.911564361815677238e-01 8.247360663414946558e-01 7.753230286197319021e-01 8.025567819413655934e-01
7.917192260668749482e-01 8.245957409741071498e-01 7.761840357444753646e-01 8.029484309376482276e-01
7.907100855828756991e-01 8.242757393472841532e-01 7.757758724791691263e-01 8.018917735882676867e-01
7.894680665256457175e-01 8.233802941198945513e-01 7.760065209515759621e-01 8.018548725779258701e-01
7.887306177104154159e-01 8.228446058114736728e-01 7.761610916555969908e-01 8.020281915208398171e-01
7.893322206912612993e-01 8.234948672805950665e-01 7.764122690496317869e-01 8.028166338601875340e-01
7.890023093791845854e-01 8.237118590967357212e-01 7.765185364086463204e-01 8.032566628668498243e-01
7.901278891497991452e-01 8.242747076053802413e-01 7.771984059896148711e-01 8.036998707442986056e-01
7.905548332007219514e-01 8.235515390755826504e-01 7.774254317111459756e-01 8.041835555401104507e-01
7.918938849967979143e-01 8.242416049268679323e-01 7.778311798092016893e-01 8.045985248746659879e-01
7.916804129713365112e-01 8.247456120729926843e-01 7.758785170873083725e-01 8.026642679603326336e-01
7.911758427293369422e-01 8.248697522155747919e-01 7.757420601376645575e-01 8.022555789589239650e-01
7.920297308311823326e-01 8.250051869602585963e-01 7.759618403574447543e-01 8.024669954061309785e-01
7.897979778377223203e-01 8.223921344384930165e-01 7.756623596184035740e-01 8.024896500059205406e-01
7.905548332007217294e-01 8.230301876758742141e-01 7.756430382804009316e-01 8.023323484551734275e-01
7.908653379650293358e-01 8.236863631683890574e-01 7.763615505373746561e-01 8.026724442111305979e-01
7.915833802324903079e-01 8.245946767857156301e-01 7.773046733486294047e-01 8.034862905657739196e-01
7.922432028566438467e-01 8.249642628157847213e-01 7.780316386909793547e-01 8.042120905723937341e-01
7.930970909584893480e-01 8.256162327844387416e-01 7.787682647023306259e-01 8.046268271937296879e-01
7.919909177356438956e-01 8.253524823729656568e-01 7.777309503683129677e-01 8.041790488851823238e-01
7.902831415319528929e-01 8.253943597474164839e-01 7.773396932737592913e-01 8.039013454817588444e-01
7.891963748568766590e-01 8.246933893835131091e-01 7.767986958096848582e-01 8.034463609925540650e-01
7.899144171243377421e-01 8.248115230941642784e-01 7.771935756551140440e-01 8.035997483292051102e-01
7.902831415319528929e-01 8.246550417051535797e-01 7.767455621301775359e-01 8.032130807866594280e-01
7.948630868054882281e-01 8.273560606153524954e-01 7.788129452964617228e-01 8.047242959623753800e-01
7.963962040792562647e-01 8.277150297984939842e-01 7.789783842531096125e-01 8.048627600858889730e-01
7.950377457354111943e-01 8.257585950899629657e-01 7.782079459002535504e-01 8.047731848830756984e-01
7.925731141687204495e-01 8.236339660246432270e-01 7.781004709576138101e-01 8.048608791245586147e-01
7.911564361815676127e-01 8.227558169861982629e-01 7.786813186813186238e-01 8.052832246252541459e-01
7.897397581944147760e-01 8.221321050768394256e-01 7.775292839029102065e-01 8.040981872772202665e-01
7.899532302198760680e-01 8.221862433590886310e-01 7.765583866682767011e-01 8.034651235383817314e-01
7.909623707038755391e-01 8.231794991065212175e-01 7.761369399830938542e-01 8.030458917070021352e-01
7.933687826272584065e-01 8.263035974233012837e-01 7.764243448858832997e-01 8.027011088104323289e-01
7.924178617865668128e-01 8.264950010343576903e-01 7.756213017751478755e-01 8.021835158564816215e-01
7.910011837994138650e-01 8.254730036812765182e-01 7.748001449100350158e-01 8.019747820807663352e-01
7.915057540414134341e-01 8.252497834291812051e-01 7.753049148653543554e-01 8.022431596526250486e-01
7.921655766655669728e-01 8.251985883631678398e-01 7.767932616833717052e-01 8.034004209687377607e-01
7.926119272642588864e-01 8.258200704043128226e-01 7.775709455379784529e-01 8.039645443557956739e-01
7.944555493023346404e-01 8.264582069089020377e-01 7.777381958700640974e-01 8.042026636964778596e-01
7.930776844107202406e-01 8.251750549163763271e-01 7.759853882381355650e-01 8.031321036218459497e-01
7.904772070096449665e-01 8.234412517613498572e-01 7.748725999275449805e-01 8.023727314013564538e-01
7.918938849967979143e-01 8.253153684092973119e-01 7.770160608622146414e-01 8.034825118490761531e-01
7.921461701177977544e-01 8.256888745047670231e-01 7.791081994928148458e-01 8.046957785169545074e-01
7.919326980923363513e-01 8.259617601913710194e-01 7.784736142977901618e-01 8.039629546254420944e-01
7.927671796464127452e-01 8.255824538854159567e-01 7.782755705832627990e-01 8.036501641608153612e-01
7.925731141687204495e-01 8.248727528180441748e-01 7.778414442700156695e-01 8.034958302773607119e-01
