7.753983193929632201e-01 8.096890716237099550e-01 8.095230044680594705e-01 8.411805079011397401e-01
7.740398610491180387e-01 8.087935520600019190e-01 8.096334983697621723e-01 8.411788284118126846e-01
7.730307205651185676e-01 8.082313175660221782e-01 8.096920661755826476e-01 8.409695443898477230e-01
7.737681693803489802e-01 8.079081160324145250e-01 8.105216761260717329e-01 8.415009588984850852e-01
7.744279920045022969e-01 8.081200541275844751e-01 8.106834923318440023e-01 8.413901880813522416e-01
7.754953521318092013e-01 8.090299918211185659e-01 8.100953991063881698e-01 8.404650769770632968e-01
7.760969551126550847e-01 8.093381927776117646e-01 8.105953387272069044e-01 8.406154374687894171e-01
7.773777872654232812e-01 8.107150273137597729e-01 8.108211568651129131e-01 8.404457855219781282e-01
7.787556521570377921e-01 8.119540551850922272e-01 8.112269049631686268e-01 8.406755853393133027e-01
7.808903724116518230e-01 8.123161655140708204e-01 8.116411061466006771e-01 8.407775446032264011e-01
7.814143492014207215e-01 8.120020400215077760e-01 8.118814152880087232e-01 8.411449810388027526e-01
7.818606998001125241e-01 8.119306072707310751e-01 8.112329428812945498e-01 8.403091013328100045e-01
7.840924527935725363e-01 8.127325234438953494e-01 8.106943605844704193e-01 8.398616262966691615e-01
7.840730462458033179e-01 8.116408014357334721e-01 8.102656683975364427e-01 8.394166456107112761e-01
7.845388033922645610e-01 8.117823472590952605e-01 8.097850501147203506e-01 8.386493450289667084e-01
7.833744105261115642e-01 8.102932396220747790e-01 8.087272068590750651e-01 8.376847427240510235e-01
7.822294242077276749e-01 8.088427475443416004e-01 8.063108320251176631e-01 8.355112225699912187e-01
7.823070503988045488e-01 8.087960183128499736e-01 8.046177997826349237e-01 8.338472856655610999e-01
7.827728075452656809e-01 8.084978968386062892e-01 8.034681801714769200e-01 8.326921003929937948e-01
7.845388033922645610e-01 8.094500647178025643e-01 8.022304069556817074e-01 8.314085048424959545e-01
7.863630188825708744e-01 8.124967849452173763e-01 8.011055428088394992e-01 8.300242015812515639e-01
7.865376778124939516e-01 8.137226706790676722e-01 8.006062069798334235e-01 8.291223904417049928e-01
7.879349492518775699e-01 8.148654105722716867e-01 8.015330274121483800e-01 8.297517934209774904e-01
7.870422480544935206e-01 8.153185821422208601e-01 8.024254317111461088e-01 8.301885771821335691e-01
7.880319819907236623e-01 8.146009800805922296e-01 8.026615143098660976e-01 8.301496076517351774e-01
7.882066409206466284e-01 8.119232119192305586e-01 8.024224127520831473e-01 8.299813183649658033e-01
7.877796968697239333e-01 8.099776787562279479e-01 8.010916555971500097e-01 8.291691950438606629e-01
7.850433736342641300e-01 8.077149536749599346e-01 7.988648713923439670e-01 8.276853370786123598e-01
7.855867569718022470e-01 8.077805368262844787e-01 7.986402608380630541e-01 8.277774460203634055e-01
7.834520367171884381e-01 8.062293779773272995e-01 7.980038642676005045e-01 8.273978255805498616e-01
7.848881212521104933e-01 8.084633289792386712e-01 7.982067383166284724e-01 8.275494874853670524e-01
7.840924527935725363e-01 8.069919814393362589e-01 7.985931650766815437e-01 8.272267176801817445e-01
7.810456247938053487e-01 8.050786948072835569e-01 7.990182345127400110e-01 8.272415081523276648e-01
7.804052087174213614e-01 8.047686499720296815e-01 7.984663687960391609e-01 8.264760997014075627e-01
7.818606998001126351e-01 8.061129266230787627e-01 7.984144427001569344e-01 8.261287499399552203e-01
7.829862795707271950e-01 8.067785695310176752e-01 7.982864388358894558e-01 8.260297376769319966e-01
7.841506724368800807e-01 8.069675704517109693e-01 7.974181862093949746e-01 8.251990529156654208e-01
7.858390420928020870e-01 8.070878254736236768e-01 7.979036348267116718e-01 8.254749089312688470e-01
7.844029575578800317e-01 8.057996706632398753e-01 7.972925975123777986e-01 8.250785253772277006e-01
7.827534009974965734e-01 8.046222906012006071e-01 7.966610312764159652e-01 8.249975122660626603e-01
7.844029575578800317e-01 8.060197378186915174e-01 7.964195145513827123e-01 8.251431354714602318e-01
7.853538783985716254e-01 8.055233168740800753e-01 7.957577587247917084e-01 8.248601042746532830e-01
7.855673504240330285e-01 8.057198122062180223e-01 7.958181379060500493e-01 8.250964115729547688e-01
7.864794581691862962e-01 8.076735768154509332e-01 7.960004830334499459e-01 8.251891333464527190e-01
7.849851539909564746e-01 8.072284094012601718e-01 7.944644366622388709e-01 8.238374997186235227e-01
7.845193968444952315e-01 8.071560433217026542e-01 7.942591474459607115e-01 8.236706181818953532e-01
7.840730462458033179e-01 8.074090228361400223e-01 7.956889264581572530e-01 8.248634763227604694e-01
7.846746492266490902e-01 8.068404910000099850e-01 7.973264098538824785e-01 8.263174687031057397e-01
7.858778551883405239e-01 8.075125243148271181e-01 7.973916193696413135e-01 8.263777516040624604e-01
7.873139397232625791e-01 8.080635775588322911e-01 7.977659702934428720e-01 8.264666874789245998e-01
7.892351879524150959e-01 8.100387894675163958e-01 7.981511894698707366e-01 8.265775107543564815e-01
7.884783325894156869e-01 8.089739184926213467e-01 7.977092138630600404e-01 8.264125917550095846e-01
7.883812998505695946e-01 8.085092970612606234e-01 7.978806907378337421e-01 8.268183942195072023e-01
7.892351879524150959e-01 8.086927409357973495e-01 7.982816085013888507e-01 8.270765880311905516e-01
7.885559587804924497e-01 8.063875730176952583e-01 7.987084893128849616e-01 8.280155919820439969e-01
7.889829028314152559e-01 8.070978918627321752e-01 7.990158193454897084e-01 8.284456211124942016e-01
7.899532302198762901e-01 8.086224617708895890e-01 7.993394517570342472e-01 8.280930145261778952e-01
7.902637349841836745e-01 8.096134227213619416e-01 7.974085255403936534e-01 8.264351004322390004e-01
7.896621320033379021e-01 8.100703862760634255e-01 7.988425310952782521e-01 8.272705280335892475e-01
7.888082439014924008e-01 8.090853487295341928e-01 7.988709093104697789e-01 8.275659862288661239e-01
7.876438510353394040e-01 8.081151279113214514e-01 7.988093225455863422e-01 8.280592201326348878e-01
7.882454540161850653e-01 8.089021190254644944e-01 7.993249607535320989e-01 8.284557840477525525e-01
7.878573230608006961e-01 8.087463497167586279e-01 7.983951213621542919e-01 8.275715832242485082e-01
7.863824254303402039e-01 8.079382716955925137e-01 7.979332206255282944e-01 8.270735821708925517e-01
7.862465795959556747e-01 8.076964945467950407e-01 7.976790242724308699e-01 8.271310870509172020e-01
7.865764909080323886e-01 8.064922181400688839e-01 7.968252626494384261e-01 8.270257238467946248e-01
7.862271730481864562e-01 8.062394484949586548e-01 7.973445236082599141e-01 8.275086146941519338e-01
7.857420093539559947e-01 8.063858899351545872e-01 7.975594734935393948e-01 8.278135566601454443e-01
7.867123367424169178e-01 8.068037091212251211e-01 7.984603308779133490e-01 8.286922088181377655e-01
7.864794581691862962e-01 8.070627150418635543e-01 7.980074870184761249e-01 8.281095882501652294e-01
7.858390420928020870e-01 8.082131471795527267e-01 7.970716097089722840e-01 8.273283786496773429e-01
7.875856313920316376e-01 8.080939019980128979e-01 7.962733969327375760e-01 8.268336535095850426e-01
7.898561974810301978e-01 8.092689570305738878e-01 7.970812703779737163e-01 8.274860951194683567e-01
7.902443284364143450e-01 8.101663355506237840e-01 7.977007607776838150e-01 8.276914550618929001e-01
7.901084826020299268e-01 8.112621747813570927e-01 7.986523366743146779e-01 8.284004908341140450e-01
7.881096081818004251e-01 8.092765377528898796e-01 7.992657891558990757e-01 8.292000889967736654e-01
7.876244444875701856e-01 8.096060587687526899e-01 8.002535925612848100e-01 8.301553836547600485e-01
7.870422480544935206e-01 8.088398454026379802e-01 8.006074145634585193e-01 8.302114994666055514e-01
7.855867569718022470e-01 8.080116309842737543e-01 8.000495109286318574e-01 8.291431097954828910e-01
7.843059248190339394e-01 8.064639444347226904e-01 7.992959787465283572e-01 8.282678021851973549e-01
7.862853926914941116e-01 8.066679997576831074e-01 7.989324960753532157e-01 8.284327658245431714e-01
7.886529915193387641e-01 8.081668746590385810e-01 8.003417461659219079e-01 8.295642496615519557e-01
7.892351879524152070e-01 8.082772909521651616e-01 7.988793623958460044e-01 8.288500924337500742e-01
7.891575617613382221e-01 8.088655447894910200e-01 7.997627098176549598e-01 8.294209579202965754e-01
7.889246831881076005e-01 8.093923941625214002e-01 8.001594010385219002e-01 8.295715787575526079e-01
7.902831415319528929e-01 8.104668565235775279e-01 8.003586523366743588e-01 8.297053738803724654e-01
7.899338236721069606e-01 8.095298463580282711e-01 7.998985629754860049e-01 8.293339345889505498e-01
7.891187486657998962e-01 8.094480687555078990e-01 8.010010868252626093e-01 8.303991723973599415e-01
7.880125754429543328e-01 8.088460616838717421e-01 8.001267962806424272e-01 8.296115774779901919e-01
7.883036736594927207e-01 8.086403917120434937e-01 8.000724550175100092e-01 8.293648329838849698e-01
7.892351879524150959e-01 8.091175062554464281e-01 8.002270257215312599e-01 8.293886925440405733e-01
7.908459314172602284e-01 8.108265955093247879e-01 8.003646902548000597e-01 8.295350433668061685e-01
7.904772070096449665e-01 8.114083361350870049e-01 7.997077647627098829e-01 8.290231377882366637e-01
7.899726367676453975e-01 8.106633326812928697e-01 7.981813790604999070e-01 8.277817125760009720e-01
7.891963748568767700e-01 8.098399505799576126e-01 7.982852312522641380e-01 8.275877450413376968e-01
7.900502629587222714e-01 8.105304194193347911e-01 7.981596425552469620e-01 8.274248573384050953e-01
7.905548332007218404e-01 8.102991772712156981e-01 7.979489192126555386e-01 8.273998392024292103e-01
7.895650992644918098e-01 8.104529188791065319e-01 7.984977659702934272e-01 8.279146704626130227e-01
7.908265248694910099e-01 8.119829077470633871e-01 7.992186933945175653e-01 8.287030691957275597e-01
7.923596421432590464e-01 8.144083705888508495e-01 7.986028257456828650e-01 8.281933122954322490e-01
7.938927594170274160e-01 8.146582957005126246e-01 7.981113392102403559e-01 8.278208117052887616e-01
7.923790486910282649e-01 8.146170649238294592e-01 7.982490037435093777e-01 8.277775275492462725e-01
7.923596421432591574e-01 8.143427769712997533e-01 7.991414080425069955e-01 8.286016293501335950e-01
7.924954879776436867e-01 8.137719930905954469e-01 8.006327738195870847e-01 8.297430742102356316e-01
7.914863474936444376e-01 8.128008864214120166e-01 8.000096606690012546e-01 8.295253539768507878e-01
7.906324593917987142e-01 8.107544429096740224e-01 7.995785533148171975e-01 8.294839895641251681e-01
7.915251605891827635e-01 8.111890844719902294e-01 8.002692911484120541e-01 8.299410397391654426e-01
7.918550719012594774e-01 8.115886870576765055e-01 7.995217968844341438e-01 8.292612413548432482e-01
7.927477730986434157e-01 8.138666264234339920e-01 7.993346214225335311e-01 8.285703327682141239e-01
7.921849832133360803e-01 8.137836045242327065e-01 8.002741214829126593e-01 8.294197704929077153e-01
7.918356653534902589e-01 8.133289353282717737e-01 8.007927786499215994e-01 8.298236799708088585e-01
7.919132915445672438e-01 8.137796527460160467e-01 7.998683733848568345e-01 8.289053727410957695e-01
7.910399968949524130e-01 8.117146246330001480e-01 8.000603791812583854e-01 8.294153200559188921e-01
7.882842671117235023e-01 8.083307490935898176e-01 7.995133437990582514e-01 8.292569730332051137e-01
7.885947718760311087e-01 8.088075098814070385e-01 7.980286197319165220e-01 8.281362571483464885e-01
7.909817772516447576e-01 8.115604666246309939e-01 7.980618282816085429e-01 8.282537489244506945e-01
7.914669409458752192e-01 8.128597938976850346e-01 7.972503320854968933e-01 8.278062523823218610e-01
7.925731141687204495e-01 8.138606014731638583e-01 7.972285955802438373e-01 8.277395768165478618e-01
7.924178617865667018e-01 8.129990143156500260e-01 7.977949523004468357e-01 8.282378727938214391e-01
7.913893147547982343e-01 8.123270648567055829e-01 7.991432194179446391e-01 8.293137281160094521e-01
7.921655766655669728e-01 8.131922469694562450e-01 8.006376041540875788e-01 8.300237056908984501e-01
7.919521046401054587e-01 8.137234079853438162e-01 8.020335708247795514e-01 8.306457800623598953e-01
7.919326980923363513e-01 8.130484368029078368e-01 8.007559473493539581e-01 8.299528221891987467e-01
7.907877117739525730e-01 8.116556515043376052e-01 7.998876947228595879e-01 8.295407317453087348e-01
7.923208290477208315e-01 8.127478969766002148e-01 7.989777804612969714e-01 8.288950164860917624e-01
7.937375070348735573e-01 8.130070889167783088e-01 7.995833836493178026e-01 8.292713436720198228e-01
7.932329367928738773e-01 8.140559152433383128e-01 7.994553797850501020e-01 8.291966330104907357e-01
7.914475343981057787e-01 8.138194398079194869e-01 7.995254196353096532e-01 8.294273263392012430e-01
7.911370296337983943e-01 8.129968211472966555e-01 8.009419152276294751e-01 8.306984368467499324e-01
7.919909177356441177e-01 8.125567105125732770e-01 8.020492694119067956e-01 8.314776151795768566e-01
7.940868248947193786e-01 8.141965629607440524e-01 8.021084410095399297e-01 8.313544964795684944e-01
7.937375070348734463e-01 8.146437676336599765e-01 8.007704383528557734e-01 8.302918064880473459e-01
7.920297308311824436e-01 8.141398556050698510e-01 8.012281125467939358e-01 8.304082069419937984e-01
7.905742397484911699e-01 8.129212840463808654e-01 8.008863663808718503e-01 8.305080994028125607e-01
7.933105629839507511e-01 8.143419032816358039e-01 8.009539910638812099e-01 8.305675525105951085e-01
7.947854606144112433e-01 8.147379738367115376e-01 8.019876826470233588e-01 8.311973902647217249e-01
7.950377457354111943e-01 8.154661730324792579e-01 8.026772128969930087e-01 8.319217366173902173e-01
7.962797647926409539e-01 8.168410420151521745e-01 8.030720927424224165e-01 8.327319906199315280e-01
7.921267635700284249e-01 8.137998509098068878e-01 8.027158555729985157e-01 8.323732376191752547e-01
7.903995808185679817e-01 8.123870918559247256e-01 8.031650766815601195e-01 8.324059171417146352e-01
7.906712724873372622e-01 8.130703422662715063e-01 8.030153363120395849e-01 8.319505824195896349e-01
7.916027867802597484e-01 8.138649645792039866e-01 8.020685907499093270e-01 8.314222892203165793e-01
7.929806516718741483e-01 8.136702101066923820e-01 8.020649679990339287e-01 8.316672211991650299e-01
7.958722272894875882e-01 8.150777735598140339e-01 8.018258664412509784e-01 8.317166836088994986e-01
7.948242737099497912e-01 8.146309587731379587e-01 8.015940103852192689e-01 8.310293748123278590e-01
7.941062314424885971e-01 8.154152499432869572e-01 8.026512498490520064e-01 8.318527487927436237e-01
7.927283665508741972e-01 8.149244538064658316e-01 8.027864992150706147e-01 8.322472308357026227e-01
7.917192260668749482e-01 8.138075556607933247e-01 8.028088395121362186e-01 8.323867088019927252e-01
7.897591647421839944e-01 8.109595999710542680e-01 8.028257456828885585e-01 8.322217114024399454e-01
7.908847445127985543e-01 8.109844069643521447e-01 8.021289699311677790e-01 8.313582025487851190e-01
7.910011837994139761e-01 8.107550907326287470e-01 8.009274242241275488e-01 8.304072647609930247e-01
7.908847445127985543e-01 8.114646305033910156e-01 8.004709576138148153e-01 8.301773934275762379e-01
7.915833802324904189e-01 8.113089123058501162e-01 8.013675884555004902e-01 8.307550612933981560e-01
7.913310951114905789e-01 8.116941578421450476e-01 8.029114841202752428e-01 8.320518698218455356e-01
7.929806516718740372e-01 8.129633578366110003e-01 8.037555850742663655e-01 8.328026574007294514e-01
7.938151332259504311e-01 8.136334072482241941e-01 8.035056152638569982e-01 8.324985672507074774e-01
7.923790486910282649e-01 8.126302853195477294e-01 8.023052771404419747e-01 8.318512338249133276e-01
7.936986939393351204e-01 8.143583138512129338e-01 8.014321941794468884e-01 8.312521449927441353e-01
7.929030254807971634e-01 8.143710597604130186e-01 8.005252988769472333e-01 8.305122290976303390e-01
7.940286052514118342e-01 8.162487091898180669e-01 8.013102282333051107e-01 8.308282551943437788e-01
7.933299695317199696e-01 8.143733713104077676e-01 8.008942156744354168e-01 8.305828787775864086e-01
7.941062314424887081e-01 8.138492373462292706e-01 8.017618645091172391e-01 8.314227775328764114e-01
7.944361427545654220e-01 8.135856438839537130e-01 8.013609467455620194e-01 8.310386711123567416e-01
7.953288439519492492e-01 8.149462933747929627e-01 8.009841806545103804e-01 8.310273750721969277e-01
7.958722272894875882e-01 8.166152398596833173e-01 8.011520347784083507e-01 8.309534006013128415e-01
7.941450445380271450e-01 8.160668847634398038e-01 8.021084410095399297e-01 8.310711193955644394e-01
7.938345397737196496e-01 8.157470514008576812e-01 8.026482308899891560e-01 8.314173908602258134e-01
7.933299695317199696e-01 8.144527292663477080e-01 8.024296582538340550e-01 8.314176723977493300e-01
7.930388713151816926e-01 8.142933256024094124e-01 8.035370124381113754e-01 8.322865292003879256e-01
7.946496147800268250e-01 8.152295855946138925e-01 8.034247071609708080e-01 8.324841678321275307e-01
7.948242737099497912e-01 8.165448618503774458e-01 8.031771525178119653e-01 8.321996235097193217e-01
7.943973296590269850e-01 8.152382642505867638e-01 8.033377611399588059e-01 8.324289780162844599e-01
7.951541850220263941e-01 8.158598505954981484e-01 8.031892283540634780e-01 8.324532818254668509e-01
7.953482504997185787e-01 8.169207354842880076e-01 8.023028619731915612e-01 8.318389671341457348e-01
7.952706243086417048e-01 8.162400589676288565e-01 8.012981523970534870e-01 8.310415761864898831e-01
7.952318112131033789e-01 8.164465756149860143e-01 8.017461659219902170e-01 8.312139422394521082e-01
7.952706243086415938e-01 8.165488475731609297e-01 8.028746528197078236e-01 8.320368964553299662e-01
7.935434415571813727e-01 8.141034773026283311e-01 8.032665137060741589e-01 8.326016925941359670e-01
7.930194647674125852e-01 8.132722788993133056e-01 8.045006641709937512e-01 8.336638451645022041e-01
7.946108016844883881e-01 8.141494836991547412e-01 8.049728293684337288e-01 8.341057539776076668e-01
7.957751945506413849e-01 8.156726496329357312e-01 8.028607656080183341e-01 8.326715812210251366e-01
7.965708630091792308e-01 8.162268102174591311e-01 8.020492694119067956e-01 8.321105011017747577e-01
7.984921112383317476e-01 8.179763976886693655e-01 8.031240188383045320e-01 8.327849116359383741e-01
7.979487279007937417e-01 8.181383024555621830e-01 8.048327496679146265e-01 8.340298558413636876e-01
7.977158493275631201e-01 8.179281285720350070e-01 8.054111822243690266e-01 8.342498890999957561e-01
7.970754332511790219e-01 8.177128262207377096e-01 8.059014611761864399e-01 8.340344597016400296e-01
7.970560267034096924e-01 8.178410660145007949e-01 8.058459123294288151e-01 8.341383546559466566e-01
7.977740689708707755e-01 8.187553026509393206e-01 8.040103852191763378e-01 8.330214445859742689e-01
7.976576296842554648e-01 8.181789540988094744e-01 8.033474218089602381e-01 8.330947262509503792e-01
7.964738302703332495e-01 8.168787316114746178e-01 8.037423016543894239e-01 8.336239667294014222e-01
7.962118418754486893e-01 8.171319152414144860e-01 8.037845670812703291e-01 8.329812307083636069e-01
7.959304469327951326e-01 8.173932961426151333e-01 8.038002656683974623e-01 8.324330931703103342e-01
7.961245124104874282e-01 8.163199144502405469e-01 8.042567322787104178e-01 8.330086735609031345e-01
7.975800034931785909e-01 8.168734061281589520e-01 8.031119430020530192e-01 8.326898664910908909e-01
7.989966814803314277e-01 8.176295591043727384e-01 8.028197077647627466e-01 8.326083775189456748e-01
7.993848124357157969e-01 8.184209617706910134e-01 8.026011351286077566e-01 8.327218797299008601e-01
7.985309243338702956e-01 8.188482827119321072e-01 8.037773215795194215e-01 8.335649402121674267e-01
7.964932368181024680e-01 8.174834823903929237e-01 8.049015819345489708e-01 8.342833655228667489e-01
7.956781618117952926e-01 8.158196439862183125e-01 8.039632894577949385e-01 8.335805074689416339e-01
7.950959653787187387e-01 8.149290013704080238e-01 8.050332085496920698e-01 8.341300659866466294e-01
