7.672766791515456264e-01 7.959217562340834551e-01 7.376766091051804031e-01 7.755310859531845402e-01
7.686739505909292447e-01 7.993380310679364387e-01 7.395254196353097109e-01 7.779075150051798504e-01
7.691203011896212693e-01 8.009096590183342190e-01 7.409515758966309651e-01 7.797195204362963317e-01
7.678588755846221803e-01 8.009999596529369104e-01 7.406025842289578609e-01 7.796687397332172642e-01
7.662093190242389440e-01 8.001185836697732867e-01 7.401117014853277887e-01 7.797729867913920643e-01
7.652001785402394729e-01 7.993953047779636112e-01 7.400108682526265191e-01 7.798744040622023199e-01
7.636282481709328884e-01 7.986124327726171757e-01 7.399456587368675731e-01 7.801275440855564014e-01
7.631430844767023158e-01 7.987842396108224552e-01 7.398949402246105533e-01 7.800529002623259878e-01
7.608531118399348703e-01 7.966253175530364494e-01 7.397965221591595864e-01 7.795190084713627954e-01
7.595334665916280148e-01 7.959929931103761902e-01 7.405554884675764615e-01 7.799655705136093742e-01
7.588736439674745871e-01 7.964863424999395480e-01 7.412703779736746768e-01 7.802174456812612791e-01
7.588348308719361501e-01 7.972116509814559659e-01 7.417461659219901637e-01 7.800701748385583389e-01
7.582526344388598183e-01 7.972041852562368192e-01 7.415891800507186105e-01 7.795010774934915121e-01
7.576122183624754980e-01 7.962633569640822362e-01 7.411943002052892027e-01 7.789934344901192631e-01
7.573211201459372210e-01 7.953399228066306836e-01 7.418850380388842813e-01 7.795909172988484404e-01
7.570300219293989441e-01 7.952895837946165614e-01 7.412051684579157307e-01 7.791668744882518371e-01
7.567195171650915597e-01 7.949243926548893446e-01 7.416495592319769514e-01 7.798073638960323350e-01
7.572240874070910177e-01 7.955373007056505408e-01 7.426156261321097407e-01 7.810859673108561108e-01
7.552058064390925196e-01 7.938523634121127381e-01 7.418971138751357941e-01 7.811134611346313150e-01
7.561761338275534428e-01 7.934239527728438324e-01 7.416199734331603288e-01 7.806643236457352364e-01
7.558268159677075104e-01 7.923103441815351200e-01 7.429489192126554897e-01 7.812892210222430744e-01
7.547206427448620580e-01 7.905950869697908612e-01 7.440019321338002811e-01 7.825652035314757393e-01
7.550699606047079904e-01 7.908064396317355804e-01 7.441383890834439852e-01 7.830952987991998127e-01
7.553416522734770489e-01 7.902159034303328777e-01 7.439294771162903164e-01 7.827636947144216428e-01
7.548176754837081504e-01 7.901985498104049377e-01 7.433136094674556160e-01 7.820936552175820067e-01
7.535756564264781687e-01 7.897172072685244570e-01 7.442265426880810830e-01 7.820793743196818859e-01
7.534980302354012949e-01 7.892696646102566049e-01 7.443038280400917639e-01 7.817583586855580968e-01
7.548370820314773688e-01 7.900379062282398834e-01 7.447192368071489099e-01 7.817715506489464339e-01
7.581944147955520519e-01 7.927005987574647916e-01 7.455246950851346366e-01 7.825391257368646825e-01
7.613188689863960024e-01 7.941276938577263023e-01 7.460946745562130333e-01 7.824398125169024221e-01
7.641134118651631280e-01 7.956233851210161578e-01 7.467516000483034322e-01 7.824337724209081690e-01
7.642298511517785498e-01 7.966139228140942663e-01 7.476126071730467837e-01 7.833616802235842114e-01
7.623862291137030178e-01 7.957013273308146672e-01 7.475800024151671996e-01 7.839377740010164963e-01
7.604261677890120641e-01 7.945524844749781712e-01 7.470836855452240854e-01 7.834933668725730938e-01
7.589512701585514609e-01 7.941170000515789251e-01 7.473070885158796806e-01 7.835172080844888809e-01
7.578839100312444454e-01 7.934004176557414301e-01 7.465221591595216921e-01 7.831832006942818225e-01
7.554969046556307966e-01 7.919578902210876459e-01 7.486837338485690108e-01 7.847646484056745031e-01
7.554774981078615781e-01 7.918502291791383874e-01 7.495688926458157209e-01 7.854257505310716647e-01
7.554969046556306855e-01 7.908158045918793899e-01 7.497633136094674633e-01 7.850685625692137570e-01
7.563507927574762979e-01 7.913627875758648678e-01 7.496944813428330079e-01 7.847392816083600398e-01
7.577674707446291347e-01 7.919708910340755859e-01 7.495556092259390013e-01 7.845829370647079415e-01
7.617458130373188085e-01 7.938843301481877113e-01 7.495954594855693820e-01 7.843641821065758801e-01
7.642686642473169867e-01 7.953958661671527430e-01 7.496534234995773094e-01 7.842953232315771350e-01
7.656659356867006050e-01 7.970247645882611032e-01 7.494855693756792281e-01 7.841640645559334599e-01
7.653166178268546727e-01 7.965432941358999708e-01 7.501575896630842122e-01 7.855191873454065998e-01
7.655494964000854052e-01 7.960710631910867807e-01 7.498357686269774280e-01 7.853647248966189043e-01
7.637252809097790918e-01 7.946531269096609451e-01 7.495592319768143996e-01 7.851493522625232480e-01
7.607172660055502300e-01 7.915824122593692058e-01 7.495435333896873775e-01 7.854232520830675135e-01
7.580779755089366301e-01 7.899153579109212675e-01 7.483613090206497898e-01 7.844952024548361713e-01
7.565836713307070305e-01 7.887794141959794114e-01 7.478867286559593985e-01 7.841086239555987714e-01
7.555939373944768889e-01 7.889922795340970074e-01 7.485038038884193057e-01 7.845656840654471331e-01
7.534592171398629690e-01 7.884303113797616058e-01 7.497874652819707109e-01 7.859672495517855406e-01
7.540608201207087413e-01 7.886447607093386436e-01 7.495169665499336054e-01 7.856618607275862587e-01
7.573987463370140949e-01 7.908010198514194844e-01 7.490206496799902691e-01 7.851796822158163547e-01
7.572629005026296767e-01 7.911957482328597635e-01 7.479905808477237406e-01 7.836792751983905347e-01
7.556715635855536517e-01 7.902094868736048161e-01 7.481028861248641970e-01 7.835235429616629332e-01
7.555357177511692335e-01 7.900954095592988002e-01 7.488056997947106774e-01 7.841036382561561435e-01
7.546430165537851842e-01 7.899650293155002778e-01 7.495254196353098308e-01 7.845668188270765731e-01
7.558074094199382920e-01 7.901008179626771710e-01 7.491522762951334791e-01 7.833967712148431906e-01
7.553028391779386119e-01 7.889944229878429471e-01 7.489747615022340765e-01 7.833922740478425073e-01
7.569329891905527408e-01 7.896940360294049110e-01 7.497464074387152344e-01 7.839234461178691271e-01
7.579615362223214303e-01 7.903779753990245460e-01 7.508090810288612360e-01 7.849105985638737959e-01
7.595140600438587963e-01 7.905924019100944999e-01 7.513512860765607648e-01 7.849117428771748006e-01
7.587766112286286058e-01 7.902641469090745385e-01 7.509334621422533163e-01 7.842493611972197742e-01
7.569135826427836333e-01 7.886297721267718774e-01 7.510457674193937727e-01 7.844863771991105184e-01
7.557880028721690735e-01 7.879212054613433658e-01 7.501261924888298349e-01 7.841611285880624171e-01
7.530225698150556646e-01 7.866542017879224469e-01 7.509757275691339995e-01 7.860258207444525969e-01
7.510139921209415537e-01 7.849195649054627744e-01 7.509153483878757696e-01 7.857834588202764481e-01
7.545265772671700955e-01 7.877261838399391980e-01 7.524362999637725924e-01 7.868738057946551567e-01
7.557880028721690735e-01 7.883277585131254206e-01 7.530805458277987086e-01 7.877964847728221587e-01
7.564672320440917197e-01 7.885951404367044226e-01 7.531433401763072411e-01 7.878093971253663508e-01
7.578256903879369011e-01 7.898781075294933895e-01 7.537869822485205873e-01 7.879901347061082362e-01
7.583884802732441255e-01 7.904701492483724445e-01 7.542989977055910567e-01 7.877840049046258564e-01
7.591453356362437566e-01 7.901027142036611828e-01 7.533184398019563410e-01 7.865094235153392566e-01
7.587766112286284947e-01 7.892590697568069302e-01 7.522605965463108335e-01 7.852283310231311653e-01
7.564478254963223902e-01 7.879984620947122487e-01 7.509020649679990500e-01 7.845290391630240778e-01
7.544489510760929996e-01 7.876256660494651562e-01 7.500277744233787569e-01 7.842399701464545236e-01
7.553804653690154858e-01 7.895741750395814940e-01 7.500821156865112860e-01 7.842302091599191449e-01
7.547594558404006060e-01 7.897907034200558618e-01 7.516423137302258306e-01 7.853050322154310203e-01
7.548564885792465873e-01 7.903077719971469683e-01 7.540079700519261019e-01 7.876572270525639130e-01
7.559044421587843843e-01 7.900334734670124703e-01 7.542011834319526375e-01 7.876297841414656720e-01
7.554192784645539227e-01 7.885915442297051214e-01 7.539053254437869667e-01 7.869968919659272588e-01
7.537697219041704644e-01 7.874120403111564137e-01 7.528486897717667770e-01 7.861160857743847430e-01
7.537503153564011349e-01 7.865028636852289257e-01 7.521543291872961889e-01 7.854935513620466825e-01
7.547788623881697134e-01 7.872734716908373898e-01 7.515988407197198296e-01 7.852360208727805491e-01
7.554386850123231412e-01 7.875363204349560275e-01 7.511641106146600411e-01 7.847172082811064708e-01
7.553804653690154858e-01 7.861393633274682546e-01 7.520927424224128632e-01 7.858444746868322728e-01
7.559432552543228212e-01 7.868543623777958240e-01 7.521555367709213957e-01 7.862638451988552823e-01
7.565448582351685936e-01 7.880514949669230607e-01 7.533872720685907964e-01 7.874491705131354546e-01
7.558074094199382920e-01 7.874991513735059012e-01 7.548436179205408880e-01 7.892269732464677334e-01
7.552252129868617381e-01 7.874417402172426694e-01 7.536855452240067699e-01 7.885870209101264461e-01
7.548758951270158057e-01 7.872290736844500536e-01 7.520565149136577698e-01 7.872097234644690467e-01
7.556327504900153258e-01 7.872554056543468182e-01 7.517485810892404752e-01 7.865603207900354610e-01
7.574375594325526428e-01 7.879304162482853036e-01 7.511254679386547561e-01 7.858788343015657984e-01
7.556521570377844332e-01 7.869600502756068927e-01 7.496968965100833104e-01 7.848580205859485570e-01
7.551863998913233011e-01 7.871269069461704904e-01 7.491305397898805341e-01 7.837391261732531422e-01
7.571658677637835844e-01 7.887211093626614877e-01 7.501135128607656632e-01 7.843528326049030719e-01
7.556327504900152148e-01 7.880057090690331112e-01 7.512244897959183820e-01 7.857192083928078441e-01
7.545847969104775288e-01 7.870680824201616854e-01 7.520396087429054299e-01 7.864728007632501017e-01
7.541772594073239411e-01 7.872226869715259756e-01 7.532906653785774731e-01 7.881760457997601943e-01
7.548564885792465873e-01 7.880160817815500263e-01 7.541734090085738806e-01 7.886632079729284373e-01
7.544683576238623290e-01 7.882426834244149472e-01 7.542199009781427321e-01 7.885919505321711265e-01
7.554580915600922486e-01 7.893294847934622105e-01 7.549329791088033037e-01 7.891614651364664557e-01
7.571076481204758180e-01 7.906959663381889492e-01 7.553658978384253375e-01 7.887388061946345452e-01
7.567001106173223413e-01 7.892762388873748591e-01 7.557541359739161635e-01 7.890808574520898899e-01
7.573987463370139839e-01 7.888046235308472376e-01 7.548955440164231145e-01 7.884804778195766417e-01
7.553804653690154858e-01 7.880838385127518775e-01 7.544294167371090598e-01 7.884617895000176624e-01
7.569329891905528518e-01 7.902330495558120838e-01 7.546733486293926152e-01 7.888307441065114389e-01
7.605620136233964823e-01 7.926097021776474794e-01 7.552372901823450890e-01 7.885300398191257276e-01
7.598439713559353992e-01 7.914957433157792099e-01 7.547542567322786944e-01 7.879814307813374219e-01
7.577480641968599162e-01 7.896334380451595081e-01 7.526639294771162447e-01 7.861138104423922579e-01
7.569329891905529628e-01 7.892652048966130041e-01 7.512510566356721542e-01 7.850492442617437172e-01
7.558268159677075104e-01 7.874895419821417164e-01 7.502209878034052926e-01 7.840025653912147119e-01
7.570106153816298367e-01 7.879717065586927527e-01 7.513579277864992356e-01 7.854387898527929179e-01
7.567001106173222302e-01 7.881814425171185245e-01 7.519031517932617259e-01 7.860231478881231082e-01
7.576122183624753870e-01 7.891322336681974026e-01 7.540369520589300656e-01 7.882057610135677628e-01
7.578062838401675716e-01 7.890965855712577248e-01 7.542313730225819191e-01 7.884317886832256095e-01
7.577868772923983531e-01 7.903507174546998693e-01 7.533570824779616260e-01 7.873464782535164463e-01
7.576316249102447165e-01 7.898858416965381934e-01 7.527581209998792655e-01 7.867541465228498065e-01
7.565642647829377010e-01 7.897917009739578997e-01 7.534150464919695533e-01 7.875592288302883937e-01
7.569135826427837443e-01 7.888443878627257044e-01 7.517111459968602860e-01 7.858191445136489817e-01
7.547206427448620580e-01 7.872920508617865520e-01 7.509793503200095088e-01 7.850096777508659418e-01
7.540996332162470672e-01 7.874991593730247263e-01 7.523813549088275154e-01 7.864000069287868655e-01
7.541578528595547226e-01 7.878979455606408555e-01 7.549160729380509638e-01 7.893826532707117760e-01
7.552640260824001750e-01 7.885546148648370224e-01 7.560053133679507376e-01 7.901510010012182672e-01
7.567971433561684336e-01 7.894886143719563876e-01 7.561985267479773842e-01 7.900583774614208243e-01
7.559238487065534917e-01 7.900007456193779420e-01 7.563627581209997341e-01 7.900090614730888028e-01
7.565254516873992641e-01 7.898902689005753430e-01 7.559702934428209620e-01 7.897401801881820393e-01
7.562925731141687535e-01 7.907404787641412192e-01 7.554739765728777368e-01 7.893780336880532600e-01
7.560014748976304766e-01 7.904310188292388295e-01 7.534319526627218933e-01 7.871197940559080397e-01
7.551863998913233011e-01 7.894097234341823643e-01 7.511991305397899277e-01 7.849612254036795189e-01
7.561373207320150058e-01 7.897489291386496912e-01 7.504975244535684320e-01 7.841853793540233264e-01
7.574569659803216393e-01 7.905381403190475664e-01 7.510783721772732457e-01 7.849878320595167214e-01
7.590871159929359901e-01 7.917511782861045289e-01 7.535816930322424279e-01 7.871035547999840620e-01
7.579809427700906488e-01 7.903691890762979400e-01 7.550398502596304962e-01 7.887802955005726036e-01
7.587960177763979353e-01 7.913252721626421460e-01 7.550646057239462916e-01 7.888779143132050864e-01
7.565060451396301566e-01 7.900045708766179064e-01 7.544245864026084547e-01 7.883916587553321254e-01
7.568553629994758669e-01 7.895800853163068567e-01 7.540152155536770096e-01 7.880691319184711663e-01
7.586407653942439655e-01 7.909798052779341004e-01 7.543207342108441127e-01 7.880252621705586824e-01
7.598439713559355102e-01 7.912235453357463477e-01 7.547192368071489188e-01 7.883742061782776922e-01
7.597081255215509810e-01 7.917093601163152083e-01 7.553049148653544487e-01 7.893212573081861416e-01
7.584272933687827845e-01 7.912984743688946665e-01 7.549335829006159626e-01 7.893672430123707118e-01
7.566807040695531228e-01 7.898449795150230823e-01 7.548834681801713797e-01 7.894518607953475708e-01
7.560791010887073504e-01 7.898030813184766519e-01 7.538340780099022087e-01 7.880836654136831321e-01
7.563701993052456274e-01 7.897028590671053561e-01 7.535490882743629548e-01 7.872950664657138997e-01
7.559820683498612581e-01 7.891334000218258593e-01 7.538630600169061724e-01 7.874539321959417304e-01
7.568553629994760890e-01 7.899160197608516842e-01 7.547204443907740146e-01 7.887233436080907101e-01
7.580003493178598672e-01 7.907133397712303724e-01 7.537290182345127709e-01 7.876478993121778238e-01
7.584272933687825624e-01 7.916594405206642815e-01 7.548436179205408880e-01 7.877863358536626448e-01
7.573599332414755470e-01 7.904636102897940608e-01 7.541830696775750909e-01 7.873268865477097700e-01
7.554386850123231412e-01 7.885062814915059226e-01 7.540828402366863692e-01 7.882290101506702618e-01
7.544683576238622180e-01 7.880555191885703081e-01 7.529899770559111971e-01 7.876522560946587204e-01
7.555551242989384519e-01 7.889280568213010714e-01 7.519212655476391616e-01 7.865896982766437118e-01
7.583496671777057996e-01 7.902603122377798162e-01 7.523161453930683473e-01 7.865825842059044337e-01
7.594946534960895779e-01 7.915691368077171219e-01 7.527460451636276417e-01 7.870776459348797216e-01
7.601738826680122241e-01 7.919138141094769212e-01 7.538461538461538325e-01 7.882709770444985553e-01
7.594752469483203594e-01 7.907418039290191603e-01 7.540176307209274231e-01 7.873591385698930356e-01
7.594946534960894668e-01 7.907419714146907141e-01 7.543104697500301326e-01 7.869485776394340437e-01
7.577286576490909198e-01 7.899515181127304553e-01 7.538111339210240569e-01 7.869195380083260360e-01
7.568747695472453074e-01 7.903258916665216738e-01 7.542965825383407541e-01 7.883692210701730430e-01
7.580779755089366301e-01 7.914181678791749608e-01 7.547627098176548088e-01 7.891990666630666063e-01
7.597469386170894179e-01 7.923891288355868756e-01 7.550096606690013257e-01 7.882627867947562539e-01
7.597663451648585253e-01 7.920518346408010890e-01 7.539415529525419490e-01 7.866374270160514381e-01
7.576316249102447165e-01 7.909473072540973426e-01 7.541715976331361260e-01 7.877786470185602630e-01
7.573793397892448764e-01 7.913471632090209873e-01 7.551575896630842166e-01 7.896158460585385175e-01
7.581361951522445075e-01 7.917716030763561896e-01 7.557203236324115947e-01 7.902951390551593569e-01
7.584466999165518919e-01 7.919975335499764846e-01 7.564877430262044733e-01 7.907274867587817946e-01
7.580585689611674116e-01 7.915797255821233058e-01 7.554812220746285334e-01 7.901029014593899946e-01
7.585049195598594363e-01 7.912071695507086888e-01 7.544596063277382303e-01 7.890579627803695484e-01
7.600768499291661318e-01 7.916958191008487411e-01 7.547035382200216747e-01 7.890378905773988150e-01
7.586407653942439655e-01 7.911170479546185685e-01 7.548375800024151872e-01 7.892896977608585551e-01
7.562925731141687535e-01 7.898393227698379260e-01 7.554655234875015113e-01 7.902543094080386465e-01
7.571270546682451474e-01 7.907383239145846510e-01 7.560415408767056089e-01 7.900230825960280479e-01
7.576704380057830424e-01 7.917627776007564178e-01 7.553278589542326005e-01 7.892311996827279241e-01
7.609889576743191775e-01 7.944249426820368942e-01 7.556804733727811030e-01 7.900536588420349338e-01
7.645985755593935895e-01 7.957777701377665158e-01 7.556237169423982714e-01 7.894082807604786423e-01
7.633953695977022669e-01 7.941586798248738699e-01 7.549486776959304368e-01 7.891974257765943523e-01
7.595140600438589074e-01 7.915401272367954544e-01 7.551322304069556512e-01 7.895756127279791592e-01
7.577092511013215903e-01 7.910840169462813876e-01 7.550507185122570242e-01 7.897610341988459126e-01
7.592229618273205194e-01 7.925656746675375786e-01 7.551189469870789317e-01 7.896818263268379212e-01
7.585243261076287657e-01 7.919472016108703993e-01 7.541673710904479577e-01 7.886019501710821444e-01
7.589803799802052886e-01 7.913307963545191948e-01 7.543835285593526452e-01 7.881134425398075294e-01
7.593394011139358302e-01 7.912007624396724115e-01 7.555579036348266664e-01 7.891711394561559123e-01
7.612024296997806916e-01 7.933305395673797555e-01 7.562444149257336878e-01 7.899237455330296864e-01
7.622309767315490481e-01 7.935767416837127275e-01 7.554443907740610031e-01 7.894176024396704072e-01
7.619980981583187596e-01 7.926407570583410278e-01 7.540284989735540622e-01 7.875653369448957219e-01
7.614935279163190796e-01 7.926564780828160295e-01 7.535430503562372540e-01 7.873250299817236009e-01
7.607366725533195595e-01 7.931581843698332079e-01 7.545284385943726857e-01 7.888325934634394798e-01
7.610083642220885070e-01 7.938444170126800481e-01 7.552071005917159185e-01 7.893234453207873536e-01
7.620175047060878670e-01 7.946671160345054608e-01 7.561031276415891567e-01 7.902739371567818472e-01
7.628713928079333684e-01 7.959782851570973428e-01 7.561152034778408915e-01 7.901133345755608772e-01
7.614353082730113131e-01 7.949723504343386704e-01 7.556043956043956289e-01 7.897391424461652765e-01
7.607172660055502300e-01 7.933731702986946965e-01 7.553399347904842243e-01 7.895348885035848863e-01
7.601932892157813315e-01 7.927421577711857292e-01 7.549752445356840980e-01 7.896842343242433948e-01
7.602321023113198795e-01 7.920795769803443687e-01 7.541504649196956178e-01 7.889090346138128984e-01
7.606978594577811226e-01 7.920360160301969099e-01 7.532363241154449440e-01 7.880976704376801978e-01
7.602321023113197684e-01 7.928763898934545473e-01 7.535913537012437491e-01 7.878911968820834222e-01
7.586989850375517319e-01 7.929231409615578041e-01 7.535599565269894828e-01 7.877368877686545812e-01
7.570688350249374921e-01 7.923047155316333967e-01 7.540321217244293495e-01 7.884753718453656468e-01
7.551475867957848642e-01 7.917588968795308269e-01 7.542917522038400380e-01 7.889923639538856115e-01
