7.684800994665239582e-01 7.930272577691435121e-01 7.669037083623457818e-01 7.873288480608309214e-01
7.690583932108313592e-01 7.944540555770522872e-01 7.664437007255002765e-01 7.871652357929882493e-01
7.691017652416545225e-01 7.952138809214187587e-01 7.660528739246648122e-01 7.867081325581336548e-01
7.697957177348233593e-01 7.960943736132242154e-01 7.659046292760720576e-01 7.864521233446155613e-01
7.696366869551389822e-01 7.958342951024579559e-01 7.661804541676962010e-01 7.867235836174636399e-01
7.693186253957698950e-01 7.952232644740777623e-01 7.664212394151075358e-01 7.869160379423094653e-01
7.679885497838626618e-01 7.939406623947817820e-01 7.665883515644302815e-01 7.869385242884449072e-01
7.672223105726554415e-01 7.931931700735743718e-01 7.671274230138586114e-01 7.875032545265998607e-01
7.665428154230942148e-01 7.927918103652319415e-01 7.673704543923092203e-01 7.877712075925380475e-01
7.658922349607484303e-01 7.915023876388590507e-01 7.676575099391298451e-01 7.881940872950417010e-01
7.655886307449869532e-01 7.914365104167115916e-01 7.679495069742368063e-01 7.884652631203062922e-01
7.654874293397331275e-01 7.912660810999425642e-01 7.681804092450753574e-01 7.887277103834740011e-01
7.650537090315026045e-01 7.905892197534621912e-01 7.680070079288425777e-01 7.884902590947859835e-01
7.647211901285257962e-01 7.902452081833126751e-01 7.676835650591855575e-01 7.879067590281285671e-01
7.643163845075106044e-01 7.897559877253849114e-01 7.675317266009299422e-01 7.876347751581460610e-01
7.652850265292254761e-01 7.909704441580893697e-01 7.671503335504593624e-01 7.872971707954332654e-01
7.652705691856178660e-01 7.909409855822977509e-01 7.676098919610970794e-01 7.875993786096723293e-01
7.651838251239717614e-01 7.910898910653243465e-01 7.678210282787898411e-01 7.876595567009565535e-01
7.656320027758101165e-01 7.917022077201942842e-01 7.679054828058669013e-01 7.876504612652152071e-01
7.670343651057556222e-01 7.927975277877065130e-01 7.684652186608565971e-01 7.881483371036438479e-01
7.662536685509403478e-01 7.919450124057305640e-01 7.688695222479280389e-01 7.885228044416383586e-01
7.664416140178402781e-01 7.919709605784281958e-01 7.685635992003774231e-01 7.883457623387736257e-01
7.668897916696786332e-01 7.918737338154870908e-01 7.676862604164327308e-01 7.877558581039585395e-01
7.666584741719556506e-01 7.917894643809646471e-01 7.670169133667259498e-01 7.871746153503432764e-01
7.670777371365785635e-01 7.921992180778059112e-01 7.659190045147233894e-01 7.860635987536233049e-01
7.671933958854399993e-01 7.928635462149251634e-01 7.655147009276519476e-01 7.854141556704836713e-01
7.672078532290476094e-01 7.923072666291046673e-01 7.650807484108623768e-01 7.850320615073118624e-01
7.655741734013792321e-01 7.907067488481780426e-01 7.645326924372768396e-01 7.845311890565307422e-01
7.659356069915712606e-01 7.912693759253404124e-01 7.639630736057141380e-01 7.840307758112416980e-01
7.660946377712560817e-01 7.912757371739589374e-01 7.638318995530199995e-01 7.838363726488527528e-01
7.664126993306249469e-01 7.910871801161537542e-01 7.639325262235798775e-01 7.837905750261595639e-01
7.665428154230939928e-01 7.909692922414812699e-01 7.639693627726242831e-01 7.838603242253296965e-01
7.665283580794864937e-01 7.908824165766170644e-01 7.638166258619528692e-01 7.835315286388151446e-01
7.674825427575938663e-01 7.904241741432717072e-01 7.635605669234741821e-01 7.834792840973509032e-01
7.675259147884166966e-01 7.906724886994789259e-01 7.624923070011905279e-01 7.824735517187519918e-01
7.666151021411324873e-01 7.893239157877309786e-01 7.614635789851980086e-01 7.813388122159857785e-01
7.655452587141637899e-01 7.886935512876978027e-01 7.608059118168954971e-01 7.805473876410615741e-01
7.649091355954256155e-01 7.882737846669181092e-01 7.600566025021899819e-01 7.796037563197379949e-01
7.649380502826410577e-01 7.883951609478787592e-01 7.590134992475461306e-01 7.785719523261974695e-01
7.647067327849181861e-01 7.876568878326171141e-01 7.583243862446934491e-01 7.778352197101159327e-01
7.634778585782647786e-01 7.863629114775665396e-01 7.583818871992992205e-01 7.777866006630314022e-01
7.634778585782648896e-01 7.864866498595204369e-01 7.579730913501493417e-01 7.771612092836879260e-01
7.617863493761657390e-01 7.850233135102091531e-01 7.575768738348195308e-01 7.765719555578611821e-01
7.624369298385114124e-01 7.853877972678227071e-01 7.571150692931425397e-01 7.761797746330623138e-01
7.624513871821191335e-01 7.850720552281200693e-01 7.567193010040205170e-01 7.759494400175093176e-01
7.625092165565499069e-01 7.845973091902322949e-01 7.566020529637699221e-01 7.760874298256271731e-01
7.627260767106652795e-01 7.840721604269091927e-01 7.570189348846610988e-01 7.764237814766705714e-01
7.620899535919269940e-01 7.837602390294341470e-01 7.568976438085397440e-01 7.760344755424257723e-01
7.617140626581272445e-01 7.837194251948080836e-01 7.561528267559127769e-01 7.754104930887177893e-01
7.608899940724891398e-01 7.834590434443240436e-01 7.551187080254261330e-01 7.743686431046702401e-01
7.612152843036620320e-01 7.837920632912681596e-01 7.543631095438108058e-01 7.739510304817841524e-01
7.627549913978806106e-01 7.855394401767592516e-01 7.541843175130835686e-01 7.739525933614527231e-01
7.628706501467422685e-01 7.854999722279317753e-01 7.534633094494733729e-01 7.731828220548770947e-01
7.626104179618036216e-01 7.843854861872368023e-01 7.531196514004626641e-01 7.726531165936185719e-01
7.630875103008574190e-01 7.844117024475688593e-01 7.529875788953527271e-01 7.724277824814953508e-01
7.636802613887723190e-01 7.848122748051237219e-01 7.528640416881922093e-01 7.721024824025269906e-01
7.647790195029564586e-01 7.857980863988788256e-01 7.524251476831157470e-01 7.719478090855178554e-01
7.661018664430596647e-01 7.872916884125686909e-01 7.521982884481480669e-01 7.722009506393774370e-01
7.665139007358787726e-01 7.884933624974173050e-01 7.513586846656633567e-01 7.715341652068203881e-01
7.661524671456866331e-01 7.884946540864745668e-01 7.508887940522450677e-01 7.708845002169240068e-01
7.662970405817634001e-01 7.892039242967794355e-01 7.504737090361851548e-01 7.704922786736370099e-01
7.666151021411325983e-01 7.888562690906106845e-01 7.507630107140450537e-01 7.710516960092943517e-01
7.658054908991021037e-01 7.878868087545111143e-01 7.506992205925293593e-01 7.713001070815164173e-01
7.652416544984024238e-01 7.866786700887689054e-01 7.509858269131420849e-01 7.716687618999169551e-01
7.657332041810637202e-01 7.869637203716495222e-01 7.509736978055300272e-01 7.718467351244617802e-01
7.661090951148636918e-01 7.868996456106449600e-01 7.504898811796679725e-01 7.713869984438193050e-01
7.650681663751103256e-01 7.863456754647535352e-01 7.500676085442823382e-01 7.711364231086332843e-01
7.649814223134641100e-01 7.859380119679549859e-01 7.499472159205768929e-01 7.708466006921359526e-01
7.651693677803640403e-01 7.854382107185388096e-01 7.495671705487296776e-01 7.700303833625583572e-01
7.649958796570718311e-01 7.852551314942337601e-01 7.488133689719458363e-01 7.691743993232572629e-01
7.651693677803640403e-01 7.855461989786504118e-01 7.480865209676332839e-01 7.686750919722935560e-01
7.654440573089100752e-01 7.850903647357836412e-01 7.479014397699962347e-01 7.688625063796754588e-01
7.654585146525177963e-01 7.853818156429086539e-01 7.485240672940858264e-01 7.692949436545628572e-01
7.659500643351790927e-01 7.866567827155138692e-01 7.478798769120189593e-01 7.687607366164218581e-01
7.661235524584714129e-01 7.883592497869920113e-01 7.474378383234878687e-01 7.685218629153095504e-01
7.663259552689788423e-01 7.887656481665507036e-01 7.472051391478178317e-01 7.684144280542911654e-01
7.672512252598708837e-01 7.901220692719042038e-01 7.475510433278677036e-01 7.683804434148200357e-01
7.668608769824631910e-01 7.906643710976559714e-01 7.473812358212977847e-01 7.678703521024411449e-01
7.665283580794864937e-01 7.899532395297841347e-01 7.470025381280743781e-01 7.672311038845838205e-01
7.650247943442870513e-01 7.886494727318567044e-01 7.469167359223736202e-01 7.669288596280292580e-01
7.640706096661800117e-01 7.872049643399365859e-01 7.473713528447250010e-01 7.673054500607086048e-01
7.644465005999797613e-01 7.873871496441964268e-01 7.479616360818490683e-01 7.680603226132101113e-01
7.658777776171407092e-01 7.887490915815563719e-01 7.479427685811189663e-01 7.684272244014462849e-01
7.668753343260710231e-01 7.889949388584823753e-01 7.483003526425732188e-01 7.684742338450751831e-01
7.675114574448090865e-01 7.887873755250871532e-01 7.486336784888030227e-01 7.684900234677733977e-01
7.673668840087322085e-01 7.881883550503121505e-01 7.484629725298173053e-01 7.678041270597089074e-01
7.671211091674015048e-01 7.875798340829575084e-01 7.476651467846633370e-01 7.672548410682804576e-01
7.672512252598707727e-01 7.885218573981140899e-01 7.470721681902922073e-01 7.668953098372345289e-01
7.667452182336017552e-01 7.881970460650928878e-01 7.470919341434378858e-01 7.669069522278796347e-01
7.667163035463864240e-01 7.881941180190585872e-01 7.472797106983219972e-01 7.673455878829016363e-01
7.659211496479636505e-01 7.878769680606811932e-01 7.475487971968284295e-01 7.676883230107567346e-01
7.653283985600486394e-01 7.874086736040232237e-01 7.474728779677006774e-01 7.677974818008477254e-01
7.656898321502407789e-01 7.878010256096945607e-01 7.482922665708316989e-01 7.684108643854503651e-01
7.664126993306249469e-01 7.877317731741840801e-01 7.491062644594685960e-01 7.692787150528535012e-01
7.668030476080324176e-01 7.875121784044698536e-01 7.489714965971114857e-01 7.691644673736650617e-01
7.663404126125866744e-01 7.865844355692211964e-01 7.490469666000315607e-01 7.688333445954316225e-01
7.654151426216948551e-01 7.860995902671708002e-01 7.490101300509871551e-01 7.686872562818978238e-01
7.648946782518182275e-01 7.856373287321858356e-01 7.485680914624559534e-01 7.685380660578861045e-01
7.643886712255489879e-01 7.866543918890340770e-01 7.479009905437883354e-01 7.681135558525257201e-01
7.644175859127643191e-01 7.870670811825998259e-01 7.471368567642235892e-01 7.676556825949472085e-01
7.642585551330798310e-01 7.871106290773333125e-01 7.468682194919250561e-01 7.672912297580724017e-01
7.646922754413105761e-01 7.870677313554803600e-01 7.474270568944991755e-01 7.678582057400809013e-01
7.655308013705561798e-01 7.873734595560029081e-01 7.482203903775747067e-01 7.681653312213688745e-01
7.664126993306250579e-01 7.881889469944923787e-01 7.494063475663170770e-01 7.688829821506821816e-01
7.656898321502407789e-01 7.876467382078629065e-01 7.491700545809842904e-01 7.687609293610154770e-01
7.660078937096097551e-01 7.877765695319058903e-01 7.499508097302396425e-01 7.693231053924644014e-01
7.656536887912215317e-01 7.869024178794334912e-01 7.496354529323241422e-01 7.690971666278352270e-01
7.649958796570717201e-01 7.861592966953905304e-01 7.487805754587721907e-01 7.685555830814347900e-01
7.649091355954258376e-01 7.865319189006543255e-01 7.482069135913389513e-01 7.679459220238279427e-01
7.651115384059332669e-01 7.864796615793634427e-01 7.475016284450035631e-01 7.671106305264703273e-01
7.651259957495408770e-01 7.870760740128557309e-01 7.473255317715236101e-01 7.671670258352931704e-01
7.648079341901717898e-01 7.866467687359444128e-01 7.477882347656161777e-01 7.678347859717683521e-01
7.652994838728331972e-01 7.865251548462146580e-01 7.475528402326991895e-01 7.677168140396597451e-01
7.647211901285257962e-01 7.855464966673753047e-01 7.475420588037106073e-01 7.676095022424815895e-01
7.644465005999796503e-01 7.851274095973910239e-01 7.481521079939803531e-01 7.679669485836477794e-01
7.646778180977027439e-01 7.855735729893953412e-01 7.484288313380201840e-01 7.683413235449059187e-01
7.641573537278260053e-01 7.854153272999019331e-01 7.480335122751060606e-01 7.679784938618976486e-01
7.635212306090880530e-01 7.842681256584396188e-01 7.482203903775747067e-01 7.678578006943148626e-01
7.643742138819413778e-01 7.850505734822622594e-01 7.490146223130658143e-01 7.683545916635678985e-01
7.648513062209949531e-01 7.848954643925301067e-01 7.488762606410457323e-01 7.680874622086395487e-01
7.655452587141639009e-01 7.855584215361424150e-01 7.487648525414973832e-01 7.682484676203267249e-01
7.654151426216946330e-01 7.858245292266932136e-01 7.478412434581431789e-01 7.673225426548206940e-01
7.661090951148636918e-01 7.867959155091710510e-01 7.469697446149008435e-01 7.667059410255347984e-01
7.663114979253711212e-01 7.867436865075898567e-01 7.472994766514678977e-01 7.672497040024521819e-01
7.661524671456865221e-01 7.874989284026938652e-01 7.475052222546663128e-01 7.673240329268171678e-01
7.655597160577716220e-01 7.872147284517329036e-01 7.479212057231419131e-01 7.673668241614348684e-01
7.653428559036562495e-01 7.862761148465473582e-01 7.483488690730217829e-01 7.675899352639461437e-01
7.656175454322022844e-01 7.864106843018024984e-01 7.480380045371846087e-01 7.671349986123550124e-01
7.659356069915714826e-01 7.869761314806369423e-01 7.475514925540756028e-01 7.670634157940101616e-01
7.654729719961255174e-01 7.867134444616467048e-01 7.475582309471935361e-01 7.674063433142027657e-01
7.644609579435874824e-01 7.859861421768480350e-01 7.468327306215044592e-01 7.671118602150167609e-01
7.643308418511183255e-01 7.863067475125715688e-01 7.463219604231711157e-01 7.667620400966438376e-01
7.647934768465641797e-01 7.860279963461618280e-01 7.470312886053773749e-01 7.671636746840532206e-01
7.645477020052335870e-01 7.862271844220828365e-01 7.474036971316905253e-01 7.676911002135937689e-01
7.647501048157411274e-01 7.864645424054472755e-01 7.475726061858447569e-01 7.676573825907961890e-01
7.634128005320302002e-01 7.853166938859927892e-01 7.473318209384335331e-01 7.670986285771117519e-01
7.633911145166186740e-01 7.859449160346503316e-01 7.475151052312392075e-01 7.671129215289690384e-01
7.634200292038340052e-01 7.859253381148498807e-01 7.478825722692663547e-01 7.675641356568669860e-01
7.641284390406106741e-01 7.859276413707969589e-01 7.480016172143484354e-01 7.678843203587407684e-01
7.645766166924489182e-01 7.859598917685512998e-01 7.478349542912333670e-01 7.677342926546678603e-01
7.642296404458643888e-01 7.851751968581168750e-01 7.474953392780934180e-01 7.673524384129614129e-01
7.644898726308029246e-01 7.856375558443147167e-01 7.476723344039891694e-01 7.671886402777572389e-01
7.642151831022567787e-01 7.858309743324238816e-01 7.471916623615821873e-01 7.666761575457479161e-01
7.639404935737107438e-01 7.860406677415423538e-01 7.468736102064194027e-01 7.666034609890889362e-01
7.638971215428878025e-01 7.866407150914356272e-01 7.475932705914062337e-01 7.672394872979022562e-01
7.637380907632032034e-01 7.863240738417611730e-01 7.484117607421216789e-01 7.678579234743092563e-01
7.643019271639029943e-01 7.868508859741416561e-01 7.483583028233866674e-01 7.676483610219158038e-01
7.642730124766875521e-01 7.871756682226616064e-01 7.485177781271760145e-01 7.677832859732456328e-01
7.645043299744105347e-01 7.869357629665354459e-01 7.485635992003774053e-01 7.677454237308747320e-01
7.640850670097875108e-01 7.865477105618083886e-01 7.487163361110487081e-01 7.679656190713758379e-01
7.636513467015569878e-01 7.856510811467176669e-01 7.483147278812245506e-01 7.673559271633931811e-01
7.634200292038341162e-01 7.857102538757143595e-01 7.480820287055547357e-01 7.672582886664719437e-01
7.629863088956034822e-01 7.851658939486463318e-01 7.477293861323869306e-01 7.672244724796878357e-01
7.625525885873729592e-01 7.846331109009677673e-01 7.478569663754182084e-01 7.673758661215199783e-01
7.629284795211728198e-01 7.847606047401304297e-01 7.483695334785831488e-01 7.676195892894031036e-01
7.636513467015569878e-01 7.852482840770481642e-01 7.487958491498394320e-01 7.679262805060296238e-01
7.632609984241496281e-01 7.850674932786176896e-01 7.485887558680173193e-01 7.677959278643803342e-01
7.634489438910494474e-01 7.848267792062583181e-01 7.486058264639159354e-01 7.679152556331124702e-01
7.638392921684570291e-01 7.852017329625299302e-01 7.489616136205385910e-01 7.686965123217666118e-01
7.638392921684569181e-01 7.852931754604461911e-01 7.490146223130657033e-01 7.689671665698555314e-01
7.638826641992800814e-01 7.852387632836032028e-01 7.493713079221041573e-01 7.690359235553767547e-01
7.641718110714337264e-01 7.857374740007200264e-01 7.489634105253700769e-01 7.686078669047768930e-01
7.643597565383336567e-01 7.864225251353410551e-01 7.482554300217875154e-01 7.677190072392834352e-01
7.646922754413103540e-01 7.861161088373166406e-01 7.476642483322476496e-01 7.675409794243116535e-01
7.648513062209949531e-01 7.855878904166171406e-01 7.479885896543204682e-01 7.681093675899215434e-01
7.641862684150414475e-01 7.845646897558489208e-01 7.480191370364546177e-01 7.679550711107965277e-01
7.644175859127643191e-01 7.850037103516837034e-01 7.473695559398935151e-01 7.675012937131919788e-01
7.647790195029565696e-01 7.860720859174199493e-01 7.471206846207406604e-01 7.673089007796722871e-01
7.645187873180181448e-01 7.860069722996125829e-01 7.469176343747894187e-01 7.669700627547436644e-01
7.641428963842185063e-01 7.852157298697906018e-01 7.464657128096852112e-01 7.673962528200968247e-01
7.642730124766875521e-01 7.847594173183221056e-01 7.468197030614766030e-01 7.675952930260180329e-01
7.642585551330799420e-01 7.847233745829355067e-01 7.470977740841400205e-01 7.677206115640501372e-01
7.635501452963031621e-01 7.844137284438240654e-01 7.475833876148334500e-01 7.676775310761492221e-01
7.643886712255490989e-01 7.850542406780121052e-01 7.477868870869925910e-01 7.677773400683769456e-01
7.641284390406106741e-01 7.846791317243855257e-01 7.482311718065630668e-01 7.678749282791362818e-01
7.635790599835186043e-01 7.840900500103384907e-01 7.484261359807731218e-01 7.680634181801572202e-01
7.635790599835186043e-01 7.843409639292201474e-01 7.476453808315177696e-01 7.680289150733032866e-01
7.638392921684569181e-01 7.849154684138149873e-01 7.472945351631814503e-01 7.681701433793095557e-01
7.643452991947259356e-01 7.855952502279266447e-01 7.474387367759034451e-01 7.683269176675955325e-01
7.645187873180181448e-01 7.862673206808719062e-01 7.472689292693335261e-01 7.684377342890034157e-01
7.641573537278260053e-01 7.861646285816756841e-01 7.467635497854945292e-01 7.676618209064558496e-01
7.642296404458644998e-01 7.858125115860721266e-01 7.466669661508054112e-01 7.673222721158597937e-01
7.640995243533952319e-01 7.860922495709703472e-01 7.463525078053052653e-01 7.664873031065684295e-01
7.640850670097876218e-01 7.860069482988327749e-01 7.463489139956425156e-01 7.662177651729880079e-01
7.634634012346570575e-01 7.850914915940392369e-01 7.464854787628310007e-01 7.661834538258583960e-01
7.646778180977028549e-01 7.856871479894471655e-01 7.475555355899462517e-01 7.672658819345842263e-01
7.637959201376339768e-01 7.847604549784439332e-01 7.478363019698569536e-01 7.676074175948396361e-01
7.636658040451647089e-01 7.847467452560780155e-01 7.477585858358976045e-01 7.677308170823868849e-01
7.643452991947259356e-01 7.849927260158304776e-01 7.480442937040947537e-01 7.679146608183264888e-01
7.648079341901719008e-01 7.854891460332793507e-01 7.475887783293277966e-01 7.679418050779671656e-01
7.655741734013793431e-01 7.868165179950420418e-01 7.473075627232093066e-01 7.678501123028516062e-01
7.668319622952477488e-01 7.883378150737951895e-01 7.468763055636665760e-01 7.678738395649291615e-01
7.667741329208171974e-01 7.884967899363772847e-01 7.470335347364165379e-01 7.681954522997218593e-01
7.674825427575938663e-01 7.884408532617606102e-01 7.480281215606119360e-01 7.689626711004924342e-01
7.662247538637250166e-01 7.874811723214649728e-01 7.485716852721187031e-01 7.687499379889102258e-01
7.647067327849180751e-01 7.862388969219383794e-01 7.484000808607174093e-01 7.681351322250011826e-01
7.649235929390333366e-01 7.862860725773873627e-01 7.483268569888367194e-01 7.680423871757283694e-01
7.657187468374561101e-01 7.869058906014764210e-01 7.480159924529996562e-01 7.678490354906031268e-01
7.656320027758101165e-01 7.862288564928359147e-01 7.477433121448304743e-01 7.678274396364628274e-01
7.660801804276482496e-01 7.868032929356444383e-01 7.484557849104915839e-01 7.682989692249755365e-01
7.656464601194177266e-01 7.867272563282795561e-01 7.478304620291547078e-01 7.678351592871814901e-01
7.650826237187179357e-01 7.862898460221700025e-01 7.475169021360705823e-01 7.676429744336565886e-01
7.658344055863175459e-01 7.866520607144619204e-01 7.478228251836211982e-01 7.681559270476248091e-01
7.671789385418323892e-01 7.871104292907655786e-01 7.482680083556074724e-01 7.685388067683707192e-01
7.685668435281702848e-01 7.881905676154322693e-01 7.482769928797645687e-01 7.683879098637473870e-01
7.682776966560165288e-01 7.881921323039824401e-01 7.482024213292604031e-01 7.681382082891234919e-01
7.660946377712558597e-01 7.865022386297515489e-01 7.476669436894948229e-01 7.670848010083626267e-01
7.651693677803641513e-01 7.860363738826000590e-01 7.474014510006514733e-01 7.666738359991530638e-01
7.663404126125865634e-01 7.867593815081966868e-01 7.476377439859841489e-01 7.672099423986962208e-01
7.658488629299251560e-01 7.865417663397653580e-01 7.481458188270703191e-01 7.677693901673505739e-01
7.641573537278260053e-01 7.855024800724071943e-01 7.481709754947104551e-01 7.679653297948338952e-01
7.626537899926267849e-01 7.843809331865487788e-01 7.477576873834820281e-01 7.675733697365625385e-01
7.628706501467420464e-01 7.847349156637508649e-01 7.476175288066304603e-01 7.677850856483696695e-01
7.638826641992800814e-01 7.851599183965292106e-01 7.475420588037104963e-01 7.678507731428312333e-01
7.642007257586491686e-01 7.853010431172910977e-01 7.475824891624176516e-01 7.683573405892525354e-01
7.641718110714337264e-01 7.852551596453394289e-01 7.478762831023563207e-01 7.689968417492857311e-01
7.649525076262486678e-01 7.861881826090990621e-01 7.483120325239774884e-01 7.691793315188502067e-01
7.650247943442871623e-01 7.862828113108242256e-01 7.495918779901619144e-01 7.700874073417418586e-01
7.650826237187179357e-01 7.872839653033456564e-01 7.501547584286067938e-01 7.703438180645476585e-01
7.662825832381557900e-01 7.886726902833649522e-01 7.496192807888412135e-01 7.694226337095377843e-01
7.661090951148635808e-01 7.886289141000226710e-01 7.485644976527930927e-01 7.682474135156269757e-01
7.662536685509405698e-01 7.880788577377924042e-01 7.476696390467421072e-01 7.675385767861686581e-01
7.658633202735328771e-01 7.872781679170417490e-01 7.477873363132004902e-01 7.680072669090796111e-01
7.656753748066329468e-01 7.873938716121373638e-01 7.484054715752116449e-01 7.685551636680290066e-01
7.652850265292254761e-01 7.865763157177498854e-01 7.487428404573123197e-01 7.684653773769734020e-01
7.648513062209950641e-01 7.854714671028462103e-01 7.488169627816086971e-01 7.682527957935791907e-01
7.647501048157411274e-01 7.857289705471914854e-01 7.490797601132049843e-01 7.682454288291555855e-01
7.646199887232718595e-01 7.859303300119719893e-01 7.488097751622829756e-01 7.681755913697099203e-01
7.652850265292255871e-01 7.864886458559829929e-01 7.488412209968329236e-01 7.685420662779600676e-01
7.654151426216946330e-01 7.864401323960490409e-01 7.482212888299903941e-01 7.679106109727615870e-01
7.654006852780870229e-01 7.863281987195553935e-01 7.478295635767389093e-01 7.670735138550610621e-01
7.667163035463864240e-01 7.871596658506596622e-01 7.489845241571393419e-01 7.679975309452258259e-01
7.663693272998020056e-01 7.866969296476454820e-01 7.491583746995800208e-01 7.685600515344548356e-01
7.649091355954257265e-01 7.854809386104973923e-01 7.484459019339189112e-01 7.682394885790913008e-01
7.637091760759877612e-01 7.845241270068593620e-01 7.480658565620716960e-01 7.682130030421223665e-01
7.647067327849181861e-01 7.851490772460945067e-01 7.486237955122301280e-01 7.684152968608668477e-01
7.654440573089100752e-01 7.861283692053491201e-01 7.488991711776464832e-01 7.683989006264505539e-01
7.662681258945481799e-01 7.867944593040914203e-01 7.493928707800812106e-01 7.684927362289244446e-01
7.652705691856178660e-01 7.866422113057054410e-01 7.487509265290537286e-01 7.679362066765200723e-01
7.659789790223945349e-01 7.872367036124672257e-01 7.485950450349273533e-01 7.683469566057796740e-01
7.656609174630253367e-01 7.871954285046838251e-01 7.485200242582152885e-01 7.685579229885410868e-01
7.650681663751102146e-01 7.865613340845178936e-01 7.480676534669032929e-01 7.681187903392558969e-01
7.653139412164409183e-01 7.866628082907736186e-01 7.477913793490712502e-01 7.679914046092095603e-01
7.654729719961254064e-01 7.867665541102715210e-01 7.478286651243234440e-01 7.681115391189980990e-01
7.654729719961252954e-01 7.866925117858507566e-01 7.474832101704813603e-01 7.679026312014681777e-01
7.651115384059331559e-01 7.866742013708982739e-01 7.471283214662743921e-01 7.677601847694661696e-01
7.650826237187178247e-01 7.870869334462045064e-01 7.476561622605063517e-01 7.678545520490509535e-01
7.656898321502406679e-01 7.873426607425704216e-01 7.480218323937017910e-01 7.683490854348047350e-01
7.659211496479636505e-01 7.872672427204957524e-01 7.487823723636037876e-01 7.689077429050764634e-01
7.659066923043559294e-01 7.866240118614777899e-01 7.491547808899171601e-01 7.690937801833201970e-01
7.658777776171405982e-01 7.868552098600398725e-01 7.490864985063228065e-01 7.685910592878733016e-01
7.648657635646026742e-01 7.864150501698290441e-01 7.483021495474045937e-01 7.675724284800711228e-01
7.638971215428876915e-01 7.858491371602001063e-01 7.477307338110105173e-01 7.668618283662596014e-01
7.633766571730110639e-01 7.856246084811779884e-01 7.471179892634937092e-01 7.668400643894901503e-01
7.643308418511183255e-01 7.864379529358191956e-01 7.474504166573077146e-01 7.672053183785637609e-01
7.656175454322022844e-01 7.874772647327846764e-01 7.485069966981874323e-01 7.678255022973792254e-01
7.655163440269483477e-01 7.873487047377063508e-01 7.491305226746928225e-01 7.682827593569903080e-01
7.643019271639028833e-01 7.859932282295896133e-01 7.490119269558186410e-01 7.683744339218705477e-01
7.629284795211727088e-01 7.840862734330786843e-01 7.491705038071920786e-01 7.683563470682028829e-01
7.629863088956035932e-01 7.836905977192917261e-01 7.493524404213741663e-01 7.687571867024755035e-01
7.637814627940262557e-01 7.845757472348382500e-01 7.488106736146986631e-01 7.685016340163874915e-01
7.638537495120646392e-01 7.851849319646152514e-01 7.487486803980143435e-01 7.683347617092134429e-01
7.648368488773873430e-01 7.863261698394499177e-01 7.493488466117113056e-01 7.684290624664104064e-01
7.650681663751103256e-01 7.869639090434146222e-01 7.492859549426112986e-01 7.683840372186505618e-01
7.647934768465642907e-01 7.864747063571968511e-01 7.494216212573840963e-01 7.684391115563679042e-01
7.651404530931487091e-01 7.866376855176890892e-01 7.496785786482782488e-01 7.690230426374811135e-01
7.649814223134641100e-01 7.865537971427096764e-01 7.488978234990230076e-01 7.687463976045925129e-01
7.652705691856178660e-01 7.864245208404447851e-01 7.491997035107027525e-01 7.688463727802069547e-01
7.650247943442871623e-01 7.859459627653865299e-01 7.500226859234967458e-01 7.695305433911160398e-01
7.645043299744105347e-01 7.848648690715215315e-01 7.498618629410840342e-01 7.694425643039218832e-01
7.638103774812414759e-01 7.846311217783905612e-01 7.494854113788997907e-01 7.689867161189816169e-01
7.638971215428878025e-01 7.854176050924606134e-01 7.489467891556793600e-01 7.683626550189461835e-01
7.639260362301031337e-01 7.859936572017074408e-01 7.490882954111542924e-01 7.686454006435814446e-01
7.642585551330798310e-01 7.860299564061988820e-01 7.490078839199478811e-01 7.684152470832558146e-01
7.649525076262486678e-01 7.870541630920265819e-01 7.499094809191166888e-01 7.694469397968983770e-01
7.656175454322025065e-01 7.877808067643305989e-01 7.502446036701782006e-01 7.697379455015436189e-01
7.658777776171407092e-01 7.881658285641434114e-01 7.502517912895037000e-01 7.695866509742899098e-01
7.662392112073327377e-01 7.879781948570457883e-01 7.497765099615912865e-01 7.689378113698943640e-01
7.653573132472639706e-01 7.872914457160520296e-01 7.493156038723298717e-01 7.683959685017158758e-01
7.647501048157411274e-01 7.866938482423634360e-01 7.492023988679500368e-01 7.682088623289003992e-01
7.638971215428876915e-01 7.860581088051138421e-01 7.491979066058713776e-01 7.681632356226971714e-01
7.625381312437651271e-01 7.851551539088869047e-01 7.486058264639158244e-01 7.678731695185261330e-01
7.633332851421880116e-01 7.859117557210526517e-01 7.478187821477504382e-01 7.677498549765813252e-01
7.641139816970030640e-01 7.868531827157498881e-01 7.481332404932503621e-01 7.682192736877632155e-01
7.644031285691567090e-01 7.869870366985183274e-01 7.482985557377417329e-01 7.683157026115017274e-01
7.654151426216947440e-01 7.873876281511342778e-01 7.488888389748656893e-01 7.688168057271265177e-01
7.654440573089100752e-01 7.869476786951642433e-01 7.492302508928370131e-01 7.691503347409655023e-01
7.648946782518180054e-01 7.863426339921797403e-01 7.493165023247456702e-01 7.690975995936562004e-01
7.649669649698564999e-01 7.862991612110927786e-01 7.497585409132769829e-01 7.692901795193998193e-01
7.644754152871950925e-01 7.857386568201653043e-01 7.496435390040654401e-01 7.692977123403272888e-01
7.637525481068109245e-01 7.848186155180134627e-01 7.496246715033355601e-01 7.692127091002518569e-01
7.640850670097876218e-01 7.847352343569458100e-01 7.493874800655869750e-01 7.689476041969153242e-01
7.638537495120645282e-01 7.845809292537584412e-01 7.491359133891870581e-01 7.687781683535592769e-01
7.636079746707339355e-01 7.846258292336809603e-01 7.492688843467127935e-01 7.688218335724190666e-01
7.639838656045336851e-01 7.840451951401578023e-01 7.502401114080994304e-01 7.695859619114928662e-01
7.647501048157410164e-01 7.845547768174909731e-01 7.506542979717436559e-01 7.696387754417102212e-01
7.646633607540951338e-01 7.845100142684150457e-01 7.504916780844994584e-01 7.696919196253690920e-01
7.643452991947259356e-01 7.847432316742292135e-01 7.497217043642325773e-01 7.693106367671421753e-01
7.630875103008573079e-01 7.842220197163548567e-01 7.489050111183486180e-01 7.686380204519598358e-01
7.637525481068109245e-01 7.848945790927117638e-01 7.490784124345813977e-01 7.688982679728576519e-01
