7.526637655597160359e-01 7.660628031799633364e-01 7.706268951730644856e-01 7.828366996112871012e-01
7.539360117971924957e-01 7.677836433103252256e-01 7.707329125581187101e-01 7.830316526051112058e-01
7.542829880437768031e-01 7.679763565163485461e-01 7.711893263853012437e-01 7.835457795290974303e-01
7.546588789775765527e-01 7.684155450739003079e-01 7.714983940163068210e-01 7.838120692052902294e-01
7.548323671008688729e-01 7.692051511791656582e-01 7.717104287864153811e-01 7.839136503104664477e-01
7.544131041362460710e-01 7.692660086394429442e-01 7.720778958244424173e-01 7.842040135821655156e-01
7.540805852332692627e-01 7.697698956942189419e-01 7.724094247658408463e-01 7.846413438667531048e-01
7.544275614798537921e-01 7.704872750171329887e-01 7.725432941757822691e-01 7.846862455450895890e-01
7.558154664661914657e-01 7.717071017506175190e-01 7.729341209766178444e-01 7.853393824290750835e-01
7.557865517789761345e-01 7.721025486553245720e-01 7.726124750117921991e-01 7.851971143097602468e-01
7.562058147435990474e-01 7.723527560477192466e-01 7.726978279912849468e-01 7.853444025345843738e-01
7.556275209992916464e-01 7.718238404664348185e-01 7.722917274993822412e-01 7.846822127748136477e-01
7.542396160129537508e-01 7.713774481298336649e-01 7.717167179533253041e-01 7.838909713178500160e-01
7.532276019604158268e-01 7.716571497880326813e-01 7.715172615170369230e-01 7.834634514276587192e-01
7.544709335106767334e-01 7.732837057472033981e-01 7.718451966487724913e-01 7.837624660398914145e-01
7.548612817880842041e-01 7.745909900909190293e-01 7.721021540396667548e-01 7.838881526150163204e-01
7.554829475632147684e-01 7.746942584476341764e-01 7.722225466633723112e-01 7.836876101241403436e-01
7.539649264844078269e-01 7.735732479791883609e-01 7.719350418903438982e-01 7.831060558242108893e-01
7.526782229033237570e-01 7.725607306897968041e-01 7.717167179533255261e-01 7.829592538919001310e-01
7.517963249432547679e-01 7.719599126915108744e-01 7.717535545023695986e-01 7.830599926399564037e-01
7.504662493313479787e-01 7.700642738775875795e-01 7.710509647132812727e-01 7.822590161937758024e-01
7.500759010539403970e-01 7.692046941834016494e-01 7.704319309988544306e-01 7.813779631610708876e-01
7.503072185516633796e-01 7.687115199800363952e-01 7.697823499022933280e-01 7.803250637640433141e-01
7.508132255779323971e-01 7.690985805159946676e-01 7.692181217852249731e-01 7.795463910140688624e-01
7.508421402651477283e-01 7.685272705786977410e-01 7.688560454616921724e-01 7.789204406895412491e-01
7.516951235380011642e-01 7.688494415948774474e-01 7.686125648570338864e-01 7.781998989869747252e-01
7.520565571281931927e-01 7.690648315969396132e-01 7.680411491206398100e-01 7.774300380594190152e-01
7.510734577628705999e-01 7.692610922329466971e-01 7.671040632510500723e-01 7.763125066659805062e-01
7.511891165117321467e-01 7.692761442687543472e-01 7.661723680959546812e-01 7.751129498933593265e-01
7.506686521418555191e-01 7.693564871714211328e-01 7.659639271355092038e-01 7.749750723223330917e-01
7.515216354147088440e-01 7.703917460828804131e-01 7.654751690213608128e-01 7.746124470857157496e-01
7.518541543176856523e-01 7.707437026366381616e-01 7.645371846993553877e-01 7.737782316180379372e-01
7.517963249432548789e-01 7.707603726766778518e-01 7.631526695267401017e-01 7.724202833873627938e-01
7.518252396304703211e-01 7.708703818613267256e-01 7.622039037757463165e-01 7.714309860743303604e-01
7.522445025950932340e-01 7.708675341420230254e-01 7.615516273219380405e-01 7.709333050446329771e-01
7.524758200928161056e-01 7.709611171315016165e-01 7.606513780013925974e-01 7.702207817183266414e-01
7.536324075814310186e-01 7.722142985027540263e-01 7.603436580490104957e-01 7.699130441733588182e-01
7.549046538189074784e-01 7.732327400564433795e-01 7.598454661844971092e-01 7.696682001238025483e-01
7.543552747618154086e-01 7.727702671624107067e-01 7.590206868668718521e-01 7.693809108153307763e-01
7.541962439821305875e-01 7.730849527277672273e-01 7.585211473237349900e-01 7.690858525058855699e-01
7.534589194581388094e-01 7.728689397485571932e-01 7.586190786370476946e-01 7.695502140794732160e-01
7.534878341453541406e-01 7.727888489897896118e-01 7.583773949372205614e-01 7.693855545550805086e-01
7.555407769376455418e-01 7.745110412554316870e-01 7.583522382695806474e-01 7.692307467250402153e-01
7.555118622504299886e-01 7.748344266874143127e-01 7.586388445901934841e-01 7.688875225945601688e-01
7.542107013257385306e-01 7.748985495009070856e-01 7.583589766626984696e-01 7.683900381931454415e-01
7.535745782070003562e-01 7.742939728458846371e-01 7.581797354057636662e-01 7.682611591130816819e-01
7.533577180528849837e-01 7.741110439316273295e-01 7.584492711304776646e-01 7.685237426373290326e-01
7.520420997845855826e-01 7.733651775078254076e-01 7.581761415961006945e-01 7.682649190947478113e-01
7.510734577628705999e-01 7.723690750768943403e-01 7.578257451539722744e-01 7.680116860783916533e-01
7.506108227674247457e-01 7.712913117946686992e-01 7.571716717953325126e-01 7.678975833518502103e-01
7.497433821509635887e-01 7.704642570635056309e-01 7.564951371262997881e-01 7.673746824484712903e-01
7.498445835562175255e-01 7.710363843545622320e-01 7.562889422968935849e-01 7.673000175499155029e-01
7.491072590322254143e-01 7.714149017140156106e-01 7.552000179690483428e-01 7.665045126464226088e-01
7.479940435744336646e-01 7.707243910214747196e-01 7.546357898519798768e-01 7.659618590507861757e-01
7.475024938917723683e-01 7.706555365636105215e-01 7.546631926506592869e-01 7.658256950283212072e-01
7.478494701383567866e-01 7.707274749585226736e-01 7.544520563329664142e-01 7.654998372804173723e-01
7.487313680984255537e-01 7.723608975682860756e-01 7.539354461939310470e-01 7.649030738593102230e-01
7.483410198210180830e-01 7.735217354740693274e-01 7.535634868938254627e-01 7.646318003758003634e-01
7.486590813803870592e-01 7.739771498650442894e-01 7.528653893668156849e-01 7.642647813063888629e-01
7.482398184157641463e-01 7.738589193797443810e-01 7.524907347094629273e-01 7.643584995197686416e-01
7.496566380893174841e-01 7.748183464108466811e-01 7.528824599627143010e-01 7.648242825966562464e-01
7.497867541817865300e-01 7.745840279219096125e-01 7.535122751061296142e-01 7.653149238701933976e-01
7.489482282525409262e-01 7.735933055309112127e-01 7.532526223579883995e-01 7.649287696321800389e-01
7.481675316977258738e-01 7.724980977656346059e-01 7.529381640124885866e-01 7.643537286136111719e-01
7.475747806098107517e-01 7.715765273309500571e-01 7.519579524269446313e-01 7.639325415050290946e-01
7.468374560858187516e-01 7.711872531940271447e-01 7.514867141349026447e-01 7.638113456408555102e-01
7.470687735835417342e-01 7.707077817184622148e-01 7.521735810067158301e-01 7.645868978158238960e-01
7.481819890413337060e-01 7.716456151764681248e-01 7.518052155162732175e-01 7.643168588496438431e-01
7.489482282525409262e-01 7.718772597356118315e-01 7.513874351429663534e-01 7.640675930324453136e-01
7.487313680984255537e-01 7.720004983319410652e-01 7.509723501269063295e-01 7.635845446489486488e-01
7.487169107548179436e-01 7.719157082756586963e-01 7.511412591810605610e-01 7.636017683209658236e-01
7.476615246714568563e-01 7.717100426589232898e-01 7.503578086745580356e-01 7.626024380410927339e-01
7.468229987422111416e-01 7.711674811977292654e-01 7.500451472338895975e-01 7.622400074852281326e-01
7.464760224956267232e-01 7.712342207613510636e-01 7.496004132881111115e-01 7.615402039583681892e-01
7.460133875001808690e-01 7.710247105226109010e-01 7.498133465106353590e-01 7.619097424225641513e-01
7.458543567204962699e-01 7.708465004860288738e-01 7.505038071921115161e-01 7.624293557719495906e-01
7.465627665572727167e-01 7.708681455497831125e-01 7.513011837110576963e-01 7.633120937068855749e-01
7.464760224956267232e-01 7.705753074193836261e-01 7.517279486085217677e-01 7.639201927172558637e-01
7.475892379534184728e-01 7.717078398468386613e-01 7.513865366905505550e-01 7.635653151141055250e-01
7.474302071737339848e-01 7.711551367665626655e-01 7.507764875002808092e-01 7.630217102441548827e-01
7.471410603015801177e-01 7.713457706799743407e-01 7.501278048561352829e-01 7.624465618512306087e-01
7.469386574910725773e-01 7.715811831796662856e-01 7.497845960333326953e-01 7.620065420982160553e-01
7.458543567204961589e-01 7.703998254778195998e-01 7.497558455560295876e-01 7.621155957782084212e-01
7.461290462490421938e-01 7.690079749684808341e-01 7.499894431841154230e-01 7.624236427474265776e-01
7.461579609362575249e-01 7.687520599206677518e-01 7.503973405808496144e-01 7.629727141676798663e-01
7.469386574910725773e-01 7.693553302893596513e-01 7.510648907257249096e-01 7.637560802970309037e-01
7.463892784339805075e-01 7.699413540956288049e-01 7.513721614518991121e-01 7.638562389821805798e-01
7.468519134294263617e-01 7.709379802316201902e-01 7.516524786056018037e-01 7.637195072223362802e-01
7.466205959317036012e-01 7.705480964331475890e-01 7.523442869657016585e-01 7.639057938417956883e-01
7.462302476542960195e-01 7.700483171200869226e-01 7.523415916084544852e-01 7.641419906172008947e-01
7.471555176451878388e-01 7.702773074345635740e-01 7.523155364883987728e-01 7.640963523328772045e-01
7.474302071737339848e-01 7.708047185665592993e-01 7.521268614810987518e-01 7.641609894483240017e-01
7.483554771646258041e-01 7.711147742557039608e-01 7.516399002717817357e-01 7.637350907408302358e-01
7.477048967022799086e-01 7.707158082155896039e-01 7.513604815704948425e-01 7.636910021059662990e-01
7.484566785698795188e-01 7.709270743145163474e-01 7.514593113362233456e-01 7.637649897377303265e-01
7.489337709089332051e-01 7.718458631962157313e-01 7.519301004020574331e-01 7.641760076707859728e-01
7.488470268472871005e-01 7.719150149212991030e-01 7.523990925630601456e-01 7.647061211192784924e-01
7.497578394945711988e-01 7.733536020699325331e-01 7.529682621684148369e-01 7.648530362421761541e-01
7.494686926224174428e-01 7.726858914459696637e-01 7.531160575907999144e-01 7.648575380744697672e-01
7.492952044991252336e-01 7.719393055404129012e-01 7.530585566361941430e-01 7.649555137445517294e-01
7.501771024591941117e-01 7.726231823672007337e-01 7.529408593697356489e-01 7.648323466778722546e-01
7.506975668290708503e-01 7.737192448169345482e-01 7.527243323375485407e-01 7.645838460602987219e-01
7.493819485607714492e-01 7.728880106204377709e-01 7.523056535118259891e-01 7.640665158716899441e-01
7.495554366840636584e-01 7.732003753865206441e-01 7.522589339862086888e-01 7.640227268219264012e-01
7.493674912171638391e-01 7.731455041074513090e-01 7.524804025066822444e-01 7.642383036468732849e-01
7.497433821509635887e-01 7.734151791369164863e-01 7.523164349408144602e-01 7.641348577070422587e-01
7.493674912171638391e-01 7.729483916389396914e-01 7.518195907549247714e-01 7.639232189657104710e-01
7.490205149705793097e-01 7.723766007928984934e-01 7.514669481817568553e-01 7.638052342288754737e-01
7.478928421691798389e-01 7.712308364686988327e-01 7.511053210844320649e-01 7.633072879056570503e-01
7.481964463849412050e-01 7.709986481402119063e-01 7.519485186765795248e-01 7.640177416357805118e-01
7.482398184157643684e-01 7.702148384938529713e-01 7.527333168617057479e-01 7.646502105912377223e-01
7.490349723141871419e-01 7.705428751661510534e-01 7.532566653938590484e-01 7.653058982585199121e-01
7.498301262126096933e-01 7.714424329371104561e-01 7.535967296332066745e-01 7.658499232258015876e-01
7.501771024591941117e-01 7.722943454478961023e-01 7.532696929538869046e-01 7.655133551944776071e-01
7.494831499660251639e-01 7.723670687256949385e-01 7.523645021450551251e-01 7.645932940700220781e-01
7.484422212262717977e-01 7.717902423808122858e-01 7.516102513420632736e-01 7.635969997695942757e-01
7.482976477901949197e-01 7.721713857623531130e-01 7.512652456144292001e-01 7.633562834312386247e-01
7.486879960676025014e-01 7.715987153218031303e-01 7.511479975741784942e-01 7.632777546092890386e-01
7.482831904465874207e-01 7.711307528297823843e-01 7.514305608589205709e-01 7.634987724998998360e-01
7.480085009180413858e-01 7.703924410120401856e-01 7.522400664854786978e-01 7.641778291665282108e-01
7.473000910812647168e-01 7.697407033397811738e-01 7.522858875586800886e-01 7.640332184986016184e-01
7.458832714077114900e-01 7.693048936282748107e-01 7.522036791626423025e-01 7.636847824934672735e-01
7.453338923506195313e-01 7.689453036851450207e-01 7.526228072145728643e-01 7.643176695593398851e-01
7.457676126588501653e-01 7.690889993937318758e-01 7.527719503155814174e-01 7.646542463635113140e-01
7.462591623415113506e-01 7.698056826563225430e-01 7.528465218660855829e-01 7.649254014286652748e-01
7.461579609362575249e-01 7.697937511667265476e-01 7.523689944071336733e-01 7.645759714461867196e-01
7.477771834203182921e-01 7.714039501578106028e-01 7.520415085016058931e-01 7.642391474826979447e-01
7.483554771646258041e-01 7.719147395743302109e-01 7.515922822937490810e-01 7.635942928235319727e-01
7.487747401292486060e-01 7.723201065868374737e-01 7.513514970463376352e-01 7.633136341281014925e-01
7.495554366840636584e-01 7.726523711113857384e-01 7.518285752790818677e-01 7.640484318778915096e-01
7.496710954329250942e-01 7.718472089553669591e-01 7.525194851867658130e-01 7.647451734613572860e-01
7.481819890413334839e-01 7.703372934070809031e-01 7.524835470901372059e-01 7.642578337744357908e-01
7.467507120241727581e-01 7.685856711475431702e-01 7.519372880213830435e-01 7.640836824114276560e-01
7.471121456143648976e-01 7.684616979568805739e-01 7.524350306596887528e-01 7.648841617908940238e-01
7.472856337376569957e-01 7.686681159516925987e-01 7.524498551245479838e-01 7.650741012615608350e-01
7.477627260767106820e-01 7.701431975329910973e-01 7.527683565059185566e-01 7.651942199085057794e-01
7.476326099842415251e-01 7.708267133154125261e-01 7.534457896273668576e-01 7.657172948010566582e-01
7.476759820150644664e-01 7.699672778421360331e-01 7.536506367781496962e-01 7.658664418788295736e-01
7.468808281166418039e-01 7.700774940431884819e-01 7.530091417533297804e-01 7.652798518388468363e-01
7.466495106189188213e-01 7.703991100420350957e-01 7.527831809707777877e-01 7.646073110647175763e-01
7.469242001474649673e-01 7.706290463669034363e-01 7.524898362570472399e-01 7.642009948983747858e-01
7.477338113894952398e-01 7.709291589418627577e-01 7.527211877540935792e-01 7.644833187827823062e-01
7.471555176451878388e-01 7.703044798961395934e-01 7.525302666157542841e-01 7.646826673164457411e-01
7.467217973369573158e-01 7.698882784069053242e-01 7.524188585162058240e-01 7.645147498237635508e-01
7.464471078084112809e-01 7.696612101053055266e-01 7.523433885132857490e-01 7.646980432874009859e-01
7.457531553152423331e-01 7.690292474038262771e-01 7.524709687563172489e-01 7.646802791758687823e-01
7.477482687331029609e-01 7.704472743373207422e-01 7.529794928236113183e-01 7.652978669716542504e-01
7.487313680984256647e-01 7.705174355046546797e-01 7.531987152130454888e-01 7.654015982762880643e-01
7.488614841908947106e-01 7.698848024301641058e-01 7.528608971047371368e-01 7.652164986994864915e-01
7.487747401292487170e-01 7.699573456025869955e-01 7.523874126816558761e-01 7.647154193687515367e-01
7.499891569922942924e-01 7.722402308822591266e-01 7.527512859100200515e-01 7.652125456886273991e-01
7.504228773005248154e-01 7.725772832981379068e-01 7.533415691471441189e-01 7.658699644092261671e-01
7.506397374546400769e-01 7.728604858343982587e-01 7.534700478425911951e-01 7.661100470295942877e-01
7.509722563576168852e-01 7.729851171575355950e-01 7.532975449787739919e-01 7.660591505734228868e-01
7.501048157411556172e-01 7.723034689302373801e-01 7.537368882100582423e-01 7.663249975171535500e-01
7.488036548164639372e-01 7.712819667681743985e-01 7.538891758945216459e-01 7.661820229669757953e-01
7.484133065390565775e-01 7.703739457390182954e-01 7.537261067810695492e-01 7.661111975042035338e-01
7.487602827856407739e-01 7.705901125737506518e-01 7.528015992452999905e-01 7.654193678410601276e-01
7.486446240367794491e-01 7.716943086894100245e-01 7.526398778104714804e-01 7.653949814851623845e-01
7.485000506007025711e-01 7.721732206152288613e-01 7.524574919700814934e-01 7.649691071749493698e-01
7.485000506007026821e-01 7.724750426867268427e-01 7.526317917387299605e-01 7.650163172890080965e-01
7.479795862308259435e-01 7.725098158144112492e-01 7.528887491296241130e-01 7.652921526280396236e-01
7.477627260767106820e-01 7.728405476145907560e-01 7.528150760315356349e-01 7.652901005533002676e-01
7.484422212262719087e-01 7.728468617268712260e-01 7.536272770153411571e-01 7.661427617637394105e-01
7.499457849614711291e-01 7.734495370594128838e-01 7.536730980885426590e-01 7.661286314834447886e-01
7.496855527765329263e-01 7.731311182967411932e-01 7.533963747445026060e-01 7.659569803057226789e-01
7.494686926224174428e-01 7.728438194116521442e-01 7.532481300959097403e-01 7.655472584551870074e-01
7.492229177810868501e-01 7.720314027507870769e-01 7.534152422452325970e-01 7.656367377309426514e-01
7.491650884066561877e-01 7.715359919298114821e-01 7.535194627254554467e-01 7.656117644860902516e-01
7.493819485607714492e-01 7.713510644818535322e-01 7.533155140270882955e-01 7.653064476880154787e-01
7.491650884066562988e-01 7.723152417350018784e-01 7.536025695739089203e-01 7.655460901112987049e-01
7.487891974728563271e-01 7.721962279846863453e-01 7.528842568675456759e-01 7.647324043326140242e-01
7.487747401292486060e-01 7.722467702552991975e-01 7.525073560791536442e-01 7.645407635085442744e-01
7.484277638826641876e-01 7.722032117455490674e-01 7.522122144605916105e-01 7.643384057091116013e-01
7.482109037285489261e-01 7.715806129466876717e-01 7.525491341164843861e-01 7.646127237710799163e-01
7.486012520059563968e-01 7.718397574518259807e-01 7.529022259158599795e-01 7.651404437078542786e-01
7.490205149705793097e-01 7.724607502188567398e-01 7.527539812672672248e-01 7.648760575779853799e-01
7.490928016886176932e-01 7.731474399862279245e-01 7.525590170930571698e-01 7.646460972719226756e-01
7.484855932570950721e-01 7.728733248224138874e-01 7.528209159722377697e-01 7.649308727992738532e-01
7.475024938917723683e-01 7.720881020900092206e-01 7.526830035264256979e-01 7.648990816784414504e-01
7.473579204556953792e-01 7.718653421912816670e-01 7.527414029334470458e-01 7.649910698681618992e-01
7.469964868655033507e-01 7.712134465694853169e-01 7.530522674692842200e-01 7.652128330114460475e-01
7.463169917159420130e-01 7.706575541764795201e-01 7.530325015161385416e-01 7.648847291684504057e-01
7.475024938917722572e-01 7.716991328301094910e-01 7.531385189011927661e-01 7.649669974492101510e-01
7.496710954329250942e-01 7.734335751979821705e-01 7.531160575907998034e-01 7.648088822323583225e-01
7.502638465208402163e-01 7.734890439565880182e-01 7.532382471193369566e-01 7.648343179082092158e-01
7.504373346441324255e-01 7.734445455780591949e-01 7.528716785337257189e-01 7.644780753667512752e-01
7.481241596669028215e-01 7.709233310932142036e-01 7.523379977987916245e-01 7.640631196191803864e-01
7.467217973369572048e-01 7.700188241598067140e-01 7.524925316142944132e-01 7.641533371439472866e-01
7.464904798392344443e-01 7.698430313489998955e-01 7.525473372116529003e-01 7.643360498615227039e-01
7.476036952970261940e-01 7.713875136035681646e-01 7.531663709260798534e-01 7.648560469230727410e-01
7.481675316977258738e-01 7.719043849644839916e-01 7.536991532085982604e-01 7.653672096168315786e-01
7.482542757593719784e-01 7.720193816331245573e-01 7.539691381595201580e-01 7.656031049383406062e-01
7.475892379534184728e-01 7.711008732144137845e-01 7.536721996361267495e-01 7.654585562068354498e-01
7.464037357775882287e-01 7.699612890813142263e-01 7.537422789245524779e-01 7.656041468017019680e-01
7.462591623415113506e-01 7.693192324277715599e-01 7.537638417825295312e-01 7.655232852335113192e-01
7.468663707730341939e-01 7.697529988075801910e-01 7.533222524202061177e-01 7.649722605496567240e-01
7.472856337376571068e-01 7.701869397276805973e-01 7.530909009231597784e-01 7.647668375386700301e-01
7.466061385880957690e-01 7.697726924658592207e-01 7.524804025066822444e-01 7.642197228749544324e-01
7.467940840549956993e-01 7.692819791599815327e-01 7.528546079378269917e-01 7.646895240412432404e-01
7.469964868655034618e-01 7.694185795416850215e-01 7.543415466858336416e-01 7.661205120660077306e-01
7.486879960676026124e-01 7.715152373257705420e-01 7.547072168190290808e-01 7.664648460069162228e-01
7.493819485607715603e-01 7.716399596651759563e-01 7.546685833651535225e-01 7.664485391504675116e-01
7.494397779352022226e-01 7.717879637308977525e-01 7.540926753666808979e-01 7.657819958689402462e-01
7.496566380893174841e-01 7.722501853137462291e-01 7.533685227196155187e-01 7.649459887520122514e-01
7.493674912171637281e-01 7.716456997962112263e-01 7.535679791559038998e-01 7.651982234302503461e-01
7.481530743541180417e-01 7.705369646091480007e-01 7.534448911749511701e-01 7.654185328870519722e-01
7.476904393586722986e-01 7.702524255411886678e-01 7.538662653579208950e-01 7.660530880141853682e-01
7.480663302924720481e-01 7.707240120188598720e-01 7.542391231104423888e-01 7.663964325288266100e-01
7.487602827856409959e-01 7.719117264324265593e-01 7.539345477415153596e-01 7.658642615842385926e-01
7.506831094854631292e-01 7.738190979628132293e-01 7.533766087913568166e-01 7.651166261559986248e-01
7.520999291590162450e-01 7.742953622091748311e-01 7.534763370095011181e-01 7.652715223806960676e-01
7.510879151064782100e-01 7.738671373468637427e-01 7.537427281507603771e-01 7.657879694002502902e-01
7.499457849614712401e-01 7.727709710991979009e-01 7.537090361851710441e-01 7.662021255710044221e-01
7.488903988781101528e-01 7.719943284280502693e-01 7.535751667752295102e-01 7.664376749321727411e-01
7.492662898119100134e-01 7.721878334544143296e-01 7.532562161676511492e-01 7.661355817564181603e-01
7.491506310630484666e-01 7.719558611444612417e-01 7.529902742525999004e-01 7.656248947046887521e-01
7.493530338735560070e-01 7.712336248821806128e-01 7.529336717504098164e-01 7.655906639901107757e-01
7.485578799751332335e-01 7.709271831174248080e-01 7.528824599627141900e-01 7.655751697518723420e-01
7.490928016886178042e-01 7.713734856344043322e-01 7.532535208104040869e-01 7.658974671879766882e-01
7.485289652879181244e-01 7.709098306405257617e-01 7.532481300959097403e-01 7.655255965364103909e-01
7.487313680984255537e-01 7.714657637633430820e-01 7.528635924619841990e-01 7.653441469397220809e-01
7.491940030938715189e-01 7.723100017241992798e-01 7.525859706655286807e-01 7.652107842026872886e-01
7.485867946623486757e-01 7.718514097513748951e-01 7.525563217358101076e-01 7.650263256009233181e-01
7.488470268472871005e-01 7.719230587564969159e-01 7.522778014869386798e-01 7.646923626420826237e-01
7.490349723141870308e-01 7.720916647633174756e-01 7.522023314840187158e-01 7.643399086621913696e-01
7.483554771646258041e-01 7.724444611103774561e-01 7.519588508793602077e-01 7.639990259477222878e-01
7.480952449796874903e-01 7.723582383056073475e-01 7.525680016172143771e-01 7.645337917655473658e-01
7.485145079443101812e-01 7.731673117232055192e-01 7.528950382965342580e-01 7.647910380696428811e-01
7.492518324683024034e-01 7.738121664377757281e-01 7.529174996069269987e-01 7.646268290177526961e-01
7.499168702742559089e-01 7.747508705601982015e-01 7.529619730015049139e-01 7.643899574825039345e-01
7.510156283884399375e-01 7.753145945994532884e-01 7.528824599627141900e-01 7.645101334481337885e-01
7.505819080802093035e-01 7.743670897934613606e-01 7.529121088924328742e-01 7.647367560094288086e-01
7.494253205915946126e-01 7.730520708245645078e-01 7.533707688506547928e-01 7.650309800179869724e-01
7.485434226315257344e-01 7.727566354871107102e-01 7.534736416522539448e-01 7.648622612122908393e-01
7.495265219968483272e-01 7.724388275404965309e-01 7.531883830102648059e-01 7.644802350576919148e-01
7.502204744900171640e-01 7.728831521500807433e-01 7.526232564407808745e-01 7.642188887121174057e-01
7.506686521418554081e-01 7.724322277930970593e-01 7.524678241728622874e-01 7.643297808643979563e-01
7.487313680984255537e-01 7.711012001409709438e-01 7.526156195952472538e-01 7.651443036609490989e-01
7.486446240367794491e-01 7.707397486960416710e-01 7.527162462658070208e-01 7.653300380580672080e-01
7.482831904465873096e-01 7.712443403089477290e-01 7.529547853821791925e-01 7.654287066997940148e-01
7.472278043632263334e-01 7.708313656015839399e-01 7.532669975966397313e-01 7.655935206248196678e-01
7.477627260767107931e-01 7.719412478481576523e-01 7.532328564048427211e-01 7.653828651991948506e-01
7.476181526406338040e-01 7.718107036179373548e-01 7.533900855775925720e-01 7.653142564557893213e-01
7.481241596669028215e-01 7.720749965687663252e-01 7.535904404662967515e-01 7.653484833714963020e-01
7.470976882707570654e-01 7.705233008282520446e-01 7.533541474809640759e-01 7.650953746750452922e-01
7.471410603015802288e-01 7.707971459212686893e-01 7.535221580827025090e-01 7.652461257202581857e-01
7.468374560858187516e-01 7.711458918188212053e-01 7.538878282158980593e-01 7.654054149602185220e-01
7.469964868655033507e-01 7.712960253225962237e-01 7.539323016104759745e-01 7.653875685571105425e-01
7.477482687331030720e-01 7.716967336823273849e-01 7.538779452393251646e-01 7.653902495664360872e-01
7.489337709089332051e-01 7.721429017323835353e-01 7.543873677590350324e-01 7.659643620979730283e-01
7.500614437103325649e-01 7.726780584460040124e-01 7.542400215628579652e-01 7.659708079766320843e-01
7.496277234021020419e-01 7.725254695251598802e-01 7.539363446463467344e-01 7.659720436916190867e-01
7.484277638826641876e-01 7.721021471971039052e-01 7.536748949933738118e-01 7.654990276903607116e-01
7.476181526406338040e-01 7.717939531461426306e-01 7.540612295321308389e-01 7.659668155444860904e-01
7.474591218609492049e-01 7.720357046262431577e-01 7.540396666741536746e-01 7.660225630086702209e-01
7.479217568563952812e-01 7.720578526863288715e-01 7.535998742166617470e-01 7.656910645033112583e-01
7.491361737194408565e-01 7.729573510812914883e-01 7.533316861705712242e-01 7.653466453248720658e-01
7.501915598028017218e-01 7.735649303950753453e-01 7.536681566002561006e-01 7.658153458317913387e-01
7.505240787057786411e-01 7.737164061517980418e-01 7.541039060218772683e-01 7.664116372342008043e-01
7.507698535471092338e-01 7.737365731404555191e-01 7.540872846521866624e-01 7.664983925717888669e-01
7.503795052697016521e-01 7.737830420868333503e-01 7.538482963096067024e-01 7.662038760101067547e-01
7.488614841908948216e-01 7.724117063276836337e-01 7.533954762920869186e-01 7.656490819213660481e-01
7.473579204556954902e-01 7.715415900304506414e-01 7.535374317737696392e-01 7.655542089267625139e-01
7.472856337376571068e-01 7.709966154285856632e-01 7.533828979582668506e-01 7.651109012923628105e-01
7.484711359134871289e-01 7.720449418555020982e-01 7.529004290110286046e-01 7.645569198583606063e-01
7.492952044991253446e-01 7.730225703126829551e-01 7.531780508074841229e-01 7.648368824601814442e-01
7.487602827856409959e-01 7.725621120190883095e-01 7.530639473506883785e-01 7.651898407319259743e-01
7.472856337376569957e-01 7.712561409727575201e-01 7.530810179465869947e-01 7.652830193471328313e-01
7.475747806098108628e-01 7.719016264587543752e-01 7.532193796186069656e-01 7.653537138508953452e-01
7.469097428038572462e-01 7.720054570147971695e-01 7.537009501134296352e-01 7.657249962824411726e-01
7.475892379534184728e-01 7.725804765395567486e-01 7.543127962085307558e-01 7.662373961357475949e-01
7.488759415345024317e-01 7.738459295887696321e-01 7.544817052626849874e-01 7.665358754499792537e-01
7.495265219968483272e-01 7.735965823548228704e-01 7.548635475393634664e-01 7.666500079445655036e-01
7.490205149705793097e-01 7.725720593884957133e-01 7.544210597246243655e-01 7.662680897091459498e-01
7.498734982434327456e-01 7.725659729082045013e-01 7.544718222861123147e-01 7.663254404226926830e-01
7.495265219968483272e-01 7.723094539913308854e-01 7.544547516902135875e-01 7.661119863520913231e-01
7.476036952970260829e-01 7.708278360004707785e-01 7.540329282810359635e-01 7.655778166911954008e-01
7.470687735835417342e-01 7.703922599246597613e-01 7.549111655173963431e-01 7.663278529333885647e-01
7.483265624774104730e-01 7.714661466222326736e-01 7.550710900473933673e-01 7.666885227557951321e-01
7.495988087148868217e-01 7.734254579142110231e-01 7.549282361132948482e-01 7.665165949590215799e-01
7.500759010539403970e-01 7.739711049872092241e-01 7.548150311089150133e-01 7.660339340507642536e-01
7.503216758952711007e-01 7.737129602148300478e-01 7.552355068394690507e-01 7.662288807845187844e-01
7.505819080802094145e-01 7.733121301999649200e-01 7.550701915949776799e-01 7.663946215169762377e-01
7.507698535471092338e-01 7.738497186865179733e-01 7.547880775364435024e-01 7.661609970867820918e-01
7.503361332388787108e-01 7.736021380144649795e-01 7.547337211652926925e-01 7.661644564827854165e-01
7.488903988781101528e-01 7.728710133520204639e-01 7.549497989712719015e-01 7.664016739689288871e-01
7.489337709089332051e-01 7.734534556393412030e-01 7.547063183666136155e-01 7.660691738231141246e-01
7.490783443450099721e-01 7.736812039262982443e-01 7.547674131308821366e-01 7.658178423244352828e-01
7.500614437103326759e-01 7.743753028468213229e-01 7.545589721704364372e-01 7.659956997336061502e-01
7.489771429397561464e-01 7.735805878342306707e-01 7.542777565643179472e-01 7.656635516465707392e-01
7.478205554511414554e-01 7.723009086113155064e-01 7.543361559713394060e-01 7.658714233167449592e-01
7.486879960676026124e-01 7.723920145531311121e-01 7.558841894836144659e-01 7.674210803565980621e-01
7.501771024591941117e-01 7.735466221257079056e-01 7.571204600076367752e-01 7.687486062308209744e-01
7.502783038644480484e-01 7.736356575598601903e-01 7.569758091687068813e-01 7.683952589359956953e-01
7.507987682343246760e-01 7.738411893643810657e-01 7.565795916533769594e-01 7.678878720637518640e-01
7.520710144718009138e-01 7.741929171372863294e-01 7.561420453269244168e-01 7.672837420828828581e-01
7.520420997845855826e-01 7.742117157665591165e-01 7.559991913928258978e-01 7.671207798021170143e-01
7.508421402651476173e-01 7.742769747471652808e-01 7.559380966285573766e-01 7.675297073279923055e-01
7.503795052697018741e-01 7.744288035757105337e-01 7.551106219536847242e-01 7.670665483471517110e-01
