8.268877676415735678e-01 8.529606694580229576e-01 8.219429033489813463e-01 8.434687673774330374e-01
8.277262935708191716e-01 8.532580252014995148e-01 8.227982300487410861e-01 8.441028543523811933e-01
8.289840824646881323e-01 8.546475026516416884e-01 8.242150895083220075e-01 8.454115051321468011e-01
8.307478783848255555e-01 8.560353650862237984e-01 8.255173962848991742e-01 8.466487551475807560e-01
8.320779539967326777e-01 8.574814112499010710e-01 8.264935648345724806e-01 8.476376489157686489e-01
8.330755107056629916e-01 8.584484695196930026e-01 8.277383706565440979e-01 8.486433930652842461e-01
8.345646170972544908e-01 8.600122021809724071e-01 8.289445430246399349e-01 8.496319506780909414e-01
8.360826381760614323e-01 8.614758467822156707e-01 8.301358909278766518e-01 8.504751500746725590e-01
8.368344200436610425e-01 8.621479645112175572e-01 8.309188922081713891e-01 8.511836426026390123e-01
8.371524816030302407e-01 8.628717932845614280e-01 8.316147436041418928e-01 8.517143719949473724e-01
8.384247278405065895e-01 8.640275698547394967e-01 8.329893758001840620e-01 8.527818053589830694e-01
8.407379028177361935e-01 8.663504118658953423e-01 8.344080321645965803e-01 8.538973490503709574e-01
8.423282106145817405e-01 8.679028538796630388e-01 8.359929022259159348e-01 8.553492781602596295e-01
8.431089071693966819e-01 8.688730257544023949e-01 8.377655488421194008e-01 8.568536076804285084e-01
8.446413855918113445e-01 8.702465837442623364e-01 8.395328047438287422e-01 8.585585948283368518e-01
8.471858780667640421e-01 8.730771669224273168e-01 8.412160553446688116e-01 8.601864081977232956e-01
8.487906432072170881e-01 8.743816347083441798e-01 8.429037982075874291e-01 8.618675316122570429e-01
8.490942474229784542e-01 8.748446745147890891e-01 8.433404460816245063e-01 8.624160732361407788e-01
8.515809105235003784e-01 8.771421736399998004e-01 8.443907369555939679e-01 8.633924630066500683e-01
8.533302491000303025e-01 8.788545525655805379e-01 8.455573774173985591e-01 8.646869642579968485e-01
8.549783862713065119e-01 8.801580411341261012e-01 8.467303070461130732e-01 8.658899560151571695e-01
8.558602842313752790e-01 8.805009431610744119e-01 8.478174344691269404e-01 8.671118237088671910e-01
8.573060185921438370e-01 8.816347213264946747e-01 8.485182273533837805e-01 8.680400350575698809e-01
8.583469473318972032e-01 8.825077599718700316e-01 8.491902697603378458e-01 8.689808016531958001e-01
8.590698145122814822e-01 8.833080969409352612e-01 8.492756227398305935e-01 8.695258833875250115e-01
8.586939235784817326e-01 8.832345474282325970e-01 8.492531614294378528e-01 8.695259994362812828e-01
8.588095823273431684e-01 8.835505270318941839e-01 8.489162417735449662e-01 8.693885271180106233e-01
8.596770229438042143e-01 8.848249269823091900e-01 8.484238898497338255e-01 8.690692996588758046e-01
8.596770229438044364e-01 8.846970268415721428e-01 8.483798656813639205e-01 8.690850460195480576e-01
8.604577194986193778e-01 8.851727128191124727e-01 8.490505604096942882e-01 8.695309644953183037e-01
8.601974873136810640e-01 8.853297676547710049e-01 8.492450753576963329e-01 8.696473878401703717e-01
8.607902384015961861e-01 8.857172002001242328e-01 8.495487522742077857e-01 8.697679024085960275e-01
8.613829894895111972e-01 8.863537904634772868e-01 8.494607039374676427e-01 8.696988009171987555e-01
8.609203544940651209e-01 8.857274502446275122e-01 8.494813683430291196e-01 8.696062614658629508e-01
8.603420607497578310e-01 8.849523302358943688e-01 8.504678690954831088e-01 8.702680056404507036e-01
8.604288048114040466e-01 8.848054054545788638e-01 8.514058534174884230e-01 8.709238578942123388e-01
8.610504705865343889e-01 8.850964535016306867e-01 8.515217537791154312e-01 8.710831811389065926e-01
8.599083404415273080e-01 8.836348876939996710e-01 8.516502324745626185e-01 8.713538942975938006e-01
8.600818285648195172e-01 8.836264273164770033e-01 8.512585072213112447e-01 8.710717943124692830e-01
8.606022929346961448e-01 8.835996474563936331e-01 8.505720895757057365e-01 8.706354254806807358e-01
8.603998901241886044e-01 8.836212725137255752e-01 8.500132521731318391e-01 8.702596378712711411e-01
8.604866341858345979e-01 8.835296782604198373e-01 8.501093865816131689e-01 8.702898543970796208e-01
8.607902384015960751e-01 8.835249704728806996e-01 8.504211495698659196e-01 8.705002474465270978e-01
8.598794257543118658e-01 8.827714870792349178e-01 8.500006738393116601e-01 8.701727543852953994e-01
8.581879165522127151e-01 8.819281895470695298e-01 8.495469553693761888e-01 8.698803976844291519e-01
8.578120256184128545e-01 8.817051107494791040e-01 8.494804698906133211e-01 8.698189362387058754e-01
8.571614451560670700e-01 8.810831822366156363e-01 8.493924215538735112e-01 8.698156547438384845e-01
8.552530757998524358e-01 8.793425693138694488e-01 8.493528896475820433e-01 8.697828590012719463e-01
8.540386589368069714e-01 8.777995086701757543e-01 8.490617910648907696e-01 8.692567768671244366e-01
8.534748225361072915e-01 8.770134781067828733e-01 8.487006131937737674e-01 8.687955542908367690e-01
8.524338937963539253e-01 8.761433936416986867e-01 8.480276723344040146e-01 8.682271229678445446e-01
8.523326923911000996e-01 8.760516919644445455e-01 8.477819455987061215e-01 8.679556242710848579e-01
8.526362966068615767e-01 8.761127987695397357e-01 8.476566114867141177e-01 8.679319375165581718e-01
8.537061400338303851e-01 8.769846516062285158e-01 8.472792614721141868e-01 8.679399699671701551e-01
8.546024953375067623e-01 8.783448127116335602e-01 8.465753240044024963e-01 8.676101514605242260e-01
8.538940855007302044e-01 8.783275421000372729e-01 8.454374340199007909e-01 8.669425733041515869e-01
8.533302491000304135e-01 8.782733229119383811e-01 8.442478830214955599e-01 8.661771650092635610e-01
8.526218392632538556e-01 8.778708386449627366e-01 8.433961501313986808e-01 8.654775460660970587e-01
8.531567609767382043e-01 8.779142359758533853e-01 8.430435075582309867e-01 8.650447044105147310e-01
8.549205568968757385e-01 8.794949920521673015e-01 8.436315446643156690e-01 8.654356773058753394e-01
8.556434240772601285e-01 8.802849505238867778e-01 8.440241683699827302e-01 8.657186617092855752e-01
8.562072604779598084e-01 8.810754710915904564e-01 8.443107746905954558e-01 8.659996503283484692e-01
8.549928436149143440e-01 8.798144840021357993e-01 8.443853462410996213e-01 8.659946301713332684e-01
8.549205568968757385e-01 8.795392997670198332e-01 8.440825677770040780e-01 8.659235618699747672e-01
8.534314505052842392e-01 8.777438631348675191e-01 8.435623638283057391e-01 8.656977534124898899e-01
8.520146308317309014e-01 8.767673165197428231e-01 8.426639114125917818e-01 8.652028622342302633e-01
8.516965692723617032e-01 8.765534810729012083e-01 8.420412838885019680e-01 8.646093812808610668e-01
8.518845147392618555e-01 8.764877142968517942e-01 8.419253835268749597e-01 8.643390648472939475e-01
8.511471902152698554e-01 8.751165042004160899e-01 8.423467577098447956e-01 8.642215740089089770e-01
8.524338937963538143e-01 8.754671344755793339e-01 8.427798117742189010e-01 8.640729782874219111e-01
8.537061400338301631e-01 8.765107310886490755e-01 8.428525864198916917e-01 8.640916418719066794e-01
8.542410617473146228e-01 8.770380453989845559e-01 8.434868938253857751e-01 8.645750257549738027e-01
8.531278462895228731e-01 8.769167168224566433e-01 8.430771995238202088e-01 8.643496622560993270e-01
8.508002139686853260e-01 8.750596647121691163e-01 8.420381393050470065e-01 8.640007898407999765e-01
8.513785077129927270e-01 8.752201334464579929e-01 8.419280788841221330e-01 8.640144375839275970e-01
8.510459888100161407e-01 8.745795849085520324e-01 8.421230430583319659e-01 8.640883914876231753e-01
8.517399413031850886e-01 8.750818495594105961e-01 8.419065160261448577e-01 8.641569108373872155e-01
8.539952869059839191e-01 8.770523653980841772e-01 8.418624918577750638e-01 8.640867428460238253e-01
8.536772253466147209e-01 8.770990092401285132e-01 8.421374182969834088e-01 8.643726376862206351e-01
8.538217987826915989e-01 8.769575807850726878e-01 8.432362256014016566e-01 8.650701651095096256e-01
8.532435050383841979e-01 8.769284779827307696e-01 8.429020013027559433e-01 8.649206138846313729e-01
8.530989316023074309e-01 8.764626126966218456e-01 8.433763841782528914e-01 8.651901826481059876e-01
8.533591637872457447e-01 8.768391214358228769e-01 8.433449383437029434e-01 8.652186802401942156e-01
8.529832728534459951e-01 8.765127205870578697e-01 8.433063048898272740e-01 8.651099923996313779e-01
8.518989720828695766e-01 8.755609181418086973e-01 8.427690303452302079e-01 8.646909759751248981e-01
8.521158322369848381e-01 8.754198159540494961e-01 8.425516048606275232e-01 8.645310912953099169e-01
8.526652112940767969e-01 8.757850554869581750e-01 8.430300307719952313e-01 8.647393353877583788e-01
8.531856756639536465e-01 8.762681923064720158e-01 8.436108802587543032e-01 8.648928150147503491e-01
8.539519148751609778e-01 8.769886613375449391e-01 8.434999213854136313e-01 8.648865639484908385e-01
8.540242015931993613e-01 8.772230029529430873e-01 8.433943532265673060e-01 8.650453484158463491e-01
8.532868770692072502e-01 8.765685936546464552e-01 8.432523977448843633e-01 8.651356674965580140e-01
8.532868770692072502e-01 8.765817765125668570e-01 8.428966105882618187e-01 8.648737268082182794e-01
8.531133889459150410e-01 8.762856625343540262e-01 8.421571842501290872e-01 8.642698815238998300e-01
8.531856756639535355e-01 8.754857295608431400e-01 8.414770557714337240e-01 8.636141120740625787e-01
8.519857161445156812e-01 8.740823689627246207e-01 8.411167763527324093e-01 8.633236681961313774e-01
8.513785077129928380e-01 8.734069342140410308e-01 8.411257608768895055e-01 8.632942334891757774e-01
8.525206378580001410e-01 8.745346274985015267e-01 8.417870218548548777e-01 8.637080627723439097e-01
8.527808700429384547e-01 8.756081808976114988e-01 8.425641831944474802e-01 8.646981244281939372e-01
8.526941259812922391e-01 8.757312750984482808e-01 8.430852855955617287e-01 8.650006345775855809e-01
8.535326519105379539e-01 8.766059985992903369e-01 8.427631904045281841e-01 8.647872966537768491e-01
8.543856351833915008e-01 8.770402870146694063e-01 8.425821522427617838e-01 8.649036873121456193e-01
8.547181540863680871e-01 8.772456026886591429e-01 8.428085622515217867e-01 8.650448020422445428e-01
8.542121470600991806e-01 8.769798502657577544e-01 8.425444172413019128e-01 8.647975479923614150e-01
8.537061400338301631e-01 8.766488805773675619e-01 8.425902383145031926e-01 8.647287703496135958e-01
8.522604056730616051e-01 8.757747392212023030e-01 8.417951079265963976e-01 8.640568680083882125e-01
8.528386994173691171e-01 8.760680236842113278e-01 8.419936659104692023e-01 8.639965756251053453e-01
8.537784267518684356e-01 8.770852876178897306e-01 8.420754250802990892e-01 8.641001846904495798e-01
8.532579623819918080e-01 8.768464127065336289e-01 8.416747153028908413e-01 8.639149436568844820e-01
8.522459483294538840e-01 8.760712934203463975e-01 8.416747153028908413e-01 8.640026924107624406e-01
8.513929650566004481e-01 8.749923856373131859e-01 8.422856629455761635e-01 8.644933860540457982e-01
8.510893608408391930e-01 8.748159445562910808e-01 8.422317558006335858e-01 8.646747070274938274e-01
8.520724602061617858e-01 8.753827827884752555e-01 8.420790188899620610e-01 8.645757390850060675e-01
8.516821119287542041e-01 8.753110413264035827e-01 8.413566631477280566e-01 8.641028788227648194e-01
8.539085428443378145e-01 8.767697162744166883e-01 8.423422654477662475e-01 8.646130974958583515e-01
8.549783862713067339e-01 8.776320387030048797e-01 8.433763841782530024e-01 8.650901584319822257e-01
8.557735401697291744e-01 8.780126326109458645e-01 8.441382718267783636e-01 8.654478794827351607e-01
8.564964073501135644e-01 8.782741533970220837e-01 8.447564070887896293e-01 8.656007816338548988e-01
8.560048576674521570e-01 8.781099636542740727e-01 8.447941420902496112e-01 8.656850465490357749e-01
8.558024548569446166e-01 8.778847029714876848e-01 8.438956896745356540e-01 8.652768494439952995e-01
8.559036562621984423e-01 8.779073437587758821e-01 8.439388153904898715e-01 8.655487510909193327e-01
8.546892393991527559e-01 8.771344724755052447e-01 8.439397138429055589e-01 8.656588938358602547e-01
8.545302086194682678e-01 8.773882908247833123e-01 8.442981963567754988e-01 8.658114125600607780e-01
8.540820309676301347e-01 8.775233186772695149e-01 8.438507670537500616e-01 8.655948877238698325e-01
8.533157917564226924e-01 8.766733184658206390e-01 8.430780979762360072e-01 8.650712722441420421e-01
8.534603651924994594e-01 8.771898035527456727e-01 8.429253610655644824e-01 8.647856596812786290e-01
8.531712183203458144e-01 8.769096219296955708e-01 8.421212461535005911e-01 8.643197053135011076e-01
8.539952869059838081e-01 8.772700709613101555e-01 8.428121560611846474e-01 8.647446104199189021e-01
8.542266044037069017e-01 8.771568725232022912e-01 8.434752139439815055e-01 8.652215511141357895e-01
8.547036967427603660e-01 8.776107796508190173e-01 8.436243570449900586e-01 8.652512724777181585e-01
8.538217987826917099e-01 8.769612875641507044e-01 8.437519372880213364e-01 8.654376764520750331e-01
8.536338533157916686e-01 8.769136136628324918e-01 8.441607331371712153e-01 8.657413465499859129e-01
8.537061400338301631e-01 8.765822990568316042e-01 8.439729565822869928e-01 8.656259442575211516e-01
8.535760239413610062e-01 8.766017547126934151e-01 8.433844702499944113e-01 8.652102153536390672e-01
8.528676141045844483e-01 8.763457219727877057e-01 8.422317558006334748e-01 8.642855689376689465e-01
8.535471092541456750e-01 8.771194494415900378e-01 8.418602457267356787e-01 8.640032549013266783e-01
8.534025358180687970e-01 8.770133110462212667e-01 8.421455043687249287e-01 8.645244355982482087e-01
8.530989316023074309e-01 8.767303506805688151e-01 8.432802497697714506e-01 8.652822104344931597e-01
8.538073414390838778e-01 8.768010683763873825e-01 8.433036095325802117e-01 8.651522561168714098e-01
8.544723792450376054e-01 8.769965088784106300e-01 8.427950854652860313e-01 8.646074497123851232e-01
8.537639694082609365e-01 8.766664598329722002e-01 8.426818804609060853e-01 8.645627199618757253e-01
8.539952869059839191e-01 8.771876346750624442e-01 8.430367691651130535e-01 8.647445454859612468e-01
8.539085428443378145e-01 8.769963048035497311e-01 8.433422429864558811e-01 8.651025495451823977e-01
8.539663722187685879e-01 8.768980952891274327e-01 8.438004537184697895e-01 8.655912043228310981e-01
8.551085023637756688e-01 8.779635734266439950e-01 8.442496799263270457e-01 8.660327220657005887e-01
8.543711778397836687e-01 8.773694021437206114e-01 8.440466296803754709e-01 8.659971355052822339e-01
8.526941259812922391e-01 8.759264532115660362e-01 8.431297589901394218e-01 8.654337681654384884e-01
8.521592042678078904e-01 8.754346992465839028e-01 8.430107140450573411e-01 8.653071972963726211e-01
8.526362966068614657e-01 8.758936903802183593e-01 8.438696345544799415e-01 8.656238721891763577e-01
8.514363370874236114e-01 8.755533689289998200e-01 8.438336964578513344e-01 8.655615917308316920e-01
8.519423441136926289e-01 8.759156328962565130e-01 8.436989285954942241e-01 8.655238913046667815e-01
8.526507539504691868e-01 8.759323714301996411e-01 8.436620920464500406e-01 8.657298310566046151e-01
8.525350952016077510e-01 8.761814310099763636e-01 8.437429527638642401e-01 8.657687195417242965e-01
8.519857161445156812e-01 8.762538225988139029e-01 8.433754857258372040e-01 8.653104805976581382e-01
8.539952869059838081e-01 8.772372176428908652e-01 8.438965881269513414e-01 8.655258655449605820e-01
8.552964478306755991e-01 8.777274289784818828e-01 8.444491363626154268e-01 8.656767708584445220e-01
8.554410212667524771e-01 8.779979287358694595e-01 8.448444554255295502e-01 8.660399079747649331e-01
8.557012534516907909e-01 8.781323012407508122e-01 8.447312504211494932e-01 8.660968691264430142e-01
8.548699561942488812e-01 8.775912053843220040e-01 8.445192156510411552e-01 8.660782355684681910e-01
8.540386589368069714e-01 8.767534812954671519e-01 8.441571393275082436e-01 8.657776500288426602e-01
8.535760239413610062e-01 8.765336007270155827e-01 8.443476112396396394e-01 8.658516854718728561e-01
8.520435455189463436e-01 8.757668357706056561e-01 8.434653309674084998e-01 8.654322895717618813e-01
8.516242825543234307e-01 8.755667482573910032e-01 8.429316502324746274e-01 8.651435523130418526e-01
8.522604056730616051e-01 8.757200366286505000e-01 8.433359538195458471e-01 8.653304485175248306e-01
8.533447064436381346e-01 8.762239645629765761e-01 8.435533793041485318e-01 8.655589247765973493e-01
8.534892798797149016e-01 8.762856074902175552e-01 8.438301026481884737e-01 8.657899185558792787e-01
8.534025358180687970e-01 8.765151430690740764e-01 8.437429527638641291e-01 8.656766550080127187e-01
8.539085428443378145e-01 8.772872596012800672e-01 8.438274072909413004e-01 8.656071032340675320e-01
8.546024953375066513e-01 8.775978836784696924e-01 8.440978414680710973e-01 8.657521668752389266e-01
8.557446254825139542e-01 8.779666020224526912e-01 8.438471732440870898e-01 8.656620688701768263e-01
8.568289262530901507e-01 8.789981596186158264e-01 8.440565126569483656e-01 8.659302571058206111e-01
8.557735401697292854e-01 8.786484898136583954e-01 8.444114013611554448e-01 8.662411866371171332e-01
8.533736211308533548e-01 8.766240895143344591e-01 8.445614429145795743e-01 8.663245816501201624e-01
8.535615665977533961e-01 8.768125231147865239e-01 8.449666449540665925e-01 8.664177711336893406e-01
8.540386589368069714e-01 8.774062067054488878e-01 8.447195705397453347e-01 8.662653951744008207e-01
8.534169931616765181e-01 8.769993928092965074e-01 8.438256103861099255e-01 8.657546906091417860e-01
8.544434645578221632e-01 8.774715289313322897e-01 8.442784304036297094e-01 8.660226895297882255e-01
8.555422226720064138e-01 8.780125734864359099e-01 8.444105029087397574e-01 8.659981570309209786e-01
8.572337318741054535e-01 8.788086435387835182e-01 8.444581208867726341e-01 8.660833638678225865e-01
8.568578409403055929e-01 8.787067501737546582e-01 8.441256934929584066e-01 8.659772324606349603e-01
8.566409807861902204e-01 8.786013431123937956e-01 8.438741268165586007e-01 8.658179549303458566e-01
8.554121065795369239e-01 8.783654117467658562e-01 8.432407178634802047e-01 8.655914127362447363e-01
8.547181540863680871e-01 8.781825952246974376e-01 8.428813368971945774e-01 8.653208274772948849e-01
8.538796281571223723e-01 8.777207021260178266e-01 8.433952516789829934e-01 8.656699405083336796e-01
8.544723792450377164e-01 8.781359800535366578e-01 8.446854293479482134e-01 8.663971715331815204e-01
8.550073009585218431e-01 8.784201180561080902e-01 8.454563015206306709e-01 8.667407269835524231e-01
8.552097037690293835e-01 8.782153155742475903e-01 8.457545877226477771e-01 8.669018348350348013e-01
8.563662912576442965e-01 8.783974464274240113e-01 8.460627569012375560e-01 8.670150590153926640e-01
8.564530353192904011e-01 8.787012241803071610e-01 8.456881022438849094e-01 8.666397794694671308e-01
8.562940045396059130e-01 8.786344567081885160e-01 8.456809146245591879e-01 8.665242550983660585e-01
8.561132877445097877e-01 8.785655530389273604e-01 8.453970036611935246e-01 8.664262759970919880e-01
8.553398198614986514e-01 8.784200268279818147e-01 8.447986343523281594e-01 8.661376580277588833e-01
8.549060995532681284e-01 8.780340518042728526e-01 8.441760068282383456e-01 8.657802261316318582e-01
8.547615261171912504e-01 8.778214005422441124e-01 8.436872487140899546e-01 8.656071061857317783e-01
8.549639289276989018e-01 8.781829245572501108e-01 8.438449271130477047e-01 8.656581126956734984e-01
8.561349737599214249e-01 8.785947109740612770e-01 8.442137418296984386e-01 8.659179989491869733e-01
8.556145093900446863e-01 8.786449568021101886e-01 8.440187776554883836e-01 8.659406709390442547e-01
8.551663317382063312e-01 8.782617168039537070e-01 8.438759237213899755e-01 8.659568117068199289e-01
8.547181540863683091e-01 8.779241975693773403e-01 8.439019788414455769e-01 8.660305895307315316e-01
8.547470687735834183e-01 8.779808038374108392e-01 8.435165427551043482e-01 8.657647101131465961e-01
8.554843932975755294e-01 8.786536852732339531e-01 8.441185058736327962e-01 8.661043488190027784e-01
8.550362156457371743e-01 8.785007984590313956e-01 8.437735001459986117e-01 8.659098048723800067e-01
8.557301681389061221e-01 8.786228497105330604e-01 8.439666674153769588e-01 8.659622420963175582e-01
8.555855947028292441e-01 8.785717441608884570e-01 8.438992834841985147e-01 8.658268928567892653e-01
8.554410212667524771e-01 8.783247642760092511e-01 8.444437456481210802e-01 8.661232869322877947e-01
8.559470282930214946e-01 8.784801591321054204e-01 8.449302576312300861e-01 8.665018946864344596e-01
8.554410212667523661e-01 8.784092661923351697e-01 8.446557804182297513e-01 8.663369098519668743e-01
8.563807486012520176e-01 8.786989894777629262e-01 8.448696120931695752e-01 8.664913512075237412e-01
8.565253220373287846e-01 8.785301330544861287e-01 8.449118393567081053e-01 8.664554629533371966e-01
8.563373765704289653e-01 8.786646725340367947e-01 8.444347611239640949e-01 8.662159536275212401e-01
8.556867961080831808e-01 8.783885711447251277e-01 8.445039419599740249e-01 8.662174028377300772e-01
8.555277653283985817e-01 8.782369724356986485e-01 8.442137418296983276e-01 8.658266008049639861e-01
8.551518743945987211e-01 8.780531073188013735e-01 8.445731227959838439e-01 8.662450425018942690e-01
8.559470282930214946e-01 8.791722191474602432e-01 8.448327755441251696e-01 8.665769993591748710e-01
8.568722982839132030e-01 8.796219030306591247e-01 8.449702387637295642e-01 8.667300819966315961e-01
8.572048171868902333e-01 8.794740912830536494e-01 8.447644931605310381e-01 8.664535276720899404e-01
8.565397793809365057e-01 8.787968382458056782e-01 8.444599177916040089e-01 8.661362841604509644e-01
8.557735401697291744e-01 8.782757957492264289e-01 8.436414276408886748e-01 8.657869992460452968e-01
8.546024953375068733e-01 8.777246772524097684e-01 8.428045192156510268e-01 8.653216914249072245e-01
8.546747820555450348e-01 8.776745998091781686e-01 8.428669616585432456e-01 8.654564246923377446e-01
8.534892798797149016e-01 8.773238655070236813e-01 8.432604838166257721e-01 8.655886165359396589e-01
8.529688155098382740e-01 8.769952069897832825e-01 8.438211181240312664e-01 8.658461005586219894e-01
8.536483106593993897e-01 8.769288824739087662e-01 8.447716807798566485e-01 8.665550560243862055e-01
8.555277653283985817e-01 8.781662673263705976e-01 8.454571999730463583e-01 8.670268484172424239e-01
8.570602437508131333e-01 8.791046600710934467e-01 8.460034590418005207e-01 8.672897411128149825e-01
8.554699359539679193e-01 8.783174867011697140e-01 8.454419262819792280e-01 8.670308523123386735e-01
8.557446254825138432e-01 8.787574503850636987e-01 8.452999708002965074e-01 8.667847157268866454e-01
8.559036562621984423e-01 8.791141962402277965e-01 8.446521866085667796e-01 8.663078743519339042e-01
8.564819500065057323e-01 8.792575720782707105e-01 8.444185889804811662e-01 8.660179785993249446e-01
8.570457864072055232e-01 8.791804348636631516e-01 8.448696120931695752e-01 8.659850572275633596e-01
8.578264829620205756e-01 8.795710427935109488e-01 8.453143460389478392e-01 8.661962766722149931e-01
8.579421417108820114e-01 8.800812993517657112e-01 8.459306843961277300e-01 8.667603158504399996e-01
8.577108242131590288e-01 8.803347280139373066e-01 8.456440780755150044e-01 8.668202049974249590e-01
8.573927626537900526e-01 8.805837039849044867e-01 8.448884795938994552e-01 8.665115007030299576e-01
8.566265234425826103e-01 8.804475928973948262e-01 8.442038588531255439e-01 8.662674938991758999e-01
8.554121065795372569e-01 8.790727745194653053e-01 8.443565957637968467e-01 8.665350821793447178e-01
8.555277653283985817e-01 8.785006196670508416e-01 8.449675434064823909e-01 8.669635242680442389e-01
8.564385779756826800e-01 8.788736371674107373e-01 8.454733721165292870e-01 8.672558548470712392e-01
8.560771443854906515e-01 8.790165641239672256e-01 8.452397744884436737e-01 8.670262015521695842e-01
8.557735401697292854e-01 8.785996340321703402e-01 8.453224321106893591e-01 8.670606806589351567e-01
8.562072604779598084e-01 8.787352507652358424e-01 8.462334628602232733e-01 8.676364968072760586e-01
8.556867961080831808e-01 8.781744490941840731e-01 8.460142404707891028e-01 8.674051857943299026e-01
8.547470687735835293e-01 8.775010955984776650e-01 8.454661844972035656e-01 8.671053879585806090e-01
8.550362156457371743e-01 8.776860266757529061e-01 8.454751690213608839e-01 8.669908692055432464e-01
8.547326114299759192e-01 8.776317615785294013e-01 8.454985287841692010e-01 8.668842978644124564e-01
8.548771848660525752e-01 8.775602224476791724e-01 8.453502841355764463e-01 8.667128247117193984e-01
8.559904003238446579e-01 8.782124845727473650e-01 8.451023112688393901e-01 8.666591838672585979e-01
8.561928031343521983e-01 8.783770415126586073e-01 8.447833606612610291e-01 8.664135021724704844e-01
8.558602842313755010e-01 8.783404819655457052e-01 8.443952292176726271e-01 8.663246358561166316e-01
8.553542772051064835e-01 8.780113385367260825e-01 8.449513712629994622e-01 8.667969319087175384e-01
8.558458268877676689e-01 8.784821280792083353e-01 8.456898991487162842e-01 8.672654022688344178e-01
8.555133079847908606e-01 8.778882941124991346e-01 8.456912468273398709e-01 8.672739343603921292e-01
8.552386184562449367e-01 8.777617361531486750e-01 8.450488533501044897e-01 8.668108409467286668e-01
8.542699764345298430e-01 8.774920508336486735e-01 8.446863278003639008e-01 8.665754807583089248e-01
8.552964478306755991e-01 8.783592746131236861e-01 8.455551312863591740e-01 8.671177570124444234e-01
8.563518339140365754e-01 8.788941992497093514e-01 8.462783854810089768e-01 8.675194128147458716e-01
8.559904003238444359e-01 8.787880037449383730e-01 8.460771321398891098e-01 8.674863857487724594e-01
8.560916017290982616e-01 8.787759139622601801e-01 8.458192762965792699e-01 8.672602389373256226e-01
8.569301276583443094e-01 8.791375601606632451e-01 8.455120055704050674e-01 8.671111726817488652e-01
8.563662912576444075e-01 8.785748587604492732e-01 8.451858673435007629e-01 8.667090081796080536e-01
8.544868365886452155e-01 8.775535727919401285e-01 8.447254104804473585e-01 8.664127315702694343e-01
8.545591233066835990e-01 8.775446779802575925e-01 8.447510163742952827e-01 8.664701447382416877e-01
8.554265639231447560e-01 8.783282934308935808e-01 8.455362637856291830e-01 8.670911728622531234e-01
8.563373765704287432e-01 8.788723605252526383e-01 8.465622964443746401e-01 8.677887018398705576e-01
8.572048171868900113e-01 8.796534837293130682e-01 8.466108128748230932e-01 8.677921633079689334e-01
8.577397389003744710e-01 8.802070860175625899e-01 8.462586195278631873e-01 8.675253933452992117e-01
8.570747010944210764e-01 8.797032078654118958e-01 8.459756070169134334e-01 8.673437415318056010e-01
8.562072604779598084e-01 8.790152882206629936e-01 8.453421980638351485e-01 8.670617729699501286e-01
8.546169526811144834e-01 8.777484062612836979e-01 8.455084117607420957e-01 8.672003434696984314e-01
8.540531162804145815e-01 8.773374019703904514e-01 8.459279890388805567e-01 8.673431400273609038e-01
8.557012534516909019e-01 8.781502025378518095e-01 8.457878304620292109e-01 8.671040397833110758e-01
8.566265234425827213e-01 8.781575426973244891e-01 8.460906089261248653e-01 8.673244624758704724e-01
8.563952059448597387e-01 8.781697280321104637e-01 8.462190876215719415e-01 8.677782499924591164e-01
8.557590828261215643e-01 8.784827010889608712e-01 8.458893555850048873e-01 8.676112310797174931e-01
8.559904003238444359e-01 8.789302307908049006e-01 8.465676871588688757e-01 8.678509107381785492e-01
8.550651303329526165e-01 8.782272801745893975e-01 8.464086610812875389e-01 8.677102522703631360e-01
8.552241611126372156e-01 8.781883293499286314e-01 8.456090384313021957e-01 8.668986494770736240e-01
8.550217583021295642e-01 8.780251748033108816e-01 8.450672716246265814e-01 8.665498994133977728e-01
8.548627275224449651e-01 8.779674091707667660e-01 8.453907144942834906e-01 8.669503197851713416e-01
8.556723387644753487e-01 8.785949136093016421e-01 8.461831495249432233e-01 8.676995047897076985e-01
8.569879570327748608e-01 8.792632376069201561e-01 8.466988612115630142e-01 8.681155246471576881e-01
8.562217178215675295e-01 8.788490930188689321e-01 8.459872868983175920e-01 8.676764659596110096e-01
8.557735401697291744e-01 8.784591307439488794e-01 8.457851351047820376e-01 8.675217364346584636e-01
8.550362156457371743e-01 8.779968835039198005e-01 8.458799218346397808e-01 8.676707026693103453e-01
8.552386184562448257e-01 8.781255481556147213e-01 8.458075964151747783e-01 8.675888693974768140e-01
8.547759834607988605e-01 8.779051187698801995e-01 8.450672716246265814e-01 8.671956993053150375e-01
8.556867961080830698e-01 8.784196482316629639e-01 8.454235080074570252e-01 8.674654469823845915e-01
8.573204759357515581e-01 8.797800874799568405e-01 8.459603333258463032e-01 8.677694412240577471e-01
8.585348927987972445e-01 8.807287003247030732e-01 8.465335459670716434e-01 8.678749561150860270e-01
8.583903193627202555e-01 8.801605031357855324e-01 8.468075739538645230e-01 8.679923311208417314e-01
8.571903598432824012e-01 8.791746037974905725e-01 8.472046899216099103e-01 8.681095299854101333e-01
8.562650898523904708e-01 8.784024217528652034e-01 8.468875362188631462e-01 8.679702732260552445e-01
8.558313695441599478e-01 8.781847084391654068e-01 8.460816244019676580e-01 8.676641623456690100e-01
8.554265639231447560e-01 8.778039771437690097e-01 8.452056332966464414e-01 8.672355643948250759e-01
8.558169122005522267e-01 8.782375276181156876e-01 8.449127378091237928e-01 8.671137038606780978e-01
8.556867961080831808e-01 8.784215923128546599e-01 8.454338402102379302e-01 8.673348740156254788e-01
8.559325709494138845e-01 8.781524505595539321e-01 8.463412771501089837e-01 8.679315772635974868e-01
8.566843528170133837e-01 8.787762321816111610e-01 8.465937422789245881e-01 8.679586759155236697e-01
8.585348927987971335e-01 8.800072571989343562e-01 8.471161923586620901e-01 8.682479157637926770e-01
8.578698549928438499e-01 8.800852301731489913e-01 8.469899597942542879e-01 8.680978491737072478e-01
8.565397793809366167e-01 8.795728379259670771e-01 8.466566339480245951e-01 8.679254162172846954e-01
