7.217684222700921914e-01 7.442598468617861451e-01 7.114422407403248050e-01 7.303737418228906098e-01
7.229394671023146035e-01 7.457469425728248114e-01 7.112679409716762269e-01 7.301789482620559824e-01
7.253249287975828130e-01 7.475014525838106216e-01 7.117315424181847039e-01 7.302363501326082362e-01
7.249056658329597891e-01 7.472872214917196665e-01 7.122598324386244517e-01 7.306444469132555852e-01
7.253393861411904231e-01 7.484992906133258739e-01 7.127512859100200160e-01 7.307365922291362281e-01
7.256429903569517892e-01 7.483611707709346694e-01 7.123937018485659856e-01 7.304403655014448660e-01
7.255996183261286259e-01 7.484857524096780734e-01 7.120990094562116290e-01 7.301571041351516689e-01
7.246888056788445276e-01 7.474518458495704731e-01 7.120567821926730989e-01 7.301897017234597609e-01
7.250646966126444992e-01 7.471024561740979841e-01 7.119363895689674315e-01 7.299595298426285739e-01
7.254839595772671901e-01 7.478276247832450485e-01 7.115419689584689955e-01 7.297898344087094813e-01
7.258598505110671617e-01 7.480355184569553728e-01 7.115949776509962188e-01 7.298732294905863061e-01
7.262501987884746324e-01 7.481945058131513893e-01 7.114072010961118853e-01 7.297038445441339505e-01
7.264236869117668416e-01 7.482618600913668594e-01 7.116947058691402983e-01 7.298381223463399348e-01
7.274212436206972665e-01 7.482647074489714445e-01 7.119624446890231440e-01 7.299831886533745262e-01
7.277537625236739638e-01 7.484592261636774380e-01 7.118708025426203623e-01 7.298727166201023353e-01
7.274067862770894344e-01 7.485967641696892327e-01 7.120774465982344648e-01 7.299889248123944130e-01
7.271899261229741729e-01 7.483822116416642967e-01 7.128060915073786141e-01 7.307034511491614648e-01
7.265248883170205563e-01 7.479449749920092927e-01 7.135396779048088778e-01 7.310280907194389721e-01
7.247177203660599698e-01 7.465759729923473476e-01 7.138950158352237452e-01 7.312548709836218519e-01
7.245442322427676496e-01 7.466484143457701173e-01 7.141645515599379657e-01 7.314651749590086460e-01
7.242840000578293358e-01 7.463916716976839449e-01 7.148249140854876504e-01 7.319660781299991426e-01
7.232286139744683595e-01 7.449367499007486515e-01 7.146038947912221051e-01 7.321416015590869186e-01
7.224912894504764704e-01 7.447472555844721898e-01 7.147359672963320421e-01 7.319122409174597665e-01
7.214214460235075510e-01 7.438302923725581550e-01 7.153864468453089431e-01 7.324124621084391329e-01
7.212045858693922895e-01 7.433840677314829115e-01 7.160144650838929925e-01 7.331514382275299280e-01
7.205106333762234527e-01 7.438228514767917243e-01 7.158401653152446364e-01 7.333389210375684808e-01
7.201491997860314243e-01 7.437586892265020122e-01 7.156020754250802529e-01 7.332602051521612818e-01
7.202070291604619756e-01 7.438591654940422959e-01 7.156115091754453594e-01 7.335207498495269762e-01
7.198311382266622260e-01 7.435113403004597332e-01 7.155549066732552754e-01 7.336554797344486678e-01
7.201202850988159820e-01 7.437964797276757078e-01 7.150926529053704961e-01 7.336014005624482692e-01
7.196865647905854591e-01 7.431109073428753264e-01 7.154502369668245265e-01 7.337067318249759218e-01
7.200769130679929297e-01 7.437750555958875243e-01 7.153433211293547256e-01 7.337035302004740744e-01
7.201347424424235921e-01 7.436590154200952707e-01 7.158469037083623476e-01 7.343220988665156712e-01
7.206841214995156619e-01 7.440874195920840206e-01 7.165499427236584618e-01 7.349295709973298063e-01
7.209443536844540867e-01 7.440775985811962645e-01 7.169982704790998085e-01 7.355561052970809310e-01
7.214648180543307143e-01 7.434151735920906390e-01 7.173792143033623780e-01 7.359896847658746744e-01
7.216816782084460868e-01 7.437365512782148080e-01 7.177853147952650836e-01 7.362517525409023600e-01
7.216093914904075923e-01 7.442920595613389256e-01 7.175121852608881134e-01 7.359382688894293700e-01
7.206262921250848885e-01 7.443592539132379837e-01 7.169883875025268027e-01 7.354442162712904185e-01
7.196865647905854591e-01 7.438871044018671164e-01 7.166415848700613545e-01 7.353377371616942604e-01
7.189203255793781278e-01 7.428701322746351643e-01 7.163082590238314395e-01 7.350555222499742802e-01
7.189636976102011801e-01 7.438318824030598631e-01 7.162714224747872560e-01 7.350657730166283432e-01
7.199901690063468251e-01 7.445505554478191179e-01 7.160270434177129495e-01 7.349790663835841231e-01
7.200913704116006508e-01 7.446995749268171538e-01 7.156038723299117388e-01 7.346242360898042056e-01
7.197733088522313416e-01 7.445183558583070571e-01 7.151429662406504351e-01 7.341600827776872951e-01
7.178215674651939882e-01 7.429188554895156393e-01 7.146928415803778245e-01 7.338267917722327560e-01
7.166360652893637440e-01 7.421545249661458676e-01 7.140145100065138362e-01 7.333145658517471466e-01
7.164914918532868660e-01 7.423857250704271049e-01 7.136739965409581998e-01 7.329520943476359740e-01
7.162601743555638834e-01 7.411625867237872090e-01 7.131322297342826966e-01 7.327748170791870130e-01
7.167806387254405109e-01 7.413063804878496921e-01 7.133150648008804717e-01 7.329943136060133035e-01
7.168240107562637853e-01 7.413864192956796106e-01 7.136582736236831703e-01 7.332975696890368100e-01
7.165782359149328595e-01 7.412557272567772415e-01 7.136820826126996087e-01 7.333362675064064584e-01
7.167950960690483431e-01 7.401699348444974458e-01 7.136456952898632133e-01 7.332476743215222692e-01
7.160433142014487329e-01 7.386319626208857070e-01 7.131623278902090579e-01 7.332244191315695492e-01
7.159421127961949072e-01 7.392481842190806729e-01 7.133945778396710846e-01 7.334090197005365130e-01
7.159854848270179595e-01 7.382786794044804424e-01 7.135616899889939413e-01 7.334551920855270080e-01
7.167372666946176807e-01 7.393174476460298017e-01 7.133447137305990449e-01 7.331908130044171301e-01
7.159710274834102384e-01 7.385171022938512575e-01 7.130190247299027506e-01 7.328387704595914487e-01
7.164770345096791448e-01 7.384914526898924692e-01 7.134134453404011866e-01 7.331428962547366091e-01
7.180095129320938074e-01 7.394625566678240114e-01 7.145571752656049158e-01 7.341223189179993946e-01
7.171420723156326504e-01 7.386146998041205336e-01 7.150279643314390032e-01 7.347144459290778640e-01
7.169252121615172779e-01 7.380073069609071057e-01 7.147772961074548848e-01 7.348005113143409872e-01
7.157397099856872558e-01 7.370570018532420775e-01 7.143873677590351079e-01 7.345765346799928430e-01
7.149445560872645933e-01 7.358704970441205528e-01 7.144206104984165417e-01 7.345402381015058157e-01
7.150602148361260291e-01 7.361458783890489910e-01 7.143855708542036220e-01 7.345798854152564283e-01
7.149879281180877566e-01 7.370501794159908249e-01 7.136730980885425124e-01 7.340102412888429573e-01
7.144530064046032969e-01 7.377166750650522298e-01 7.124386244693515780e-01 7.332077000601435746e-01
7.141783168760572620e-01 7.371358465331347976e-01 7.119606477841917691e-01 7.328073073154298678e-01
7.150023854616952557e-01 7.372695985129597007e-01 7.117593944430717912e-01 7.328545026251787053e-01
7.158409113909410815e-01 7.379277853955282795e-01 7.112122369219020523e-01 7.327705275565069565e-01
7.161878876375256109e-01 7.387425354867761529e-01 7.110325464387592387e-01 7.325797577273548411e-01
7.168673827870866155e-01 7.393184704231559046e-01 7.111295792996563669e-01 7.325790004360597241e-01
7.167517240382252908e-01 7.384717751172784617e-01 7.103955436760180930e-01 7.319547816506609683e-01
7.170553282539865458e-01 7.387348961752461252e-01 7.104359740347252483e-01 7.321515174673427495e-01
7.166505226329713540e-01 7.382651371431108167e-01 7.104665214168593979e-01 7.324178496384378123e-01
7.158409113909409704e-01 7.381507282973115425e-01 7.106111722557894028e-01 7.327020721784527346e-01
7.154650204571412209e-01 7.373836773088868757e-01 7.111282316210327803e-01 7.331559104314204767e-01
7.165782359149329706e-01 7.384819750757734003e-01 7.116434940814446719e-01 7.333717418912281127e-01
7.168818401306944477e-01 7.388841895326269116e-01 7.117935356348688014e-01 7.333517245578322630e-01
7.165926932585405806e-01 7.386850205514551293e-01 7.118339659935761787e-01 7.330254905937704235e-01
7.165782359149330816e-01 7.389509292129243789e-01 7.126973787650771053e-01 7.335333549075420123e-01
7.161734302939177788e-01 7.379670287778515858e-01 7.129848835381056293e-01 7.336055887186165858e-01
7.162746316991714934e-01 7.371850524309797592e-01 7.127508366838122278e-01 7.334006288987757749e-01
7.174167618441787964e-01 7.377505687383550947e-01 7.124152647065429278e-01 7.330370912675467920e-01
7.177637380907631037e-01 7.381199908327975567e-01 7.127926147211428587e-01 7.330615430084382877e-01
7.178504821524093193e-01 7.381708599614107413e-01 7.130127355629926056e-01 7.330642688305754051e-01
7.173878471569633541e-01 7.384023186245802783e-01 7.133864917679297868e-01 7.335812929181474429e-01
7.160288568578410118e-01 7.375793227431781673e-01 7.137431773769681298e-01 7.340824192273034399e-01
7.160288568578410118e-01 7.384674568769448166e-01 7.136497383257339733e-01 7.340474634916658303e-01
7.162168023247409421e-01 7.380404720221076520e-01 7.144385795467307343e-01 7.346478278406974871e-01
7.179950555884861974e-01 7.390826292782266549e-01 7.147458502729049368e-01 7.348195818961823500e-01
7.182986598042475634e-01 7.397105674808304165e-01 7.144318411536130231e-01 7.348075779679986708e-01
7.177348234035478836e-01 7.401130173195203943e-01 7.139740796478066809e-01 7.344243961793811559e-01
7.164047477916407614e-01 7.384536346198888879e-01 7.143550234720693615e-01 7.350570607865442030e-01
7.167661813818329009e-01 7.381954312851043420e-01 7.149924754610184063e-01 7.353473181976264428e-01
7.183564891786783368e-01 7.397483027152229607e-01 7.149453067091934289e-01 7.353469994943013788e-01
7.179950555884860863e-01 7.388500226815229999e-01 7.144385795467307343e-01 7.348710353765834924e-01
7.177492807471554936e-01 7.381125752034360943e-01 7.142166618000495015e-01 7.346460481276293475e-01
7.183131171478551735e-01 7.387449705168448455e-01 7.140774016756137321e-01 7.345120168056192833e-01
7.181540863681706854e-01 7.387035525078357034e-01 7.138918712517687837e-01 7.344871572866618070e-01
7.188769535485548534e-01 7.395539238511330549e-01 7.134529772466925435e-01 7.339785600413317734e-01
7.177926527779785459e-01 7.386260394353899583e-01 7.132580130724825995e-01 7.337131813712519657e-01
7.183131171478552845e-01 7.389008326009123273e-01 7.135176658206240363e-01 7.340188328239505289e-01
7.171999016900634238e-01 7.373561239175039361e-01 7.136789380292447582e-01 7.340609743442083612e-01
7.167661813818329009e-01 7.374007803929851779e-01 7.135670807034881769e-01 7.336681663570163714e-01
7.169685841923405523e-01 7.376923282121563563e-01 7.131600817591697838e-01 7.336692933192625610e-01
7.171420723156327615e-01 7.389741568168550767e-01 7.126421239415108300e-01 7.334928198091297258e-01
7.168818401306944477e-01 7.387438947201745432e-01 7.123173333932302231e-01 7.334731878058580179e-01
7.169252121615175000e-01 7.378837998616005756e-01 7.131951214033825925e-01 7.339327490123417341e-01
7.167372666946175697e-01 7.381052727389266765e-01 7.146856539610521031e-01 7.350510889880211840e-01
7.173589324697480230e-01 7.382471230276970164e-01 7.154834797062060714e-01 7.353336229801594737e-01
7.172288163772788661e-01 7.384833246677033891e-01 7.152983985085689111e-01 7.349628987853162876e-01
7.180528849629168597e-01 7.389144212621492347e-01 7.146991307472877475e-01 7.343375872811106486e-01
7.201925718168544766e-01 7.402215708375090575e-01 7.144134228790908203e-01 7.341349402649564038e-01
7.212479579002154528e-01 7.409588173530655686e-01 7.142427169201052140e-01 7.341974345881057129e-01
7.199757116627391040e-01 7.399023274007563433e-01 7.140522450079738181e-01 7.344317145992202978e-01
7.180528849629169708e-01 7.386361226315439898e-01 7.136865748747781568e-01 7.343702979116253360e-01
7.171854443464558138e-01 7.381996704595316094e-01 7.133087756339704377e-01 7.337916484729329891e-01
7.173300177825325807e-01 7.382264108489507981e-01 7.131897306888883570e-01 7.333458747472597627e-01
7.168962974743020578e-01 7.370606903593517334e-01 7.133927809348397098e-01 7.336934333135727293e-01
7.164914918532869770e-01 7.375731409077527223e-01 7.133240493250376790e-01 7.339141115953145000e-01
7.153059896774567328e-01 7.371610565121493597e-01 7.129049212731070062e-01 7.338779887205372221e-01
7.154939351443566631e-01 7.380456560349246686e-01 7.135320410592753682e-01 7.345880627739962421e-01
7.170264135667712146e-01 7.394416004488519878e-01 7.141169335819052000e-01 7.355195510392629199e-01
7.178793968396247616e-01 7.388010465007495142e-01 7.147206936052649118e-01 7.358830274329499765e-01
7.182119157426013478e-01 7.383600079151135809e-01 7.150055030210462625e-01 7.359540907334484183e-01
7.182986598042475634e-01 7.377531577870433122e-01 7.153118752948046666e-01 7.359630026004708725e-01
7.184432332403244414e-01 7.381727353305629347e-01 7.150472810583770045e-01 7.355333082143096224e-01
7.194407899492547553e-01 7.392013076152631479e-01 7.143065070416209084e-01 7.348490522993211815e-01
7.188769535485550755e-01 7.405984039047486256e-01 7.140190022685923843e-01 7.344322674022738529e-01
7.180095129320939185e-01 7.402671690646024372e-01 7.145562768131892284e-01 7.348105927750624433e-01
7.177781954343709359e-01 7.404213053121467825e-01 7.153451180341861004e-01 7.353544907557159060e-01
7.170842429412020991e-01 7.398852188736698698e-01 7.152175377911547116e-01 7.351045234892965574e-01
7.185299773019705460e-01 7.402785993982976542e-01 7.152507805305361455e-01 7.352346615252470796e-01
7.182697451170322323e-01 7.396506430628237982e-01 7.150648008804834088e-01 7.353704828841489682e-01
7.184432332403245525e-01 7.387611837802513515e-01 7.151717167179532098e-01 7.355481208709960805e-01
7.181540863681707965e-01 7.386118630699695098e-01 7.147296781294221191e-01 7.354979114516663197e-01
7.183564891786783368e-01 7.394617188898943150e-01 7.145162956806900834e-01 7.355052076077808199e-01
7.177348234035477725e-01 7.392253977741285453e-01 7.144228566294557048e-01 7.354615655124119300e-01
7.186167213636166506e-01 7.397360224399860407e-01 7.137395835673052691e-01 7.349711537018920327e-01
7.186311787072242607e-01 7.389422519879330631e-01 7.135127243323375890e-01 7.345647777035464454e-01
7.185878066764013195e-01 7.389593688916007430e-01 7.139417353608409345e-01 7.346628252634253009e-01
7.187179227688704763e-01 7.397814733490699624e-01 7.155589497091259243e-01 7.359464923370674372e-01
7.194841619800778076e-01 7.404535153970674966e-01 7.165813885582084097e-01 7.370133356261242552e-01
7.195419913545084700e-01 7.405054459270927758e-01 7.170077042294646930e-01 7.375313165348758027e-01
7.189781549538087901e-01 7.403139362734976192e-01 7.163006221782979299e-01 7.367919190362586246e-01
7.175179632494326221e-01 7.386652134358903110e-01 7.164457222434356121e-01 7.365958121569775585e-01
7.183420318350706157e-01 7.386178493566039061e-01 7.156937175714830346e-01 7.362608743817924406e-01
7.193685032312164829e-01 7.390197113906076254e-01 7.153019923182318829e-01 7.357996154069507133e-01
7.195564486981161911e-01 7.388437469376287758e-01 7.155643404236203819e-01 7.359072837552643742e-01
7.200624557243852086e-01 7.394261473768238835e-01 7.155724264953617908e-01 7.358208124882698042e-01
7.196576501033700168e-01 7.395417629011670213e-01 7.156452011410345815e-01 7.358383858520063381e-01
7.199467969755237728e-01 7.400351188279792325e-01 7.152094517194131917e-01 7.356030445182912825e-01
7.198311382266621150e-01 7.405311578237070425e-01 7.150621055232362355e-01 7.356004807325142725e-01
7.190215269846317314e-01 7.393968613467267748e-01 7.148981379573684514e-01 7.356038876414029426e-01
7.187468374560858075e-01 7.395030725326505738e-01 7.147431549156577635e-01 7.355523954687374077e-01
7.183854038658937791e-01 7.397300623155123045e-01 7.143999460928549539e-01 7.350633010105734888e-01
7.191371857334932782e-01 7.408336638839485566e-01 7.142269940028300734e-01 7.347028309525274192e-01
7.199467969755237728e-01 7.412469699016288605e-01 7.139938456009522483e-01 7.347788893170680291e-01
7.208720669664157032e-01 7.413302837153705749e-01 7.142499045394308244e-01 7.352449474645461613e-01
7.202504011912851389e-01 7.418903357500299389e-01 7.146649895554907372e-01 7.353984864202379734e-01
7.201347424424235921e-01 7.421585169991479214e-01 7.150189798072820180e-01 7.356926991721736142e-01
7.204383466581849582e-01 7.417678594730990893e-01 7.149848386154848967e-01 7.357577168699487302e-01
7.202142578322658917e-01 7.408920603402381344e-01 7.149691156982098672e-01 7.356565890809563246e-01
7.188769535485548534e-01 7.404114706687836556e-01 7.143424451382494045e-01 7.354144779093275686e-01
7.180962569937399120e-01 7.399839391208720141e-01 7.147265335459670466e-01 7.357973063687442972e-01
7.179805982448784762e-01 7.398004150985948435e-01 7.159160845443721666e-01 7.366701451275193824e-01
7.191227283898855571e-01 7.403571096105405758e-01 7.160539969901844604e-01 7.365919013090586054e-01
7.206552068123002197e-01 7.414789056077726315e-01 7.160683722288359032e-01 7.363591894357083278e-01
7.231418699128222549e-01 7.443977499876364146e-01 7.166038498686013725e-01 7.365771898013464547e-01
7.224190027324379759e-01 7.442983074216814599e-01 7.168823701174726892e-01 7.369186221199152120e-01
7.219129957061689584e-01 7.436826379529346553e-01 7.167682666606770558e-01 7.371499154859006975e-01
7.208286949355925399e-01 7.423198186147875743e-01 7.161397991958851073e-01 7.368988945184453687e-01
7.208720669664154812e-01 7.413050296212535528e-01 7.158325284697109048e-01 7.365636632984058352e-01
7.201058277552083720e-01 7.405042128689076630e-01 7.157557107881673542e-01 7.365305025101787084e-01
7.201347424424235921e-01 7.406537842372171720e-01 7.155176208980031927e-01 7.363888903866070423e-01
7.199612543191313829e-01 7.404520435725163718e-01 7.150081983782934358e-01 7.359103965295396010e-01
7.195709060417239122e-01 7.398488672349227135e-01 7.152700972574740357e-01 7.364176268540302273e-01
7.194407899492546443e-01 7.396122540552575453e-01 7.153258013072483212e-01 7.364616494216302822e-01
7.189347829229859599e-01 7.389691663536391841e-01 7.154520338716560124e-01 7.364151510206387030e-01
7.193540458876086507e-01 7.387080331814654954e-01 7.152251746366882212e-01 7.359287242905442339e-01
7.193106738567855984e-01 7.387595612327597649e-01 7.154951595876103410e-01 7.359564712039948775e-01
7.189492402665933479e-01 7.390219977299499199e-01 7.158383684104130396e-01 7.359424931742145626e-01
7.192094724515316617e-01 7.390717621363932510e-01 7.158689157925473001e-01 7.357892546290205615e-01
7.198022235394467838e-01 7.392622637741512737e-01 7.160009882976573481e-01 7.358341026542400964e-01
7.203226879093236334e-01 7.400498317046775298e-01 7.156865299521573132e-01 7.354059882756216471e-01
7.210021830588848601e-01 7.400313224375518750e-01 7.153163675568832147e-01 7.349653074041488932e-01
7.213636166490768886e-01 7.407068261812901344e-01 7.146133285415871006e-01 7.342059419861010072e-01
7.201781144732466444e-01 7.393513721377341641e-01 7.144125244266751329e-01 7.337750129671065658e-01
7.194552472928623654e-01 7.379367703455859129e-01 7.148779227780148737e-01 7.345877490487777717e-01
7.198889676010929994e-01 7.390820958188065726e-01 7.157332494777746135e-01 7.353785492948966551e-01
7.189492402665934589e-01 7.391579413490445560e-01 7.162408750926527734e-01 7.357616071157031534e-01
7.197443941650161214e-01 7.402962486995489089e-01 7.157745782888973451e-01 7.354662573373887957e-01
7.200769130679928187e-01 7.409984639159321596e-01 7.156434042362029846e-01 7.352712254438245054e-01
7.199901690063468251e-01 7.414241039102674735e-01 7.158886817456930896e-01 7.354248476217735142e-01
7.199901690063467141e-01 7.414851732968936737e-01 7.160297387749601228e-01 7.355146028141362757e-01
7.194841619800778076e-01 7.405289699998219843e-01 7.159120415085015177e-01 7.358716580879207658e-01
7.196142780725469645e-01 7.400915664322030851e-01 7.152849217223331557e-01 7.354447439131654995e-01
7.190504416718471736e-01 7.387760793662543346e-01 7.149875339727320700e-01 7.352827833469828267e-01
7.194841619800778076e-01 7.386823822377593940e-01 7.154205880371059534e-01 7.354833227192586476e-01
7.195130766672931388e-01 7.385961837927675910e-01 7.157071943577187900e-01 7.356166274891384749e-01
7.196142780725469645e-01 7.393831606289951175e-01 7.155319961366546355e-01 7.353748963581446807e-01
7.192239297951394938e-01 7.392739979000724215e-01 7.152754879719682712e-01 7.352735428222358927e-01
7.198022235394468948e-01 7.401667191306483540e-01 7.157422340019317097e-01 7.358914687316376879e-01
7.187902094869088598e-01 7.393634764496882505e-01 7.158581343635588290e-01 7.358684779344369931e-01
7.197299368214085113e-01 7.404410815185936690e-01 7.155930909009231566e-01 7.353975991137184920e-01
7.200190836935621563e-01 7.396295662775506097e-01 7.153145706520518399e-01 7.352209604515215213e-01
7.208576096228078711e-01 7.394891105524701302e-01 7.149120639698121060e-01 7.351618333902474323e-01
7.207564082175540454e-01 7.386803243733228719e-01 7.145275263358863427e-01 7.346500629516712344e-01
7.206262921250849995e-01 7.386046548567176684e-01 7.145895195525706622e-01 7.346668790038659580e-01
7.202359438476774178e-01 7.385554930073952029e-01 7.148913995642505181e-01 7.349364949900263344e-01
7.211467564949616271e-01 7.390275567920460142e-01 7.154322679185103340e-01 7.353055080270124444e-01
7.218551663317381850e-01 7.396356987048396947e-01 7.159551672244558462e-01 7.360461016638348841e-01
7.210889271205309647e-01 7.389290815051293704e-01 7.165041216504570709e-01 7.366989364167586540e-01
7.207708655611617665e-01 7.395838081210845960e-01 7.162363828305743363e-01 7.365473371863276997e-01
7.201491997860314243e-01 7.393961765108085782e-01 7.161654050897328094e-01 7.367614132970607965e-01
7.202648585348928600e-01 7.391150286203196362e-01 7.163666584308528984e-01 7.367101232774955211e-01
7.197877661958391737e-01 7.393705165561055281e-01 7.168060016621369268e-01 7.371197032786283021e-01
7.187902094869089709e-01 7.388654808128543028e-01 7.176020305024596313e-01 7.376164847479522724e-01
7.182119157426014588e-01 7.386184023992696801e-01 7.171631364973832801e-01 7.370283438835182332e-01
7.183420318350707268e-01 7.389282623628555813e-01 7.167646728510140841e-01 7.366074766283068342e-01
7.183564891786782258e-01 7.392654779385633423e-01 7.158787987691201948e-01 7.360825606454954873e-01
7.171999016900634238e-01 7.381150029875569452e-01 7.157619999550772771e-01 7.360705279926025302e-01
7.183998612095013891e-01 7.385860472020066014e-01 7.157354956088137765e-01 7.359408966442229083e-01
7.194407899492547553e-01 7.392935670214390020e-01 7.162242537229621675e-01 7.363033937570209186e-01
7.206841214995156619e-01 7.409634009722995129e-01 7.170979986972439990e-01 7.370521004295460532e-01
7.199612543191314940e-01 7.407137467118867225e-01 7.172040160822981125e-01 7.370923241572762130e-01
7.186167213636165396e-01 7.401853661546806684e-01 7.173181195390939680e-01 7.370688541277184980e-01
7.184432332403244414e-01 7.395873407923837517e-01 7.169147144044383246e-01 7.366649343606319622e-01
7.184143185531089992e-01 7.388789240973303585e-01 7.165391612946699906e-01 7.363969984835803118e-01
7.187757521433013608e-01 7.392942067497617620e-01 7.171231553648840240e-01 7.367003744994032877e-01
7.203516025965389646e-01 7.403967409219589513e-01 7.171177646503896774e-01 7.368820676708067730e-01
7.207853229047693766e-01 7.414873030299025114e-01 7.170117472653354529e-01 7.370397612224268702e-01
7.197733088522315636e-01 7.404474411971064818e-01 7.165804901057928333e-01 7.366214881899917355e-01
7.187179227688703653e-01 7.397578649498917081e-01 7.167345746950877228e-01 7.366680816214277172e-01
7.181830010553862387e-01 7.386742583629279935e-01 7.171743671525797614e-01 7.371363877241940976e-01
7.185878066764013195e-01 7.385065106754156172e-01 7.174793917477145788e-01 7.372330652682587138e-01
7.186745507380474240e-01 7.378507745894424819e-01 7.172570247748253358e-01 7.369614886530869713e-01
7.183131171478551735e-01 7.369207631664567160e-01 7.166573077873362729e-01 7.365126420267311680e-01
7.187323801124780864e-01 7.371646699710174833e-01 7.158671188877159253e-01 7.357246695539810810e-01
7.192673018259624351e-01 7.379281958657517571e-01 7.152566204712382802e-01 7.353243968776558281e-01
7.194552472928623654e-01 7.384153245685733946e-01 7.153815053570224958e-01 7.354875844476366220e-01
7.189926122974164002e-01 7.386085315240643601e-01 7.157027020956403529e-01 7.361221841443890135e-01
7.183131171478552845e-01 7.374172586983724909e-01 7.158374699579973521e-01 7.365525322278079212e-01
7.175902499674708945e-01 7.359602471337747254e-01 7.161312638979357992e-01 7.368450082801054624e-01
7.169830415359481623e-01 7.360124782925696607e-01 7.165418566519170529e-01 7.373014314978290074e-01
7.176336219982941689e-01 7.369779537381190293e-01 7.165400597470856781e-01 7.371553688796430581e-01
7.182842024606398423e-01 7.381149503919280930e-01 7.161420453269243813e-01 7.368535587077689186e-01
7.191516430771011104e-01 7.390694732760735297e-01 7.159906560948765541e-01 7.365302170157348449e-01
7.204094319709697380e-01 7.403167678397981621e-01 7.163486893825385948e-01 7.364614695244056097e-01
7.204528040017927903e-01 7.407891998578625126e-01 7.168626041643268998e-01 7.367695182385369801e-01
7.202070291604620866e-01 7.404294200534657922e-01 7.167709620179241181e-01 7.366885514132797130e-01
7.192817591695703783e-01 7.391236568174602839e-01 7.162175153298444563e-01 7.362115881404067697e-01
7.192673018259625461e-01 7.390261277895426861e-01 7.160324341322072961e-01 7.360299581401105184e-01
7.196287354161546856e-01 7.389843738026806719e-01 7.157575076929989510e-01 7.357111320200231397e-01
7.197733088522315636e-01 7.386179911053386560e-01 7.160423171087799687e-01 7.360181810832082672e-01
7.209154389972387555e-01 7.395119649107992910e-01 7.163648615260214125e-01 7.366990145698035786e-01
7.207130361867311041e-01 7.393458385849669412e-01 7.160971227061385669e-01 7.366642998907177997e-01
7.199757116627392151e-01 7.387633113449726396e-01 7.163567754542800037e-01 7.368471905868174687e-01
7.191661004207087204e-01 7.379480445964128332e-01 7.158060241234474042e-01 7.362390527531470497e-01
7.182986598042476745e-01 7.360837449508725872e-01 7.156532872127759903e-01 7.358619056883936027e-01
7.193829605748238709e-01 7.374200319326549291e-01 7.162777116416971790e-01 7.361842145332626597e-01
7.200190836935621563e-01 7.377482647301781826e-01 7.165095123649514175e-01 7.364169490551710773e-01
7.206262921250847775e-01 7.387778948655685518e-01 7.171447182228610773e-01 7.370475939107525853e-01
7.217250502392691391e-01 7.402985181709639262e-01 7.169452617865726962e-01 7.369052961809090529e-01
7.216310775058190075e-01 7.407769506793242531e-01 7.166469755845555900e-01 7.364722492612610916e-01
7.222888866399688190e-01 7.420578124745660364e-01 7.163266772983535313e-01 7.362937452145533745e-01
7.224912894504763594e-01 7.422942521595262688e-01 7.160378248467016427e-01 7.361673686041234621e-01
7.207708655611617665e-01 7.399052743256615550e-01 7.156460995934502689e-01 7.360949691758459368e-01
7.191805577643163305e-01 7.387900580108421877e-01 7.153343366051975183e-01 7.360393609268982562e-01
7.178071101215862670e-01 7.379904671575673314e-01 7.156119584016531476e-01 7.360499637288440145e-01
7.177059087163324413e-01 7.386063875449349059e-01 7.160045821073202088e-01 7.361398058857238080e-01
7.178215674651939882e-01 7.383111421826592524e-01 7.160813997888637594e-01 7.361844317767201051e-01
7.196431927597622957e-01 7.393037772793004114e-01 7.161285685406886259e-01 7.364450192388370953e-01
7.213636166490769996e-01 7.396277946489354660e-01 7.163630646211900377e-01 7.366457087251807589e-01
7.218840810189536272e-01 7.391410559251497814e-01 7.160198557983872281e-01 7.366412430817304013e-01
7.212479579002152308e-01 7.397288404742787815e-01 7.161964016980750802e-01 7.366410228804110005e-01
7.205829200942619472e-01 7.394746693117751901e-01 7.160737629433300278e-01 7.366097080241242878e-01
7.189347829229857378e-01 7.387909374136288898e-01 7.162489611643944043e-01 7.366157712421876891e-01
7.193106738567854874e-01 7.392508463280696995e-01 7.160517508591450753e-01 7.362236374742894274e-01
7.197154794778009013e-01 7.399756476557597384e-01 7.164367377192785158e-01 7.367199502138106482e-01
7.207997802483772087e-01 7.400062266923533860e-01 7.169776060735384426e-01 7.375187262858758919e-01
7.197877661958391737e-01 7.394791802868299069e-01 7.169528986321062058e-01 7.377232130329145487e-01
7.197733088522314526e-01 7.399348427975633857e-01 7.168769794029782316e-01 7.374488650826003244e-01
7.203082305657159123e-01 7.401438261532963248e-01 7.165346690325913315e-01 7.368922180594054128e-01
7.193974179184317030e-01 7.397594659835937669e-01 7.161519283034971650e-01 7.364261715650861628e-01
7.193540458876086507e-01 7.396905597261893561e-01 7.165984591541070259e-01 7.365704470362650635e-01
7.202937732221081912e-01 7.395214631874833522e-01 7.175714831203252597e-01 7.373651219190460182e-01
7.206841214995156619e-01 7.404784469807267344e-01 7.185144089306170212e-01 7.384137450627862309e-01
7.202214865040696967e-01 7.403261954196447281e-01 7.186442353046876841e-01 7.388290786741137373e-01
7.202937732221081912e-01 7.399572997732668522e-01 7.182327440982906319e-01 7.385528244769887785e-01
7.205973774378695573e-01 7.397469491125425733e-01 7.177934008670066035e-01 7.381847231388799502e-01
7.213202446182538363e-01 7.397722580213152987e-01 7.169856921452797405e-01 7.371406962863287227e-01
7.201636571296390343e-01 7.393670822885421989e-01 7.170539745288740940e-01 7.370979146853211539e-01
7.207274935303387142e-01 7.403537477735236960e-01 7.166442802273085277e-01 7.369990999070430426e-01
7.212768725874307840e-01 7.406469945329779980e-01 7.164214640282113855e-01 7.369783068248126900e-01
7.210166404024924702e-01 7.402397703147514108e-01 7.163567754542800037e-01 7.372120968641769911e-01
7.204672613454004004e-01 7.403204278585804321e-01 7.163383571797579119e-01 7.372991842959987219e-01
7.206407494686926096e-01 7.412624293483198734e-01 7.163073605714157521e-01 7.373452605943170424e-01
7.199901690063466031e-01 7.414878814859020562e-01 7.159776285348486979e-01 7.372232494811505887e-01
