8.395466630441109634e-01 8.533288365330999881e-01 8.339119671537253975e-01 8.709202761893929390e-01
8.417201963942633203e-01 8.553245175099757347e-01 8.361478082357202135e-01 8.726419816765786930e-01
8.429234023559548650e-01 8.563563941021479220e-01 8.374411302982731620e-01 8.735034850432186193e-01
8.429428089037241945e-01 8.567650555562648096e-01 8.383033450066417203e-01 8.742275483975532335e-01
8.447670243940305079e-01 8.580746639863068292e-01 8.397596908585920339e-01 8.750589690998444858e-01
8.472898756040287971e-01 8.598763149364629932e-01 8.426156261321096075e-01 8.768302647216681400e-01
8.503561101515650922e-01 8.612953653175701163e-01 8.457179084651612611e-01 8.787707152681560885e-01
8.519474470686408951e-01 8.621513534396749723e-01 8.470945537978505913e-01 8.794515401419529255e-01
8.527237089794095226e-01 8.621114508131341170e-01 8.474978867286560025e-01 8.793474768195880253e-01
8.564691726988685749e-01 8.643564233361578086e-01 8.481898321458760659e-01 8.795721069948772008e-01
8.578082244949445379e-01 8.651731332422564202e-01 8.498985629754860494e-01 8.806160263125524246e-01
8.575365328261754794e-01 8.642959095284656890e-01 8.523390894819466990e-01 8.822371201745455860e-01
8.582545750936364515e-01 8.640630561052693448e-01 8.537966429175219973e-01 8.829048259927094744e-01
8.570707756797142363e-01 8.626755861978454565e-01 8.531228112546793696e-01 8.822044168697256161e-01
8.581769489025596886e-01 8.627372180261272394e-01 8.539620818741697761e-01 8.828417647087895004e-01
8.579828834248675040e-01 8.617036955173545953e-01 8.540925009056876682e-01 8.828579555403035517e-01
8.588755846222514423e-01 8.614244447326961929e-01 8.542989977055911455e-01 8.828753668267801391e-01
8.592249024820974856e-01 8.606699711734414615e-01 8.555029585798816782e-01 8.840549617457652554e-01
8.604087018960195898e-01 8.615501970528119946e-01 8.567999033933100250e-01 8.848687355837167035e-01
8.617283471443264453e-01 8.625541985676419277e-01 8.581143581693032596e-01 8.857022798920518580e-01
8.638824739467095837e-01 8.631722091410503062e-01 8.591764279676368243e-01 8.863441076397844398e-01
8.659201614624774113e-01 8.649137723544479961e-01 8.593466972587850972e-01 8.866019988085769299e-01
8.661530400357080328e-01 8.652400248469251931e-01 8.589312884917281732e-01 8.860553056321208709e-01
8.642123852587862975e-01 8.648801374330735703e-01 8.585931650766814860e-01 8.856675733415018126e-01
8.632420578703255964e-01 8.643307117342976520e-01 8.595737229803162016e-01 8.860684053228853330e-01
8.620970715519415961e-01 8.641368303274947760e-01 8.593732640985388693e-01 8.857350438496709444e-01
8.612431834500959837e-01 8.630074228714117446e-01 8.596051201545706899e-01 8.859051327185141211e-01
8.611849638067884394e-01 8.625038748579043624e-01 8.592597512377732061e-01 8.858375216255178763e-01
8.596712530807893993e-01 8.612589345843384425e-01 8.586306001690617862e-01 8.853185916476553619e-01
8.599235382017891283e-01 8.604088712242285997e-01 8.587670571187056012e-01 8.851867543102802660e-01
8.592054959343281562e-01 8.605869964388579429e-01 8.575558507426639387e-01 8.838234686882855407e-01
8.583127947369442179e-01 8.587593925914305260e-01 8.572853520106267222e-01 8.835933609003514544e-01
8.559257893613304580e-01 8.577906419080226774e-01 8.568910759570099733e-01 8.835076543598261445e-01
8.528789613615633813e-01 8.554068329751469690e-01 8.565221591595217898e-01 8.832528643914840938e-01
8.528983679093324888e-01 8.556469319063549905e-01 8.561272793140923820e-01 8.825016555869090729e-01
8.539075083933319599e-01 8.557055231917488625e-01 8.570329670329670524e-01 8.827637176177915990e-01
8.566826447243299780e-01 8.570936798937476286e-01 8.585641830696775223e-01 8.836574926387896767e-01
8.603310757049428270e-01 8.597042812177799753e-01 8.590206496799903668e-01 8.841447738209393670e-01
8.612819965456345317e-01 8.592697988282697041e-01 8.587694722859557928e-01 8.843611315853294741e-01
8.606415804692503224e-01 8.596865977022239980e-01 8.579060499939620277e-01 8.836307646329456533e-01
8.588173649789438979e-01 8.577872120017228097e-01 8.566429175220383607e-01 8.827181338927283516e-01
8.572066215140987655e-01 8.575489120066639437e-01 8.564086462987563486e-01 8.827330144908138720e-01
8.551301209027926120e-01 8.564819746158728320e-01 8.557831179809201050e-01 8.822772806024755665e-01
8.556346911447922921e-01 8.569997986651367583e-01 8.563989856297548053e-01 8.825904613240754815e-01
8.551883405461002674e-01 8.577210444752436658e-01 8.557167008815360632e-01 8.817456613894969486e-01
8.576917852083292271e-01 8.601854066678463751e-01 8.561091655597150574e-01 8.817828088512726925e-01
8.573618738962526242e-01 8.597622740998223101e-01 8.569641347663325970e-01 8.821519451955321944e-01
8.550136816161773012e-01 8.572333016007389617e-01 8.575304914865354844e-01 8.828941779224290798e-01
8.545285179219468397e-01 8.568398503261772658e-01 8.575836251660426957e-01 8.832326601459519200e-01
8.561586679345610795e-01 8.577901031298253987e-01 8.572382562492453228e-01 8.832627677477393746e-01
8.593801548642512333e-01 8.598310955009751400e-01 8.580582055307330869e-01 8.836158440856153318e-01
8.611267441634806730e-01 8.613267852530442914e-01 8.591377852916314284e-01 8.843201161756208961e-01
8.621941042907876884e-01 8.617456679710238099e-01 8.589312884917280622e-01 8.842525794056292909e-01
8.611655572590191099e-01 8.605346531177560099e-01 8.583794227750272121e-01 8.842433383321525175e-01
8.576723786605600086e-01 8.583406041643866224e-01 8.584241033691583089e-01 8.844040226013241135e-01
8.593413417687126854e-01 8.594505331489415978e-01 8.577128366139354920e-01 8.838600847861820542e-01
8.628733334627103346e-01 8.617938158393561032e-01 8.567274483757999493e-01 8.828356295045013402e-01
8.631062120359409562e-01 8.619631134195360200e-01 8.563458519502474831e-01 8.824700591360268298e-01
8.639795066855557870e-01 8.631329128547305940e-01 8.565354425793985094e-01 8.827612139285759829e-01
8.630091792970948639e-01 8.623092758732404661e-01 8.573119188503803834e-01 8.834308391763225909e-01
8.622329173863261254e-01 8.618673303308788114e-01 8.587042627701968467e-01 8.843052679289548079e-01
8.616895340487880084e-01 8.623431126305572958e-01 8.591915227629512986e-01 8.847756863650071413e-01
8.604669215393273562e-01 8.613195225843102154e-01 8.581717183914986391e-01 8.840182862136058972e-01
8.605445477304042301e-01 8.612221390294502177e-01 8.575751720806665812e-01 8.837754603618538374e-01
8.590890566477128454e-01 8.591771951952642539e-01 8.578831059050838759e-01 8.838735209189034769e-01
8.594965941508665441e-01 8.591728777288584196e-01 8.597633136094673389e-01 8.850914324155134683e-01
8.585262667624056210e-01 8.570232957845246302e-01 8.606327738195869159e-01 8.857204069994795148e-01
8.585068602146364025e-01 8.583444078842217273e-01 8.595314575534356294e-01 8.846641281643463639e-01
8.603310757049429380e-01 8.604935784163069146e-01 8.582719478323872497e-01 8.838356391933415157e-01
8.595160006986355405e-01 8.601084603664932438e-01 8.590158193454895397e-01 8.843610193486305393e-01
8.601758233227891903e-01 8.605029954797951408e-01 8.590109890109889346e-01 8.841097503234499611e-01
8.609326786857887104e-01 8.620459504967523667e-01 8.591498611278831632e-01 8.843169433035504845e-01
8.595354072464049811e-01 8.593435127797383055e-01 8.583866682767781198e-01 8.838759964535127800e-01
8.572260280618680950e-01 8.572166572166483034e-01 8.580624320734209221e-01 8.838342051795521348e-01
8.564109530555609195e-01 8.563803722252804063e-01 8.581705108078734323e-01 8.838823512356962508e-01
8.583419045585979346e-01 8.580582102728563365e-01 8.595266272189350243e-01 8.848482510230194498e-01
8.619030060742494115e-01 8.614490182188967449e-01 8.596498007487017867e-01 8.850277747836198250e-01
8.610103048768654732e-01 8.608360757390762785e-01 8.586475063398140151e-01 8.844678082910270023e-01
8.608356459469426181e-01 8.610546688779974200e-01 8.585352010626736696e-01 8.842443738809760978e-01
8.583710143802519843e-01 8.585014813399571842e-01 8.588346818017147388e-01 8.847835590558525976e-01
8.567020512720991965e-01 8.568646613942519918e-01 8.588020770438351548e-01 8.848312443782017089e-01
8.582351685458673440e-01 8.591806555825257652e-01 8.584941432194179711e-01 8.845038452244926575e-01
8.586038929534824948e-01 8.600274146091622107e-01 8.589445719116047817e-01 8.851170230237370706e-01
8.576529721127909012e-01 8.593305037878397057e-01 8.590266875981161787e-01 8.851386943333310331e-01
8.590502435521745195e-01 8.583893019359191134e-01 8.586149015819345420e-01 8.848487319210238677e-01
8.585068602146364025e-01 8.587769467512340604e-01 8.587380751117015265e-01 8.850103196862439958e-01
8.580799161637135963e-01 8.585333608075992329e-01 8.594348508634221950e-01 8.850630704177673280e-01
8.594383745075588887e-01 8.600124020076190812e-01 8.601907982127761088e-01 8.853990992839655405e-01
8.593607483164820149e-01 8.594533081675710395e-01 8.598925250573603574e-01 8.851619862742050593e-01
8.599235382017893503e-01 8.598424739419175955e-01 8.598635430503562826e-01 8.853350324901134716e-01
8.610297114246346917e-01 8.613810652406566071e-01 8.596860282574569911e-01 8.852521288042602965e-01
8.627957072716334608e-01 8.628168189463176763e-01 8.588986837338485891e-01 8.847952444039350883e-01
8.619030060742495225e-01 8.618804763727122564e-01 8.580968482067383718e-01 8.842565129718098493e-01
8.623493566729413251e-01 8.623856400732730076e-01 8.576415891800507341e-01 8.840547481987469647e-01
8.626016417939412761e-01 8.626663551669413454e-01 8.595821760656925381e-01 8.853170500889517847e-01
8.628151138194026792e-01 8.631540200016736275e-01 8.602747252747252604e-01 8.855040821501793946e-01
8.621746977430184700e-01 8.624533039273215573e-01 8.605953387272069488e-01 8.857286922723348610e-01
8.598070989151740395e-01 8.613241724313565051e-01 8.610397295012679475e-01 8.862516019773087894e-01
8.603504822527121565e-01 8.613153386883540819e-01 8.611502234029706493e-01 8.867018199638998510e-01
8.616895340487880084e-01 8.626825626601581920e-01 8.607909672744837870e-01 8.867882435097991234e-01
8.611849638067883284e-01 8.626935582847247153e-01 8.611158072696534216e-01 8.871127735745059084e-01
8.606609870170195409e-01 8.622176981356013403e-01 8.614660065209515105e-01 8.872097946783314981e-01
8.607968328514039591e-01 8.621600065987909955e-01 8.614503079338244884e-01 8.868978517568881781e-01
8.615730947621729197e-01 8.616291588290221348e-01 8.608175341142374482e-01 8.861599428458002414e-01
8.627568941760949128e-01 8.625785146603772713e-01 8.606508875739644626e-01 8.859781091175447099e-01
8.637272215645559470e-01 8.634541880561896754e-01 8.614949885279554742e-01 8.864463629612994167e-01
8.634749364435561070e-01 8.636734035762911876e-01 8.614297790121966392e-01 8.864516419091565957e-01
8.627957072716334608e-01 8.633939985929175442e-01 8.608259871996137846e-01 8.864487224500476881e-01
8.629897727493256454e-01 8.635361999973727443e-01 8.612256973795434645e-01 8.866079346465118860e-01
8.642706049020940640e-01 8.644349034676485077e-01 8.617413355874894432e-01 8.869317031252627048e-01
8.651827126472473317e-01 8.650984822479124148e-01 8.625335104455984503e-01 8.875423348847399918e-01
8.652215257427855466e-01 8.650460679339269099e-01 8.626578915589905305e-01 8.878038468743503220e-01
8.660948203924004885e-01 8.664011692641948592e-01 8.616181620577224587e-01 8.871174424491765631e-01
8.660171942013236146e-01 8.668577083674733341e-01 8.607438715131021656e-01 8.864608649127494466e-01
8.651244930039395653e-01 8.664280312654886185e-01 8.607994203598599015e-01 8.865657347332511762e-01
8.619806322653262853e-01 8.644404012488651201e-01 8.609938413235116439e-01 8.865708231552539287e-01
8.605445477304041191e-01 8.631270419911751812e-01 8.614177031759449044e-01 8.870176892361506527e-01
8.601564167750198608e-01 8.629629268907268447e-01 8.616725033208549878e-01 8.872806948819296213e-01
8.593995614120203408e-01 8.615988575332292898e-01 8.622521434609345947e-01 8.875097567894139061e-01
8.599817578450968947e-01 8.625826593929520891e-01 8.621338002656684374e-01 8.874673370075385481e-01
8.640377263288634424e-01 8.652004227114463708e-01 8.617485810892404618e-01 8.872802059662999730e-01
8.659201614624774113e-01 8.664623143243476155e-01 8.621072334259147762e-01 8.876898762003121446e-01
8.652797453860932020e-01 8.656929764052038179e-01 8.611761864509116515e-01 8.868475815290819408e-01
8.647945816918628514e-01 8.647167366013654988e-01 8.611846395362878770e-01 8.867336244540124923e-01
8.652021191950163281e-01 8.663116980519198762e-01 8.606756430382803691e-01 8.860412449196153339e-01
8.607580197558655222e-01 8.620542790274512424e-01 8.618790001207583540e-01 8.871192014720233887e-01
8.604669215393272452e-01 8.616169177665511381e-01 8.621011955077888533e-01 8.872070149022937002e-01
8.607968328514041811e-01 8.608175903391275252e-01 8.620987803405385508e-01 8.870969032992388481e-01
8.625240156028644023e-01 8.632860049418693560e-01 8.624888298514672424e-01 8.872209523338212556e-01
8.632420578703254854e-01 8.638968645468578789e-01 8.629151068711508055e-01 8.876111487474656059e-01
8.636107822779405252e-01 8.646563598665659711e-01 8.632121724429415721e-01 8.879464259840033069e-01
8.643288245454016083e-01 8.653275125599827478e-01 8.641637483395725461e-01 8.888044856759365064e-01
8.644452638320168081e-01 8.659206874143723365e-01 8.642977901219659476e-01 8.889708835763934225e-01
8.647169555007859776e-01 8.655066410425120704e-01 8.632218331119430044e-01 8.878321744013213390e-01
8.650468668128625804e-01 8.663346886607331543e-01 8.618959062915105829e-01 8.871148889369169233e-01
8.650662733606317989e-01 8.664585442331373955e-01 8.627074024876222325e-01 8.876882082554157227e-01
8.650080537173243656e-01 8.658703191574007585e-01 8.635249366018595829e-01 8.884319356339068774e-01
8.661336334879388144e-01 8.665530558961068719e-01 8.642905446202149289e-01 8.891332145856112312e-01
8.646587358574784332e-01 8.644106987389124086e-01 8.643050356237169662e-01 8.892298430042796520e-01
8.609714917813270363e-01 8.624730539709839494e-01 8.643195266272188926e-01 8.889533573525524313e-01
8.611461507112500025e-01 8.627440692800965039e-01 8.638280400917763835e-01 8.886592359422016418e-01
8.640571328766324388e-01 8.650057060367836170e-01 8.633812341504649712e-01 8.881397755601386779e-01
8.634555298957869995e-01 8.641265991315616457e-01 8.630370728172926942e-01 8.879569632203550000e-01
8.656484697937083528e-01 8.658053744500421312e-01 8.630720927424224698e-01 8.881146491709210888e-01
8.658231287236313189e-01 8.658852076246469354e-01 8.629622026325323159e-01 8.882590296319514689e-01
8.637078150167867285e-01 8.641889351004733433e-01 8.637217727327618499e-01 8.883339408738675225e-01
8.654155912204777312e-01 8.661203929291270143e-01 8.637423016543895882e-01 8.880095849837237321e-01
8.657260959847852266e-01 8.661613722617138578e-01 8.643291872962202138e-01 8.888410787488533193e-01
8.636301888257096326e-01 8.642077975625431785e-01 8.638063035865234385e-01 8.887754650007460011e-01
8.628733334627102236e-01 8.632061144580777112e-01 8.638558145151551404e-01 8.887651777933454067e-01
8.621941042907876884e-01 8.627219635589346014e-01 8.634065934065933146e-01 8.882540805027479003e-01
8.630868054881717377e-01 8.640853274741266965e-01 8.631409250090569252e-01 8.879804719868226170e-01
8.624075763162490915e-01 8.632130712392377392e-01 8.641420118343194900e-01 8.889145714780267715e-01
8.646975489530166481e-01 8.650599011006199213e-01 8.638860041057843109e-01 8.888753785971332810e-01
8.640183197810941129e-01 8.648566343698544934e-01 8.638280400917763835e-01 8.888616190242610848e-01
8.632614644180947039e-01 8.645590795394907380e-01 8.643883588938533480e-01 8.890416607239904900e-01
8.629703662015564269e-01 8.644828264756521108e-01 8.652868011109769997e-01 8.897762024140408732e-01
8.642706049020939529e-01 8.649671301764174647e-01 8.649897355391860110e-01 8.895997369974243396e-01
8.646005162141705558e-01 8.659881821422132919e-01 8.645030793382441070e-01 8.892172707788933428e-01
8.654155912204777312e-01 8.663683685694046899e-01 8.641408042506943943e-01 8.891677753460793809e-01
8.650856799084010174e-01 8.660761988976343195e-01 8.645284385943726724e-01 8.894458385570906955e-01
8.653767781249392943e-01 8.667935443716378030e-01 8.647904842410336634e-01 8.896413090975274773e-01
8.649886471695549250e-01 8.666518698036166368e-01 8.640623113150585066e-01 8.890775971235913566e-01
8.631450251314792821e-01 8.654180065916431408e-01 8.639415529525419357e-01 8.891619249279326676e-01
8.622135108385569069e-01 8.647022495818755816e-01 8.638304552590265750e-01 8.891972725539823985e-01
8.645228900230939040e-01 8.659142349524482363e-01 8.636988286438836981e-01 8.890503653651016247e-01
8.661724465834773623e-01 8.674651450692039134e-01 8.643436782997222512e-01 8.894290620856025731e-01
8.641929787110170791e-01 8.651256746412174792e-01 8.648520710059173222e-01 8.897475506067445972e-01
8.646199227619397742e-01 8.664277654070540180e-01 8.649921507064364246e-01 8.898868984670438298e-01
8.669293019464766603e-01 8.676462853941996345e-01 8.656696051201546727e-01 8.897998038422112455e-01
8.654932174115546051e-01 8.664938331594289611e-01 8.657167008815360720e-01 8.894982865677160122e-01
8.675114983795533252e-01 8.675348151754888049e-01 8.654836372418790447e-01 8.893859685120678593e-01
8.664635448000155282e-01 8.664043922327987479e-01 8.659835768626977792e-01 8.899652515363007943e-01
8.666187971821692759e-01 8.663996314945221489e-01 8.658869701726844559e-01 8.900776367856169102e-01
8.624852025073258543e-01 8.644197149555188364e-01 8.644306243207341423e-01 8.894802891422589619e-01
8.602340429660967347e-01 8.627933808275227712e-01 8.641468421688200952e-01 8.892651731500258450e-01
8.601564167750198608e-01 8.629460243372721884e-01 8.640985388238133780e-01 8.889364339811642868e-01
8.625240156028644023e-01 8.645828832591306856e-01 8.650507185122568998e-01 8.895573766540200156e-01
8.652797453860932020e-01 8.660954918417016479e-01 8.655403936722618763e-01 8.902607016055035238e-01
8.633196840614023593e-01 8.636164151956438051e-01 8.653073300326047379e-01 8.903951090793269518e-01
8.633973102524790111e-01 8.637148982820972432e-01 8.653809926337399094e-01 8.905941099233579683e-01
8.633196840614022483e-01 8.638157101266487059e-01 8.660801835527109915e-01 8.908893660469541231e-01
8.633584971569405742e-01 8.644485305842372069e-01 8.660681077164593678e-01 8.904551174002979241e-01
8.645228900230937930e-01 8.664198299383538693e-01 8.666851829489191639e-01 8.907960155775846989e-01
8.632614644180947039e-01 8.648868689595347048e-01 8.661647144064726911e-01 8.904409875206986680e-01
8.630868054881716267e-01 8.650835945931651949e-01 8.644680594131142204e-01 8.892493433257439017e-01
8.630479923926333008e-01 8.653060602985624961e-01 8.642784687839633051e-01 8.893611941548529298e-01
8.634167168002483406e-01 8.646431463366671677e-01 8.645562130177515403e-01 8.896670676867578509e-01
8.635525626346329808e-01 8.636636908139097013e-01 8.651358531578312583e-01 8.900181760949584797e-01
8.629509596537872085e-01 8.631204113955911472e-01 8.650404540514429197e-01 8.897684708951352217e-01
8.642317918065554050e-01 8.638451423582824695e-01 8.655428088395121788e-01 8.902383938903566385e-01
8.641929787110171901e-01 8.644664044303128625e-01 8.658181379060498895e-01 8.904106348627964795e-01
8.657455025325544451e-01 8.653517226916593863e-01 8.656877188745319973e-01 8.905965584023982640e-01
8.672592132585533742e-01 8.663559236999656132e-01 8.652843859437266971e-01 8.904799207972228237e-01
8.672009936152458298e-01 8.667803883834475087e-01 8.658096848206738860e-01 8.907991231324902115e-01
8.666187971821693870e-01 8.665376946417664428e-01 8.658700640019321160e-01 8.908464229908323873e-01
8.652991519338625315e-01 8.656256676071423239e-01 8.661792054099746174e-01 8.908165924978588279e-01
8.647945816918628514e-01 8.661604324263310062e-01 8.657251539669121865e-01 8.905025395210184325e-01
8.652409322905547651e-01 8.657884897927919932e-01 8.657728535201063558e-01 8.904749249840721026e-01
8.646005162141706668e-01 8.650416778319647282e-01 8.659062915106872094e-01 8.905508972793149125e-01
