8.821148202229323054e-01 9.078993038046652142e-01 8.794400296692099772e-01 9.056993973394932285e-01
8.818690453816014907e-01 9.076595916905851880e-01 8.807902667708449318e-01 9.065822100413383211e-01
8.846159406670619507e-01 9.094917921331615585e-01 8.846789496235538675e-01 9.094523808091802275e-01
8.844858245745926828e-01 9.092772902287082903e-01 8.858923626988899347e-01 9.102185297875768910e-01
8.861917911202996656e-01 9.101547104964198276e-01 8.870013574383662780e-01 9.112007664150302277e-01
8.887651982824675834e-01 9.119148896722673037e-01 8.897450392288885901e-01 9.132522166244365636e-01
8.911940320085586231e-01 9.134324759626375467e-01 8.924491140644297271e-01 9.155283718294539019e-01
8.961818155532101926e-01 9.163443466828748996e-01 8.964242120916433576e-01 9.182351372173325199e-01
8.977432086628401864e-01 9.169147195475726431e-01 8.982029244335304474e-01 9.189371342533823039e-01
9.010250256617848841e-01 9.188975426404493163e-01 8.989482553136330933e-01 9.193641559044103406e-01
9.053333140568751158e-01 9.219076899126806834e-01 9.006369518487447046e-01 9.202844214554657398e-01
9.080657519987277437e-01 9.230766970048697173e-01 9.014758991678938349e-01 9.206649145975747128e-01
9.094825716722809705e-01 9.236928077219039857e-01 9.018539655563516666e-01 9.213156759013938490e-01
9.089187352715812906e-01 9.233836949868587940e-01 9.004425177061092800e-01 9.205290127585200599e-01
9.109861354074803019e-01 9.244959190735972943e-01 8.987646230678105752e-01 9.204025087880620681e-01
9.100608654165883715e-01 9.232488436577982460e-01 8.993407242311750593e-01 9.215285299021200860e-01
9.098440052624731100e-01 9.230141810252413537e-01 8.990094660622404144e-01 9.218023527912577730e-01
9.089621073024043429e-01 9.224231407998385590e-01 8.978932700582222814e-01 9.205330715519322027e-01
9.087307898046813603e-01 9.219798775788418110e-01 9.000212437303989343e-01 9.207846183789697436e-01
9.064754442018824188e-01 9.202155366956553673e-01 8.994667463606608182e-01 9.192017563904248956e-01
9.012997151903309190e-01 9.162834614111299292e-01 9.016487295169032246e-01 9.195953128519531727e-01
8.983793317815785828e-01 9.145828333799015386e-01 8.997259918841747917e-01 9.174959391418984200e-01
9.013430872211540823e-01 9.168586432238926553e-01 8.982749370789511190e-01 9.166894144497510499e-01
9.021382411195766338e-01 9.183538020781046862e-01 8.960821520258956951e-01 9.157995750568034277e-01
9.044514160968064598e-01 9.197707453756140961e-01 8.969715081968393511e-01 9.166831934603008047e-01
9.022972718992612329e-01 9.181496878442081400e-01 8.989698591072592393e-01 9.178764612684068291e-01
9.008804522257081171e-01 9.167360381303728545e-01 8.967266652024095119e-01 9.161732824562398569e-01
8.998684381731699711e-01 9.150576878928046165e-01 8.971875461331010326e-01 9.163673077925710286e-01
9.014442886264077970e-01 9.162054090399687212e-01 8.982929402403062591e-01 9.176326645232973922e-01
8.989720828694935939e-01 9.159186502667732155e-01 8.957364913278772489e-01 9.163585431118080882e-01
9.016611487805230585e-01 9.181506782258628263e-01 8.945518833107093393e-01 9.157318317190084045e-01
9.037719209472451221e-01 9.192321139672906538e-01 8.935725113329899827e-01 9.150968301156972018e-01
9.040610678193987670e-01 9.199147375987937192e-01 8.937201372561021095e-01 9.154274889512920010e-01
9.037430062600297909e-01 9.196996175570125720e-01 8.958481109282789845e-01 9.169887637545636183e-01
9.037719209472451221e-01 9.193087044898844429e-01 8.957616957537742897e-01 9.163948447669763020e-01
9.032659139209762156e-01 9.193155445930029090e-01 8.938353574887748509e-01 9.147293676862653378e-01
9.032948286081914357e-01 9.190883915795435843e-01 8.941882194513355309e-01 9.147521889267691275e-01
9.022972718992612329e-01 9.182606522580900599e-01 8.952035977517653897e-01 9.151703840304787896e-01
9.009382816001387795e-01 9.168048602186866791e-01 8.951027800481765606e-01 9.146897932216759841e-01
8.991021989619626398e-01 9.151682368784676003e-01 8.958805166187182589e-01 9.151596636689551811e-01
9.005479333227311978e-01 9.160995214933149722e-01 8.966726557183443136e-01 9.161158672346305654e-01
9.028900229871763550e-01 9.184849511221560014e-01 8.959273248382416677e-01 9.156737019157464852e-01
9.016177767497002282e-01 9.181212823574628201e-01 8.945770877366064910e-01 9.148449918846267570e-01
9.019358383090689824e-01 9.179274212622803297e-01 8.950847768868213095e-01 9.154512599820863183e-01
9.031791698593301110e-01 9.179482367561242473e-01 8.968202816414561074e-01 9.169311386181614454e-01
9.035984328239530239e-01 9.184726612940569135e-01 8.973063669980448909e-01 9.165550945913732983e-01
9.048273070306060983e-01 9.202680183495660637e-01 8.977888517223624465e-01 9.167454309767941734e-01
9.049574231230754773e-01 9.210275444755384733e-01 8.987610224355396804e-01 9.173926914542036570e-01
9.054056007749134993e-01 9.212239884026199865e-01 8.979976883940818944e-01 9.167841884202987401e-01
9.040610678193988781e-01 9.196442088700788053e-01 8.975800150506429986e-01 9.170727347985367928e-01
9.010973123798233786e-01 9.171604057319301395e-01 8.947031098660924719e-01 9.153492592890661861e-01
8.991166563055704719e-01 9.153788572829208992e-01 8.942134238772327937e-01 9.150270191235521100e-01
9.017189781549538319e-01 9.169737205680524861e-01 8.957292900633351262e-01 9.157690156505380319e-01
9.036996342292066275e-01 9.188988624914939951e-01 8.963882057689329663e-01 9.162627973803337822e-01
9.074151715363819592e-01 9.216650596456108513e-01 8.977096378123998743e-01 9.174090458775419066e-01
9.086440457430351447e-01 9.219550741041013797e-01 8.970543227390730401e-01 9.166734886024666684e-01
9.078922638754354235e-01 9.208760173854171338e-01 8.971875461331010326e-01 9.164029356868773624e-01
9.057814917087134710e-01 9.194253290966212244e-01 8.975836156829140045e-01 9.166549239473683608e-01
9.045670748456678956e-01 9.189815451827570980e-01 8.986854091578480030e-01 9.171993068195598564e-01
9.036562621983835752e-01 9.183074303495593060e-01 8.982821383434931306e-01 9.169730620109372010e-01
9.021671558067918539e-01 9.170991539319952590e-01 8.985197800733809581e-01 9.172931156631943805e-01
9.011985137850772043e-01 9.166620163451297820e-01 8.987466199064554351e-01 9.171712297427918603e-01
9.029333950179994073e-01 9.182903555522422545e-01 8.994163375088665147e-01 9.174004372149396902e-01
9.050441671847214709e-01 9.201979153943709022e-01 9.003849075897727428e-01 9.182867247313446502e-01
9.032225418901531633e-01 9.181548737750451217e-01 9.010978327794361142e-01 9.186007991861093736e-01
9.019069236218537622e-01 9.171313082217500412e-01 8.989302521522778422e-01 9.171958605968246747e-01
9.021093264323613026e-01 9.167371998143936107e-01 8.970867284295122035e-01 9.165174224346456233e-01
9.033092859517990458e-01 9.176778104564469185e-01 8.979328770132034565e-01 9.173135740897377932e-01
9.027888215819226403e-01 9.176167010737233953e-01 8.980012890263530112e-01 9.171825904990013045e-01
9.043213000043371919e-01 9.186931200518452245e-01 9.001652690212402774e-01 9.185795013610715820e-01
9.029623097052147385e-01 9.177356175688109463e-01 9.005469360419688929e-01 9.187642668390669787e-01
9.018490942474228778e-01 9.170630510396826640e-01 8.984333648988761523e-01 9.174274573244284303e-01
8.994347178649394481e-01 9.150730384268812578e-01 8.978140561482597093e-01 9.170562360110059430e-01
9.014442886264079080e-01 9.167959142291692842e-01 8.990094660622405254e-01 9.179304561515854166e-01
9.061429252989053884e-01 9.199672143502267696e-01 9.000644513176514483e-01 9.185871126746454340e-01
9.075019155980279528e-01 9.212189475745206080e-01 9.005793417324081673e-01 9.185096166794960437e-01
9.045815321892755057e-01 9.192760690103967125e-01 8.999024228654550761e-01 9.176175432246783670e-01
9.034972314186990872e-01 9.188016700659190628e-01 9.000680519499223431e-01 9.179481706609838865e-01
9.041333545374372616e-01 9.190065526526783879e-01 9.005577379387821324e-01 9.188457202447275485e-01
9.075742023160664473e-01 9.210502583509003749e-01 9.012382574380061184e-01 9.194665479609126502e-01
9.053188567132675058e-01 9.193927842146699669e-01 8.991894976757917046e-01 9.173636603848744908e-01
9.024418453353381109e-01 9.170310117038709130e-01 8.977816504578204349e-01 9.162257313303217021e-01
9.025719614278073788e-01 9.168824971347466768e-01 9.003705050606887195e-01 9.178442774354583777e-01
9.036707195419914074e-01 9.178641935141401698e-01 9.009069992690715845e-01 9.181821723799671320e-01
9.053477714004828369e-01 9.197711145154900958e-01 8.995711646965206532e-01 9.174038221779801106e-01
9.048273070306062094e-01 9.192287223745390090e-01 8.989806610040723678e-01 9.176195922346298550e-01
9.045237028148447322e-01 9.190229644362616357e-01 8.972883638366897507e-01 9.159966264785159851e-01
9.044369587531987387e-01 9.188416297057500071e-01 8.977060371801288685e-01 9.160762226809561204e-01
9.051453685899752966e-01 9.195501505497986061e-01 9.010654270889968398e-01 9.182668688340775986e-01
9.061573826425132205e-01 9.199725266509046762e-01 9.033770330069960108e-01 9.200839298714690306e-01
9.068802498228973885e-01 9.206301746504879091e-01 9.030853817930428740e-01 9.199208040236065420e-01
9.086006737122120924e-01 9.224915237555315617e-01 9.010942321471652194e-01 9.184060811389284096e-01
9.078922638754356456e-01 9.220536244095669520e-01 9.002624860925578787e-01 9.179309955031161872e-01
9.072705981003050812e-01 9.213141402248860024e-01 9.009069992690716955e-01 9.183204378137703738e-01
9.082247827784122318e-01 9.219611970983653260e-01 9.011068343601136288e-01 9.187103600673725001e-01
9.100897801038037027e-01 9.226856757608584703e-01 9.011410403666884061e-01 9.183880023610719867e-01
9.091211380820889421e-01 9.221096243225703759e-01 9.005505366742401208e-01 9.174618489344392724e-01
9.064899015454900288e-01 9.203798532715254943e-01 9.005937442614923016e-01 9.174114237148611739e-01
9.054345154621290526e-01 9.198776245698395693e-01 9.013318738770528249e-01 9.181174208314508700e-01
9.073862568491666281e-01 9.213805534315917534e-01 9.029161520763044901e-01 9.198812951308276142e-01
9.086946464456620021e-01 9.219097397738333921e-01 9.033122216261174620e-01 9.204084042752526118e-01
9.098150905752577788e-01 9.222129806043396494e-01 9.033554292133697539e-01 9.206658773887604896e-01
9.092801688617734301e-01 9.215974852640878012e-01 9.008313859913801291e-01 9.190909517140049001e-01
9.101909815090576394e-01 9.227118687855716539e-01 9.012958675543426557e-01 9.196047245087854982e-01
9.092512541745578769e-01 9.224118665802768513e-01 9.023436515452114559e-01 9.202492948171470122e-01
9.084994723069582667e-01 9.222035283968348374e-01 9.036146747368838383e-01 9.210044859061887745e-01
9.070392806025819876e-01 9.204182457876891599e-01 9.050999355486822884e-01 9.217686841157556321e-01
9.077043184085354932e-01 9.213335031981703116e-01 9.050153206903132075e-01 9.216938700221549707e-01
9.093669129234195347e-01 9.221472719623106107e-01 9.037550993954538425e-01 9.213726179689231133e-01
9.095837730775347962e-01 9.224967863298841886e-01 9.034670488137717115e-01 9.210646388917838046e-01
9.090054793332271732e-01 9.224959706112350055e-01 9.027505229918373342e-01 9.201967541035367404e-01
9.082392401220198419e-01 9.223971061047561149e-01 9.021456167703049145e-01 9.193159873060718912e-01
9.066200176379591857e-01 9.208473713513958270e-01 9.001724702857822891e-01 9.179002854245494891e-01
9.054200581185212204e-01 9.196847478239438267e-01 9.017531478527628375e-01 9.186401816406923881e-01
9.065043588890977500e-01 9.203195236003147706e-01 9.038703196281266949e-01 9.202066514229954031e-01
9.080946666859432970e-01 9.213692454528817910e-01 9.049109023544535946e-01 9.209396033655922187e-01
9.092078821437349356e-01 9.221543251795627505e-01 9.050261225871262249e-01 9.212838091093689119e-01
9.089331926151889007e-01 9.219339797917694979e-01 9.044356188946778285e-01 9.209332951813617996e-01
9.091211380820889421e-01 9.226033410301910376e-01 9.038991246862948525e-01 9.205350280061412871e-01
9.091066807384813320e-01 9.222625140041783576e-01 9.048820972962852149e-01 9.211086018594226710e-01
9.075163729416356739e-01 9.212764766910835901e-01 9.031753975998184636e-01 9.203768445665075904e-01
9.081091240295507960e-01 9.219032488504381728e-01 9.040395493448649678e-01 9.212617195044016105e-01
9.079211785626508657e-01 9.216541622218357155e-01 9.057930572608551278e-01 9.226604946859487955e-01
9.062874987349824885e-01 9.202581289693657629e-01 9.056850382927241760e-01 9.220898360101238422e-01
9.056369182726365930e-01 9.198256219580921433e-01 9.050621289098366162e-01 9.215696298942300801e-01
9.064899015454900288e-01 9.200424608214587963e-01 9.043708075137993907e-01 9.209136336680989743e-01
9.072272260694819179e-01 9.209359000948640350e-01 9.046156505082292298e-01 9.210312218993917943e-01
9.094247422978503081e-01 9.226068316343190023e-01 9.051989529361357256e-01 9.211603327770389038e-01
9.094825716722809705e-01 9.226859349624274564e-01 9.055014060469018800e-01 9.214793579455622385e-01
9.081380387167662382e-01 9.218365292460218852e-01 9.054293934014812084e-01 9.213113651920499247e-01
9.073428848183434647e-01 9.213190982907739635e-01 9.053573807560606479e-01 9.215283822611878284e-01
9.063597854530209830e-01 9.208727218801875392e-01 9.046408549341263816e-01 9.207601102077792588e-01
9.064031574838440353e-01 9.204132925492004569e-01 9.043059961329209528e-01 9.201269768464677146e-01
9.071260246642283143e-01 9.204711821306794661e-01 9.050549276452946046e-01 9.209033289644081854e-01
9.091066807384812209e-01 9.214867715469987619e-01 9.053177738010794728e-01 9.213039263302301718e-01
9.102632682270959119e-01 9.224714247207382867e-01 9.055734186923223294e-01 9.217767465136439409e-01
9.076898610649279941e-01 9.212640446020810003e-01 9.052601636847430466e-01 9.216389470450986332e-01
9.069669938845436041e-01 9.213079039131394365e-01 9.059586863453222838e-01 9.221308881283742931e-01
9.069959085717589353e-01 9.216563102439764288e-01 9.063115483078827417e-01 9.224135778117372730e-01
9.076175743468893886e-01 9.218377163457224244e-01 9.056130256473038376e-01 9.222078458212857877e-01
9.089042779279734585e-01 9.222194857631763609e-01 9.058434661126493204e-01 9.222640881412860203e-01
9.091789674565196044e-01 9.218865547680610284e-01 9.067796305031163850e-01 9.226442394729734708e-01
9.082681548092355062e-01 9.210746601650381393e-01 9.061819255461259770e-01 9.219354644946788913e-01
9.073139701311281335e-01 9.206891276188367002e-01 9.052889687429113152e-01 9.211203202952921165e-01
9.086585030866428658e-01 9.219000367507931282e-01 9.055986231182195922e-01 9.216675600212750341e-01
9.112029955615956744e-01 9.236406239230439130e-01 9.058686705385465832e-01 9.217779294841323967e-01
9.125619858607180168e-01 9.247456346866351762e-01 9.059802901389484298e-01 9.219226668480977605e-01
9.116222585262184763e-01 9.240203192822793454e-01 9.057534503058737307e-01 9.217488476493548299e-01
9.092078821437349356e-01 9.225520016896551212e-01 9.050477263807523709e-01 9.211867251338347051e-01
9.083693562144889988e-01 9.218948385460853379e-01 9.040827569321172597e-01 9.205844402533527315e-01
9.088030765227197438e-01 9.218295758439575271e-01 9.048496916058459405e-01 9.209961171874286867e-01
9.082392401220199529e-01 9.215446814331180736e-01 9.071108886720508080e-01 9.226378091809036563e-01
9.106391591608957725e-01 9.233264887095290474e-01 9.091092395824706962e-01 9.243655141455449087e-01
9.092801688617732081e-01 9.223460073018705518e-01 9.084215188187043655e-01 9.238490225101964048e-01
9.086151310558199246e-01 9.220475684492721591e-01 9.068732469421630915e-01 9.222175058755573973e-01
9.086729604302504759e-01 9.221431126406425260e-01 9.048532922381169463e-01 9.206534413290446972e-01
9.091789674565194934e-01 9.225088256450886259e-01 9.054581984596494770e-01 9.213518407889996764e-01
9.080368373115124125e-01 9.219171682080030683e-01 9.057066420863503220e-01 9.213684480534186649e-01
9.082536974656276740e-01 9.219603441434109925e-01 9.072513133306207012e-01 9.226406143550673900e-01
9.084271855889198832e-01 9.221031336718443772e-01 9.089148054398352716e-01 9.237927783478273591e-01
9.086874177738581970e-01 9.225485621449963647e-01 9.084071162896204532e-01 9.238482719749934180e-01
9.088030765227197438e-01 9.231841539771263871e-01 9.086483586517792865e-01 9.240408076895517686e-01
9.109138486894419184e-01 9.240486602156848805e-01 9.071000867752376795e-01 9.226382326608416617e-01
9.116656305570414176e-01 9.239583907415547248e-01 9.067148191222378362e-01 9.226218024100847348e-01
9.102632682270960229e-01 9.225275347482116972e-01 9.065491900377706802e-01 9.222542568010614339e-01
9.087741618355044126e-01 9.214379183713398147e-01 9.068480425162659397e-01 9.220935283429610996e-01
9.070537379461897087e-01 9.203601964044565431e-01 9.056022237504905981e-01 9.211889138019834222e-01
9.077476904393586565e-01 9.214261798016883942e-01 9.067364229158639821e-01 9.220285767761453588e-01
9.063164134221977086e-01 9.199845860982829304e-01 9.078526189198823371e-01 9.230473965719270257e-01
9.076609463777125519e-01 9.208892984707508500e-01 9.081982796179008943e-01 9.237249966790510580e-01
9.083404415272737786e-01 9.222996030521068977e-01 9.074097411505460675e-01 9.232597696178177493e-01
9.106825311917188248e-01 9.238234598076606741e-01 9.076041752931813811e-01 9.232916616835374901e-01
9.128222180456563306e-01 9.245797925150910368e-01 9.091128402147417020e-01 9.241819691537054293e-01
9.099741213549422669e-01 9.225533826316544284e-01 9.085187358900222998e-01 9.236960415705033345e-01
9.064031574838440353e-01 9.202553290305096612e-01 9.078958265071347400e-01 9.231426660107626692e-01
9.051453685899752966e-01 9.197170322682676202e-01 9.072801183887890808e-01 9.230327572056375995e-01
9.067935057612513949e-01 9.207969311084087671e-01 9.067616273417612449e-01 9.225915431194230409e-01
9.092223394873425457e-01 9.225579438735308502e-01 9.084395219800596166e-01 9.239624574336496865e-01
9.117957466495105745e-01 9.241705241223805434e-01 9.094837053386575221e-01 9.248621670611029133e-01
9.132993103847100169e-01 9.250499767085560432e-01 9.093432806800874069e-01 9.248065549596715673e-01
9.091934248001272145e-01 9.218356341033575596e-01 9.063817606371677993e-01 9.223186930092994729e-01
9.079211785626509768e-01 9.212142285228598348e-01 9.075897727640972468e-01 9.230414983282682062e-01
9.071549393514436455e-01 9.210474858239928730e-01 9.067328222835929763e-01 9.222977053293122118e-01
9.080802093423354648e-01 9.218115410271555676e-01 9.067328222835930873e-01 9.221480526889884732e-01
9.101476094782344761e-01 9.233347070231977538e-01 9.076581847772468015e-01 9.230135015914420205e-01
9.113909410284954937e-01 9.243210033551250149e-01 9.089220067043772833e-01 9.241616095526102859e-01
9.111885382179878423e-01 9.240931145711240857e-01 9.098617717271153538e-01 9.249026101788246912e-01
9.087307898046812493e-01 9.222067295200744308e-01 9.093936895318817104e-01 9.240647890454212199e-01
9.094247422978500861e-01 9.222004838590174280e-01 9.079354334621160261e-01 9.228419558501521625e-01
9.117379172750799121e-01 9.231207701477964767e-01 9.087995852071623082e-01 9.236465933286954755e-01
9.131258222614175857e-01 9.242426474630845989e-01 9.096457337908536722e-01 9.246980206003795333e-01
9.130246208561638710e-01 9.244140493172270379e-01 9.109347601438813058e-01 9.256516635298266404e-01
9.127065592967946728e-01 9.242166389627411993e-01 9.104630773163767676e-01 9.250071501837232590e-01
9.096416024519655696e-01 9.226662479044310805e-01 9.083062985860317351e-01 9.230422652064302902e-01
9.093235408925963714e-01 9.224515509338571118e-01 9.072621152274339407e-01 9.224338634429856132e-01
9.098440052624731100e-01 9.224760992283680405e-01 9.076041752931816031e-01 9.227883806197945127e-01
9.109716780638724698e-01 9.234182521656912890e-01 9.093396800478164010e-01 9.244332050304857606e-01
9.115355144645723717e-01 9.237585527646354766e-01 9.102182343219468175e-01 9.253863965914868039e-01
9.120848935216643305e-01 9.243789736155791914e-01 9.115108613072455679e-01 9.264136558475734029e-01
9.106969885353265459e-01 9.230929855909111303e-01 9.110967885960774559e-01 9.257276327817912653e-01
9.092223394873426567e-01 9.222706184617597280e-01 9.092316610796854492e-01 9.239642785132395897e-01
9.099452066677268247e-01 9.226290610220166943e-01 9.096097274681433920e-01 9.242189688024565752e-01
9.104656710376035633e-01 9.228439491575127773e-01 9.104090678323113472e-01 9.247562070103820808e-01
9.115644291517875919e-01 9.234166906402082597e-01 9.112012069319372909e-01 9.255181083387176155e-01
9.109861354074803019e-01 9.230918257518909709e-01 9.119861447670212229e-01 9.260493645821831210e-01
9.093813702670272558e-01 9.223286518793849531e-01 9.110427791120119245e-01 9.254172603760941751e-01
9.087741618355041906e-01 9.221238721821282125e-01 9.089040035430221431e-01 9.234643183580739656e-01
9.092367968309502668e-01 9.225654200503545788e-01 9.090408275693212525e-01 9.235519737710016219e-01
9.090633087076580576e-01 9.227305618094756579e-01 9.080542543270597733e-01 9.233306256215210173e-01
9.080223799679045804e-01 9.218764636024192605e-01 9.091560478019939939e-01 9.241657743263733682e-01
9.111451661871647900e-01 9.237018304803115143e-01 9.103874640386853123e-01 9.250396533529429144e-01
9.116945452442569708e-01 9.240163028834720294e-01 9.109851689956757204e-01 9.255192564400415156e-01
9.103644696323498486e-01 9.224140843310643101e-01 9.102254355864891622e-01 9.248436410567137944e-01
9.089187352715811796e-01 9.213578158500557169e-01 9.092136579183303091e-01 9.242434118262536913e-01
9.115355144645722607e-01 9.237642722512466875e-01 9.104198697291245868e-01 9.251206196662722370e-01
9.119836921164106158e-01 9.243470593486664555e-01 9.109923702602177320e-01 9.254469825994520171e-01
9.101331521346267550e-01 9.228820201943663815e-01 9.114712543522641708e-01 9.254563948036004239e-01
9.088464485535427961e-01 9.216419832671614021e-01 9.104918823745450362e-01 9.248633147756817330e-01
9.101331521346267550e-01 9.222463939169587288e-01 9.099697906952460835e-01 9.246530521747733378e-01
9.123451257066026443e-01 9.238631894914610676e-01 9.089472111302745461e-01 9.241521797718779130e-01
9.122150096141335984e-01 9.238336460929752469e-01 9.095305135581807088e-01 9.241686015626409123e-01
9.116656305570415286e-01 9.238268301010763572e-01 9.103298539223487751e-01 9.245894318856172633e-01
9.100464080729806504e-01 9.227154883128831919e-01 9.094044914286948389e-01 9.238213940530621837e-01
9.110005927510879120e-01 9.237257673509963185e-01 9.101462216765263680e-01 9.243283242693199897e-01
9.128222180456562196e-01 9.249658483186474767e-01 9.102470393801150861e-01 9.248775359439826982e-01
9.126487299223640104e-01 9.242449489109063610e-01 9.108699487630027569e-01 9.256769840818646067e-01
9.126053578915409581e-01 9.242793062388424685e-01 9.107907348530401848e-01 9.255800790121789801e-01
9.120270641472335571e-01 9.238823051169067213e-01 9.101390204119843563e-01 9.248092662598549341e-01
9.116367158698260864e-01 9.236922673147414109e-01 9.110283765829279012e-01 9.250486781988652707e-01
9.092512541745578769e-01 9.223546153044612783e-01 9.107619297948719161e-01 9.248163518741219224e-01
9.081958680911969006e-01 9.219098612983582797e-01 9.116080783785632802e-01 9.255009622600482988e-01
9.094391996414580293e-01 9.223716934872571160e-01 9.119789435024789892e-01 9.259019192586419589e-01
9.089476499587967329e-01 9.221779707065625997e-01 9.108627474984607453e-01 9.252538722700325291e-01
9.093524555798118136e-01 9.223727599767923557e-01 9.097285483330872502e-01 9.244640387588380914e-01
9.113764836848876616e-01 9.235076915372705253e-01 9.098977780498256340e-01 9.246129600077523936e-01
9.113041969668493891e-01 9.239168405326471101e-01 9.107043196785356010e-01 9.250454492698928499e-01
9.125475285171102957e-01 9.242557797916278739e-01 9.119951463476987374e-01 9.260672450389458854e-01
9.135017131952176683e-01 9.248282792023091448e-01 9.127098718534973898e-01 9.269168394701042812e-01
9.135884572568637729e-01 9.248969256060328714e-01 9.118673239020771426e-01 9.262419510410698775e-01
9.103644696323498486e-01 9.231196509472642253e-01 9.096997432749190926e-01 9.244048728410085847e-01
9.080946666859430749e-01 9.220073141144040640e-01 9.091200414792837137e-01 9.239339700270374767e-01
9.089621073024042319e-01 9.217817549610350936e-01 9.104522754195636391e-01 9.250336014278581764e-01
9.101909815090576394e-01 9.229129814852289337e-01 9.118961289602454112e-01 9.260774177583838140e-01
9.095982304211424063e-01 9.225033907590203253e-01 9.116836916562547355e-01 9.257428649957986089e-01
9.098440052624732211e-01 9.228546638520433998e-01 9.114064429713858440e-01 9.251724038992455990e-01
9.135306278824328885e-01 9.258172479320267989e-01 9.118817264311611659e-01 9.259476400130268736e-01
9.143546964680711042e-01 9.264195353021185131e-01 9.121841795419276533e-01 9.267987422755212812e-01
9.129089621073023242e-01 9.249525396746191008e-01 9.110751848024513100e-01 9.257583727445066746e-01
9.110078214228918281e-01 9.232718485119679741e-01 9.101822279992366482e-01 9.248206358032359242e-01
9.098440052624731100e-01 9.227386472583704036e-01 9.112840214741709799e-01 9.253018000477197802e-01
9.105957871300727202e-01 9.230367809116480915e-01 9.115252638363295912e-01 9.255359220568715184e-01
9.109861354074801909e-01 9.227475102689972619e-01 9.107943354853111906e-01 9.251854005442770035e-01
9.090922233948733888e-01 9.215666972481230124e-01 9.107799329562270563e-01 9.252390294398402659e-01
9.089765646460119530e-01 9.216717614595724140e-01 9.114568518231800365e-01 9.258547915910149140e-01
9.111162514999494588e-01 9.235596656659977866e-01 9.125154377108619652e-01 9.265407700582031225e-01
9.103644696323497376e-01 9.233417894759676781e-01 9.117989118889275879e-01 9.258761697802670998e-01
9.091066807384812209e-01 9.223604032871348668e-01 9.119537390765817264e-01 9.257322449827040112e-01
9.102054388526652495e-01 9.228571538358817383e-01 9.113740372809465695e-01 9.254063210333773881e-01
9.129089621073025462e-01 9.247783648725199646e-01 9.107619297948719161e-01 9.255011859789703532e-01
9.138486894418019757e-01 9.253787715449963702e-01 9.126486611048900688e-01 9.269138520141669835e-01
9.116222585262183653e-01 9.240994976440863873e-01 9.121841795419275423e-01 9.264259112837472943e-01
9.087018751174659181e-01 9.223893350757885745e-01 9.106071026072178887e-01 9.251790879395516143e-01
9.093090835489886503e-01 9.228304969419912629e-01 9.113632353841335521e-01 9.259292545864583612e-01
9.089621073024043429e-01 9.226522305433982885e-01 9.116728897594417180e-01 9.258884550344030906e-01
9.095114863594963017e-01 9.226487023060280235e-01 9.122669940841612313e-01 9.263503362871359226e-01
9.098729199496884412e-01 9.231603337783382823e-01 9.120797612060678183e-01 9.261697557837011985e-01
9.111740808743802322e-01 9.238560757152874947e-01 9.120401542510865323e-01 9.261209324444144020e-01
9.122439243013489296e-01 9.242784380418372914e-01 9.115360657331426086e-01 9.255784299340422683e-01
9.124174124246410278e-01 9.244516421164272746e-01 9.119753428702079834e-01 9.259309127099184522e-01
9.094391996414579182e-01 9.225291343637033181e-01 9.116116790108343970e-01 9.255543446137024510e-01
9.083115268400585585e-01 9.220535605467949924e-01 9.113920404423018207e-01 9.254429873530249928e-01
9.095259437031040228e-01 9.228273509837938704e-01 9.112588170482737171e-01 9.256949155480673763e-01
9.116800879006491387e-01 9.239091827554323233e-01 9.106575114590123032e-01 9.254577593469877073e-01
9.126053578915410691e-01 9.247893257402030054e-01 9.106683133558253207e-01 9.254669598690358212e-01
9.119981494600181149e-01 9.243035884318226980e-01 9.109131563502550488e-01 9.254527484344922117e-01
9.113041969668492781e-01 9.232321024591747527e-01 9.125946516208245374e-01 9.265063957565857766e-01
9.105957871300727202e-01 9.230780454468232588e-01 9.135596210694598707e-01 9.269888874919769428e-01
9.090343940204427264e-01 9.224806807633053607e-01 9.134588033658709305e-01 9.266144315308395552e-01
9.087018751174659181e-01 9.223767903176474103e-01 9.117593049339465239e-01 9.255959910451145856e-01
9.104945857248190055e-01 9.237934305453865402e-01 9.115468676299556261e-01 9.258104452668278750e-01
9.119836921164105048e-01 9.248999542427573939e-01 9.117809087275725588e-01 9.262372415705961703e-01
9.119547774291951736e-01 9.248751183140738741e-01 9.118493207407221135e-01 9.260914420669259517e-01
9.091645101129117723e-01 9.230733445049490449e-01 9.122417896582639685e-01 9.259434801089569955e-01
9.081235813731584061e-01 9.220104329122682518e-01 9.125442427690302338e-01 9.261430235617684747e-01
9.079067212190432556e-01 9.217291257739301802e-01 9.123426073618525756e-01 9.258681051277994900e-01
9.101620668218421972e-01 9.231857271197565495e-01 9.129979224351796319e-01 9.267224819587300821e-01
9.124607844554643021e-01 9.248418592659419790e-01 9.137360520507400441e-01 9.277130129518588175e-01
9.126487299223641214e-01 9.245208397075042051e-01 9.137468539475532836e-01 9.277501134451251463e-01
9.106536165045034936e-01 9.234071758388326945e-01 9.135668223340017713e-01 9.274055339550897337e-01
9.126342725787564003e-01 9.247576033920569261e-01 9.136280330826094254e-01 9.271881441335474427e-01
9.124174124246411388e-01 9.251166089394788905e-01 9.139772944128988774e-01 9.270432254526532745e-01
9.119981494600182259e-01 9.247245538067451198e-01 9.137504545798241784e-01 9.270616768757531378e-01
9.110295074383032432e-01 9.240106553455843530e-01 9.127566800730207985e-01 9.264562067620998320e-01
9.123162110193872021e-01 9.248013432974834247e-01 9.133939919849927147e-01 9.271106500291181884e-01
9.131113649178099756e-01 9.250833706944613377e-01 9.129367116865720888e-01 9.267644818055147393e-01
9.125475285171104067e-01 9.249185470935984421e-01 9.117917106243856873e-01 9.255738089834206761e-01
9.099307493241193256e-01 9.235924621496879316e-01 9.108303418080215819e-01 9.245348563211064352e-01
9.098729199496884412e-01 9.235699036113798055e-01 9.116440847012734494e-01 9.251715017985757683e-01
9.110150500946956331e-01 9.243916322652733220e-01 9.125586452981142571e-01 9.260030246172071822e-01
9.122583816449565397e-01 9.253133856488724440e-01 9.131671521519179047e-01 9.265064629626043047e-01
