8.818690453816016017e-01 9.023861654190326043e-01 8.594457186681980776e-01 8.892106826772856465e-01
8.819919328022669536e-01 9.024859967795149096e-01 8.594637218295532177e-01 8.892273348489885265e-01
8.820859055357168632e-01 9.025723111749056615e-01 8.595969452235813213e-01 8.893194842717666582e-01
8.821437349101477476e-01 9.026396989361106238e-01 8.597013635594410452e-01 8.894051845994741523e-01
8.823027656898322357e-01 9.028150013671553120e-01 8.598453888502821663e-01 8.895150505592948065e-01
8.824039670950860614e-01 9.028962560633738699e-01 8.599246027602447384e-01 8.895600504993554924e-01
8.824762538131243339e-01 9.028974951844518371e-01 8.600002160379363048e-01 8.896272301027363660e-01
8.825629978747705495e-01 9.029648980799468427e-01 8.601046343737959177e-01 8.897243948407769221e-01
8.826497419364165431e-01 9.030506430712551547e-01 8.601982508128427352e-01 8.898097091422667582e-01
8.826931139672397064e-01 9.030847230611767085e-01 8.602954678841603364e-01 8.898983053312299329e-01
8.827220286544550376e-01 9.031212977860060276e-01 8.603854836909361481e-01 8.899432812167210605e-01
8.826931139672397064e-01 9.031098594798375734e-01 8.604394931750014575e-01 8.899703145065431809e-01
8.827220286544551486e-01 9.031392197815624190e-01 8.605295089817771581e-01 8.900681980049451880e-01
8.828232300597089743e-01 9.032091903056601589e-01 8.606159241562817419e-01 8.901566361767366820e-01
8.828810594341395257e-01 9.032823908653966338e-01 8.606591317435341448e-01 8.902038351848369224e-01
8.828955167777473578e-01 9.032743869521132618e-01 8.607347450212257112e-01 8.902429578844107683e-01
8.829967181830010725e-01 9.033442700654136237e-01 8.607779526084780031e-01 8.902882191029961589e-01
8.830545475574317349e-01 9.034042471054384293e-01 8.608571665184405752e-01 8.903297711566169337e-01
8.830400902138241248e-01 9.033897375493293858e-01 8.609183772670481183e-01 8.903889100536427348e-01
8.831557489626854496e-01 9.034434491217882002e-01 8.610011918092816963e-01 8.904459903279251520e-01
8.832135783371163340e-01 9.035404030557327992e-01 8.610984088805994086e-01 8.905619800882953463e-01
8.833870664604086542e-01 9.037024424359662023e-01 8.611884246873751092e-01 8.906208496572191047e-01
8.834304384912317065e-01 9.037531072115354558e-01 8.612676385973376814e-01 8.906685171636528064e-01
8.835316398964854212e-01 9.038222529189420262e-01 8.612964436555059500e-01 8.906990022201035639e-01
8.835605545837007524e-01 9.038468982565961429e-01 8.613684563009265105e-01 8.907450824783686993e-01
8.836328413017391359e-01 9.039068370340100911e-01 8.614260664172628257e-01 8.907873063343590969e-01
8.836328413017393579e-01 9.039276722904188155e-01 8.615376860176646723e-01 8.908771663403018959e-01
8.837051280197776304e-01 9.040122730185156108e-01 8.616781106762346765e-01 8.909752872385908740e-01
8.838063294250314561e-01 9.040859620763538329e-01 8.617501233216553480e-01 8.910229020769225849e-01
8.839509028611082231e-01 9.041960438360785446e-01 8.618005321734496516e-01 8.910596003086488359e-01
8.840810189535773800e-01 9.042774757657519036e-01 8.619193530383935098e-01 8.911638096374522311e-01
8.841099336407929332e-01 9.043037736297835361e-01 8.620237713742533447e-01 8.912308099111195814e-01
8.842111350460466479e-01 9.043626974352894088e-01 8.620921833874028994e-01 8.912771649932731410e-01
8.842834217640850314e-01 9.044378203664695803e-01 8.622254067814308920e-01 8.913632279846972484e-01
8.842400497332618681e-01 9.044203839833170333e-01 8.623334257495616217e-01 8.914553316870914568e-01
8.842689644204773103e-01 9.044661999473757596e-01 8.623946364981691648e-01 8.914963005511843397e-01
8.842834217640851424e-01 9.044971630200852042e-01 8.625674668471783324e-01 8.916598093180462259e-01
8.843267937949081947e-01 9.045427835853563359e-01 8.626502813894119104e-01 8.917311211372140889e-01
8.845436539490234562e-01 9.047163839105448746e-01 8.628159104738791774e-01 8.918495720308083907e-01
8.846737700414926131e-01 9.047960777617136685e-01 8.630031433519724793e-01 8.919892474944336458e-01
8.847171420723156654e-01 9.048415952770234583e-01 8.631507692750846061e-01 8.920897677591668185e-01
8.848328008211769902e-01 9.049168163153169520e-01 8.632407850818603068e-01 8.921479652237448432e-01
8.848472581647848223e-01 9.049458029259999092e-01 8.633272002563650016e-01 8.922139848747435709e-01
8.849484595700386480e-01 9.049862619182748036e-01 8.634496217535798657e-01 8.922853025093099300e-01
8.849629169136462581e-01 9.050037304322287035e-01 8.635792445153369634e-01 8.923818772018630163e-01
8.849629169136461471e-01 9.049941497999609563e-01 8.636656596898415472e-01 8.924406143407657144e-01
8.850496609752924737e-01 9.050620014230500443e-01 8.636692603221125530e-01 8.924481853967969336e-01
8.850062889444693104e-01 9.050500568504471488e-01 8.637196691739069676e-01 8.924697722239682829e-01
8.850496609752923627e-01 9.050626965107504418e-01 8.637520748643461310e-01 8.925076119330451752e-01
8.850930330061154150e-01 9.051236771672858117e-01 8.638168862452246799e-01 8.925551151655948257e-01
8.850785756625076939e-01 9.051250133329941105e-01 8.638708957292899893e-01 8.926008785315149296e-01
8.850930330061155260e-01 9.051201831076149951e-01 8.639321064778974213e-01 8.926375190097026735e-01
8.851508623805461884e-01 9.051499203209268929e-01 8.640401254460283731e-01 8.927117194885846319e-01
8.852520637858000141e-01 9.052280426584756734e-01 8.641661475755142430e-01 8.928066332419537510e-01
8.852954358166230664e-01 9.052621449907944928e-01 8.643029716018131303e-01 8.929104947881737475e-01
8.852809784730153453e-01 9.052571627858013725e-01 8.644109905699439711e-01 8.930142344552772782e-01
8.854400092526999444e-01 9.054308064852791826e-01 8.645082076412617944e-01 8.931200654199742406e-01
8.855701253451691013e-01 9.054982763175811744e-01 8.646522329321029154e-01 8.932119891541987489e-01
8.856279547195998747e-01 9.055197071214658999e-01 8.647494500034206277e-01 8.932750836544703921e-01
8.857725281556766417e-01 9.056259334171030684e-01 8.648646702360933691e-01 8.933591069455651956e-01
8.858159001864995830e-01 9.056855949810449502e-01 8.649510854105981750e-01 8.934375615576624075e-01
8.859171015917535197e-01 9.057673047537779798e-01 8.650338999528317530e-01 8.935114730175282016e-01
8.860183029970072344e-01 9.058732096231072450e-01 8.651419189209625937e-01 8.936000239950260271e-01
8.860905897150457289e-01 9.059547215594054848e-01 8.652319347277380723e-01 8.936669916741740716e-01
8.861484190894765023e-01 9.059946061420082186e-01 8.653615574894950591e-01 8.937652852449594620e-01
8.861917911202996656e-01 9.060346380729003002e-01 8.655091834126072969e-01 8.938775676812331650e-01
8.863508218999840427e-01 9.061509073974224338e-01 8.656208030130091435e-01 8.939654455000385358e-01
8.863363645563764326e-01 9.061507261021904958e-01 8.657756302006631710e-01 8.940978510685625436e-01
8.863941939308070950e-01 9.062599634529432402e-01 8.659160548592332862e-01 8.941906143169305876e-01
8.865676820540995262e-01 9.064075432875974281e-01 8.660312750919061386e-01 8.942921014469885632e-01
8.866688834593532409e-01 9.064818279502303566e-01 8.661753003827471487e-01 8.944059622880851101e-01
8.866544261157456308e-01 9.064794075173824295e-01 8.662761180863360888e-01 8.945248188567567205e-01
8.866833408029608510e-01 9.065214810500550335e-01 8.663985395835507308e-01 8.946265703291840232e-01
8.868568289262531712e-01 9.066537399024469090e-01 8.664705522289712913e-01 8.946520868893971246e-01
8.869580303315069969e-01 9.067575957693438937e-01 8.665713699325601205e-01 8.947284631069334360e-01
8.871170611111913740e-01 9.068604960665356263e-01 8.666145775198124124e-01 8.947507273374926129e-01
8.871170611111914850e-01 9.069142715729648918e-01 8.667333983847562706e-01 8.948447536230575983e-01
8.871748904856221474e-01 9.069477230261395739e-01 8.668414173528871114e-01 8.949224576033978362e-01
8.872905492344836942e-01 9.070109648612398878e-01 8.669422350564759405e-01 8.950148295530956366e-01
8.874206653269528511e-01 9.071237205490187971e-01 8.670754584505040441e-01 8.951418637413861568e-01
8.875507814194221190e-01 9.072042907094102215e-01 8.672014805799899140e-01 8.952205437874585225e-01
8.877098121991067181e-01 9.073559726728980257e-01 8.672770938576814803e-01 8.952837291371358308e-01
8.877676415735372695e-01 9.074210383304108785e-01 8.673707102967280758e-01 8.953505115269437820e-01
8.878688429787910952e-01 9.074897663363367117e-01 8.674463235744196421e-01 8.954095924257418071e-01
8.878543856351833741e-01 9.074687506729082198e-01 8.675219368521112084e-01 8.954752979349521746e-01
8.879122150096141475e-01 9.075049603929085107e-01 8.676227545557000376e-01 8.955671853043105646e-01
8.879845017276526420e-01 9.075757228487484340e-01 8.677595785819989249e-01 8.956621381612083210e-01
8.881001604765139668e-01 9.076989473776801987e-01 8.678892013437559116e-01 8.957516752542977745e-01
8.882302765689832347e-01 9.078081538777751369e-01 8.680404278991391553e-01 8.958686997973849264e-01
8.883025632870216182e-01 9.078554419830447975e-01 8.681736512931670369e-01 8.959616038218183309e-01
8.884905087539216595e-01 9.080003940999110679e-01 8.682348620417745799e-01 8.959973243006171817e-01
8.885627954719599320e-01 9.080447188135269965e-01 8.683608841712604498e-01 8.961076493044680680e-01
8.886929115644290889e-01 9.081688067874114090e-01 8.684833056684753139e-01 8.962216632193500399e-01
8.887651982824675834e-01 9.082291066942309588e-01 8.685445164170828569e-01 8.962647162067478579e-01
8.889820584365829559e-01 9.084615361514979393e-01 8.686705385465687268e-01 8.963816666989219417e-01
8.890254304674060082e-01 9.084868421575380548e-01 8.687893594115125850e-01 8.964801890812683638e-01
8.891844612470904963e-01 9.086381656300379639e-01 8.688721739537463851e-01 8.965396387859109195e-01
8.893001199959519321e-01 9.087274695604603547e-01 8.689765922896059980e-01 8.966024168700971186e-01
8.893868640575981477e-01 9.087971688073217535e-01 8.690378030382134300e-01 8.966184394530793966e-01
8.895169801500673046e-01 9.089186937166623403e-01 8.691386207418022591e-01 8.966935833073822470e-01
8.895458948372826358e-01 9.089306114361807021e-01 8.691782276967835452e-01 8.967243884246336449e-01
8.895892668681056881e-01 9.089682004842878360e-01 8.692646428712882400e-01 8.968000176526877976e-01
8.896470962425364615e-01 9.090377051051488078e-01 8.693618599426059523e-01 8.968829562685539658e-01
8.897338403041824550e-01 9.091313964496607891e-01 8.694914827043628280e-01 8.969628598403055486e-01
8.898061270222209496e-01 9.091999482328310123e-01 8.696823162147273578e-01 8.971038081463036384e-01
8.897916696786133395e-01 9.092021224932271828e-01 8.699199579446150743e-01 8.972891580744666307e-01
8.899073284274747753e-01 9.093090595738436699e-01 8.701539990422317850e-01 8.974909587152245516e-01
8.900952738943745945e-01 9.095309028189669798e-01 8.703376312880541921e-01 8.976385855266637570e-01
8.902398473304514726e-01 9.096612329866672342e-01 8.704960591079793364e-01 8.977564192809526222e-01
8.903265913920975771e-01 9.097506369585595110e-01 8.705392666952316283e-01 8.977920224229353208e-01
8.904567074845668451e-01 9.098767988024699660e-01 8.706868926183437551e-01 8.979024131731567770e-01
8.904567074845668451e-01 9.098675010708563438e-01 8.708381191737268878e-01 8.980075826504183567e-01
8.905723662334281698e-01 9.099739644903022118e-01 8.709173330836894600e-01 8.980656907214906726e-01
8.906012809206436120e-01 9.100125722751664092e-01 8.709605406709417519e-01 8.980871670732775147e-01
8.906157382642513332e-01 9.100476036229818710e-01 8.711297703876801357e-01 8.982023818820022987e-01
8.906591102950743855e-01 9.100583686321694898e-01 8.712593931494370114e-01 8.982822305123194795e-01
8.907603117003282112e-01 9.101288760611312423e-01 8.713926165434651150e-01 8.983823041970767642e-01
8.908036837311512635e-01 9.101504943398018854e-01 8.715474437311192535e-01 8.984689606288297492e-01
8.909482571672281415e-01 9.103089345745822847e-01 8.716338589056237263e-01 8.985237587366746714e-01
8.909627145108358626e-01 9.102929813736262421e-01 8.717022709187733920e-01 8.985793164126847365e-01
8.910350012288742461e-01 9.103624275960655599e-01 8.718282930482593729e-01 8.986782036736795654e-01
8.912374040393817864e-01 9.105320054091043946e-01 8.719003056936798224e-01 8.987253685486478183e-01
8.913241481010278910e-01 9.106104497386554586e-01 8.719723183391002719e-01 8.988136893064977428e-01
8.914542641934970479e-01 9.107558803836611760e-01 8.720587335136049667e-01 8.988907084662367541e-01
8.915120935679278213e-01 9.108075740757983763e-01 8.721883562753620645e-01 8.990162012409013137e-01
8.915699229423585948e-01 9.108591700661904378e-01 8.722603689207824029e-01 8.990954654961613723e-01
8.916132949731816471e-01 9.109090731457194501e-01 8.723539853598292204e-01 8.991807420086624925e-01
8.916711243476123094e-01 9.109850196808914058e-01 8.724836081215860961e-01 8.992893690406829066e-01
8.917723257528660241e-01 9.110876814502912868e-01 8.726168315156141997e-01 8.994260646658538416e-01
8.917506397374546090e-01 9.110603445188099059e-01 8.726204321478850945e-01 8.994288892223978316e-01
8.917434110656508039e-01 9.110299237214170009e-01 8.726852435287636434e-01 8.994731441237933112e-01
8.918590698145122397e-01 9.110931100605550448e-01 8.727104479546607951e-01 8.995042918055627945e-01
8.917867830964738562e-01 9.110464894962558846e-01 8.727824606000813557e-01 8.995563926154461765e-01
8.919168991889430131e-01 9.111411356349323754e-01 8.728472719809599045e-01 8.995948461199085866e-01
8.919891859069815077e-01 9.112076869664202938e-01 8.729660928459037628e-01 8.996877769335174246e-01
8.920903873122352223e-01 9.112686116087704846e-01 8.730489073881373407e-01 8.997603351266361127e-01
8.921915887174890480e-01 9.113415351158317135e-01 8.731389231949129304e-01 8.998217455876142967e-01
8.922205034047043792e-01 9.113550793041012010e-01 8.733261560730063433e-01 8.999311560099956253e-01
8.923217048099583160e-01 9.114421710419142730e-01 8.734881845252026045e-01 9.000565753582339124e-01
8.924807355896428041e-01 9.116125880943789506e-01 8.735565965383520481e-01 9.000998963303270539e-01
8.925385649640735775e-01 9.116864331696146184e-01 8.736286091837726087e-01 9.001622894363969785e-01
8.925385649640734664e-01 9.117068412236654096e-01 8.737114237260061866e-01 9.002335263801436449e-01
8.926253090257196821e-01 9.117787582050480566e-01 8.738626502813894303e-01 9.003495665093931288e-01
8.927409677745810068e-01 9.119125650200201605e-01 8.739850717786041834e-01 9.004408757822182086e-01
8.927843398054040591e-01 9.119854282678560020e-01 8.740714869531089892e-01 9.004965207045667608e-01
8.927409677745811178e-01 9.119741952526945195e-01 8.741651033921556957e-01 9.006001229601166003e-01
8.927409677745810068e-01 9.119823220621535720e-01 8.742479179343893847e-01 9.006747410729327719e-01
8.928566265234426647e-01 9.121009842358914765e-01 8.743235312120807290e-01 9.007469351638844879e-01
8.928999985542656059e-01 9.121296339240332340e-01 8.744531539738378267e-01 9.008402271564428521e-01
8.929578279286963793e-01 9.121962486012686888e-01 8.744927609288191128e-01 9.008879104741451815e-01
8.929867426159117105e-01 9.122305880631201846e-01 8.745575723096975507e-01 9.009417067084344311e-01
8.930734866775579261e-01 9.123209730527456207e-01 8.746763931746412979e-01 9.010390200571776198e-01
8.932469748008501353e-01 9.124508716871695402e-01 8.748348209945665532e-01 9.011571010734908960e-01
8.933048041752809088e-01 9.124967957906974236e-01 8.749140349045292364e-01 9.012181854577747675e-01
8.934493776113576757e-01 9.126196350186017714e-01 8.750292551372019778e-01 9.012812100414809846e-01
8.935216643293961702e-01 9.126690249272795263e-01 8.750868652535384040e-01 9.013222764025823341e-01
8.936517804218653271e-01 9.127907846041185547e-01 8.751948842216692448e-01 9.013948466413258531e-01
8.937529818271191528e-01 9.129054906845133210e-01 8.752560949702767878e-01 9.014379546707338431e-01
8.938397258887652574e-01 9.130278561717514174e-01 8.753029031898000856e-01 9.014686832899765356e-01
8.938541832323729786e-01 9.129589451987475401e-01 8.753245069834261205e-01 9.014833025161028690e-01
8.939264699504112510e-01 9.130227671780446475e-01 8.753641139384075176e-01 9.015379997434831427e-01
8.940855007300958501e-01 9.131590492516561408e-01 8.754253246870149496e-01 9.015658458172985945e-01
8.940855007300958501e-01 9.131628566293674698e-01 8.755333436551459014e-01 9.016350979266385401e-01
8.941433301045265125e-01 9.132421488050165292e-01 8.756773689459869114e-01 9.017465780247849727e-01
8.942879035406035015e-01 9.134268225040113043e-01 8.758141929722860208e-01 9.018585474070520691e-01
8.942879035406035015e-01 9.134363889821109916e-01 8.759294132049586512e-01 9.019201040665916214e-01
8.943168182278189438e-01 9.134369181575316965e-01 8.760662372312577606e-01 9.020025814547660836e-01
8.943601902586417740e-01 9.135183680605304390e-01 8.762138631543698875e-01 9.021395224371353549e-01
8.944469343202881007e-01 9.136186473319114487e-01 8.763470865483979910e-01 9.022589126128541803e-01
8.944469343202878786e-01 9.136186509148496171e-01 8.764154985615474347e-01 9.023345864153717866e-01
8.944903063511110419e-01 9.136974361960807922e-01 8.765307187942202871e-01 9.024149948121534814e-01
8.946637944744033621e-01 9.137964603978786515e-01 8.767035491432294547e-01 9.025416929964620305e-01
8.947505385360494667e-01 9.138819637335463542e-01 8.768655775954257159e-01 9.026581692037083382e-01
8.947939105668724080e-01 9.139436013076983611e-01 8.769663952990145450e-01 9.027332195621257105e-01
8.948372825976955713e-01 9.139936459898883037e-01 8.770744142671452748e-01 9.028145413486458049e-01
8.948661972849107915e-01 9.140193240645196893e-01 8.771428262802947184e-01 9.028468763509935879e-01
8.949529413465568961e-01 9.141242778275893155e-01 8.772400433516125418e-01 9.029380805322866355e-01
8.950107707209876695e-01 9.141610558881987370e-01 8.773300591583882424e-01 9.029848953990403659e-01
8.950252280645955016e-01 9.141800868217216935e-01 8.774812857137712641e-01 9.030713963968794999e-01
8.951408868134568264e-01 9.143015095615016907e-01 8.776325122691543967e-01 9.031975184997440564e-01
8.951408868134568264e-01 9.142405227135390611e-01 8.777297293404721090e-01 9.032680051767045804e-01
8.952131735314954319e-01 9.143496867728031496e-01 8.777909400890796521e-01 9.033055264959564123e-01
8.952420882187107631e-01 9.143624060742553405e-01 8.778485502054160783e-01 9.033518285636927825e-01
8.952420882187107631e-01 9.144041153276530887e-01 8.778737546313132301e-01 9.033892230955800073e-01
8.950975147826338851e-01 9.142549705066503885e-01 8.779025596894813877e-01 9.034309463237886195e-01
8.952420882187106521e-01 9.144300014814998878e-01 8.779709717026309423e-01 9.034901887563114853e-01
8.953866616547876411e-01 9.145719433149721578e-01 8.780609875094066430e-01 9.035538861524063936e-01
8.955167777472567980e-01 9.146495453255361063e-01 8.781149969934720634e-01 9.036110448304979226e-01
8.956035218089027916e-01 9.147788134160237394e-01 8.781654058452663669e-01 9.036719834604753920e-01
8.956324364961182338e-01 9.148271043333247032e-01 8.782662235488551961e-01 9.037478539192068672e-01
8.957336379013719485e-01 9.149321071987733811e-01 8.783094311361074880e-01 9.037593761288333916e-01
8.958203819630181641e-01 9.149690763147061423e-01 8.784318526333223520e-01 9.038278726063255775e-01
8.959360407118797109e-01 9.150560348789305021e-01 8.785650760273503446e-01 9.039264097782347962e-01
8.959794127427027632e-01 9.150657329650966343e-01 8.786658937309390627e-01 9.039872567083246935e-01
8.959938700863103733e-01 9.150734164352302136e-01 8.788171202863221954e-01 9.040928542457434824e-01
8.960516994607411467e-01 9.151202998472171002e-01 8.789539443126213047e-01 9.041971495406164738e-01
8.961962728968180247e-01 9.152166414358430258e-01 8.790187556934998536e-01 9.042398237704248887e-01
8.962974743020717394e-01 9.153106328791271729e-01 8.791555797197987410e-01 9.043353234721714928e-01
8.963408463328947917e-01 9.153425477296348589e-01 8.792023879393221497e-01 9.043562954664916553e-01
8.963119316456793495e-01 9.153496629663301354e-01 8.792707999524714824e-01 9.044289792795224825e-01
8.963408463328949027e-01 9.153484964558719073e-01 8.793716176560604225e-01 9.045066423639341879e-01
8.963697610201102339e-01 9.154286740519403942e-01 8.794616334628359011e-01 9.045965238184330293e-01
8.965432491434024431e-01 9.156021015884309167e-01 8.795552499018827186e-01 9.046699177525747704e-01
8.966733652358714890e-01 9.157148516745865496e-01 8.797244796186209914e-01 9.048004449880377997e-01
8.967456519539098725e-01 9.157518670528776994e-01 8.798252973222098205e-01 9.048687112769117080e-01
8.968179386719483670e-01 9.158043997402927072e-01 8.799189137612564160e-01 9.049406909992563364e-01
8.969046827335944716e-01 9.158608934573205795e-01 8.800773415811816713e-01 9.050757198438837969e-01
8.969046827335945826e-01 9.158767559063601960e-01 8.801133479038918406e-01 9.050979467449160598e-01
8.970347988260636285e-01 9.159630640853676509e-01 8.802357694011068157e-01 9.052019169357244932e-01
8.971215428877098441e-01 9.160521338651341772e-01 8.802573731947331837e-01 9.052133594078659584e-01
8.971938296057482276e-01 9.161419878544780904e-01 8.802897788851722360e-01 9.052359170019730339e-01
8.971938296057484497e-01 9.161597049922273195e-01 8.803797946919478257e-01 9.052913405011735470e-01
8.973094883546097744e-01 9.162248100196993539e-01 8.804698104987234153e-01 9.053605392100178006e-01
8.974396044470788203e-01 9.163560830338238761e-01 8.805670275700412386e-01 9.054604834778672284e-01
8.974685191342943735e-01 9.163916542420944555e-01 8.806840481188497050e-01 9.055641057925705173e-01
8.975263485087249249e-01 9.164680938231685170e-01 8.807794648740319143e-01 9.056821764326387081e-01
8.976853792884095240e-01 9.165991027427615734e-01 8.808802825776205214e-01 9.057601989769120676e-01
8.977865806936633497e-01 9.167039807128986029e-01 8.810243078684616425e-01 9.058724645070881376e-01
8.976853792884095240e-01 9.166467967057667643e-01 8.810387103975457768e-01 9.058792602048389986e-01
8.977142939756249662e-01 9.166754583598780703e-01 8.811089227268308344e-01 9.059524474513207526e-01
8.976998366320172451e-01 9.167234901632060895e-01 8.812907546565176276e-01 9.060783007034310943e-01
8.977865806936634607e-01 9.167861460601636203e-01 8.814455818441717661e-01 9.061976536594921194e-01
8.978299527244864020e-01 9.168802328939525959e-01 8.814887894314241690e-01 9.062578320669104626e-01
8.978154953808787919e-01 9.168635053088018960e-01 8.815283963864054551e-01 9.062901169938673007e-01
8.978877820989170644e-01 9.169249247558702853e-01 8.815932077672838929e-01 9.063290351592572236e-01
8.980034408477787222e-01 9.170254091414486997e-01 8.816760223095175819e-01 9.063985990847143182e-01
8.980468128786016635e-01 9.170774861171524517e-01 8.817372330581250139e-01 9.064444551315904430e-01
8.980901849094248268e-01 9.170937799629317322e-01 8.818812583489661350e-01 9.065323927427881845e-01
8.980901849094247158e-01 9.171326710149231287e-01 8.819280665684894327e-01 9.065752895051379934e-01
8.981480142838553782e-01 9.171769428061814500e-01 8.820288842720781508e-01 9.066635922867027908e-01
8.981480142838554892e-01 9.171629474213471855e-01 8.821008969174987113e-01 9.067093074353314019e-01
8.982492156891093149e-01 9.173089903111533161e-01 8.822917304278631301e-01 9.068644917644950176e-01
8.983937891251860819e-01 9.175035431343407932e-01 8.824825639382274378e-01 9.070218519052648531e-01
8.986106492793013434e-01 9.176466139086006946e-01 8.826373911258816873e-01 9.071485251838238284e-01
8.986973933409475590e-01 9.177428298961214370e-01 8.827670138876385630e-01 9.072509176619847349e-01
8.987696800589859425e-01 9.177694220479029052e-01 8.829002372816665556e-01 9.073718476850659576e-01
8.988564241206320471e-01 9.178379223429249389e-01 8.830478632047787935e-01 9.075001405251259534e-01
8.989431681822781517e-01 9.179499796621569674e-01 8.831882878633487977e-01 9.076057165931413762e-01
8.990732842747473086e-01 9.180596549332051826e-01 8.832891055669376268e-01 9.076954101847395373e-01
8.991527996645896081e-01 9.181431232858966451e-01 8.833539169478160646e-01 9.077649705744417208e-01
8.992467723980395178e-01 9.182117062098203997e-01 8.833863226382552281e-01 9.077915688148024964e-01
8.993479738032933435e-01 9.182838403339300681e-01 8.834799390773018235e-01 9.078617450868230465e-01
8.993046017724704022e-01 9.183403432600540928e-01 8.835771561486197578e-01 9.079305356638980307e-01
8.993768884905088967e-01 9.184016358122835122e-01 8.836995776458347329e-01 9.080360451712092829e-01
8.995503766138008839e-01 9.185186380730171463e-01 8.838616060980308831e-01 9.081565352978401284e-01
8.995937486446240472e-01 9.185679042489156565e-01 8.840362367631756646e-01 9.082951975333017902e-01
8.996660353626624307e-01 9.186332830515947512e-01 8.841460560474418973e-01 9.083781155021749543e-01
8.998250661423470298e-01 9.187608613918445410e-01 8.842252699574046915e-01 9.084647426754095534e-01
8.999262675476008555e-01 9.188093209294433406e-01 8.842972826028250299e-01 9.085339515268042732e-01
9.000563836400700124e-01 9.188935148110403128e-01 8.843224870287222927e-01 9.085278184597395112e-01
9.001142130145006748e-01 9.189453691774041033e-01 8.843656946159745846e-01 9.085688784621661629e-01
9.001720423889314482e-01 9.189965456212118022e-01 8.843440908223483277e-01 9.085485594992218639e-01
9.002587864505775528e-01 9.190753511577548496e-01 8.844125028354978824e-01 9.085803241728459545e-01
9.004322745738698730e-01 9.191819445392969135e-01 8.844953173777315714e-01 9.086515000894483940e-01
9.005190186355158666e-01 9.192808512675383348e-01 8.845709306554230267e-01 9.087318043377188292e-01
9.005479333227311978e-01 9.193044433205161958e-01 8.846069369781333069e-01 9.087748283639879299e-01
9.006346773843774134e-01 9.193827977316852973e-01 8.846897515203668849e-01 9.088489799250155654e-01
9.007792508204542914e-01 9.195059172007284953e-01 8.848373774434790118e-01 9.089552801621660905e-01
9.008804522257080061e-01 9.195844202153891089e-01 8.848841856630024205e-01 9.089875809693463982e-01
9.009238242565311694e-01 9.196117563714122367e-01 8.849597989406938758e-01 9.090396765703472326e-01
9.010250256617848841e-01 9.196867285175495121e-01 8.850354122183855532e-01 9.091233023610371111e-01
9.010250256617848841e-01 9.196441748922237203e-01 8.851218273928902480e-01 9.091930528256007005e-01
9.010683976926079364e-01 9.196571783727115479e-01 8.852046419351238260e-01 9.092538645160914701e-01
9.011840564414693722e-01 9.197721745186766551e-01 8.852514501546470127e-01 9.092837934971665925e-01
9.011117697234309887e-01 9.197160214925115262e-01 8.852910571096284098e-01 9.093061711413886750e-01
9.011695990978618731e-01 9.197801639167551002e-01 8.853198621677965674e-01 9.093467352531608983e-01
9.011695990978616511e-01 9.198095062579021430e-01 8.853774722841331046e-01 9.093627955560164011e-01
9.012997151903310300e-01 9.199237779583532282e-01 8.853954754454882448e-01 9.093804293655154414e-01
9.014298312828000759e-01 9.200322270064803520e-01 8.854638874586375774e-01 9.094043926292564306e-01
9.015165753444462915e-01 9.201063601793723068e-01 8.855719064267685292e-01 9.095158181903316708e-01
9.015888620624846750e-01 9.201957904410855704e-01 8.856439190721890897e-01 9.095843166356627485e-01
9.018346369038152677e-01 9.203920935701586092e-01 8.857339348789645683e-01 9.096547779322783356e-01
9.018490942474230998e-01 9.203781861529787278e-01 8.857735418339458544e-01 9.096627525100797751e-01
9.019069236218537622e-01 9.204633670528057365e-01 8.858851614343477010e-01 9.097633476644662043e-01
9.020370397143226970e-01 9.205658827396157040e-01 8.860255860929178162e-01 9.098652965045066487e-01
9.021382411195766338e-01 9.206846779236081968e-01 8.860975987383384878e-01 9.099132401990055463e-01
9.021671558067920760e-01 9.207264994209292119e-01 8.862884322487027955e-01 9.100683077374723817e-01
9.021816131503999081e-01 9.207649224042573355e-01 8.863820486877496130e-01 9.101485982544794684e-01
9.022249851812228494e-01 9.208089223722060179e-01 8.864756651267960974e-01 9.102333656567448417e-01
9.023261865864765641e-01 9.209326747891264375e-01 8.866628980048896214e-01 9.104009609850449714e-01
9.024273879917305008e-01 9.210616759920083885e-01 8.867421119148523045e-01 9.104749998137038336e-01
9.024707600225535531e-01 9.211092562479937795e-01 8.868753353088801861e-01 9.105671724735423522e-01
9.025719614278073788e-01 9.211917117288350720e-01 8.870193605997211961e-01 9.106701772178299459e-01
9.026587054894533724e-01 9.212916934914546774e-01 8.871273795678520369e-01 9.107753456631608735e-01
9.026587054894533724e-01 9.213158006919375254e-01 8.872930086523196369e-01 9.109648645633977582e-01
9.028611082999610238e-01 9.214959624342894395e-01 8.875054459563100906e-01 9.110946284197997125e-01
9.029333950179994073e-01 9.215831521204748134e-01 8.876782763053191472e-01 9.112247484762860950e-01
9.029623097052148495e-01 9.216037152099112451e-01 8.877538895830107135e-01 9.112945202841037373e-01
9.030201390796456229e-01 9.217182267952122032e-01 8.877970971702631164e-01 9.113105351972919932e-01
9.029912243924300697e-01 9.216953582714457749e-01 8.878727104479546828e-01 9.113641215343726287e-01
9.031213404848992266e-01 9.217771024588303774e-01 8.879627262547303834e-01 9.114376524569139937e-01
9.031357978285069477e-01 9.218484843574521470e-01 8.880311382678798271e-01 9.115015813748944540e-01
9.031068831412916165e-01 9.218184256543455746e-01 8.881067515455713934e-01 9.115436506379666071e-01
9.031791698593300000e-01 9.218684711721973901e-01 8.881535597650946912e-01 9.115814113193632107e-01
9.033382006390145991e-01 9.220056789397055308e-01 8.881823648232628488e-01 9.116248868590408616e-01
9.033671153262300413e-01 9.220398186123336393e-01 8.882435755718703918e-01 9.116546786741293040e-01
9.033237432954068780e-01 9.220187368562927643e-01 8.882867831591227947e-01 9.116869533469366127e-01
9.033671153262300413e-01 9.220578208660952235e-01 8.883119875850199465e-01 9.117128242684879869e-01
9.033382006390145991e-01 9.220016916984736799e-01 8.883155882172910633e-01 9.117164001483939462e-01
9.034104873570529826e-01 9.220459138333501059e-01 8.883299907463749756e-01 9.117533114010235584e-01
