8.754644421633970275e-01 9.038163543988163573e-01 8.575409841968248958e-01 8.809076063046651361e-01
8.754644421633970275e-01 9.037475794068035029e-01 8.576310000036004855e-01 8.809795194159157905e-01
8.755367288814353000e-01 9.037877500412585530e-01 8.577498208685445658e-01 8.810560488501988363e-01
8.756379302866892367e-01 9.039071125454586353e-01 8.578398366753201554e-01 8.811090965211717529e-01
8.757102170047277312e-01 9.039628302732611864e-01 8.579370537466379787e-01 8.811683122439558646e-01
8.758981624716275505e-01 9.040719084859527577e-01 8.580882803020210003e-01 8.813092271824399804e-01
8.759993638768814872e-01 9.041415449108761715e-01 8.581962992701518411e-01 8.814100633559476261e-01
8.760716505949197597e-01 9.042060983796103013e-01 8.582899157091985476e-01 8.814865903827934224e-01
8.760861079385274808e-01 9.042415707128326208e-01 8.584447428968526861e-01 8.816143569779895106e-01
8.761439373129581432e-01 9.042942121878845274e-01 8.585095542777312350e-01 8.816875828612074084e-01
8.761439373129582542e-01 9.043043190569348688e-01 8.585995700845068246e-01 8.817776604275371355e-01
8.762017666873888055e-01 9.043282557151837153e-01 8.586895858912824142e-01 8.818437116983683932e-01
8.763318827798580735e-01 9.043889532805590159e-01 8.588588156080207980e-01 8.819813871997186361e-01
8.763752548106811258e-01 9.043897863186289854e-01 8.589524320470675045e-01 8.820640145960578771e-01
8.763897121542887358e-01 9.044101648338751520e-01 8.590604510151982343e-01 8.821353510670393305e-01
8.764475415287196203e-01 9.044299211385367077e-01 8.591072592347217540e-01 8.821694116715025347e-01
8.764475415287197313e-01 9.044346776532071752e-01 8.592188788351233786e-01 8.822815352281754286e-01
8.766210296520118295e-01 9.045621336962957892e-01 8.592980927450859507e-01 8.823621477643432964e-01
8.767800604316964286e-01 9.046602332050748263e-01 8.594187139261655339e-01 8.824438450557039459e-01
8.769535485549886378e-01 9.047635651920418187e-01 8.595501370040579125e-01 8.825516833156381580e-01
8.770113779294190781e-01 9.048202000534363298e-01 8.596473540753756248e-01 8.826277248292412336e-01
8.770692073038500736e-01 9.048475226372457714e-01 8.597157660885251795e-01 8.826951583118251010e-01
8.771848660527115094e-01 9.049094817763634335e-01 8.598453888502821663e-01 8.827903541718016278e-01
8.771848660527115094e-01 9.048651443249338122e-01 8.599930147733941821e-01 8.829247460634995770e-01
8.773149821451806663e-01 9.049452394401875654e-01 8.600110179347493222e-01 8.829349297703992239e-01
8.774017262068267708e-01 9.050088822802579980e-01 8.600578261542726199e-01 8.829751173863299440e-01
8.774595555812576553e-01 9.050449598717051902e-01 8.601406406965061979e-01 8.830405506901291002e-01
8.775173849556883177e-01 9.050843834098567520e-01 8.602126533419268695e-01 8.831153642108527935e-01
8.775607569865113700e-01 9.051262606818298861e-01 8.602918672518893306e-01 8.831897799952028727e-01
8.776475010481574746e-01 9.051954654209666273e-01 8.603422761036838562e-01 8.832321188670519962e-01
8.777053304225883590e-01 9.052247393019825505e-01 8.604250906459174342e-01 8.833071495125071060e-01
8.777487024534111892e-01 9.052562960708845363e-01 8.605439115108612924e-01 8.833890880848260796e-01
8.777631597970190214e-01 9.052645472279626793e-01 8.606015216271978296e-01 8.834428906458143826e-01
8.777920744842342415e-01 9.052732107773883152e-01 8.606951380662444251e-01 8.834975873972145122e-01
8.778209891714497948e-01 9.053065696171757049e-01 8.607455469180388397e-01 8.835514332669340831e-01
8.778499038586651260e-01 9.053178625024944637e-01 8.607959557698332542e-01 8.835683767845422532e-01
8.779077332330957883e-01 9.053343435032624731e-01 8.608391633570855461e-01 8.836209177797426095e-01
8.780089346383496141e-01 9.053955379843242612e-01 8.609687861188424218e-01 8.837129973994112264e-01
8.780956786999958297e-01 9.054444682585167659e-01 8.610552012933471167e-01 8.837633076533549792e-01
8.781245933872110498e-01 9.054450891458456496e-01 8.611884246873751092e-01 8.838613885741679610e-01
8.783125388541110912e-01 9.055664428284411205e-01 8.613252487136741076e-01 8.839683986979915975e-01
8.784715696337955793e-01 9.056634814668642619e-01 8.614530711592955914e-01 8.840536657901316708e-01
8.785438563518340738e-01 9.057344725272569175e-01 8.615304847531226606e-01 8.841157440599034523e-01
8.786016857262646251e-01 9.057624864386002450e-01 8.616168999276272444e-01 8.841548081617403021e-01
8.788330032239877188e-01 9.058911234467901252e-01 8.617321201603002079e-01 8.842337762951434366e-01
8.788619179112031610e-01 9.058662130031094328e-01 8.618365384961599318e-01 8.843175731219846680e-01
8.788908325984184922e-01 9.058844986150641487e-01 8.619085511415806033e-01 8.843578480434755029e-01
8.789920340036720958e-01 9.059430360881655098e-01 8.619913656838140703e-01 8.844192140343662967e-01
8.791510647833566949e-01 9.060444564603038486e-01 8.620849821228607768e-01 8.845052475158070582e-01
8.792378088450027995e-01 9.061185415905469442e-01 8.621173878133000512e-01 8.845311240999418345e-01
8.792522661886104096e-01 9.061155291850592208e-01 8.621641960328233489e-01 8.845527048381489621e-01
8.792378088450027995e-01 9.061366556608434486e-01 8.621821991941784891e-01 8.845777415409930011e-01
8.793534675938643463e-01 9.062064392117477052e-01 8.623046206913933531e-01 8.846571176797110025e-01
8.794112969682951197e-01 9.062503601668376874e-01 8.624810516726737486e-01 8.847952760842909825e-01
8.795124983735489455e-01 9.063011529082870554e-01 8.625170579953840289e-01 8.848384095106818226e-01
8.794546689991181720e-01 9.062674268337786998e-01 8.625458630535521865e-01 8.848605426522366812e-01
8.795124983735489455e-01 9.062921547291242774e-01 8.626718851830381674e-01 8.849557044589931865e-01
8.794980410299413354e-01 9.062877903498465226e-01 8.627366965639166052e-01 8.850009342435454229e-01
8.795269557171565555e-01 9.062817220410759322e-01 8.627727028866268855e-01 8.850363058829628926e-01
8.795992424351949390e-01 9.062964666800306102e-01 8.628843224870286210e-01 8.851368485603277048e-01
8.797438158712719281e-01 9.063763572392902201e-01 8.629995427197015845e-01 8.852187220475682405e-01
8.798016452457024794e-01 9.064184076079070396e-01 8.630679547328511392e-01 8.853232792093438386e-01
8.798450172765256427e-01 9.064344609751201487e-01 8.631939768623370091e-01 8.854265332235674579e-01
8.799028466509565272e-01 9.064664589925756077e-01 8.631975774946081259e-01 8.854458937663144402e-01
8.799606760253870785e-01 9.064906457173308452e-01 8.632875933013836045e-01 8.855112879250283120e-01
8.800329627434255730e-01 9.065443412821668767e-01 8.633416027854492469e-01 8.855484469297296712e-01
8.801919935231099501e-01 9.066690922711581058e-01 8.634316185922248366e-01 8.856088102478941737e-01
8.803365669591869391e-01 9.067471910540261248e-01 8.634676249149350058e-01 8.856271901327738005e-01
8.803943963336176015e-01 9.067898873702651130e-01 8.635504394571685838e-01 8.856916644349526191e-01
8.804955977388717603e-01 9.068549108269854386e-01 8.636908641157385880e-01 8.858307155734932437e-01
8.805678844569100328e-01 9.069220397943844603e-01 8.638096849806825572e-01 8.859309261051913076e-01
8.806835432057715796e-01 9.069605205250295121e-01 8.638888988906451294e-01 8.859735699011723753e-01
8.807558299238099631e-01 9.070370266245644242e-01 8.639753140651498242e-01 8.860566553098239151e-01
8.808714886726715099e-01 9.071342974853131569e-01 8.640941349300937935e-01 8.861455789517507231e-01
8.809004033598867300e-01 9.071246156367627211e-01 8.642237576918506692e-01 8.862317305200624329e-01
8.809004033598868411e-01 9.071129306989855756e-01 8.643317766599815100e-01 8.863317190037933724e-01
8.809726900779251135e-01 9.071632957810142894e-01 8.644073899376729653e-01 8.863598982828639894e-01
8.809871474215327236e-01 9.071783651113094482e-01 8.645118082735328002e-01 8.864281935171480775e-01
8.809437753907096713e-01 9.071431669804935760e-01 8.646342297707476643e-01 8.865212660218251273e-01
8.810449767959636080e-01 9.072145341164323806e-01 8.647242455775234760e-01 8.866200795915289978e-01
8.810738914831788282e-01 9.072328333131316480e-01 8.648142613842990656e-01 8.867021052668920822e-01
8.811606355448250438e-01 9.072716345575220220e-01 8.648898746619908540e-01 8.867521409029356372e-01
8.813341236681172530e-01 9.074074880306239876e-01 8.650951107014390740e-01 8.869172598060821588e-01
8.814786971041940200e-01 9.074856837098325135e-01 8.651887271404857804e-01 8.869907907329811492e-01
8.816955572583093925e-01 9.076036619440006614e-01 8.652319347277381834e-01 8.870240905069235460e-01
8.819557894432477063e-01 9.078395037045476901e-01 8.654119663412895846e-01 8.871614888746366390e-01
8.819991614740707586e-01 9.078673195145480213e-01 8.655379884707754545e-01 8.872696405845321710e-01
8.821003628793246953e-01 9.079818911816601723e-01 8.656100011161960150e-01 8.872990964198448349e-01
8.821003628793245843e-01 9.079592085870424878e-01 8.657144194520558500e-01 8.873809652272011128e-01
8.821437349101475256e-01 9.079497231683109071e-01 8.658080358911024454e-01 8.874405672859688732e-01
8.822738510026166825e-01 9.080606506976403036e-01 8.659052529624202688e-01 8.875089870325931773e-01
8.824184244386935605e-01 9.081244794293656941e-01 8.660240738273641270e-01 8.875944521000089793e-01
8.825051685003397761e-01 9.081923594846050829e-01 8.661104890018687108e-01 8.876590632612737508e-01
8.826208272492013229e-01 9.082420749663229209e-01 8.661825016472892713e-01 8.877237566955834547e-01
8.827075713108473165e-01 9.082914725833497460e-01 8.663157250413171528e-01 8.878287313671280323e-01
8.827654006852780899e-01 9.083268529662233970e-01 8.663985395835509529e-01 8.879049470613895600e-01
8.828232300597087523e-01 9.083463244511643664e-01 8.665137598162236943e-01 8.880115565651287568e-01
8.829244314649626890e-01 9.084160725579253359e-01 8.665749705648311263e-01 8.880617578251507327e-01
8.829388888085702991e-01 9.084313152008758330e-01 8.666361813134386693e-01 8.881173025616053707e-01
8.830979195882547872e-01 9.086228289080935383e-01 8.666901907975039787e-01 8.881659580404879240e-01
8.831557489626855606e-01 9.086879814070947248e-01 8.667153952234012415e-01 8.881910532586224649e-01
8.833003223987624386e-01 9.088110602131777016e-01 8.668954268369525318e-01 8.883419506462022497e-01
8.833870664604086542e-01 9.088687302326365902e-01 8.669674394823732033e-01 8.883923534800952648e-01
8.833870664604086542e-01 9.088584763462810301e-01 8.670898609795880674e-01 8.884911715593899473e-01
8.835171825528778111e-01 9.089410616847977131e-01 8.671690748895506395e-01 8.885645607033536564e-01
8.835750119273085845e-01 9.089583264928224882e-01 8.672770938576813693e-01 8.886850298273849535e-01
8.835605545837007524e-01 9.089461595962928797e-01 8.672986976513075152e-01 8.886918389369689031e-01
8.836183839581315258e-01 9.089408032995052178e-01 8.673527071353730467e-01 8.887356467461922094e-01
8.837485000506006827e-01 9.090519663377050197e-01 8.674787292648588055e-01 8.888429562376091164e-01
8.838063294250314561e-01 9.090684955624525054e-01 8.676191539234290317e-01 8.889536659132969421e-01
8.839653602047160552e-01 9.092243160343973507e-01 8.676983678333916039e-01 8.890004196657235180e-01
8.840087322355389965e-01 9.092189931494348842e-01 8.678135880660643453e-01 8.891199857065619216e-01
8.840810189535774910e-01 9.092674706942163176e-01 8.677919842724381994e-01 8.891027955683057371e-01
8.841388483280082644e-01 9.093179386261609487e-01 8.679180064019242913e-01 8.892015113653055636e-01
8.841966777024390378e-01 9.093626653636308621e-01 8.679918193634801327e-01 8.892516666762040334e-01
8.842545070768697002e-01 9.094090748481682418e-01 8.680620316927651903e-01 8.893223639399244762e-01
8.843267937949081947e-01 9.094761739936098044e-01 8.681664500286250252e-01 8.894077798616585318e-01
8.844424525437695195e-01 9.095562213538456175e-01 8.683032740549240236e-01 8.894957252958901606e-01
8.845147392618080140e-01 9.095908668512945328e-01 8.684454990296295307e-01 8.896142149784399544e-01
8.846014833234541186e-01 9.096638165928019326e-01 8.686165290625033064e-01 8.897614655206340650e-01
8.847894287903540489e-01 9.097794122341598122e-01 8.688181644696808537e-01 8.898907637732522691e-01
8.848328008211772122e-01 9.097561416892578912e-01 8.689441865991667235e-01 8.899841473880713005e-01
8.849340022264309269e-01 9.098067910877474240e-01 8.690125986123163893e-01 8.900625107658463042e-01
8.851364050369385783e-01 9.099119179397547885e-01 8.691566239031573993e-01 8.901575778611412471e-01
8.851364050369384673e-01 9.099005642770632285e-01 8.691710264322416446e-01 8.901547378976403246e-01
8.852376064421922930e-01 9.099784509242164754e-01 8.693006491939985203e-01 8.902594296454999778e-01
8.853532651910538398e-01 9.100887018765344560e-01 8.694014668975871274e-01 8.903427152620377871e-01
8.854833812835229967e-01 9.102354522564017891e-01 8.695058852334468513e-01 8.904337312404277949e-01
8.856279547195997637e-01 9.103198699800514326e-01 8.695995016724935578e-01 8.905000302955263791e-01
8.856857840940305371e-01 9.103240375156339548e-01 8.696247060983907096e-01 8.905417474919752330e-01
8.858737295609304674e-01 9.104114881897684697e-01 8.697291244342506555e-01 8.906017093042526422e-01
8.859315589353612408e-01 9.104466098896306647e-01 8.698479452991945138e-01 8.906736182254364476e-01
8.859893883097919032e-01 9.104877405284423908e-01 8.699739674286804947e-01 8.907921370435198938e-01
8.861339617458688922e-01 9.106200509373056917e-01 8.700783857645402186e-01 8.908846834707826456e-01
8.861917911202994436e-01 9.106512249342398890e-01 8.701792034681288257e-01 8.909538717827434340e-01
8.862062484639072757e-01 9.106400466237116742e-01 8.702260116876523455e-01 8.909897367286911951e-01
8.862207058075148858e-01 9.106055529941345927e-01 8.703520338171382154e-01 8.911271322349381130e-01
8.863363645563763216e-01 9.107008527604327774e-01 8.705068610047923539e-01 8.912604117716008689e-01
8.863363645563763216e-01 9.107131839698081599e-01 8.705608704888576632e-01 8.913115231418573536e-01
8.863797365871993739e-01 9.107002988796910614e-01 8.706256818697363231e-01 8.913413576346056466e-01
8.864375659616302583e-01 9.107612434052994033e-01 8.707877103219324733e-01 8.915272461583230168e-01
8.865243100232763629e-01 9.108672080572063345e-01 8.708345185414557710e-01 8.915638715954482540e-01
8.865821393977070253e-01 9.109290439958762642e-01 8.709407371934511088e-01 8.916497571132340205e-01
8.865821393977070253e-01 9.108887156564857701e-01 8.709785438322970030e-01 8.916871470712455228e-01
8.866544261157454088e-01 9.109439724789103465e-01 8.710253520518203008e-01 8.916821840098484442e-01
8.867267128337839033e-01 9.110047951118793730e-01 8.712053836653717021e-01 8.918608314865519304e-01
8.868712862698606703e-01 9.111805409154077884e-01 8.712701950462500289e-01 8.919419924257062648e-01
8.869580303315069969e-01 9.112368175688251304e-01 8.713674121175678522e-01 8.920442701513658923e-01
8.872471772036606419e-01 9.114098616243638817e-01 8.714610285566145587e-01 8.921396827067564761e-01
8.873339212653066355e-01 9.114720319107185720e-01 8.715618462602032768e-01 8.922256785384613531e-01
8.874495800141681823e-01 9.115454428393194863e-01 8.716482614347079716e-01 8.922737082738602110e-01
8.874929520449913456e-01 9.115749919123946610e-01 8.716914690219603745e-01 8.923057503801967716e-01
8.876086107938527814e-01 9.116437367773274625e-01 8.717904864094137007e-01 8.923591385631512996e-01
8.876375254810682236e-01 9.116624414854100911e-01 8.718715006355115538e-01 8.924553667086954079e-01
8.877387268863219383e-01 9.117355709527937835e-01 8.720263278231656923e-01 8.925821165317517902e-01
8.877531842299295484e-01 9.117194169472557785e-01 8.721019411008572586e-01 8.926374084516293106e-01
8.878543856351833741e-01 9.117639663418413143e-01 8.721307461590255272e-01 8.926486599536478383e-01
8.879122150096141475e-01 9.118131795006293450e-01 8.722243625980723447e-01 8.927145056145726620e-01
8.879700443840450319e-01 9.118654910331517316e-01 8.723467840952872088e-01 8.928169073475840101e-01
8.880278737584755833e-01 9.119315797049559746e-01 8.723935923148105065e-01 8.928305173887217672e-01
8.880278737584756943e-01 9.119155334153796755e-01 8.724476017988759269e-01 8.928648150526266036e-01
8.880712457892987466e-01 9.119395849046083580e-01 8.725160138120253706e-01 8.929354146291519356e-01
8.881579898509448512e-01 9.120054820499963188e-01 8.725556207670067677e-01 8.929581089929267135e-01
8.881724471945524613e-01 9.120147185297124981e-01 8.725844258251749253e-01 8.929842932783664811e-01
8.883025632870216182e-01 9.121442806812912751e-01 8.725772245606329136e-01 8.929669055972082603e-01
8.884471367230983851e-01 9.122381560919593513e-01 8.726852435287635323e-01 8.930582253939332027e-01
8.885917101591753742e-01 9.123177413873615471e-01 8.728076650259785074e-01 8.931555597733453755e-01
8.886784542208214788e-01 9.123531099829853552e-01 8.729696934781746576e-01 8.932622986287404032e-01
8.887218262516445311e-01 9.123672872126609157e-01 8.731209200335577902e-01 8.933936152707403489e-01
8.887796556260753045e-01 9.124206210411553997e-01 8.731965333112493566e-01 8.934756487984505391e-01
8.888519423441136880e-01 9.124547426419058471e-01 8.732253383694177362e-01 8.934900294910858021e-01
8.888808570313290192e-01 9.124831325845018659e-01 8.733009516471093026e-01 8.935724208479550734e-01
8.889965157801905660e-01 9.125535557868651448e-01 8.733981687184269038e-01 8.936596109999601634e-01
8.890543451546213394e-01 9.125756516805185736e-01 8.734269737765952835e-01 8.936862528122961891e-01
8.891410892162673330e-01 9.126366815773520047e-01 8.734449769379504236e-01 8.936956661689547943e-01
8.891989185906981064e-01 9.126663755110049348e-01 8.735313921124550074e-01 8.937652412946108793e-01
8.892712053087364898e-01 9.127323016276454037e-01 8.735529959060810423e-01 8.937925677306181038e-01
8.894302360884210890e-01 9.128248337096810383e-01 8.736412113967212401e-01 8.938580933775296389e-01
8.895169801500673046e-01 9.129398964224572088e-01 8.738302445909500449e-01 8.940197290574299904e-01
8.895603521808901348e-01 9.129555845530796798e-01 8.740354806303985979e-01 8.942237013228593323e-01
8.896181815553210193e-01 9.130150177838931569e-01 8.741398989662585439e-01 8.942978397425899173e-01
8.897482976477901762e-01 9.131037399050132564e-01 8.742407166698471510e-01 8.943721046542938424e-01
8.898639563966516119e-01 9.131540811871580177e-01 8.742875248893705598e-01 8.943994174713719714e-01
8.900519018635516533e-01 9.132592774563056404e-01 8.743559369025200034e-01 8.944345479875630556e-01
8.903265913920974661e-01 9.134179885127408083e-01 8.744855596642769902e-01 8.945277190686171664e-01
8.905723662334282809e-01 9.136824654045895278e-01 8.746187830583049827e-01 8.946418365144107598e-01
8.906157382642514442e-01 9.136969843249789225e-01 8.747160001296228060e-01 8.947050853570355233e-01
8.906880249822897166e-01 9.137817909404235550e-01 8.747916134073143724e-01 8.947509424394848310e-01
8.906735676386819955e-01 9.138016905744456020e-01 8.749788462854077853e-01 8.949154669386707450e-01
8.907024823258973267e-01 9.138160739562783963e-01 8.750400570340151063e-01 8.949579220754005915e-01
8.908036837311511524e-01 9.138604757602388773e-01 8.751372741053328186e-01 8.950536274282203664e-01
8.908904277927973681e-01 9.139474787814219070e-01 8.752668968670898053e-01 8.951760133810336972e-01
8.909916291980510827e-01 9.139979575051973004e-01 8.753317082479683542e-01 8.952259746136164154e-01
8.908325984183667057e-01 9.138913499164094123e-01 8.754037208933889147e-01 8.953010084414869674e-01
8.908470557619743158e-01 9.139309792177034986e-01 8.754721329065382474e-01 8.953578105085958638e-01
8.909048851364050892e-01 9.139452515757598983e-01 8.755513468165010416e-01 8.954221230264887144e-01
8.910205438852665250e-01 9.140117023550697883e-01 8.755873531392112108e-01 8.954383304357254048e-01
8.909916291980510827e-01 9.139945902800149513e-01 8.756377619910056254e-01 8.954685474716801430e-01
8.910494585724819672e-01 9.140122350185221345e-01 8.756701676814448998e-01 8.954723543454750079e-01
8.910494585724819672e-01 9.140049934214894423e-01 8.757241771655102092e-01 8.955013574727306302e-01
8.912084893521664553e-01 9.141224841681103719e-01 8.757925891786597639e-01 8.955486723140301253e-01
8.913241481010278910e-01 9.142005499287498838e-01 8.759078094113326163e-01 8.956184177125592338e-01
8.914398068498894379e-01 9.142641424207816891e-01 8.759582182631269198e-01 8.956412342762000156e-01
8.915410082551431525e-01 9.143287579055012770e-01 8.760230296440055797e-01 8.956722706007902435e-01
8.915988376295740370e-01 9.143456236804458070e-01 8.760986429216970350e-01 8.957276187075867702e-01
8.917144963784355838e-01 9.144307208503774653e-01 8.761742561993887124e-01 8.958012983328504930e-01
8.917867830964738562e-01 9.144815928311329500e-01 8.762858757997904480e-01 8.958686807174830458e-01
8.919747285633737865e-01 9.145873228651379971e-01 8.764154985615474347e-01 8.959418105104983709e-01
8.920181005941968388e-01 9.146223132460231664e-01 8.765631244846594505e-01 8.960584609120285648e-01
8.920903873122354444e-01 9.146583777756995826e-01 8.766567409237063790e-01 8.961572522243754779e-01
8.921482166866661068e-01 9.146888382701335862e-01 8.767251529368557117e-01 8.961827407006344171e-01
8.921482166866658847e-01 9.147102405176146256e-01 8.767791624209211321e-01 8.962249986556787285e-01
8.923217048099583160e-01 9.148289447442955469e-01 8.769015839181359961e-01 8.963467178471657970e-01
8.924373635588196407e-01 9.149077277217233517e-01 8.769591940344724224e-01 8.964052135933356924e-01
8.926108516821120720e-01 9.150674377569194551e-01 8.769843984603695741e-01 8.963830979451511416e-01
8.925530223076810765e-01 9.150332355118254712e-01 8.770564111057902457e-01 8.964360813656654381e-01
8.925819369948964077e-01 9.150289124746048275e-01 8.771860338675471214e-01 8.965373478967958443e-01
8.926542237129349022e-01 9.150698174501765703e-01 8.772868515711358395e-01 8.966225717519549221e-01
8.927409677745812289e-01 9.151471415564753631e-01 8.773696661133695285e-01 8.966956560441279311e-01
8.927843398054041701e-01 9.151797981836686802e-01 8.774596819201452291e-01 8.967981273510722273e-01
8.928855412106579958e-01 9.151970041780355114e-01 8.775100907719395327e-01 8.968413865974287358e-01
8.929578279286963793e-01 9.152376016567466133e-01 8.775568989914629414e-01 8.968650732411849180e-01
8.930156573031270417e-01 9.152747145644468674e-01 8.776649179595936712e-01 8.969341355406090788e-01
8.931602307392039197e-01 9.153923221139378397e-01 8.777261287082011032e-01 8.969801461500545026e-01
8.933626335497114601e-01 9.155154657476446411e-01 8.778917577926683702e-01 8.971146254885714599e-01
8.935072069857883381e-01 9.155937976397465761e-01 8.779925754962573103e-01 8.971839884436719759e-01
8.935939510474344427e-01 9.156633624525427617e-01 8.780645881416777598e-01 8.972397959108414645e-01
8.937096097962959895e-01 9.157171457946711168e-01 8.782014121679766472e-01 8.973424178431740339e-01
8.937529818271190418e-01 9.157546532669994521e-01 8.782878273424813420e-01 8.974400421633172975e-01
8.938108112015499263e-01 9.157971698507968439e-01 8.783742425169860368e-01 8.975091216141227735e-01
8.938830979195881987e-01 9.158528155253636838e-01 8.784678589560326323e-01 8.975690486351821651e-01
8.939698419812344143e-01 9.159317904034880442e-01 8.786118842468737533e-01 8.976718417733799971e-01
8.939120126068036409e-01 9.159033958339556358e-01 8.786550918341261562e-01 8.977051586015765139e-01
8.939553846376268043e-01 9.159239048130560779e-01 8.787415070086306290e-01 8.977517326856316870e-01
8.940855007300958501e-01 9.159974043483503081e-01 8.787775133313410203e-01 8.977545642534436876e-01
8.941577874481342336e-01 9.161007067364824730e-01 8.788279221831354349e-01 8.978052676918799602e-01
8.942879035406035015e-01 9.162181232824172517e-01 8.789719474739764449e-01 8.979350129312296813e-01
8.943601902586418850e-01 9.162583003012512162e-01 8.791555797197987410e-01 8.980706528433198832e-01
8.944758490075033208e-01 9.163673483527781105e-01 8.791807841456960038e-01 8.981038489362065391e-01
8.944903063511111529e-01 9.163636898501282824e-01 8.793104069074528795e-01 8.981944377815838099e-01
8.945915077563647566e-01 9.164668978173685643e-01 8.793896208174154516e-01 8.982646821241219159e-01
8.946348797871879199e-01 9.165096301759108055e-01 8.794652340951070180e-01 8.983189609482363780e-01
8.946927091616185823e-01 9.165232619608858489e-01 8.796308631795742849e-01 8.984073735497589697e-01
8.948517399413031814e-01 9.166558839950151860e-01 8.797676872058732833e-01 8.985069684921780375e-01
8.949384840029492860e-01 9.166831465126413780e-01 8.798577030126489840e-01 8.985518589330099282e-01
8.950107707209876695e-01 9.167757754873788745e-01 8.799873257744059707e-01 8.986564953660980404e-01
8.950396854082030007e-01 9.167824760525171701e-01 8.800989453748078173e-01 8.987305523690560793e-01
8.951119721262416062e-01 9.167589398136927192e-01 8.801493542266022319e-01 8.987752236703611119e-01
8.951698015006722686e-01 9.168146519511157777e-01 8.802249675042937982e-01 8.988095010815938535e-01
8.952710029059260943e-01 9.168757133014842076e-01 8.803257852078825163e-01 8.988712425296133679e-01
8.953866616547875301e-01 9.169363530097345283e-01 8.804482067050974914e-01 8.989857576699689101e-01
8.955746071216873494e-01 9.170480311818690611e-01 8.805130180859758182e-01 8.990243556440361550e-01
8.956035218089027916e-01 9.170346535589934955e-01 8.805850307313963787e-01 8.990649862410946547e-01
8.956613511833335650e-01 9.170754710367328144e-01 8.807326566545085056e-01 8.991924324451204820e-01
8.957191805577642274e-01 9.171504406401306264e-01 8.808658800485366092e-01 8.993417623562045549e-01
8.957770099321951118e-01 9.171366167302634764e-01 8.809883015457513622e-01 8.994363182595552786e-01
8.958782113374488265e-01 9.171873498181339901e-01 8.810279085007327593e-01 8.994551557195508140e-01
8.959794127427026522e-01 9.172519393076310479e-01 8.811071224106954425e-01 8.995005563820925865e-01
8.961818155532101926e-01 9.174153783120367889e-01 8.812727514951625984e-01 8.996399336125909807e-01
8.961962728968179137e-01 9.173691301842554768e-01 8.813519654051251706e-01 8.996999787393714643e-01
8.961962728968179137e-01 9.173580794863553933e-01 8.813699685664801997e-01 8.996760646827930419e-01
8.963986757073254541e-01 9.175172300453923180e-01 8.815463995477605952e-01 8.998289530124896629e-01
8.964998771125792798e-01 9.175977601594691446e-01 8.816256134577231673e-01 8.998791237357325334e-01
8.965143344561870009e-01 9.175971225700862988e-01 8.817624374840221657e-01 8.999815135465047966e-01
8.964998771125792798e-01 9.175626386526390954e-01 8.818380507617138431e-01 9.000530286503591881e-01
8.967022799230869312e-01 9.176609249634050114e-01 8.819820760525547421e-01 9.001598524032030646e-01
8.967745666411253147e-01 9.177388295229649273e-01 8.821297019756669799e-01 9.002894904177548563e-01
8.968902253899867505e-01 9.178295146169687113e-01 8.822989316924051417e-01 9.004409960537718138e-01
8.969769694516328551e-01 9.178830055035763769e-01 8.824393563509751459e-01 9.005605424431599726e-01
8.971649149185327854e-01 9.179937713057590987e-01 8.825365734222929692e-01 9.006397493307236601e-01
8.973384030418251056e-01 9.181035835551081270e-01 8.826553942872369385e-01 9.007312950816386277e-01
8.974251471034712102e-01 9.181223973718640741e-01 8.827310075649283938e-01 9.007753037647043826e-01
8.976130925703711405e-01 9.182738919658195442e-01 8.827634132553676682e-01 9.007832391945059802e-01
8.976998366320172451e-01 9.183223958375352769e-01 8.828570296944143747e-01 9.008461690960041235e-01
8.977287513192325763e-01 9.183425637737160363e-01 8.829452451850545724e-01 9.009134219767049867e-01
8.978010380372709598e-01 9.184136030130274353e-01 8.831342783792834883e-01 9.010597359769769721e-01
8.979889835041708901e-01 9.185631701306544716e-01 8.832062910247039378e-01 9.011020332468707705e-01
8.980034408477785002e-01 9.185432903257699788e-01 8.832170929215170663e-01 9.011044130567132937e-01
8.980468128786015525e-01 9.185273174639568827e-01 8.832278948183300837e-01 9.011080535384075052e-01
8.980901849094246048e-01 9.185488232537510900e-01 8.832530992442273465e-01 9.011303490274815697e-01
8.981624716274632103e-01 9.185744837137150842e-01 8.833467156832740530e-01 9.012021373948896352e-01
8.982203010018939837e-01 9.185913423656085763e-01 8.834871403418440572e-01 9.013119431266947146e-01
8.983359597507554195e-01 9.187077896493630602e-01 8.836275650004141724e-01 9.014293072019976538e-01
8.984082464687939140e-01 9.187321956522407351e-01 8.837211814394607678e-01 9.014908773464511693e-01
8.985239052176553498e-01 9.188086497372556227e-01 8.838904111561991517e-01 9.016124404356262723e-01
8.986251066229092865e-01 9.188384685766241011e-01 8.840002304404653843e-01 9.016963376230714422e-01
8.987696800589861645e-01 9.189218669528974592e-01 8.840308358147690448e-01 9.017107971750015771e-01
8.987985947462014957e-01 9.189237144411537273e-01 8.841172509892737397e-01 9.017719991487319620e-01
8.988708814642397682e-01 9.189609913289380483e-01 8.841784617378811717e-01 9.018036782017562203e-01
8.989431681822782627e-01 9.190158472464849959e-01 8.842648769123858665e-01 9.018747951700227805e-01
8.989142534950628205e-01 9.189931734232845706e-01 8.843440908223483277e-01 9.019224691814198280e-01
8.989576255258858728e-01 9.190322098777862214e-01 8.843782968289231050e-01 9.019702227097691205e-01
8.990154549003165352e-01 9.191243013893302116e-01 8.844881161131894487e-01 9.020653671529081929e-01
8.990154549003167572e-01 9.191734576202457152e-01 8.845835328683717691e-01 9.021409427796960312e-01
8.990443695875319774e-01 9.192180748575220495e-01 8.846429433008435872e-01 9.021692057351524685e-01
8.990299122439241453e-01 9.191926363596967242e-01 8.847401603721612995e-01 9.022509890089038809e-01
8.990877416183550297e-01 9.192226754296140001e-01 8.847653647980585623e-01 9.022215238655943992e-01
8.991166563055704719e-01 9.192419443188130090e-01 8.848085723853108542e-01 9.022604472431946521e-01
8.991600283363934132e-01 9.192932734550868235e-01 8.849345945147966130e-01 9.023433171507697637e-01
8.992467723980397398e-01 9.193464832235020978e-01 8.849670002052361095e-01 9.023588307594940794e-01
