8.665298038138473657e-01 8.968721036139954972e-01 8.499508513695005485e-01 8.780563664408310709e-01
8.665008891266319235e-01 8.968461153382929485e-01 8.500624709699022841e-01 8.781624625786527139e-01
8.665153464702395336e-01 8.969229434839807169e-01 8.501830921509817562e-01 8.782712607439342456e-01
8.666020905318857492e-01 8.969851831588226965e-01 8.503433202870425145e-01 8.783859854972646541e-01
8.666599199063164116e-01 8.970379901503225950e-01 8.504873455778834135e-01 8.785037071635214412e-01
8.666599199063164116e-01 8.970383173109373054e-01 8.505521569587619624e-01 8.785514673902277138e-01
8.668044933423932896e-01 8.971430849170884958e-01 8.506565752946217973e-01 8.786265962867133572e-01
8.669490667784700566e-01 8.972830359317224280e-01 8.507933993209206847e-01 8.787147277898901265e-01
8.670936402145470456e-01 8.973457341934661935e-01 8.509014182890515254e-01 8.787705048611720304e-01
8.671370122453700979e-01 8.973699009289684003e-01 8.509986353603691267e-01 8.788242534693513353e-01
8.672237563070162025e-01 8.974281052998224206e-01 8.511030536962290727e-01 8.789057206146363432e-01
8.672815856814468649e-01 8.974964365722224446e-01 8.512722834129673455e-01 8.790194926881144122e-01
8.673538723994852484e-01 8.975920560389041292e-01 8.513695004842850578e-01 8.791082571936207346e-01
8.675418178663852897e-01 8.977184721683558744e-01 8.514955226137710387e-01 8.792226432392603597e-01
8.675996472408160631e-01 8.977800096422048348e-01 8.516071422141728853e-01 8.792881084272053949e-01
8.677297633332852200e-01 8.978712504311217035e-01 8.517475668727428895e-01 8.793619034754883712e-01
8.678020500513234925e-01 8.979049778583247932e-01 8.518159788858924442e-01 8.793903645455334317e-01
8.678743367693619870e-01 8.979788827862081879e-01 8.519456016476493199e-01 8.794804564569503880e-01
8.678309647385389347e-01 8.979669832317334066e-01 8.520572212480511665e-01 8.795514162953508297e-01
8.678743367693620980e-01 8.980093668806786722e-01 8.521292338934718380e-01 8.795856011692801957e-01
8.678743367693620980e-01 8.979916907383611591e-01 8.521760421129950247e-01 8.796167821361533523e-01
8.679321661437927604e-01 8.980746667312984322e-01 8.522804604488548597e-01 8.796831254151893376e-01
8.678743367693619870e-01 8.980499535132648870e-01 8.523992813137987179e-01 8.797925223794944571e-01
8.680911969234773595e-01 8.982689191552797325e-01 8.526081179855182768e-01 8.799916927323196969e-01
8.681056542670849696e-01 8.982667392606921153e-01 8.527341401150042577e-01 8.800789184148751776e-01
8.681923983287309632e-01 8.983112292090080775e-01 8.528385584508639816e-01 8.801646247047357763e-01
8.682502277031619586e-01 8.983450410809172837e-01 8.529105710962846532e-01 8.801976636995973990e-01
8.682502277031618476e-01 8.983378528543286556e-01 8.529861843739762195e-01 8.802869133753030706e-01
8.683080570775925100e-01 8.983210199035293053e-01 8.530581970193966690e-01 8.803267271226107304e-01
8.684092584828464467e-01 8.984212986457539296e-01 8.532094235747798017e-01 8.804517520617451964e-01
8.685972039497462660e-01 8.986151671194470003e-01 8.533138419106396366e-01 8.805396065999616662e-01
8.687706920730384752e-01 8.987978160243350612e-01 8.534506659369385240e-01 8.806577998465561219e-01
8.688285214474692486e-01 8.988297979645785141e-01 8.535370811114432188e-01 8.807204930687162481e-01
8.688574361346845798e-01 8.988165307313500385e-01 8.536306975504899253e-01 8.807945011976747729e-01
8.689297228527230743e-01 8.988717882069567899e-01 8.536775057700132230e-01 8.808481753013102100e-01
8.690598389451923422e-01 8.989615436165123707e-01 8.537639209445179178e-01 8.809121835580097093e-01
8.691610403504460569e-01 8.990303269643040718e-01 8.538611380158357411e-01 8.810203895334697277e-01
8.693489858173458762e-01 8.990981049458274255e-01 8.539295500289850738e-01 8.810817028469051237e-01
8.693779005045613184e-01 8.991184568688371792e-01 8.540375689971158035e-01 8.811698395072167234e-01
8.693200711301304340e-01 8.990472820194134185e-01 8.541095816425364751e-01 8.811996043602476902e-01
8.693345284737382661e-01 8.990564485938054018e-01 8.542284025074803333e-01 8.812623443795913891e-01
8.694501872225997019e-01 8.991394922990727512e-01 8.542968145206297770e-01 8.813212993191923417e-01
8.694935592534227542e-01 8.991234281410546147e-01 8.544822470825876870e-01 8.814829630717049280e-01
8.696092180022843010e-01 8.992752692841344819e-01 8.545848651023120190e-01 8.815891292211602837e-01
8.696381326894996322e-01 8.993211525210903501e-01 8.547000853349846494e-01 8.817021194596543765e-01
8.696092180022843010e-01 8.993096139313342396e-01 8.547937017740314669e-01 8.817608758793178403e-01
8.697827061255765102e-01 8.994579513913074642e-01 8.549161232712465530e-01 8.818233151790118018e-01
8.697827061255765102e-01 8.994290162618794326e-01 8.549881359166668915e-01 8.818652009369125633e-01
8.698983648744379460e-01 8.995199865758893853e-01 8.550529472975454404e-01 8.819013207129646759e-01
8.699272795616533882e-01 8.995442625818691473e-01 8.551717681624892986e-01 8.819950159625824515e-01
8.699706515924763295e-01 8.995649539079655366e-01 8.552401801756388533e-01 8.820656353246647541e-01
8.699272795616532772e-01 8.995815919469972721e-01 8.553157934533303086e-01 8.820955569581729883e-01
8.699706515924763295e-01 8.995332085489234908e-01 8.553842054664798633e-01 8.821502773961500399e-01
8.700284809669072139e-01 8.995679181779429046e-01 8.554382149505452837e-01 8.822117682343579848e-01
8.701296823721610396e-01 8.996201186361320046e-01 8.555174288605078559e-01 8.822616729447919637e-01
8.701296823721609286e-01 8.996369679792293184e-01 8.555966427704705390e-01 8.823206141759265542e-01
8.702164264338070332e-01 8.997252319585534730e-01 8.557046617386013798e-01 8.824290692821870064e-01
8.702742558082378066e-01 8.997509489449883047e-01 8.557910769131060746e-01 8.824986398014726952e-01
8.703031704954531378e-01 8.997439920034975280e-01 8.558918946166947928e-01 8.826169652087131334e-01
8.704188292443145736e-01 8.998430541343682698e-01 8.559909120041478969e-01 8.826854748895762715e-01
8.704622012751377369e-01 8.998545208995477607e-01 8.560971306561432348e-01 8.827796374131462454e-01
8.705778600239992837e-01 8.999403843820996673e-01 8.561367376111245209e-01 8.828090442509016755e-01
8.707079761164683296e-01 9.000343443811951172e-01 8.562411559469843558e-01 8.828856484387650472e-01
8.708814642397606498e-01 9.001244061555103704e-01 8.564679957800589438e-01 8.830563199496248572e-01
8.709971229886220856e-01 9.001170250436757447e-01 8.565688134836477730e-01 8.831178422601578815e-01
8.711272390810913535e-01 9.002453330259320152e-01 8.565976185418159305e-01 8.831391283150196170e-01
8.712284404863450682e-01 9.003002282786052302e-01 8.566732318195074969e-01 8.831967647593539361e-01
8.713730139224218352e-01 9.003949774519993676e-01 8.567974536328577528e-01 8.832996383111053618e-01
8.714742153276757719e-01 9.004304223509098648e-01 8.568964710203111901e-01 8.833883316994736168e-01
8.716187887637525389e-01 9.005229850019991211e-01 8.569756849302738733e-01 8.834581436450166247e-01
8.716766181381834233e-01 9.005734481847881279e-01 8.570476975756942117e-01 8.834897442988099980e-01
8.717633621998295279e-01 9.006811800643211852e-01 8.571449146470120350e-01 8.835520724967707018e-01
8.717922768870447481e-01 9.006406062622076547e-01 8.572817386733110334e-01 8.836532235694609660e-01
8.718790209486908527e-01 9.006971588990019262e-01 8.573681538478156172e-01 8.837446409826408278e-01
8.721103384464139463e-01 9.008332888432653007e-01 8.575337829322829952e-01 8.838711577822961907e-01
8.722259971952752711e-01 9.009006526640269685e-01 8.576201981067875790e-01 8.839568993379447459e-01
8.722838265697061555e-01 9.009523457345594011e-01 8.577498208685445658e-01 8.840590356919177939e-01
8.725006867238214170e-01 9.010741094295754428e-01 8.578254341462361321e-01 8.841272656303786892e-01
8.725874307854675216e-01 9.011308147344088137e-01 8.579406543789089845e-01 8.842112418305405619e-01
8.727753762523674519e-01 9.012895725679466175e-01 8.580378714502266968e-01 8.842773704263409140e-01
8.728187482831905042e-01 9.013363705467813958e-01 8.581422897860863097e-01 8.843665765107724397e-01
8.729199496884443299e-01 9.014410886530550560e-01 8.582179030637779871e-01 8.844145695610894364e-01
8.730211510936980446e-01 9.015020001407272332e-01 8.583403245609930732e-01 8.845271798097557037e-01
8.731946392169902538e-01 9.016408229708792188e-01 8.584735479550208437e-01 8.846332357482581399e-01
8.732524685914211382e-01 9.016816987329908661e-01 8.586139726135910699e-01 8.847452973297149637e-01
8.731946392169902538e-01 9.016283361165222665e-01 8.586823846267404026e-01 8.847833882037632325e-01
8.732669259350287483e-01 9.016293226425943219e-01 8.587327934785349282e-01 8.848354430252562963e-01
8.734837860891440098e-01 9.017509883165863993e-01 8.588768187693760492e-01 8.849411771601278787e-01
8.736861888996514391e-01 9.019534829903188555e-01 8.590424478538430941e-01 8.850558233716849799e-01
8.737729329612975437e-01 9.020373953323770344e-01 8.591180611315346605e-01 8.851472354297373890e-01
8.738163049921207071e-01 9.020891229483865015e-01 8.592188788351236006e-01 8.852212853510731394e-01
8.739608784281975851e-01 9.022116001980281519e-01 8.593088946418991902e-01 8.852661289293290992e-01
8.740187078026283585e-01 9.022488660991002662e-01 8.593629041259644996e-01 8.853069934296491361e-01
8.740765371770591319e-01 9.022807186437008520e-01 8.594745237263663462e-01 8.853914161867977306e-01
8.741488238950975154e-01 9.023647113511841233e-01 8.595393351072448951e-01 8.854063866503758540e-01
8.742355679567436200e-01 9.023810525680889816e-01 8.596545553399177475e-01 8.855028870871803903e-01
8.743367693619974457e-01 9.024541063792883566e-01 8.596761591335438935e-01 8.854989495163274604e-01
8.744235134236435503e-01 9.025032366946507123e-01 8.597841781016746232e-01 8.855971371854250984e-01
8.745391721725050971e-01 9.026276539910849106e-01 8.599246027602447384e-01 8.857034628307507429e-01
8.746548309213665329e-01 9.027436779309431225e-01 8.600110179347493222e-01 8.857560455693945789e-01
8.747415749830125264e-01 9.028081436252637371e-01 8.601406406965064200e-01 8.858392626308206896e-01
8.748427763882663521e-01 9.028129844182887220e-01 8.602054520773848578e-01 8.858910049599308945e-01
8.747849470138355787e-01 9.027553237875923786e-01 8.603242729423286050e-01 8.859773607582930310e-01
8.748861484190895155e-01 9.028065824503366255e-01 8.603782824263940254e-01 8.860466437795381234e-01
8.749728924807356201e-01 9.028675389564893017e-01 8.604358925427305627e-01 8.861276498249517353e-01
8.750596365423817247e-01 9.028865321910715114e-01 8.604574963363567086e-01 8.861359172329904554e-01
8.752186673220663238e-01 9.030176673001679699e-01 8.605583140399454267e-01 8.862164548973752165e-01
8.751897526348508816e-01 9.030653767102130303e-01 8.606375279499081099e-01 8.862788856427297191e-01
8.753343260709276485e-01 9.031118738815774316e-01 8.607095405953285594e-01 8.863358742507748689e-01
8.754210701325738642e-01 9.032213232790243795e-01 8.607815532407490089e-01 8.864091938780647162e-01
8.754644421633968054e-01 9.032384976607529259e-01 8.608751696797958264e-01 8.864519386447993199e-01
8.756090155994736834e-01 9.033447104041529840e-01 8.609003741056928671e-01 8.864567769146033394e-01
8.756090155994737945e-01 9.033186257297030064e-01 8.609867892801976730e-01 8.865308298898817441e-01
8.756090155994736834e-01 9.034092206293719007e-01 8.610299968674499649e-01 8.865568184490006942e-01
8.755945582558659623e-01 9.034020527744308637e-01 8.610876069837862801e-01 8.865858188588582323e-01
8.756234729430814046e-01 9.034522186300791846e-01 8.611812234228330976e-01 8.866795369979434405e-01
8.756090155994737945e-01 9.034766606367199415e-01 8.612928430232349442e-01 8.867940022619267282e-01
8.756234729430814046e-01 9.035029608148926750e-01 8.613972613590946681e-01 8.868565781986311736e-01
8.758403330971968881e-01 9.037084561372838998e-01 8.615340853853936665e-01 8.869575750280831450e-01
8.759126198152351606e-01 9.037477471884807212e-01 8.615304847531226606e-01 8.869488736605326551e-01
8.760571932513120386e-01 9.038694176676740355e-01 8.615520885467489176e-01 8.869883222969274783e-01
8.761150226257427009e-01 9.038857173569276870e-01 8.616745100439637817e-01 8.870596497528091540e-01
8.761005652821350909e-01 9.038819156226454155e-01 8.617033151021320503e-01 8.870957935947039186e-01
8.762306813746041367e-01 9.039469772167864070e-01 8.618329378638889260e-01 8.871887815730501448e-01
8.763463401234656835e-01 9.040114075074520139e-01 8.619337555674777551e-01 8.872746342262027852e-01
8.763897121542887358e-01 9.040667192515648987e-01 8.620201707419823389e-01 8.873519837838830249e-01
8.765198282467580038e-01 9.042239876336186644e-01 8.621605954005522321e-01 8.874515249603009970e-01
8.764330841851117881e-01 9.041537505945815845e-01 8.622146048846177635e-01 8.875071525885670498e-01
8.766354869956194396e-01 9.042761354286654729e-01 8.622650137364120670e-01 8.875875041405354438e-01
8.767077737136579341e-01 9.043543131261192469e-01 8.623586301754588845e-01 8.876636576759560082e-01
8.766210296520118295e-01 9.042725115790654078e-01 8.624162402917951997e-01 8.876556516329272561e-01
8.767366884008731542e-01 9.043474875762242959e-01 8.625278598921970463e-01 8.877566988383660540e-01
8.768812618369501433e-01 9.043520550452256446e-01 8.626646839184961557e-01 8.878493462783577650e-01
8.768957191805577533e-01 9.043156388797031209e-01 8.627222940348324709e-01 8.878795980011495725e-01
8.768812618369501433e-01 9.042919915058388325e-01 8.627943066802529204e-01 8.879468833474730705e-01
8.770692073038500736e-01 9.044430636402820411e-01 8.629059262806547670e-01 8.880251482927303819e-01
8.771125793346731259e-01 9.044683600232810150e-01 8.630463509392249932e-01 8.881638987593865053e-01
8.771414940218884571e-01 9.044584762650551557e-01 8.631471686428137113e-01 8.882621019161149878e-01
8.771993233963192305e-01 9.044831867076406073e-01 8.632677898238929615e-01 8.883715670781850982e-01
8.772571527707500039e-01 9.045214869673054991e-01 8.633848103727013168e-01 8.884578948158088352e-01
8.775173849556882066e-01 9.046800973723162498e-01 8.634784268117481343e-01 8.885361026176843424e-01
8.777920744842344636e-01 9.049072021337025706e-01 8.635756438830659576e-01 8.886082908785026824e-01
8.779511052639188406e-01 9.049817531635323542e-01 8.636872634834678042e-01 8.886545309583138152e-01
8.781245933872110498e-01 9.051278636436758118e-01 8.637016660125517165e-01 8.886604432556749478e-01
8.784209689311686109e-01 9.052421358748181657e-01 8.638132856129536741e-01 8.887294383141028931e-01
8.785583136954415728e-01 9.053478239887217116e-01 8.638780969938320009e-01 8.887414146988256158e-01
8.786450577570877885e-01 9.054175960492588660e-01 8.640113203878601045e-01 8.888271973093184730e-01
8.787028871315184508e-01 9.054611994918200235e-01 8.640797324010096592e-01 8.888601140056587857e-01
8.787751738495569453e-01 9.055052580699097797e-01 8.642201570595796634e-01 8.889827704276513920e-01
8.789342046292414334e-01 9.056374943142191380e-01 8.643101728663552530e-01 8.890080666688651156e-01
8.791076927525336426e-01 9.057823655645863559e-01 8.644073899376730763e-01 8.890799329915515248e-01
8.792088941577873573e-01 9.058115483483815122e-01 8.644722013185514031e-01 8.891217574747596331e-01
8.792522661886104096e-01 9.059037871845474488e-01 8.645442139639719636e-01 8.891678220868921567e-01
8.793100955630410720e-01 9.059480048304712207e-01 8.646702360934579445e-01 8.892543802784138585e-01
8.794112969682951197e-01 9.060967759597118310e-01 8.648538683392803517e-01 8.893961941174912678e-01
8.794691263427257821e-01 9.061393417686031126e-01 8.648790727651776145e-01 8.893993736171373898e-01
8.795558704043718867e-01 9.062698715935488813e-01 8.650158967914765018e-01 8.895013456808169572e-01
8.795992424351949390e-01 9.063011356186904122e-01 8.651491201855046054e-01 8.895945511829045360e-01
8.797293585276640959e-01 9.064077262166719828e-01 8.652715416827195805e-01 8.896704662683888598e-01
8.797871879020947583e-01 9.064574561671330244e-01 8.654371707671867364e-01 8.897734575816304003e-01
8.798161025893102005e-01 9.064886154982167987e-01 8.654659758253548940e-01 8.897797612445759174e-01
8.797871879020948693e-01 9.064099340154179174e-01 8.655487903675885830e-01 8.898610734816463363e-01
8.799751333689946886e-01 9.065635371076035121e-01 8.655631928966724953e-01 8.898932299752313480e-01
8.800618774306410153e-01 9.065680025944694576e-01 8.656172023807380267e-01 8.899326296250902324e-01
8.800185053998179630e-01 9.065535416172898486e-01 8.656820137616165756e-01 8.899795100306303608e-01
8.800474200870331831e-01 9.064961810418142862e-01 8.657504257747661303e-01 8.900609252987949915e-01
8.800618774306409042e-01 9.065889969427953776e-01 8.658260390524575856e-01 8.901409484668094674e-01
8.800185053998178519e-01 9.065853344528287394e-01 8.659268567560463037e-01 8.902326188952216501e-01
8.801052494614639565e-01 9.066519427211614524e-01 8.659772656078406072e-01 8.902861201135152669e-01
8.802642802411484446e-01 9.067775948933695096e-01 8.660348757241772555e-01 8.903147240319916333e-01
8.802642802411484446e-01 9.067135644422948948e-01 8.660888852082425649e-01 8.903801917633626939e-01
8.803943963336176015e-01 9.067975477909504534e-01 8.661969041763734056e-01 8.904418289695570365e-01
8.804955977388715382e-01 9.068829024083882029e-01 8.662653161895229603e-01 8.905291829984953722e-01
8.805245124260869805e-01 9.068994349656898102e-01 8.663517313640275441e-01 8.906001521428831280e-01
8.805245124260867584e-01 9.069018037260800913e-01 8.664273446417191105e-01 8.906221672312818471e-01
8.805100550824792593e-01 9.068667286826943563e-01 8.665857724616443658e-01 8.907210302315939909e-01
8.805967991441253639e-01 9.069020968846225328e-01 8.667117945911302357e-01 8.908417666659311784e-01
8.805245124260869805e-01 9.069049516121053811e-01 8.668162129269898486e-01 8.909147244796518095e-01
8.805100550824791483e-01 9.068727360335385734e-01 8.669494363210179522e-01 8.910103095577456278e-01
8.804377683644406538e-01 9.068752640376098739e-01 8.669998451728124778e-01 8.910497873484714004e-01
8.804233110208331547e-01 9.068327407482499325e-01 8.670322508632515301e-01 8.910543234200509755e-01
8.805100550824792593e-01 9.068843563090972504e-01 8.671366691991113651e-01 8.911185022870226069e-01
8.805678844569100328e-01 9.069115164167548260e-01 8.672374869027001942e-01 8.912060778085930668e-01
8.806690858621637474e-01 9.070111603948103340e-01 8.673671096644570699e-01 8.913522116964617270e-01
8.806401711749484162e-01 9.069044044492624579e-01 8.674679273680457881e-01 8.914350483828965555e-01
8.807413725802021309e-01 9.069743507084859768e-01 8.675543425425504829e-01 8.914854467736199606e-01
8.807847446110252942e-01 9.069824577278385869e-01 8.677595785819989249e-01 8.916416775454765187e-01
8.808714886726713988e-01 9.070242769563654495e-01 8.678459937565036197e-01 8.916811855427995148e-01
8.809726900779251135e-01 9.070620299537471842e-01 8.678928019760270285e-01 8.916848474386259715e-01
8.810883488267865493e-01 9.071215297447334791e-01 8.679612139891765832e-01 8.917446158066706374e-01
8.812040075756480961e-01 9.071997326902759839e-01 8.679738162021251036e-01 8.917638342796656570e-01
8.813774956989401943e-01 9.073910287062768587e-01 8.679972203118868634e-01 8.918144490629453802e-01
8.813774956989404163e-01 9.073317456670990655e-01 8.680332266345969217e-01 8.918346392468240458e-01
8.814786971041941310e-01 9.073539623474498050e-01 8.681772519254380427e-01 8.919187105590613562e-01
8.815654411658402356e-01 9.074590159757711660e-01 8.682384626740455857e-01 8.919326814078641918e-01
8.815798985094478457e-01 9.074718115372792937e-01 8.683212772162791637e-01 8.920041631079704825e-01
8.816955572583093925e-01 9.075282410201613859e-01 8.684148936553258702e-01 8.920569447086904580e-01
8.817533866327400549e-01 9.075314078571077303e-01 8.684472993457652557e-01 8.920973004489294311e-01
8.817533866327400549e-01 9.075216621360188141e-01 8.684112930230548644e-01 8.920636619198926143e-01
8.817823013199554971e-01 9.074771948247801756e-01 8.684364974489521272e-01 8.921240866620454568e-01
8.818545880379938806e-01 9.075239175365510391e-01 8.684220949198678818e-01 8.920911903438392132e-01
8.819268747560324861e-01 9.075765396308111965e-01 8.684653025071202848e-01 8.921468534591213695e-01
8.819413320996399852e-01 9.076709725209156643e-01 8.684905069330175476e-01 8.921161340292207420e-01
8.819413320996400962e-01 9.076337245265754250e-01 8.685481170493538627e-01 8.921644986153614010e-01
8.819557894432477063e-01 9.076367547785886281e-01 8.686885417079239780e-01 8.922560005011302975e-01
8.819268747560324861e-01 9.076281053930140841e-01 8.686849410756528611e-01 8.922463131950186810e-01
8.818835027252093228e-01 9.075890992603089513e-01 8.687641549856155443e-01 8.922663348166587349e-01
8.819124174124246540e-01 9.075996923032465524e-01 8.688973783796434258e-01 8.923476572233217663e-01
8.819124174124246540e-01 9.075872489575987911e-01 8.689873941864191265e-01 8.923887247214145058e-01
8.820136188176785907e-01 9.076443612828807295e-01 8.690522055672975643e-01 8.923948896487625682e-01
8.820425335048936999e-01 9.076723524449553659e-01 8.691134163159049963e-01 8.924252079509231717e-01
8.822160216281860201e-01 9.078184747495809948e-01 8.692106333872227086e-01 8.925003807759026575e-01
8.823172230334398458e-01 9.078967100187976813e-01 8.693510580457928238e-01 8.926235721522437494e-01
8.824328817823012816e-01 9.079611857074250114e-01 8.694302719557553960e-01 8.926777428449255147e-01
8.824617964695167238e-01 9.079705495985113117e-01 8.694914827043629391e-01 8.927146163882153651e-01
8.826063699055934908e-01 9.081094581166705426e-01 8.695778978788675229e-01 8.927744868616802609e-01
8.826641992800242642e-01 9.081756885226065501e-01 8.696535111565590892e-01 8.928506381224677879e-01
8.826641992800242642e-01 9.081790513271609244e-01 8.697075206406243986e-01 8.928927065938540020e-01
8.827509433416704798e-01 9.082132466000069071e-01 8.698119389764843445e-01 8.929297701864808978e-01
8.828087727161011422e-01 9.082593123881614883e-01 8.698191402410262452e-01 8.929261146535736327e-01
8.828087727161011422e-01 9.082591852918483477e-01 8.698911528864468057e-01 8.929878486754605493e-01
8.827509433416704798e-01 9.082293635850764435e-01 8.699631655318673662e-01 8.930745924698592075e-01
8.827654006852780899e-01 9.082788221907697190e-01 8.699703667964093778e-01 8.930807353852268093e-01
8.827798580288857000e-01 9.082680969207819199e-01 8.701107914549794931e-01 8.932010236627672128e-01
8.828666020905319156e-01 9.083261723339287608e-01 8.702872224362597775e-01 8.933241128292906952e-01
8.828955167777471358e-01 9.083530668806965025e-01 8.703808388753064840e-01 8.933712693333848431e-01
8.830979195882548982e-01 9.084700904363579577e-01 8.704924584757083306e-01 8.934345899188127493e-01
8.832280356807240551e-01 9.085771955929341503e-01 8.705932761792971597e-01 8.934667781352836347e-01
8.833581517731932120e-01 9.086625877841718602e-01 8.707066960958345092e-01 8.935608588052996737e-01
8.834015238040161533e-01 9.086824144201661735e-01 8.708129147478296250e-01 8.936714626533577288e-01
8.834738105220546478e-01 9.087133669144387138e-01 8.708993299223344309e-01 8.937117670031133887e-01
8.835605545837008634e-01 9.087906443151285707e-01 8.709965469936521432e-01 8.937633401592790516e-01
8.835605545837006414e-01 9.088106685450313416e-01 8.710649590068014758e-01 8.937940090628516687e-01
8.835605545837007524e-01 9.088344632331658568e-01 8.711693773426614218e-01 8.939029701211740342e-01
8.835316398964854212e-01 9.088797309946807790e-01 8.712449906203529881e-01 8.939636745300183485e-01
8.835460972400930313e-01 9.088083486824626300e-01 8.712881982076052800e-01 8.939664016113347822e-01
8.836762133325621882e-01 9.089154735203944790e-01 8.713494089562127121e-01 8.940293771178198234e-01
8.838063294250314561e-01 9.090327764537156074e-01 8.713854152789228813e-01 8.940253629702843430e-01
8.838497014558545084e-01 9.090346055066754749e-01 8.715618462602032768e-01 8.941371956766669404e-01
8.838786161430698396e-01 9.090472146458120628e-01 8.716662645960630007e-01 8.942269529129787120e-01
8.840665616099698809e-01 9.092260928787698759e-01 8.717454785060256839e-01 8.942811929619460809e-01
8.841677630152235956e-01 9.092781988972491458e-01 8.718715006355115538e-01 8.943905443170907521e-01
8.842834217640850314e-01 9.093124814907368458e-01 8.719327113841190968e-01 8.944220250428810415e-01
8.842978791076927525e-01 9.092760291228286773e-01 8.720083246618106632e-01 8.944546173696323876e-01
8.844424525437695195e-01 9.093816073842659886e-01 8.721199442622123987e-01 8.945139479755623846e-01
8.844858245745925718e-01 9.093742383395698736e-01 8.721667524817359185e-01 8.945551896820580495e-01
8.845147392618080140e-01 9.093856338708046216e-01 8.722027588044460877e-01 8.945671086376203451e-01
8.845002819182002929e-01 9.093450990265949940e-01 8.722567682885113971e-01 8.945888070751549792e-01
8.844424525437696305e-01 9.092961967470196694e-01 8.722459663916983796e-01 8.946004159779552545e-01
8.843701658257311360e-01 9.092789505733998023e-01 8.722819727144086599e-01 8.945921030536704288e-01
8.844713672309849617e-01 9.093461164951360809e-01 8.722999758757639110e-01 8.946387022660311494e-01
8.845147392618081250e-01 9.093591351237677589e-01 8.723431834630162029e-01 8.946750614424245907e-01
8.844858245745926828e-01 9.092999209837787644e-01 8.724151961084367635e-01 8.947681718306985665e-01
8.844424525437696305e-01 9.092839802332993715e-01 8.724908093861281078e-01 8.948118232079220746e-01
8.843846231693388571e-01 9.092122460439879816e-01 8.726024289865300654e-01 8.948655925213956364e-01
8.843990805129465782e-01 9.091885396376706563e-01 8.728076650259786184e-01 8.949917992346735351e-01
8.843557084821235259e-01 9.091356783788496765e-01 8.728400707164178929e-01 8.950063840572710649e-01
8.843557084821236369e-01 9.090886432781781767e-01 8.730345048590533175e-01 8.951290862404794879e-01
8.843557084821236369e-01 9.090979939415678723e-01 8.732001339435204734e-01 8.952578686741754499e-01
8.843123364513005846e-01 9.090537216846533708e-01 8.733261560730064543e-01 8.953540657659231350e-01
8.844424525437696305e-01 9.091334418654650751e-01 8.734449769379503126e-01 8.954368214749515165e-01
8.847315994159232755e-01 9.092788621368230739e-01 8.736070053901463517e-01 8.955882204857685824e-01
8.848472581647846003e-01 9.093908587649502939e-01 8.736970211969221634e-01 8.956551838688051603e-01
8.849340022264308159e-01 9.094312433517743877e-01 8.737582319455297064e-01 8.956990987340904820e-01
8.850496609752923627e-01 9.095255733060946257e-01 8.737222256228194261e-01 8.956557340478422669e-01
8.851074903497231361e-01 9.095775596330996082e-01 8.737546313132584785e-01 8.956666611485548657e-01
8.851797770677615196e-01 9.095141298292681586e-01 8.738554490168473077e-01 8.957203468657546352e-01
8.851942344113692407e-01 9.095287977338735175e-01 8.738914553395575879e-01 8.957450237951668504e-01
8.852376064421922930e-01 9.095725966971133225e-01 8.738950559718285938e-01 8.957587633040100528e-01
8.851942344113694627e-01 9.095555704782326556e-01 8.739418641913521135e-01 8.957805566291429100e-01
8.853098931602307875e-01 9.096242623555882423e-01 8.739508657720295171e-01 8.957980522278017332e-01
8.853677225346614499e-01 9.096306783192203982e-01 8.739202603977258565e-01 8.957815090701031213e-01
8.852954358166229554e-01 9.095712016694931235e-01 8.739598673527071426e-01 8.958151525589896913e-01
8.854255519090921123e-01 9.096853794068915366e-01 8.739346629268101019e-01 8.958135036900188863e-01
8.854400092526999444e-01 9.097216695205077031e-01 8.739562667204361368e-01 8.958060829655659640e-01
8.853966372218768921e-01 9.096772070465917182e-01 8.739814711463332886e-01 8.958340327861158414e-01
8.854689239399152756e-01 9.097523531806399610e-01 8.740462825272117264e-01 8.959092867779938629e-01
8.855845826887767114e-01 9.098016757258773346e-01 8.741038926435480416e-01 8.959504125197026436e-01
8.855267533143461600e-01 9.097468667719029733e-01 8.742155122439501103e-01 8.960259826433266683e-01
8.855267533143461600e-01 9.097316063130361785e-01 8.742821239409640510e-01 8.961156363425598625e-01
8.856568694068152059e-01 9.098033227104653786e-01 8.742875248893705598e-01 8.960878596871414414e-01
8.856424120632074848e-01 9.097652452241580256e-01 8.743451350057068749e-01 8.961408047012983102e-01
8.857002414376382582e-01 9.098022899760956905e-01 8.744027451220434122e-01 8.961718226777611873e-01
8.858159001864998050e-01 9.098515661856353409e-01 8.744495533415667099e-01 8.962183581494376217e-01
8.858159001864996940e-01 9.098427026466542333e-01 8.745647735742396733e-01 8.963092420755031098e-01
8.858303575301074151e-01 9.098353667460842287e-01 8.745971792646789478e-01 8.963199705676578866e-01
8.859604736225765720e-01 9.099390524425925442e-01 8.746151824260339769e-01 8.963187476961365086e-01
8.860038456533996243e-01 9.099939554867654268e-01 8.746367862196601228e-01 8.963221966686880648e-01
8.860327603406149555e-01 9.099993329464141079e-01 8.747700096136881154e-01 8.964212515038784135e-01
8.860183029970072344e-01 9.099806076151830680e-01 8.748780285818189562e-01 8.965041954602039898e-01
8.860472176842226766e-01 9.100057074880610886e-01 8.749248368013423649e-01 8.965182488704320773e-01
8.860183029970072344e-01 9.099832146142694533e-01 8.749320380658842655e-01 8.964854571831099017e-01
8.860761323714381188e-01 9.100067140154920464e-01 8.750220538726599662e-01 8.965403845321157084e-01
8.861628764330842234e-01 9.100566591684926543e-01 8.750292551372020888e-01 8.965290135068111343e-01
8.863652792435917638e-01 9.102541124821649232e-01 8.751588778989589645e-01 8.966150340253816742e-01
8.863941939308070950e-01 9.102666925863311942e-01 8.752560949702767878e-01 8.967087762936770678e-01
8.864375659616301473e-01 9.102308959299189040e-01 8.753317082479682432e-01 8.967263953498545437e-01
8.865243100232762519e-01 9.103391887650539305e-01 8.754253246870149496e-01 8.968205111831968335e-01
8.865387673668840840e-01 9.103386522712986206e-01 8.754937367001645043e-01 8.968587892692296837e-01
8.866688834593532409e-01 9.104310982036356581e-01 8.755981550360243393e-01 8.969350783802823024e-01
