8.742355679567435089e-01 8.980622575433155896e-01 8.683176765840081579e-01 8.843893743224460202e-01
8.744090560800359402e-01 8.982024533622263718e-01 8.684292961844100045e-01 8.844964028254764798e-01
8.745102574852896549e-01 8.982701290739636413e-01 8.685193119911857051e-01 8.845648934069838543e-01
8.746403735777589228e-01 8.983335612728375885e-01 8.685805227397931372e-01 8.846063903105261250e-01
8.746982029521895852e-01 8.983750367332355991e-01 8.686561360174847035e-01 8.846581581800042615e-01
8.748283190446587421e-01 8.984863818342962993e-01 8.687317492951762699e-01 8.847017515949077149e-01
8.749584351371280100e-01 8.985922091379057175e-01 8.688541707923911339e-01 8.847985030152585306e-01
8.749584351371278990e-01 8.986189108662441249e-01 8.689117809087276711e-01 8.848719158890255843e-01
8.749584351371277879e-01 8.986144928144289556e-01 8.689513878637088462e-01 8.849026583851584693e-01
8.750885512295971669e-01 8.987160351071237230e-01 8.690738093609238213e-01 8.850315193463218488e-01
8.751608379476354393e-01 8.987379318311637943e-01 8.691602245354284051e-01 8.850996183048505106e-01
8.753198687273202605e-01 8.988982912853586971e-01 8.692610422390172342e-01 8.851714915586204047e-01
8.754210701325739752e-01 8.989542151554945626e-01 8.693618599426058413e-01 8.852434490631364561e-01
8.756668449739045679e-01 8.991449255150860687e-01 8.694770801752788048e-01 8.853391001405559457e-01
8.757897323945698087e-01 8.992247712099784573e-01 8.695526934529702601e-01 8.854127211481329640e-01
8.759270771588426596e-01 8.992989691915517225e-01 8.696427092597460717e-01 8.854935248320312535e-01
8.760427359077042064e-01 8.994149448078161413e-01 8.697831339183159649e-01 8.856201809789836510e-01
8.761728520001734744e-01 8.995450137642551081e-01 8.698947535187179225e-01 8.857252201342975528e-01
8.761728520001734744e-01 8.995681130044741458e-01 8.699307598414280918e-01 8.857179020241333633e-01
8.762595960618195789e-01 8.996429749809742304e-01 8.700099737513906639e-01 8.858003956422099145e-01
8.764186268415041781e-01 8.997494912066400508e-01 8.701107914549794931e-01 8.858688482030012690e-01
8.765342855903657249e-01 8.998089808316225291e-01 8.702044078940261995e-01 8.859416084143922898e-01
8.765342855903655028e-01 8.998035866135725147e-01 8.703016249653440228e-01 8.859981484449863665e-01
8.766644016828347707e-01 8.999074980160166604e-01 8.704528515207270445e-01 8.861188004346919334e-01
8.767656030880885965e-01 8.999982859021045112e-01 8.705644711211288911e-01 8.861841593794216321e-01
8.769535485549885268e-01 9.001509342571814010e-01 8.706220812374652063e-01 8.862087926258181980e-01
8.770258352730269102e-01 9.001868964940646922e-01 8.707625058960352105e-01 8.862704378121295523e-01
8.771270366782808470e-01 9.003020677512351133e-01 8.709461381418576176e-01 8.863896796859844773e-01
8.773149821451806663e-01 9.004259676022661196e-01 8.710901634326986276e-01 8.865042395183124757e-01
8.774740129248652654e-01 9.005410449226542990e-01 8.711693773426611997e-01 8.865621960839416005e-01
8.775173849556883177e-01 9.006235727094904497e-01 8.712413899880818713e-01 8.865687920083229479e-01
8.775752143301189800e-01 9.006529207152489391e-01 8.713962171757360098e-01 8.867054652095808231e-01
8.776619583917650846e-01 9.007009655362959721e-01 8.715294405697640023e-01 8.868146296509256121e-01
8.777631597970187993e-01 9.007568576091282697e-01 8.716914690219602635e-01 8.869371512505149768e-01
8.778209891714495727e-01 9.007657090991756377e-01 8.717958873578200985e-01 8.870008697124301955e-01
8.778932758894880672e-01 9.007892163329040969e-01 8.718913041130023078e-01 8.871107027069697892e-01
8.780089346383495030e-01 9.008950524491070588e-01 8.720155259263525638e-01 8.872109650772823652e-01
8.780667640127802764e-01 9.009294873901141365e-01 8.721271455267546324e-01 8.873184814577260715e-01
8.781535080744264921e-01 9.010216024829087456e-01 8.722351644948851401e-01 8.874150937729703426e-01
8.781679654180341021e-01 9.010342243960390851e-01 8.723323815662030745e-01 8.874696024881496559e-01
8.783125388541109801e-01 9.011397871252477820e-01 8.724187967407076583e-01 8.875218518137582002e-01
8.784860269774033004e-01 9.012748813801214620e-01 8.725952277219880537e-01 8.876843721211078453e-01
8.787173444751261719e-01 9.014425211236297697e-01 8.727176492192028068e-01 8.877639656091440568e-01
8.789342046292415445e-01 9.015999956472271482e-01 8.728940802004833133e-01 8.879204189742565534e-01
8.791366074397490848e-01 9.017370064219947245e-01 8.730201023299690721e-01 8.880272904618237151e-01
8.792088941577874683e-01 9.017948553619692387e-01 8.731605269885392984e-01 8.881437980532302934e-01
8.793679249374720674e-01 9.019216964740901510e-01 8.732667456405345252e-01 8.882314937771591534e-01
8.794112969682950087e-01 9.019659976788196865e-01 8.734089706152400323e-01 8.883703286004738242e-01
8.793968396246873986e-01 9.019197330762195319e-01 8.735385933769970190e-01 8.884864803833396607e-01
8.794257543119027298e-01 9.019272982446210341e-01 8.736322098160438365e-01 8.885461725322861826e-01
8.796859864968411546e-01 9.020596655725768853e-01 8.737654332100716070e-01 8.886690074981978826e-01
8.798305599329179216e-01 9.021733877412164704e-01 8.738554490168474187e-01 8.887660195477973257e-01
8.799606760253871895e-01 9.022779092516516330e-01 8.740174774690435688e-01 8.889114457336120267e-01
8.799751333689949107e-01 9.022984337361077412e-01 8.740894901144641294e-01 8.889702333629494468e-01
8.801197068050716776e-01 9.024031846224925824e-01 8.742551191989313963e-01 8.890926926577312761e-01
8.801341641486792877e-01 9.023748196955334588e-01 8.743595375347912313e-01 8.891820279038201713e-01
8.802353655539331134e-01 9.024360118016032661e-01 8.744999621933611245e-01 8.892743205311692822e-01
8.804377683644408759e-01 9.025493057666135188e-01 8.745971792646788368e-01 8.893269319769049330e-01
8.805678844569099217e-01 9.026706452063084640e-01 8.747574074007394840e-01 8.894364046504881216e-01
8.806835432057713575e-01 9.027691249966276477e-01 8.748744279495479503e-01 8.895213305308802276e-01
8.808859460162790089e-01 9.029309945566464934e-01 8.749896481822208028e-01 8.895824688301424699e-01
8.811895502320403750e-01 9.031873269553369887e-01 8.751444753698750523e-01 8.897000928113949492e-01
8.813052089809020329e-01 9.032445328092889580e-01 8.752704974993608111e-01 8.898036123618794369e-01
8.813196663245096429e-01 9.032556256751622659e-01 8.753569126738656170e-01 8.898706568868464117e-01
8.814931544478018521e-01 9.034069712340999647e-01 8.754793341710804810e-01 8.899811935969248466e-01
8.815654411658402356e-01 9.034626973973339803e-01 8.756197588296503742e-01 8.900964016829283620e-01
8.815943558530556778e-01 9.034563218993306721e-01 8.756845702105289231e-01 8.901579956050860165e-01
8.816088131966633989e-01 9.034759607410753901e-01 8.758033910754727813e-01 8.902554906401420887e-01
8.817100146019170026e-01 9.035768955406698888e-01 8.758682024563513302e-01 8.903140528083421934e-01
8.817533866327400549e-01 9.035773916420739571e-01 8.759510169985849082e-01 8.903559817063301240e-01
8.819557894432477063e-01 9.037043904569761477e-01 8.760842403926129007e-01 8.904519405020210332e-01
8.819413320996400962e-01 9.036846865578306298e-01 8.761706555671173735e-01 8.905408999235701062e-01
8.820136188176784797e-01 9.037383775222664894e-01 8.762246650511829049e-01 8.905712609234832655e-01
8.820136188176785907e-01 9.037436295532430552e-01 8.763182814902295004e-01 8.906454654180041564e-01
8.821148202229323054e-01 9.038341833517808954e-01 8.764767093101547557e-01 8.907766073217144864e-01
8.822304789717938522e-01 9.039291461200377187e-01 8.765667251169304564e-01 8.908205773572142050e-01
8.824039670950860614e-01 9.040728166845966030e-01 8.766963478786874431e-01 8.909240416315394873e-01
8.825919125619858807e-01 9.042641517877940682e-01 8.768331719049865525e-01 8.909986691852128660e-01
8.826641992800242642e-01 9.043080294216496728e-01 8.770384079444348835e-01 8.911537572119455630e-01
8.828521447469243055e-01 9.044696584539080320e-01 8.771572288093789638e-01 8.912771548933918764e-01
8.829099741213549679e-01 9.045051752586094063e-01 8.772220401902571796e-01 8.913764464462304860e-01
8.829967181830009615e-01 9.045579736788652570e-01 8.773048547324910906e-01 8.914800105767102245e-01
8.830545475574318459e-01 9.046080728040069019e-01 8.773660654810984116e-01 8.915080074349517325e-01
8.831702063062932817e-01 9.047096982259470455e-01 8.774848863460422699e-01 8.916291543619884186e-01
8.831846636499010028e-01 9.047228493552439410e-01 8.775208926687526612e-01 8.916276454764728854e-01
8.832714077115471074e-01 9.047993380473322578e-01 8.776181097400703734e-01 8.917141058534666653e-01
8.834593531784469267e-01 9.048899033555311000e-01 8.777477325018274712e-01 8.918101899213204398e-01
8.835171825528777001e-01 9.049061025376565759e-01 8.778197451472478097e-01 8.918803416126169781e-01
8.835027252092699790e-01 9.049206304787680288e-01 8.778593521022290957e-01 8.919104302716511778e-01
8.836183839581315258e-01 9.050180131494955926e-01 8.779493679090046854e-01 8.919730120097439929e-01
8.836762133325622992e-01 9.050446523536994636e-01 8.780609875094067540e-01 8.920392884917892617e-01
8.837918720814237350e-01 9.051225665808945164e-01 8.781780080582151093e-01 8.920576514299757287e-01
8.838497014558545084e-01 9.051676513489571585e-01 8.782698241811262019e-01 8.921274496953871536e-01
8.839075308302852818e-01 9.052095631384895480e-01 8.783022298715653653e-01 8.921290168250772812e-01
8.840087322355389965e-01 9.052920908515932341e-01 8.783742425169860368e-01 8.921827136976258066e-01
8.841388483280082644e-01 9.053964902919229285e-01 8.784858621173877724e-01 8.922896296969414776e-01
8.842400497332619791e-01 9.055012688386335773e-01 8.785398716014531928e-01 8.923586055344756574e-01
8.844135378565542993e-01 9.056295329055539245e-01 8.786694943632100685e-01 8.924461851526973577e-01
8.845002819182004039e-01 9.056910664633883723e-01 8.786982994213782261e-01 8.924546356145875992e-01
8.844713672309850727e-01 9.056454859325828721e-01 8.787271044795466057e-01 8.924688834789435976e-01
8.845147392618080140e-01 9.056576873667513405e-01 8.787847145958831430e-01 8.925312738701338677e-01
8.846593126978848920e-01 9.057602564501053832e-01 8.788675291381166099e-01 8.925732260955581143e-01
8.848183434775693801e-01 9.058527669038966001e-01 8.789251392544530361e-01 8.926163059125268306e-01
8.849050875392154847e-01 9.059174099370808086e-01 8.790259569580418653e-01 8.927163835996037022e-01
8.850930330061154150e-01 9.060527367995281356e-01 8.791627809843408636e-01 8.928055957717249136e-01
8.851797770677615196e-01 9.061367536454955074e-01 8.793068062751818736e-01 8.929284526460166127e-01
8.854400092526999444e-01 9.063124133157812734e-01 8.794904385210042808e-01 8.931462361453207377e-01
8.854833812835229967e-01 9.063371696761308716e-01 8.795876555923221041e-01 8.932295305859733192e-01
8.855845826887768224e-01 9.064131550049698838e-01 8.796920739281817170e-01 8.932997636959436605e-01
8.856568694068150949e-01 9.064152662907740687e-01 8.797172783540789798e-01 8.933111063560318366e-01
8.856713267504228160e-01 9.064524815450549777e-01 8.797820897349575286e-01 8.933565388604630675e-01
8.858014428428919729e-01 9.065534148759255562e-01 8.798541023803780892e-01 8.934186315960815916e-01
8.858014428428919729e-01 9.065540936021699858e-01 8.799117124967144044e-01 8.934665369097789522e-01
8.859171015917535197e-01 9.066269130166627610e-01 8.800197314648452451e-01 8.935445755326466566e-01
8.859315589353611298e-01 9.066578392216630977e-01 8.800593384198265312e-01 8.935731989128337105e-01
8.860183029970073454e-01 9.067421893037774794e-01 8.801313510652472027e-01 8.936215273815021343e-01
8.861339617458687812e-01 9.068164040502466605e-01 8.802681750915460901e-01 8.937349837535346619e-01
8.862640778383379381e-01 9.069529962983493565e-01 8.803653921628639134e-01 8.938189072246368605e-01
8.863074498691609904e-01 9.070124461902688839e-01 8.804410054405552577e-01 8.938811377484201515e-01
8.862785351819455482e-01 9.070051265168386223e-01 8.805634269377704548e-01 8.940104354029023703e-01
8.864086512744147051e-01 9.071035791172549212e-01 8.807038515963403480e-01 8.941240904551160940e-01
8.864953953360608097e-01 9.071535889199845437e-01 8.807722636094899027e-01 8.941819532670444159e-01
8.866977981465684611e-01 9.073517098076835374e-01 8.809162889003310237e-01 8.942718864343934815e-01
8.867556275209992345e-01 9.073925224719731064e-01 8.810567135589009169e-01 8.944197099956334718e-01
8.868857436134683914e-01 9.074845266585128689e-01 8.811395281011346059e-01 8.945093708412178435e-01
8.868712862698608923e-01 9.074511193823063815e-01 8.812223426433680729e-01 8.945921384362361950e-01
8.869435729878991648e-01 9.075104197287308105e-01 8.813591666696671822e-01 8.947105400768919914e-01
8.870881464239761538e-01 9.076276521738888547e-01 8.814599843732560114e-01 8.947857905084108943e-01
8.873050065780913043e-01 9.077982089171665603e-01 8.815463995477605952e-01 8.948741127719611610e-01
8.873628359525220777e-01 9.078421516045872552e-01 8.816148115609099278e-01 8.949316360639317791e-01
8.874206653269528511e-01 9.078875166111201045e-01 8.817804406453770838e-01 8.950699108189622555e-01
8.876086107938527814e-01 9.080209903612375122e-01 8.818272488649006036e-01 8.951008166651537312e-01
8.876953548554988860e-01 9.081002927245322986e-01 8.819136640394054094e-01 8.951790080286996520e-01
8.877242695427141062e-01 9.081337311030308612e-01 8.820324849043491566e-01 8.952711059315292541e-01
8.879122150096142585e-01 9.082655775784247432e-01 8.821873120920034061e-01 8.954002302487423792e-01
8.880712457892987466e-01 9.083832634681088258e-01 8.823241361183022935e-01 8.955025599081203325e-01
8.882302765689832347e-01 9.085230649354399945e-01 8.824501582477883854e-01 8.955823922553081129e-01
8.883748500050601127e-01 9.086353138109890537e-01 8.825725797450032495e-01 8.956724453641977668e-01
8.884760514103139384e-01 9.086995509961478534e-01 8.826265892290685589e-01 8.957076218392236999e-01
8.885772528155675420e-01 9.087761497426908308e-01 8.826265892290686699e-01 8.956894309570477830e-01
8.886784542208214788e-01 9.088730123001940164e-01 8.827490107262835339e-01 8.957772518302264952e-01
8.889097717185443503e-01 9.090982682389929792e-01 8.828858347525825323e-01 8.959137960846274007e-01
8.890109731237982871e-01 9.091650819832771679e-01 8.830010549852553847e-01 8.959641330274964455e-01
8.890977171854443917e-01 9.092656982937783461e-01 8.830838695274889627e-01 8.960173746831783248e-01
8.892133759343057164e-01 9.093310192875194709e-01 8.831738853342647744e-01 8.960860757436399648e-01
8.893290346831672633e-01 9.094363951708798188e-01 8.833035080960217611e-01 8.961898708601792052e-01
8.894157787448134789e-01 9.094990752728202565e-01 8.833827220059842222e-01 8.962834749643854293e-01
8.894302360884210890e-01 9.094663227770288794e-01 8.834151276964234967e-01 8.963036521313487714e-01
8.894880654628518624e-01 9.095237734043084554e-01 8.835267472968253433e-01 8.963921855319969545e-01
8.895892668681055770e-01 9.096537869798420051e-01 8.835771561486198689e-01 8.964160798226146198e-01
8.896037242117132982e-01 9.096535014314157674e-01 8.836995776458347329e-01 8.965226889450832459e-01
8.897049256169671239e-01 9.097124750196575738e-01 8.837787915557973051e-01 8.966013613994778808e-01
8.897627549913978973e-01 9.097797553311685048e-01 8.838292004075916086e-01 8.966595494242038944e-01
8.897193829605747339e-01 9.097130955352932258e-01 8.839552225370774785e-01 8.967480932786879855e-01
8.899073284274746642e-01 9.098560265965954796e-01 8.840092320211430099e-01 8.967705445186120450e-01
8.900085298327284900e-01 9.099808745038370228e-01 8.840812446665635704e-01 8.968368232313901345e-01
8.900519018635516533e-01 9.100176796263894641e-01 8.841352541506287688e-01 8.968808710695036490e-01
8.901386459251976468e-01 9.100845376948383247e-01 8.841568579442551368e-01 8.968624053970923882e-01
8.902687620176669148e-01 9.101515237865958063e-01 8.842072667960493293e-01 8.968861922792770169e-01
8.901964752996285313e-01 9.100984605482280720e-01 8.843368895578063160e-01 8.969723228916416380e-01
8.902253899868437514e-01 9.101308519080948400e-01 8.843981003064137481e-01 8.970277412300600162e-01
8.901675606124130891e-01 9.100696009973422429e-01 8.845097199068157057e-01 8.971190410484720656e-01
8.901531032688054790e-01 9.100715908665355514e-01 8.845889338167783889e-01 8.972295159587442281e-01
8.902543046740591937e-01 9.101260305492383518e-01 8.846789496235539785e-01 8.973035921895549105e-01
8.904133354537436817e-01 9.102329397701215408e-01 8.848121730175819710e-01 8.974199499362958132e-01
8.905434515462129497e-01 9.103548381560452318e-01 8.848985881920864438e-01 8.974680892018835898e-01
8.906446529514666643e-01 9.104355201427605238e-01 8.850138084247595183e-01 8.975441497804337310e-01
8.907603117003282112e-01 9.105101780760385122e-01 8.851254280251613649e-01 8.976154677980490160e-01
8.908470557619743158e-01 9.106216546596676009e-01 8.852658526837312580e-01 8.977393380414361301e-01
8.909048851364050892e-01 9.106649065695954226e-01 8.853594691227779645e-01 8.978116797725208542e-01
8.909771718544433616e-01 9.106948930466106651e-01 8.854242805036565134e-01 8.978637810726335378e-01
8.911217452905202396e-01 9.107606009030295713e-01 8.855683057944975234e-01 8.979681965030499313e-01
8.912663187265972287e-01 9.108841913576630756e-01 8.857411361435066910e-01 8.981043383279615488e-01
8.914253495062816057e-01 9.110258329018074974e-01 8.858239506857404910e-01 8.982159882547449126e-01
8.914831788807124902e-01 9.110871819418344675e-01 8.858887620666188178e-01 8.982594488124062693e-01
8.915554655987508736e-01 9.111283669863918799e-01 8.859319696538711097e-01 8.982927761902702590e-01
8.917000390348275296e-01 9.112555643997251043e-01 8.860759949447123418e-01 8.984190701640629717e-01
8.918156977836892985e-01 9.113298845312136631e-01 8.861156018996936279e-01 8.984367766039591530e-01
8.918590698145122397e-01 9.113705842163317694e-01 8.862524259259925152e-01 8.985669139332042032e-01
8.920036432505891177e-01 9.114828737163678252e-01 8.863460423650392217e-01 8.986338145305639014e-01
8.921048446558428324e-01 9.115422036395073313e-01 8.864216556427307880e-01 8.986782620733532179e-01
8.921771313738813269e-01 9.115822009455591957e-01 8.865512784044877748e-01 8.987702009922752255e-01
8.922060460610967692e-01 9.115914805144277322e-01 8.866268916821794521e-01 8.988052126371560702e-01
8.923361621535659260e-01 9.116669795661715980e-01 8.867565144439364389e-01 8.989056590737342090e-01
8.924084488716041985e-01 9.117023435663869080e-01 8.868285270893568883e-01 8.989699535398025798e-01
8.923939915279965884e-01 9.116946731039452523e-01 8.868825365734223087e-01 8.989768588046577191e-01
8.923939915279966995e-01 9.116628891818839842e-01 8.869653511156558867e-01 8.990168957801960570e-01
8.924084488716043095e-01 9.116933999822729451e-01 8.870085587029081786e-01 8.990359050108733818e-01
8.925530223076811875e-01 9.118255383425044602e-01 8.870535666062961955e-01 8.990795520867557178e-01
8.925819369948966298e-01 9.118630208230534828e-01 8.872029928455437142e-01 8.991965854524714974e-01
8.927554251181888390e-01 9.119850236960371781e-01 8.873398168718426016e-01 8.993037011473679065e-01
8.927843398054041701e-01 9.119485215780813725e-01 8.874334333108893080e-01 8.993681911841004961e-01
8.928421691798348325e-01 9.119951645426087605e-01 8.875126472208521022e-01 8.994517010944151902e-01
8.928710838670501637e-01 9.120232945369386446e-01 8.875882604985436686e-01 8.995353408082144009e-01
8.929433705850887693e-01 9.120823657656143002e-01 8.876170655567118262e-01 8.995445924943086258e-01
8.930445719903424839e-01 9.121369396819375419e-01 8.876674744085061297e-01 8.995759058746599646e-01
8.931602307392039197e-01 9.122365883887471050e-01 8.877394870539266902e-01 8.996439875561366151e-01
8.932036027700270830e-01 9.122349550212587310e-01 8.877934965379921106e-01 8.996717219181822323e-01
8.933048041752810198e-01 9.123550231982002767e-01 8.878871129770387061e-01 8.997377147499671102e-01
8.933481762061038500e-01 9.123881200169278172e-01 8.880203363710668096e-01 8.998368311550769549e-01
8.933626335497116822e-01 9.124168169149126095e-01 8.881787641909919540e-01 8.999722303772987875e-01
8.935650363602191115e-01 9.125725313801495986e-01 8.883011856882070401e-01 9.000678581915343424e-01
8.936228657346498849e-01 9.125602940080967951e-01 8.884344090822348106e-01 9.001656773326450756e-01
8.937385244835114317e-01 9.126165873894959146e-01 8.885784343730760426e-01 9.002556501391119070e-01
8.939409272940190831e-01 9.127774480576790195e-01 8.886612489153096206e-01 9.003093443668519491e-01
8.940565860428804079e-01 9.128712463206656302e-01 8.887980729416085079e-01 9.004193239845905694e-01
8.941577874481343446e-01 9.129385883113680933e-01 8.888610840063515539e-01 9.004515132704826730e-01
8.941867021353495648e-01 9.129825720156313773e-01 8.889276957033653837e-01 9.005066566322414978e-01
8.943023608842111116e-01 9.130556654795427551e-01 8.890213121424122011e-01 9.005930446785279653e-01
8.943457329150341639e-01 9.130827085202202209e-01 8.891869412268794681e-01 9.006878011408034901e-01
8.945336783819339832e-01 9.132003253847899016e-01 8.892985608272812037e-01 9.007381433683853134e-01
8.947071665052263034e-01 9.133996498653431662e-01 8.894569886472065701e-01 9.008735371170537576e-01
8.947360811924417456e-01 9.134413599496777891e-01 8.895218000280850079e-01 9.008905865496550369e-01
8.948228252540878502e-01 9.134682817934938193e-01 8.895866114089634458e-01 9.009154132684789040e-01
8.949963133773800594e-01 9.136047392041726223e-01 8.896514227898418836e-01 9.009621354380175084e-01
8.950541427518108328e-01 9.136706426318866869e-01 8.897198348029914383e-01 9.010133545263530053e-01
8.952131735314952099e-01 9.137526069536519024e-01 8.898026493452249053e-01 9.010687017811508381e-01
8.952565455623183732e-01 9.137546124665842928e-01 8.898746619906454658e-01 9.011015383090854591e-01
8.953143749367491466e-01 9.137422250380295985e-01 8.898998664165427286e-01 9.011254434526037027e-01
8.952999175931413145e-01 9.137287803855027590e-01 8.899322721069820030e-01 9.011387523920943998e-01
8.952276308751030420e-01 9.136958325535458059e-01 8.899898822233183182e-01 9.011645492206863395e-01
8.954011189983952512e-01 9.138079161827823427e-01 8.900726967655521182e-01 9.011991125501909172e-01
8.954589483728260246e-01 9.138617755132582010e-01 8.901375081464304451e-01 9.012539015217205796e-01
8.955746071216875714e-01 9.139136612310025942e-01 8.902203226886641341e-01 9.013186440581698600e-01
8.955746071216874604e-01 9.139143904097365434e-01 8.903679486117761499e-01 9.014212675107365902e-01
8.957191805577644494e-01 9.140121456745735617e-01 8.904471625217387221e-01 9.014683937000727010e-01
8.959071260246642687e-01 9.141713479004969223e-01 8.905695840189535861e-01 9.016216879903208303e-01
8.960083274299179834e-01 9.142514406025130658e-01 8.906668010902714094e-01 9.016902187746812514e-01
8.959794127427026522e-01 9.142184763412412041e-01 8.907352131034208531e-01 9.017442266273743012e-01
8.959649553990950421e-01 9.142231894619220478e-01 8.907928232197571683e-01 9.017855370779971347e-01
8.960950714915641990e-01 9.143258032089787157e-01 8.908792383942619741e-01 9.018927376473396818e-01
8.962541022712486871e-01 9.144256498495009211e-01 8.909728548333086806e-01 9.019725728035332679e-01
8.963697610201101229e-01 9.145380470410092721e-01 8.909800560978506923e-01 9.019789219253981916e-01
8.964565050817563385e-01 9.145882812578504106e-01 8.910160624205608615e-01 9.019954853262958094e-01
8.964854197689717807e-01 9.146480056527055424e-01 8.911060782273367842e-01 9.020481526409678263e-01
8.965432491434024431e-01 9.146931314677178015e-01 8.911024775950656673e-01 9.020498829218268622e-01
8.965287917997946110e-01 9.146709231528302730e-01 8.911204807564208075e-01 9.020705831382084261e-01
8.965866211742253844e-01 9.147095379697456341e-01 8.911924934018413680e-01 9.021280853969106950e-01
8.966299932050485477e-01 9.147987162509567671e-01 8.913725250153925472e-01 9.022815802863761725e-01
8.966878225794792101e-01 9.148287244259053486e-01 8.914733427189813764e-01 9.023806899123900660e-01
8.967022799230869312e-01 9.148598336741304848e-01 8.915885629516542288e-01 9.024700374319288843e-01
8.968902253899868615e-01 9.149909786880510154e-01 8.916929812875139527e-01 9.025547911245718202e-01
8.969625121080253560e-01 9.150656594307262637e-01 8.918154027847289278e-01 9.026582015857671504e-01
8.971070855441021230e-01 9.151890309781950394e-01 8.919666293401120605e-01 9.028152146521408739e-01
8.972516589801788900e-01 9.152752780958876011e-01 8.921142552632241873e-01 9.029546144997475654e-01
8.972372016365712799e-01 9.152409599372112181e-01 8.921862679086446368e-01 9.030232055627502863e-01
8.972372016365713909e-01 9.151968847392574213e-01 8.922546799217941915e-01 9.030936110750197310e-01
8.972805736673943322e-01 9.152406719390345780e-01 8.923266925672147520e-01 9.031806594834329571e-01
8.972950310110019423e-01 9.152174861050372812e-01 8.923735007867380498e-01 9.032058636567753540e-01
8.974251471034712102e-01 9.153060600653790679e-01 8.924851203871398964e-01 9.033093402173569819e-01
8.975552631959404781e-01 9.154277377376645042e-01 8.926075418843547604e-01 9.033942405103987383e-01
8.976564646011944149e-01 9.155179488889285677e-01 8.926435482070652627e-01 9.034028692742626099e-01
8.976998366320172451e-01 9.155152037382494612e-01 8.927011583234014669e-01 9.034442583505849500e-01
8.978733247553095653e-01 9.156242823993004931e-01 8.927767716010930332e-01 9.035063569100978409e-01
8.979456114733479488e-01 9.157053808639892267e-01 8.928415829819714711e-01 9.035867412868516801e-01
8.980178981913863323e-01 9.157359886335310062e-01 8.928811899369528682e-01 9.036486871694092704e-01
8.980612702222094956e-01 9.157517667418044738e-01 8.929279981564760549e-01 9.036917692653705370e-01
8.980612702222094956e-01 9.157397134186092691e-01 8.929207968919343763e-01 9.036941361854838872e-01
8.979889835041710011e-01 9.156808207773284858e-01 8.929460013178314171e-01 9.037536194172413051e-01
8.980034408477786112e-01 9.156292213683374648e-01 8.930576209182331526e-01 9.038746855469335095e-01
8.980757275658169947e-01 9.156425917190771369e-01 8.931260329313825963e-01 9.039484269565671859e-01
8.980468128786015525e-01 9.156354520861496038e-01 8.932340518995134371e-01 9.040413208499908926e-01
8.981046422530324369e-01 9.156506751431036095e-01 8.932772594867658400e-01 9.040374870683167696e-01
8.981769289710708204e-01 9.157078142342073290e-01 8.932952626481209801e-01 9.040381192820265976e-01
8.982636730327170360e-01 9.157621411269289968e-01 8.934248854098778558e-01 9.041359720920797427e-01
8.983648744379708617e-01 9.158570351857839853e-01 8.935293037457375798e-01 9.042064451498145194e-01
8.983359597507554195e-01 9.158122122674174914e-01 8.936481246106816601e-01 9.043132795267408985e-01
8.984371611560092452e-01 9.159027355963377248e-01 8.937489423142703782e-01 9.043869019233551354e-01
8.985672772484784021e-01 9.160267252927296600e-01 8.938353574887749620e-01 9.044297632964116707e-01
8.985672772484782911e-01 9.160125230644919903e-01 8.938821657082983707e-01 9.044674811706248096e-01
8.986106492793013434e-01 9.160498750016543568e-01 8.939469770891768086e-01 9.045449922922288444e-01
8.986684786537322278e-01 9.161115643695574295e-01 8.940225903668681529e-01 9.046017042508051054e-01
8.987552227153783324e-01 9.161913176933612624e-01 8.940838011154758069e-01 9.046491927443935932e-01
8.988564241206320471e-01 9.162974157567499445e-01 8.941846188190645250e-01 9.047249975478504069e-01
8.989431681822781517e-01 9.163572726662758683e-01 8.942746346258403367e-01 9.048259198211219267e-01
8.988708814642398792e-01 9.163151866008785174e-01 8.943718516971581600e-01 9.049136539200592910e-01
8.989865402131013150e-01 9.164187476639253926e-01 8.944546662393917380e-01 9.049799384374861422e-01
8.989720828694935939e-01 9.164016394697522827e-01 8.944942731943729131e-01 9.050199737224955410e-01
8.989431681822782627e-01 9.163693259884662101e-01 8.945590845752513509e-01 9.050625120947268787e-01
8.989287108386705416e-01 9.163548550493412215e-01 8.946094934270457655e-01 9.050997727301871576e-01
8.991166563055703609e-01 9.164980532471006525e-01 8.947139117629056004e-01 9.051705724220974192e-01
8.992178577108242976e-01 9.165419892214203834e-01 8.947391161888026412e-01 9.051956449111688841e-01
8.993335164596858444e-01 9.166216004570580944e-01 8.948759402151017506e-01 9.053206008505378932e-01
8.993479738032934545e-01 9.166464187790869245e-01 8.949623553896064454e-01 9.053745487308578754e-01
8.995070045829778316e-01 9.167834027990086065e-01 8.949983617123166146e-01 9.054066349929854596e-01
8.994925472393703325e-01 9.167484555674567659e-01 8.950127642414007489e-01 9.054326681521667197e-01
8.996226633318393784e-01 9.168541647407888462e-01 8.950991794159054438e-01 9.054884048804345831e-01
8.996804927062702628e-01 9.168997631500597212e-01 8.951243838418025955e-01 9.055007109279675781e-01
8.996515780190548206e-01 9.168958577061797621e-01 8.951909955388167583e-01 9.055796954677389765e-01
8.997816941115239775e-01 9.169554534027035686e-01 8.952972141908118742e-01 9.056363364198435351e-01
8.998973528603855243e-01 9.170254066430438833e-01 8.954052331589428260e-01 9.057238108219878292e-01
8.998684381731700821e-01 9.169949665501747615e-01 8.954988495979894214e-01 9.058162361783398397e-01
8.998973528603855243e-01 9.170492868795370178e-01 8.955528590820548418e-01 9.058477768911330497e-01
8.999262675476007445e-01 9.170683002117234750e-01 8.956068685661202622e-01 9.059158192445732061e-01
8.999118102039931344e-01 9.170327683454229106e-01 8.956752805792695948e-01 9.059736573210031008e-01
8.999407248912085766e-01 9.170821005381789570e-01 8.957580951215031728e-01 9.060462189916851372e-01
9.000852983272853436e-01 9.171816345846313112e-01 8.957905008119425583e-01 9.060592042679990188e-01
9.001431277017161170e-01 9.172268428754714042e-01 8.957869001796715525e-01 9.060830276826358221e-01
9.001864997325390583e-01 9.172517808189867283e-01 8.958085039732976984e-01 9.061026820349524780e-01
9.001575850453237271e-01 9.172379506426839857e-01 8.958553121928212182e-01 9.061252289467646159e-01
