8.464774682299873731e-01 8.765196663741647853e-01 8.537711222090600405e-01 8.818649180003481636e-01
8.485304110222787743e-01 8.777702662488020557e-01 8.554994256991526047e-01 8.830228430965314512e-01
8.491665341410168377e-01 8.784635892744359076e-01 8.566984362454046487e-01 8.839124618256186672e-01
8.506845552198238902e-01 8.795138199213279329e-01 8.583691296191611197e-01 8.851085999049619346e-01
8.527085833248998492e-01 8.810378049025763270e-01 8.601370400642354141e-01 8.865626717254389000e-01
8.551518743945988321e-01 8.825776779243222903e-01 8.619589599933747959e-01 8.881587053078507932e-01
8.566988101606211048e-01 8.837565873221449042e-01 8.638168862452246799e-01 8.896182995649324354e-01
8.584336913935433078e-01 8.851582226178812407e-01 8.651743246114017571e-01 8.905293946631184232e-01
8.604721768422269879e-01 8.863064816842183280e-01 8.667369990170273875e-01 8.917416783398144364e-01
8.626263210397722148e-01 8.877097196475947083e-01 8.682420633063165916e-01 8.927935739246184443e-01
8.654888750740938885e-01 8.897258367990886763e-01 8.697543288601478073e-01 8.939225105658936688e-01
8.678454220821467668e-01 8.912996959949388565e-01 8.712665944139790231e-01 8.950593994157414190e-01
8.701441397157685387e-01 8.929363519715770581e-01 8.734917851574737213e-01 8.967592275864788576e-01
8.712718125171681205e-01 8.935921848905606923e-01 8.750220538726600772e-01 8.981348884913444852e-01
8.733825846838902951e-01 8.950050774994153802e-01 8.764190991938183295e-01 8.991570945008420246e-01
8.752475820092815439e-01 8.961236634082966335e-01 8.781690064775373727e-01 9.004053342251100434e-01
8.767656030880887075e-01 8.970275674798802168e-01 8.797064764572659623e-01 9.014129804947357272e-01
8.784571122901877471e-01 8.981047725074053911e-01 8.810135059716486250e-01 9.022997289525117592e-01
8.799606760253871895e-01 8.988879829908704711e-01 8.831702847019936575e-01 9.038193736561147551e-01
8.821726495973629678e-01 8.999966866248528818e-01 8.858095481566562457e-01 9.056308578971610235e-01
8.839942748919313864e-01 9.012610542356827015e-01 8.874550371045155650e-01 9.067391658759618167e-01
8.860327603406150665e-01 9.024388283914998032e-01 8.889276957033654947e-01 9.077997738196366129e-01
8.878833003223989273e-01 9.033852074060323423e-01 8.898782626229164716e-01 9.082660254036661884e-01
8.902687620176668037e-01 9.049699585529118462e-01 8.913725250153926583e-01 9.092760173163321191e-01
8.916422096603969782e-01 9.059045291794280974e-01 8.935040993198405390e-01 9.107774895716104213e-01
8.930011999595194316e-01 9.067747228585305574e-01 8.953224186167091370e-01 9.119824764198475320e-01
8.942300741661728392e-01 9.073420667692275732e-01 8.960353438063723974e-01 9.124865607039188697e-01
8.954589483728259136e-01 9.074123962457850689e-01 8.968346841705403527e-01 9.128991559046493176e-01
8.959071260246640467e-01 9.073325758838098887e-01 8.974539929211569067e-01 9.133328627169813307e-01
8.957480952449796696e-01 9.070116517426971559e-01 8.985125788088388354e-01 9.139946894044940207e-01
8.968323960155561991e-01 9.077434863736513204e-01 8.993155198052777966e-01 9.144295600121572498e-01
8.985961919356937333e-01 9.087592387473986122e-01 9.005433354096979981e-01 9.152397306544786115e-01
8.999840969220316289e-01 9.094250170819284662e-01 9.008601910495483978e-01 9.154776952976664273e-01
9.005768480099466400e-01 9.094927122169107481e-01 9.009322036949689583e-01 9.154122722956411495e-01
9.022105278376151283e-01 9.101582493663501472e-01 9.015983206651089210e-01 9.158844369345364722e-01
9.030056817360379018e-01 9.105497068184815745e-01 9.018503649240805498e-01 9.160802661313101058e-01
9.034683167314838670e-01 9.109298894085676723e-01 9.020231952730899394e-01 9.160915130476912083e-01
9.041911839118680350e-01 9.114571704271919872e-01 9.021096104475946342e-01 9.161628844007686512e-01
9.052031979644060700e-01 9.120584963701956482e-01 9.029017495472203558e-01 9.165981740006797773e-01
9.050586245283291920e-01 9.112104714806072980e-01 9.040215461835097166e-01 9.170323805360751646e-01
9.042056412554757561e-01 9.102720672163918669e-01 9.043095967651919587e-01 9.170687119908766949e-01
9.042200985990833662e-01 9.100852414883824348e-01 9.045940467146030839e-01 9.171567442186585595e-01
9.046827335945293314e-01 9.100385796154690787e-01 9.053033712719951165e-01 9.178756487563073385e-01
9.054778874929521049e-01 9.103251362548536729e-01 9.054978054146307631e-01 9.182200421365204202e-01
9.054923448365596039e-01 9.103714327354255342e-01 9.048784966640142091e-01 9.176473121629495910e-01
9.051742832771906278e-01 9.103270081379094547e-01 9.049397074126216411e-01 9.173803969201570485e-01
9.053622287440905581e-01 9.097455591199817837e-01 9.055554155309673003e-01 9.173989705842654496e-01
9.041478118810449827e-01 9.087123308606629424e-01 9.046516568309395101e-01 9.165965357185552609e-01
9.033382006390147101e-01 9.075762392224075992e-01 9.039063259508368642e-01 9.159388845055751460e-01
9.041478118810449827e-01 9.080764035486126318e-01 9.036758854854911593e-01 9.157279549356565074e-01
9.045237028148447322e-01 9.083042201202491395e-01 9.035174576655660150e-01 9.155561788655702804e-01
9.043791293787679653e-01 9.081227692879688673e-01 9.035966715755285872e-01 9.155849875582862119e-01
9.047839349997831571e-01 9.080567763147734395e-01 9.036686842209491477e-01 9.159676296081059599e-01
9.051887406207983489e-01 9.084358433203548744e-01 9.032366083484260066e-01 9.157978501256028858e-01
9.050441671847214709e-01 9.081695673172356376e-01 9.033770330069960108e-01 9.158709955086694610e-01
9.043646720351602442e-01 9.075044601095526575e-01 9.037587000277247373e-01 9.162362577815365006e-01
9.049718804666830874e-01 9.081404910009479581e-01 9.036938886468464105e-01 9.167179626932585590e-01
9.045959895328832268e-01 9.073515082780380103e-01 9.041403670484536859e-01 9.169357729890348363e-01
9.041478118810449827e-01 9.070602838782129140e-01 9.046804618891077787e-01 9.170099575820978011e-01
9.039887811013604946e-01 9.065901398808098310e-01 9.051197390261729314e-01 9.174389703985695865e-01
9.039164943833221111e-01 9.068099032255840797e-01 9.045868454500609612e-01 9.167808130379484499e-01
9.030490537668608431e-01 9.064005882499619471e-01 9.029719618765055245e-01 9.155032555195403710e-01
9.036707195419912964e-01 9.069566708206169281e-01 9.029917653539961675e-01 9.155672609514953209e-01
9.036996342292067386e-01 9.070221989804024831e-01 9.035822690464445639e-01 9.161255442380393799e-01
9.036851768855991285e-01 9.069267284902262638e-01 9.048568928703880632e-01 9.169746126001538933e-01
9.027309922074918669e-01 9.062106807400275299e-01 9.052097548329486321e-01 9.170501903215497741e-01
9.011840564414694832e-01 9.052052576455124067e-01 9.048568928703879521e-01 9.164645153317606541e-01
9.008081655076695116e-01 9.048903570589401646e-01 9.041079613580144114e-01 9.160024204090114752e-01
9.004033598866544308e-01 9.052023334392705900e-01 9.031141868512111426e-01 9.148579990469978274e-01
9.003166158250084372e-01 9.051555757755480602e-01 9.032294070838839950e-01 9.148421789756433498e-01
9.020081250271074769e-01 9.064117428030081802e-01 9.034310424910615422e-01 9.151088451672321211e-01
9.024273879917305008e-01 9.068532648186108380e-01 9.039783385962575357e-01 9.157561783220170559e-01
9.009671962873541107e-01 9.053953289562493012e-01 9.047272701086310764e-01 9.164848945808228287e-01
9.016466914369154484e-01 9.054346472666009449e-01 9.055446136341540608e-01 9.172181696538498352e-01
9.028900229871763550e-01 9.061554341395460233e-01 9.055914218536774696e-01 9.175412769465096652e-01
9.032659139209762156e-01 9.064279648653271737e-01 9.060342996230137391e-01 9.177010392029877339e-01
9.046249042200985579e-01 9.075132893494374242e-01 9.056886389249951819e-01 9.173674449583738566e-01
9.027743642383149192e-01 9.062297750260898122e-01 9.055122079437147864e-01 9.167024741231346585e-01
9.007792508204542914e-01 9.050555515857595656e-01 9.049973175289580674e-01 9.160418360436617391e-01
9.004611892610850932e-01 9.052292412474693961e-01 9.043636062492572680e-01 9.152406141609663592e-01
9.021816131503997971e-01 9.065232872384724194e-01 9.053105725365373502e-01 9.162846884667059655e-01
9.023551012736918953e-01 9.061957660012897042e-01 9.056238275441166330e-01 9.169215427434449506e-01
9.018490942474229888e-01 9.060626952446070304e-01 9.042591879133976551e-01 9.165892084719295951e-01
9.009382816001387795e-01 9.055659375135822753e-01 9.035210582978371319e-01 9.160978897752738437e-01
9.019647529962845356e-01 9.061745438869709401e-01 9.031213881157530432e-01 9.154945433033785385e-01
9.015021180008385704e-01 9.056736105376193002e-01 9.035678665173604296e-01 9.152014262070695683e-01
9.003744451994390996e-01 9.052228465745960628e-01 9.037046905436595390e-01 9.149081353850598841e-01
9.008226228512772327e-01 9.053919861341013231e-01 9.045796441855190606e-01 9.157863700466178924e-01
9.012418858159001456e-01 9.056747805930323025e-01 9.049181036189954952e-01 9.161814558419978383e-01
9.028177362691378605e-01 9.068789947450909272e-01 9.057426484090604912e-01 9.170283618702418371e-01
9.036418048547758541e-01 9.070101216974293390e-01 9.054978054146307631e-01 9.168722509241107321e-01
9.032514565773683834e-01 9.069150332067534848e-01 9.054041889755839456e-01 9.167874132951886468e-01
9.034827740750913661e-01 9.073123712098534188e-01 9.051449434520701942e-01 9.162601255796624100e-01
9.028032789255302504e-01 9.066914785569132329e-01 9.054293934014813194e-01 9.163049076945902760e-01
9.012563431595079777e-01 9.057470133018523661e-01 9.050693301743785169e-01 9.160513394878677662e-01
9.021093264323614136e-01 9.060726683556941108e-01 9.041979771647901121e-01 9.156475787910067776e-01
9.032225418901530523e-01 9.069979831767093215e-01 9.043564049847152564e-01 9.159216334102147083e-01
9.029912243924300697e-01 9.066272498344154496e-01 9.045184334369116286e-01 9.160591865369759335e-01
9.042200985990833662e-01 9.074702407367776225e-01 9.049325061480795185e-01 9.162468728599642009e-01
9.043068426607294708e-01 9.077995303418573414e-01 9.052349592588458949e-01 9.163502069572665443e-01
9.038152929780681744e-01 9.076682236457345176e-01 9.045508391273507920e-01 9.156315641193437660e-01
9.036996342292067386e-01 9.076632485954985174e-01 9.046696599922946502e-01 9.157893696269548967e-01
9.016466914369153374e-01 9.062126497953774118e-01 9.045184334369116286e-01 9.155219177041273859e-01
9.004901039483005354e-01 9.053621464714038947e-01 9.041691721066219545e-01 9.151323554225653245e-01
9.011985137850772043e-01 9.055283908529476733e-01 9.038235114086033972e-01 9.152224172549825454e-01
9.017334354985614420e-01 9.056955512784856666e-01 9.037803038213509943e-01 9.155640155833564275e-01
9.006925067588080758e-01 9.050062000035805632e-01 9.037478981309118309e-01 9.156886867731984792e-01
9.016322340933076163e-01 9.055829389635847715e-01 9.037731025568089827e-01 9.157964558320387249e-01
9.016033194060923961e-01 9.057408661115473603e-01 9.038901231056173380e-01 9.156766817367170130e-01
9.019502956526768145e-01 9.063538041440408755e-01 9.045688422887059321e-01 9.159819184594364394e-01
9.027165348638841458e-01 9.070086444588666419e-01 9.054509971951074654e-01 9.166556328092573258e-01
9.025430467405919366e-01 9.067177486336130965e-01 9.059658876098644065e-01 9.170207992475027936e-01
9.026153334586303201e-01 9.063375142774577897e-01 9.059370825516961379e-01 9.171697424680337329e-01
9.022105278376151283e-01 9.062621662293526281e-01 9.059226800226120035e-01 9.169692587735637224e-01
9.010250256617848841e-01 9.054517798457843991e-01 9.052313586265747780e-01 9.162354320151776532e-01
9.002298717633622216e-01 9.047675405990179831e-01 9.052025535684066204e-01 9.160477385831931052e-01
9.018780089346383200e-01 9.061780780372019617e-01 9.060451015198268676e-01 9.165980229261601053e-01
9.024852173661610522e-01 9.065295825384035444e-01 9.061351173266023462e-01 9.166705052840710133e-01
9.034394020442684248e-01 9.073441396797019554e-01 9.059910920357614472e-01 9.168653980030760930e-01
9.040032384449681047e-01 9.077702001428867851e-01 9.049829149998739330e-01 9.163263093373171797e-01
9.035261461059145294e-01 9.074146216349719962e-01 9.049289055158086237e-01 9.160885879019637912e-01
9.039164943833220001e-01 9.076846378915162106e-01 9.053681826528738874e-01 9.163696614490082215e-01
9.020081250271074769e-01 9.061782795060813189e-01 9.056022237504907091e-01 9.163819679901478166e-01
9.021093264323613026e-01 9.065596549249488323e-01 9.057282458799766900e-01 9.168243990523696763e-01
9.010683976926079364e-01 9.058402786176542598e-01 9.060018939325744647e-01 9.170901415550117841e-01
9.014298312828001869e-01 9.061579117284036533e-01 9.055590161632381951e-01 9.170659193992631852e-01
9.021671558067920760e-01 9.065011833620957304e-01 9.055338117373410434e-01 9.170664348461025073e-01
9.022105278376152393e-01 9.062701479517821790e-01 9.061495198556867026e-01 9.174178593301165474e-01
9.021816131503997971e-01 9.062692662753814021e-01 9.063403533660511213e-01 9.172823448063660567e-01
9.021237837759690237e-01 9.059448002202540318e-01 9.063475546305931330e-01 9.173931174754810236e-01
9.027743642383148082e-01 9.063099078183436408e-01 9.065275862441444232e-01 9.174204925528215426e-01
9.014876606572308493e-01 9.054350994207556180e-01 9.057174439831634505e-01 9.164955029901240557e-01
9.009527389437463896e-01 9.053374308601824794e-01 9.049613112062477871e-01 9.158671292829984045e-01
9.020370397143229191e-01 9.057019119521839690e-01 9.056274281763877498e-01 9.165328038613187456e-01
9.014442886264077970e-01 9.052514291531983393e-01 9.054545978273784712e-01 9.163297683817817063e-01
9.018201795602076576e-01 9.058819774507305134e-01 9.054365946660233311e-01 9.164448308832530143e-01
9.025430467405919366e-01 9.063623000706261257e-01 9.051953523038644978e-01 9.162974634535201446e-01
9.024129306481226687e-01 9.065535518413521121e-01 9.049397074126215301e-01 9.160523400535168781e-01
9.022394425248305705e-01 9.062832896889283507e-01 9.049973175289580674e-01 9.162168943444891633e-01
9.020514970579305292e-01 9.060048643674607494e-01 9.050333238516683476e-01 9.164678531660721550e-01
9.020081250271074769e-01 9.062652957628160033e-01 9.059478844485091553e-01 9.171273934738262135e-01
9.016322340933077273e-01 9.054563693740744768e-01 9.063871615855745301e-01 9.174734885917278371e-01
9.032514565773684945e-01 9.064922593850996968e-01 9.072045051110975145e-01 9.180181252832524397e-01
9.039454090705373313e-01 9.074352481112670787e-01 9.059982933003035699e-01 9.171228175591032983e-01
9.043935867223756864e-01 9.082332054433074342e-01 9.052961700074533269e-01 9.167431910123029493e-01
9.045670748456680066e-01 9.082016881698491417e-01 9.048028833863226428e-01 9.162731518731612734e-01
9.043935867223755753e-01 9.080531340935867890e-01 9.048820972962852149e-01 9.161979220778246891e-01
9.039887811013604946e-01 9.074142651282666172e-01 9.059982933003034589e-01 9.169243100343813513e-01
9.022972718992612329e-01 9.058210507338095852e-01 9.061603217524998310e-01 9.170924942182359096e-01
9.033092859517992679e-01 9.069188497327536069e-01 9.064087653792004540e-01 9.174328063119900900e-01
9.032514565773684945e-01 9.065970783925172416e-01 9.065995988895649838e-01 9.176813944943261747e-01
9.031791698593301110e-01 9.069085740905222792e-01 9.063655577919482731e-01 9.176471391301249669e-01
9.034394020442684248e-01 9.073009043208549729e-01 9.056058243827616039e-01 9.168883587827965087e-01
9.024852173661612742e-01 9.066311686681315374e-01 9.058074597899390401e-01 9.169512639401916632e-01
9.009671962873542217e-01 9.056759171253704332e-01 9.057138433508923336e-01 9.166980250457376078e-01
9.018780089346383200e-01 9.060515630292897971e-01 9.058290635835652971e-01 9.169953124461815985e-01
9.045092454712371222e-01 9.080842766598800075e-01 9.065743944636678320e-01 9.179789745164070869e-01
9.048273070306062094e-01 9.083022531244823172e-01 9.065851963604808494e-01 9.180536088512384341e-01
9.035261461059144183e-01 9.072239710240718180e-01 9.057246452477054621e-01 9.171816320053356453e-01
9.025141320533764944e-01 9.062737578092391333e-01 9.057210446154345673e-01 9.168162642571016097e-01
9.021382411195766338e-01 9.060165220859117685e-01 9.058866736999018343e-01 9.167495889587665703e-01
9.026297908022380412e-01 9.062591078748338802e-01 9.060595040489110019e-01 9.170294744154939837e-01
9.026876201766688146e-01 9.062293310659735868e-01 9.062467369270044149e-01 9.172816499538385404e-01
9.035839754803451918e-01 9.072493194595642185e-01 9.064231679082845883e-01 9.177769760698355483e-01
9.033960300134453725e-01 9.073442555650622632e-01 9.059766895066773129e-01 9.175676120894969978e-01
9.023840159609074485e-01 9.063839362456383997e-01 9.058902743321727291e-01 9.174834819622403881e-01
9.025864187714148779e-01 9.067862648890473443e-01 9.064555735987239737e-01 9.176752777776959746e-01
9.025575040841996577e-01 9.067420038807540994e-01 9.067292216513218595e-01 9.176612168858373497e-01
9.030345964232531220e-01 9.067956580074980621e-01 9.063295514692379928e-01 9.175123280866452902e-01
9.027599068947071981e-01 9.063559017242386329e-01 9.061855261783970938e-01 9.174621407178558119e-01
9.033671153262300413e-01 9.070065781010818728e-01 9.059370825516960268e-01 9.175266717397959626e-01
9.040321531321835469e-01 9.073506635078411042e-01 9.064915799214341430e-01 9.178262910067668257e-01
9.040755251630065992e-01 9.074045877362745260e-01 9.061459192234156967e-01 9.175960124388405914e-01
9.040176957885758258e-01 9.075342601431566347e-01 9.063151489401537475e-01 9.174872534848530492e-01
9.045670748456678956e-01 9.077773252464088616e-01 9.061999287074808951e-01 9.174058392333135359e-01
9.033237432954068780e-01 9.069613845414497000e-01 9.061099129007053055e-01 9.173389443077445415e-01
9.030635111104685642e-01 9.066752529029757923e-01 9.060487021520979845e-01 9.170871793868899946e-01
9.026587054894533724e-01 9.063777619845609923e-01 9.064843786568921313e-01 9.173030216698281336e-01
9.022683572120459017e-01 9.062753541639010368e-01 9.064123660114715708e-01 9.171354885652169830e-01
9.034104873570529826e-01 9.071870587025443466e-01 9.067256210190508536e-01 9.174997091760843659e-01
9.044658734404140699e-01 9.077061731682931622e-01 9.066212026831911297e-01 9.174630028517176683e-01
9.045526175020600634e-01 9.080318114780626670e-01 9.050333238516683476e-01 9.165596690574843164e-01
9.039020370397141679e-01 9.073796126207053225e-01 9.044032132042387762e-01 9.162232514443851006e-01
9.040176957885758258e-01 9.074960241320634280e-01 9.047056663150050415e-01 9.164172627546668393e-01
9.034249447006607037e-01 9.072808599613768621e-01 9.044500214237620739e-01 9.161277270373626713e-01
9.027020775202764247e-01 9.069134073279376818e-01 9.046948644181918020e-01 9.161886486072573499e-01
9.034683167314838670e-01 9.073468638087669458e-01 9.051341415552570657e-01 9.162370119925963285e-01
9.032369992337607734e-01 9.073618293207685870e-01 9.048136852831356602e-01 9.159813544013619691e-01
9.032225418901531633e-01 9.074823739679587220e-01 9.048532922381170573e-01 9.163290888320232419e-01
9.017478928421691631e-01 9.061504743168414810e-01 9.053681826528738874e-01 9.167030830872620051e-01
9.016033194060922851e-01 9.058167989496900274e-01 9.059874914034905524e-01 9.172533736048493758e-01
9.028755656435686339e-01 9.065131293834601811e-01 9.067328222835929763e-01 9.178592818148928467e-01
9.036128901675606340e-01 9.068777367985578763e-01 9.069668633812097980e-01 9.179830975908577217e-01
9.042345559426910873e-01 9.079387347765272009e-01 9.066068001541069954e-01 9.177478788553987687e-01
9.041333545374373726e-01 9.079427323196976873e-01 9.065059824505183883e-01 9.178834806256471746e-01
9.041333545374373726e-01 9.079396589612329649e-01 9.070244734975462242e-01 9.179893708765313187e-01
9.044803307840217910e-01 9.085077507910344075e-01 9.066284039477332524e-01 9.176951960054516855e-01
9.035406034495221395e-01 9.074129785802933501e-01 9.062287337656491637e-01 9.173056126454230963e-01
9.037430062600297909e-01 9.076943567782398414e-01 9.058398654803784256e-01 9.170905243971090304e-01
9.035116887623068083e-01 9.076827817024479828e-01 9.055410130018830550e-01 9.168935561198392481e-01
9.051742832771906278e-01 9.085950595994137791e-01 9.066464071090885035e-01 9.178400146253951064e-01
9.052321126516214012e-01 9.085252973087233341e-01 9.073017221824153378e-01 9.183966690261978760e-01
9.053188567132675058e-01 9.085349125822539396e-01 9.071757000529292458e-01 9.182303373870990271e-01
9.054200581185213315e-01 9.089560496564601522e-01 9.072369108015367889e-01 9.181968903517508940e-01
9.054345154621290526e-01 9.090143992093691061e-01 9.065095830827893941e-01 9.176340314778811402e-01
9.058393210831441333e-01 9.090431775082148391e-01 9.064735767600791139e-01 9.174336646576527476e-01
9.075308302852433950e-01 9.101219577373835801e-01 9.073557316664806471e-01 9.181829896655715473e-01
9.075019155980279528e-01 9.100552773521892735e-01 9.075861721318263520e-01 9.183411784748533035e-01
9.061284679552978893e-01 9.091494664079757815e-01 9.069884671748359439e-01 9.179484498842895857e-01
9.059405224883979590e-01 9.093415911424843623e-01 9.064483723341819621e-01 9.175158756160639584e-01
9.053477714004828369e-01 9.087411536808661650e-01 9.060631046811821188e-01 9.172921222147358833e-01
9.046104468764908368e-01 9.080979409231830779e-01 9.069452595875835410e-01 9.178964566811376180e-01
9.041478118810448716e-01 9.077899978233090472e-01 9.074817537959665170e-01 9.181824008321453068e-01
9.043213000043373029e-01 9.081758111532972633e-01 9.073269266083123785e-01 9.180201099148966870e-01
9.054489728057366627e-01 9.092810951754826121e-01 9.072297095369946662e-01 9.180042387025175721e-01
9.058682357703595756e-01 9.100231841989896431e-01 9.066176020509202349e-01 9.175281548580598301e-01
9.060128092064363425e-01 9.101968816930272599e-01 9.064123660114716818e-01 9.173233531043814004e-01
9.064465295146669765e-01 9.104027537468518672e-01 9.070100709684620899e-01 9.177607182821839737e-01
9.070392806025820986e-01 9.101391004783423444e-01 9.076113765577235037e-01 9.183392703650815614e-01
9.056224609290288718e-01 9.090590033654057933e-01 9.073845367246486937e-01 9.181635643697486637e-01
9.062585840477670462e-01 9.094547023335597391e-01 9.083315030119288869e-01 9.188123811675137365e-01
9.063164134221978196e-01 9.097122303643661034e-01 9.088283902653304658e-01 9.193746933114422815e-01
9.066055602943514646e-01 9.099962739318460114e-01 9.079894429461812244e-01 9.187424433927531275e-01
9.067212190432130114e-01 9.102075674942815553e-01 9.076437822481626672e-01 9.184014848174247847e-01
9.067935057612515060e-01 9.102274822523280795e-01 9.076329803513496497e-01 9.182074465997546175e-01
9.068802498228976106e-01 9.099505800350082829e-01 9.079426347266579267e-01 9.184616408362820117e-01
9.054634301493443838e-01 9.089546852606593674e-01 9.071576968915742167e-01 9.179971688197291479e-01
9.050586245283291920e-01 9.089309876824592793e-01 9.066752121672565501e-01 9.178005941210976015e-01
9.053911434313060003e-01 9.090803744532143238e-01 9.076653860417889241e-01 9.184461948429155642e-01
9.051019965591522443e-01 9.081878747670630858e-01 9.079282321975739034e-01 9.184673116047299413e-01
9.061284679552976673e-01 9.091008033040335334e-01 9.081730751920036315e-01 9.186589057934415603e-01
9.067356763868208436e-01 9.098148837618531548e-01 9.077121942613122219e-01 9.183051579256262809e-01
9.075742023160665584e-01 9.108282991241103410e-01 9.077445999517514963e-01 9.185059293373841749e-01
9.075886596596741684e-01 9.107884353846211756e-01 9.079894429461812244e-01 9.185898841611873644e-01
9.075308302852433950e-01 9.104771805262150686e-01 9.080146473720784872e-01 9.187780371830465143e-01
9.072705981003050812e-01 9.104034387733306311e-01 9.080290499011627325e-01 9.188596740803097740e-01
9.067501337304283426e-01 9.098952677226106456e-01 9.080938612820411704e-01 9.188950213801150291e-01
9.065188162327053600e-01 9.095293750437367652e-01 9.076149771899946206e-01 9.183393642214502384e-01
9.058537784267518544e-01 9.091894660721818733e-01 9.077878075390038992e-01 9.185865352171718179e-01
9.056224609290288718e-01 9.091822806012676006e-01 9.080758581206858082e-01 9.188115231051313669e-01
9.054200581185214425e-01 9.090536716353762037e-01 9.077049929967702102e-01 9.185993597963993951e-01
9.055646315545982095e-01 9.087649454675356120e-01 9.079102290362188743e-01 9.187102650668274029e-01
9.050730818719368020e-01 9.086009678295783321e-01 9.074961563250505403e-01 9.183672405461299482e-01
9.047694776561755470e-01 9.084623074797896214e-01 9.070208728652751073e-01 9.179858698608899248e-01
9.046827335945293314e-01 9.083557111482508661e-01 9.068048349290135368e-01 9.179129986602176938e-01
9.047983923433908782e-01 9.084656815352301074e-01 9.068444418839946009e-01 9.177949738790138756e-01
9.044658734404140699e-01 9.082123468304638125e-01 9.068660456776210799e-01 9.176536566269167805e-01
9.052321126516214012e-01 9.087868942376589043e-01 9.076617854095178073e-01 9.181338244903540780e-01
9.055646315545980984e-01 9.092174410127669137e-01 9.080326505334337384e-01 9.185508387751397663e-01
9.062441267041593251e-01 9.095833239840506179e-01 9.077554018485645138e-01 9.185953901881853678e-01
9.057814917087135820e-01 9.090373671459189842e-01 9.075141594864057915e-01 9.184916984751387847e-01
9.053766860876982792e-01 9.087179874587905104e-01 9.072657158597050575e-01 9.181774704595183634e-01
9.055935462418135407e-01 9.088139056802324589e-01 9.073017221824151157e-01 9.182066910803642346e-01
9.055068021801674361e-01 9.087026703713767528e-01 9.074637506346113769e-01 9.183512522569385883e-01
9.048273070306062094e-01 9.081836382785659634e-01 9.084503238768727451e-01 9.189195257694339203e-01
9.048417643742139305e-01 9.082298740048723174e-01 9.086375567549660470e-01 9.190156871773348390e-01
9.052899420260521746e-01 9.085803483638901223e-01 9.079462353589291546e-01 9.185215080628684747e-01
9.052754846824444535e-01 9.089705233433321707e-01 9.073701341955647814e-01 9.181245003304346897e-01
9.056224609290288718e-01 9.089677346784488243e-01 9.078310151262560801e-01 9.183831588447146643e-01
9.053911434313057782e-01 9.087746776685530214e-01 9.075285620154898147e-01 9.180594411479447992e-01
9.048417643742139305e-01 9.081559817973848814e-01 9.075501658091159607e-01 9.181136247715350196e-01
9.049863378102908085e-01 9.081617009122864292e-01 9.071973038465555028e-01 9.180130830853340251e-01
9.056369182726365930e-01 9.086040958128038802e-01 9.080578549593308901e-01 9.186094102176686205e-01
9.054200581185212204e-01 9.082973631233861589e-01 9.085619434772747027e-01 9.189884646449459904e-01
9.054056007749136104e-01 9.081746464963993404e-01 9.088247896330595710e-01 9.192953538952668424e-01
9.058682357703595756e-01 9.087018027453900304e-01 9.087275725617418587e-01 9.193903000202259257e-01
9.053043993696597846e-01 9.082590183772194514e-01 9.083783112314522956e-01 9.191375746699087523e-01
9.058248637395366343e-01 9.085050813174870843e-01 9.077806062744617766e-01 9.187456406732118497e-01
9.070681952897975409e-01 9.094279180272749619e-01 9.078526189198823371e-01 9.187393700121280204e-01
9.084271855889198832e-01 9.103933288022176828e-01 9.090300256725080130e-01 9.192857500018642991e-01
9.082103254348046217e-01 9.106013344569747758e-01 9.089796168207137095e-01 9.193278999804087581e-01
9.065766456071361334e-01 9.099878053228005470e-01 9.085403396836485568e-01 9.190722100104223857e-01
9.056224609290288718e-01 9.093016797485742320e-01 9.081802764565457542e-01 9.186363874278176134e-01
9.061862973297287738e-01 9.096990883142150874e-01 9.078778233457794888e-01 9.183757412900303008e-01
9.066489323251745169e-01 9.100623894990759188e-01 9.082414872051532972e-01 9.183048380898457541e-01
9.073428848183434647e-01 9.103023789946649291e-01 9.089400098657325344e-01 9.188443562735157943e-01
9.075308302852433950e-01 9.103366277914215487e-01 9.095161110290965745e-01 9.194549416961946831e-01
9.066923043559975692e-01 9.096098751540770966e-01 9.098149635075919450e-01 9.198331515195407038e-01
9.060272665500440636e-01 9.093043822020003830e-01 9.093684851059846697e-01 9.194643220121665461e-01
9.053188567132675058e-01 9.089055922384017272e-01 9.091596484342652218e-01 9.192943834679431214e-01
9.054923448365596039e-01 9.089783516067879710e-01 9.091344440083679590e-01 9.192807795911922542e-01
9.058104063959289132e-01 9.092633343191232065e-01 9.091524471697229881e-01 9.192578885309178327e-01
9.069525365409358830e-01 9.101566124603976959e-01 9.088679972203118629e-01 9.192268368166738313e-01
9.076031170032818896e-01 9.104958051458396096e-01 9.087671795167231448e-01 9.190888283543942050e-01
9.082536974656276740e-01 9.109026865766226555e-01 9.081946789856298885e-01 9.188413622900603039e-01
9.074007141927742381e-01 9.104526802437189481e-01 9.084359213477886108e-01 9.189942997592003282e-01
9.074874582544203427e-01 9.103348906402929375e-01 9.096853407458349583e-01 9.198175598011412157e-01
9.078199771573971510e-01 9.108860099653313114e-01 9.101102153538160877e-01 9.201790904942378502e-01
9.083693562144892208e-01 9.112707179064000185e-01 9.097033439071900984e-01 9.199089447905209882e-01
9.082392401220200640e-01 9.114229584597532963e-01 9.090804345243024276e-01 9.192026028655599923e-01
9.083404415272737786e-01 9.115687759752685304e-01 9.085439403159194516e-01 9.186810947973362840e-01
9.074296288799896804e-01 9.106198886765703993e-01 9.081838770888168710e-01 9.185751632323114757e-01
9.070826526334051509e-01 9.101530993824057392e-01 9.082018802501720112e-01 9.185898208824350153e-01
9.070103659153667675e-01 9.102055899496219737e-01 9.084215188187045875e-01 9.188309629611413065e-01
9.066055602943514646e-01 9.100769778482376005e-01 9.087707801489941506e-01 9.192197432205335694e-01
9.073717995055587959e-01 9.107327999399641438e-01 9.091884534924332684e-01 9.195181770643703345e-01
9.072416834130897501e-01 9.102555527990424666e-01 9.092208591828723208e-01 9.195879107704035826e-01
9.070971099770128721e-01 9.100853231975379876e-01 9.088751984848537635e-01 9.192949879741308949e-01
9.073284274747357436e-01 9.099793656511858675e-01 9.087491763553681157e-01 9.189123485175643147e-01
9.066778470123899591e-01 9.096420185215884358e-01 9.086375567549661580e-01 9.186713109918700493e-01
