8.764094005317393243e-01 9.073329853078941909e-01 8.694119067745440521e-01 8.980806732186276120e-01
8.780201439965844568e-01 9.084795107211427467e-01 8.715227629513345731e-01 8.996760044222212871e-01
8.795532612703526043e-01 9.097212657225427490e-01 8.734742180896026831e-01 9.013420877241364870e-01
8.810475654485823149e-01 9.109636388687168962e-01 8.739041178601617554e-01 9.016993613860756485e-01
8.834539773719652933e-01 9.126413734260995225e-01 8.767588455500543443e-01 9.037066236800093133e-01
8.866948708494245546e-01 9.146347584001385256e-01 8.792464678178963933e-01 9.056215817443915572e-01
8.894700071804226837e-01 9.164309211114636256e-01 8.813814756671900508e-01 9.071939352976943205e-01
8.906732131421140064e-01 9.169876344559046988e-01 8.832218331119429111e-01 9.086025249318236963e-01
8.918570125560364437e-01 9.176201399486001442e-01 8.855114116652578193e-01 9.102272492427468942e-01
8.935453822119582279e-01 9.185015865932590895e-01 8.866755222799178604e-01 9.110780657701083030e-01
8.952531584156493416e-01 9.188518177455687885e-01 8.880956406231130806e-01 9.121380334368447418e-01
8.957383221098799142e-01 9.188565426708871220e-01 8.882453809926336152e-01 9.121297614025032363e-01
8.957771352054182401e-01 9.188332980933364702e-01 8.881197922956165502e-01 9.118975985209575308e-01
8.959906072308797542e-01 9.188555688965966972e-01 8.882550416616350475e-01 9.122135129805509779e-01
8.955054435366491816e-01 9.186347159511174532e-01 8.878782755705831864e-01 9.118608380853391315e-01
8.963205185429563571e-01 9.195403291849617577e-01 8.887042627701968733e-01 9.126517951852111121e-01
8.966504298550330709e-01 9.201716965619808342e-01 8.891486535442578720e-01 9.129327506270794590e-01
8.961458596130335019e-01 9.200127749846038760e-01 8.903900495109284829e-01 9.135938758829352802e-01
8.966504298550329599e-01 9.200123932212909139e-01 8.910035019925128807e-01 9.139910841133327413e-01
8.972132197403404064e-01 9.194198258091157427e-01 8.917473735056153927e-01 9.145868548632494210e-01
8.980282947466475818e-01 9.193260403321572571e-01 8.939065330274120758e-01 9.161406970824730323e-01
8.986493042752624616e-01 9.197570357282198739e-01 8.944427001569857927e-01 9.164757711101920723e-01
8.985910846319549172e-01 9.194143922458907214e-01 8.945586281850017585e-01 9.166145010190647202e-01
8.997748840458770214e-01 9.203558751524508752e-01 8.943412631324718642e-01 9.164785935767020275e-01
8.997942905936462399e-01 9.203231922906127682e-01 8.928148774302619994e-01 9.152173627556771107e-01
8.994643792815695260e-01 9.198317807752839359e-01 8.926458157227387114e-01 9.150083616759570049e-01
8.982999864154165293e-01 9.193500948658100969e-01 8.922207462866803551e-01 9.145425343469941737e-01
8.964175512818024494e-01 9.187451124890003706e-01 8.913850984180653469e-01 9.137770062179368935e-01
8.965145840206485417e-01 9.195339761473764195e-01 8.907716459364811712e-01 9.131387192496378535e-01
8.971744066448019694e-01 9.202849913103497981e-01 8.916845791571065272e-01 9.139562731558565911e-01
8.980671078421860187e-01 9.199840767753668658e-01 8.921338002656683530e-01 9.147967502790147476e-01
8.996778513070309291e-01 9.205215752609526847e-01 8.929259751237772491e-01 9.153749699161575215e-01
8.996196316637232737e-01 9.209978007924702892e-01 8.941238980799420810e-01 9.162738353263554236e-01
8.999107298802615507e-01 9.221144652337640579e-01 8.935780702813669318e-01 9.157787429897982223e-01
9.010363096508762215e-01 9.226326199804568695e-01 8.937036589783842189e-01 9.157135825008235752e-01
9.013274078674143874e-01 9.224809155813578077e-01 8.938147566718994685e-01 9.156724049822635436e-01
9.014438471540296982e-01 9.219403679649360583e-01 8.938872116894094333e-01 9.159365737723361711e-01
9.014244406062605908e-01 9.217644733849732486e-01 8.940900857384374012e-01 9.162133411710406961e-01
9.006481786954918523e-01 9.219345233237064008e-01 8.937229803163868613e-01 9.158880636340510639e-01
9.008228376254148184e-01 9.218457410110710848e-01 8.936360342953748592e-01 9.161458139970461989e-01
9.002600477401074830e-01 9.213532846065489723e-01 8.946214225335105130e-01 9.164815323462049967e-01
8.997554774981079140e-01 9.211094977925469163e-01 8.952976693636034433e-01 9.163370317205792315e-01
8.987075239185701170e-01 9.208065322459793034e-01 8.946407438715131555e-01 9.157848434831932227e-01
8.988627763007238647e-01 9.206965088843819256e-01 8.947856539065329740e-01 9.157441054162257510e-01
8.983970191542627326e-01 9.204756197955957786e-01 8.948387875860404073e-01 9.157673126867215130e-01
8.978148227211861787e-01 9.197362955595869138e-01 8.949643762830576943e-01 9.159625144456190471e-01
8.985910846319548062e-01 9.197912055998276326e-01 8.959352735176910887e-01 9.167352439396490027e-01
8.996390382114924922e-01 9.204556422369881696e-01 8.967950730588093444e-01 9.174010912778005622e-01
8.997942905936462399e-01 9.207798632501706937e-01 8.977611399589422447e-01 9.186555064382291302e-01
9.000271691668768614e-01 9.208828057971156777e-01 8.996546310832024274e-01 9.202356677134133633e-01
9.011139358419530954e-01 9.216767783880517317e-01 8.989204202391014586e-01 9.198092968410813697e-01
8.999689495235693171e-01 9.212776145620668045e-01 8.976741939379301316e-01 9.190621369614458969e-01
9.000853888101845168e-01 9.213493084138163480e-01 8.970800627943484873e-01 9.188321173727480584e-01
9.008228376254148184e-01 9.218637673751333139e-01 8.968095640623112708e-01 9.184375427383361101e-01
9.008422441731840369e-01 9.224586776999618154e-01 8.940176307209275475e-01 9.161673792767566216e-01
8.993479399949542152e-01 9.217704577303760249e-01 8.927665740852552823e-01 9.146837854282086067e-01
8.992509072561082339e-01 9.214388053851751970e-01 8.938582296824054696e-01 9.152528816286229496e-01
8.999495429758000986e-01 9.218653168152165511e-01 8.950947953145755864e-01 9.159116876467280344e-01
8.992509072561082339e-01 9.211197489448678111e-01 8.973553918608864199e-01 9.178638230454370106e-01
8.997748840458771324e-01 9.210746521486372629e-01 8.990218572636154981e-01 9.193596676187723027e-01
8.982029536765705480e-01 9.199912165430744748e-01 8.996449704142011061e-01 9.200933475619865742e-01
8.993673465427234337e-01 9.203895331868763297e-01 8.992295616471440711e-01 9.197857081019980008e-01
8.997942905936463509e-01 9.208364906846597808e-01 8.969882864388357691e-01 9.178482754843210190e-01
9.010557161986454400e-01 9.219098067297308852e-01 8.975872479169182405e-01 9.183807709392655116e-01
9.032486560965670153e-01 9.228243555478995441e-01 8.971380268083565257e-01 9.181478934828666283e-01
9.036950066952589289e-01 9.231658307552500498e-01 8.967516000483034544e-01 9.178401937540969779e-01
9.034621281220284184e-01 9.234984479665271362e-01 8.963700036227508772e-01 9.179030999934477686e-01
9.021230763259523444e-01 9.228082976501806867e-01 8.969351527593285578e-01 9.185255110219924246e-01
9.014050340584913723e-01 9.224758339266341256e-01 8.963700036227507661e-01 9.181783673678893809e-01
9.020648566826446890e-01 9.227421464035570065e-01 8.966549933582900200e-01 9.180963341226384689e-01
9.023947679947214029e-01 9.229688485980476198e-01 8.968723584108200253e-01 9.177339276425304782e-01
9.020066370393370336e-01 9.226592887093973960e-01 8.976379664291753713e-01 9.183126182212860700e-01
9.016185060839526644e-01 9.226637485041653264e-01 8.984180654510325326e-01 9.187446863940238462e-01
9.010557161986454400e-01 9.219822197331245528e-01 8.987272068590750340e-01 9.189261059976383539e-01
9.030545906188748306e-01 9.237026667507504119e-01 8.981137543774906362e-01 9.184016470944115218e-01
9.024335810902598398e-01 9.232119975213376462e-01 8.977224972829367378e-01 9.182672584326309062e-01
9.022395156125677662e-01 9.230827538963697343e-01 8.970510807873444126e-01 9.180316115098992036e-01
9.016961322750296493e-01 9.222647003996460313e-01 8.971090448013524510e-01 9.177193327063493111e-01
9.003182673834151384e-01 9.206860776198864116e-01 8.983069677575170608e-01 9.181181141441772109e-01
8.998331036891846768e-01 9.205029358121132876e-01 8.979205409974641006e-01 9.180644502977083343e-01
8.998719167847232248e-01 9.207593286725801462e-01 8.974568288854003484e-01 9.178913386948558406e-01
9.011527489374915323e-01 9.217261371549756443e-01 8.976162299239223152e-01 9.183400707289339771e-01
9.016767257272604308e-01 9.223734217964818516e-01 8.986354305035623158e-01 9.191461730229687488e-01
9.017931650138756305e-01 9.224558557044071350e-01 8.982876464195146404e-01 9.189326386473390951e-01
9.010751227464146584e-01 9.219021638997908497e-01 8.982296824055064910e-01 9.189353331997666130e-01
9.017155388227988677e-01 9.224442647922524996e-01 8.987658495350803189e-01 9.192051964035927725e-01
9.010557161986454400e-01 9.222110287173448384e-01 8.991667672986353166e-01 9.193036791861090018e-01
9.013274078674143874e-01 9.221583854319976847e-01 8.992488829851467136e-01 9.195851194071972268e-01
9.007063983387995076e-01 9.220397851950432599e-01 8.990121965946140659e-01 9.195232252276739349e-01
9.015602864406451200e-01 9.222426084947114022e-01 8.989735539186087809e-01 9.193538017762081793e-01
9.025888334724135875e-01 9.223931016677910932e-01 8.993696413476632845e-01 9.196826015130254994e-01
9.023753614469521844e-01 9.221377707689560888e-01 8.995338727206858565e-01 9.196930806783376600e-01
9.025500203768751506e-01 9.224409848794103972e-01 9.000845308537617218e-01 9.203579723603741991e-01
9.040055114595664243e-01 9.233897124365635367e-01 9.020504769955317581e-01 9.217732551144575126e-01
9.031516233577208119e-01 9.224912748727255307e-01 9.023451274000724442e-01 9.219760406816777110e-01
9.024335810902597288e-01 9.223823405384679042e-01 9.007849293563578996e-01 9.207992244637694945e-01
9.019678239437985967e-01 9.224063958452447531e-01 8.990604999396207830e-01 9.194075972321421597e-01
9.021812959692601108e-01 9.222566851248403808e-01 8.997802197802198254e-01 9.198113370568218317e-01
9.020066370393371447e-01 9.215373713678163270e-01 9.006351889868373650e-01 9.206581732175171950e-01
9.024141745424906214e-01 9.220752993516141416e-01 9.010795797608983637e-01 9.208804467686163564e-01
9.022977352558754216e-01 9.223933867939270170e-01 9.016930322424828725e-01 9.213436968139632199e-01
9.030739971666439381e-01 9.230173416800342423e-01 9.008718753773697907e-01 9.206716141094060113e-01
9.045683013448738707e-01 9.245820216806622804e-01 8.991088032846276112e-01 9.192786903117389219e-01
9.043936424149507936e-01 9.247059183150815320e-01 8.986547518415649582e-01 9.187335272581516055e-01
9.030934037144131565e-01 9.232434125812976067e-01 9.007366260113511824e-01 9.205506855569209890e-01
9.016767257272603198e-01 9.217958796970668889e-01 9.016012558869702653e-01 9.212062694217051373e-01
9.021618894214907813e-01 9.222013013628787004e-01 9.011037314334018333e-01 9.205950170865138116e-01
9.025694269246443691e-01 9.227243351890737078e-01 8.999734331602463611e-01 9.198345716297500196e-01
9.025888334724135875e-01 9.232015243041795660e-01 8.992247313126433550e-01 9.193828286795302507e-01
9.026664596634903504e-01 9.229898151525628425e-01 9.003598599202995434e-01 9.202712248636446546e-01
9.032486560965670153e-01 9.235749121816896334e-01 9.003163869097936534e-01 9.199371104575727598e-01
9.031225135360669842e-01 9.230217257937268771e-01 9.006158676488347226e-01 9.202667254639416150e-01
9.026276465679520244e-01 9.222300558288937244e-01 9.003405385822967899e-01 9.199510571880880061e-01
9.035979739564129476e-01 9.230691138555395803e-01 8.996642917522038596e-01 9.195277532537917686e-01
9.033650953831823260e-01 9.225600253748854618e-01 9.009443303948798665e-01 9.203484020070675786e-01
9.027828989501056611e-01 9.226573335183629876e-01 9.004516362758121506e-01 9.203284065709340656e-01
9.029187447844903014e-01 9.229739019771905362e-01 9.005047699553193619e-01 9.207127160987472747e-01
9.036173805041821661e-01 9.229817370601034465e-01 9.005965463108319691e-01 9.209405572658235783e-01
9.041413572939509535e-01 9.238659077061137648e-01 8.996739524212051808e-01 9.200818855120579398e-01
9.040831376506432981e-01 9.238882085465189853e-01 8.995821760656925736e-01 9.197690422630803164e-01
9.048399930136428182e-01 9.239621190691683639e-01 9.000652095157590793e-01 9.199287067111963090e-01
9.049564323002580180e-01 9.239210207663329788e-01 9.004419756068107183e-01 9.202236016775579008e-01
9.048982126569504736e-01 9.239823383716216920e-01 9.011375437749064021e-01 9.207246395688017948e-01
9.048399930136427072e-01 9.241344498571066879e-01 9.012969448134283690e-01 9.207822166929022778e-01
9.026858662112596798e-01 9.227755519156374264e-01 9.019587006400193729e-01 9.215197792949535449e-01
9.017543519183371936e-01 9.216989648626700005e-01 9.022485207100591209e-01 9.216516285726207292e-01
9.000465757146461909e-01 9.206224730429890535e-01 9.021325926820433772e-01 9.214889282508209600e-01
9.007840245298763815e-01 9.211076824691079024e-01 9.014853278589541885e-01 9.211620156589707120e-01
9.005705525044149784e-01 9.210233700274165214e-01 9.011133921024030435e-01 9.210531085783900673e-01
9.022783287081060921e-01 9.220156719062512218e-01 9.025673227871030546e-01 9.222142969633231324e-01
9.036950066952589289e-01 9.235336888663829846e-01 9.019103972950127668e-01 9.214575909590272396e-01
9.039278852684895504e-01 9.236983235209552667e-01 9.016157468904720806e-01 9.211384441872937368e-01
9.039278852684894394e-01 9.232290721735100236e-01 9.013838908344403711e-01 9.209615798951714671e-01
9.036173805041821661e-01 9.231441066166811149e-01 9.010844100953989688e-01 9.208333997929073478e-01
9.031516233577208119e-01 9.228026033737544154e-01 9.016978625769834776e-01 9.212825414575730454e-01
9.036561935997204920e-01 9.225183590274010914e-01 9.026687598116168720e-01 9.219120387681610795e-01
9.033650953831823260e-01 9.222813556265208046e-01 9.024224127520830141e-01 9.216426876470913410e-01
9.032292495487976858e-01 9.228588208521752989e-01 9.018041299359980112e-01 9.211623526061418765e-01
9.039861049117973169e-01 9.233869097760584177e-01 9.009636517328825089e-01 9.204513744687815580e-01
9.046071144404123077e-01 9.238232438180409289e-01 9.005047699553194729e-01 9.201193185604075175e-01
9.049564323002581290e-01 9.243814443438456152e-01 9.003598599202994324e-01 9.200684514763184385e-01
9.048982126569504736e-01 9.241571131695826002e-01 9.013935515034415813e-01 9.210477068395932498e-01
9.056550680199498826e-01 9.241546127663575749e-01 9.024175824175824090e-01 9.219161385903892336e-01
9.060431989753343629e-01 9.246475863707577236e-01 9.015481222074629430e-01 9.212726398515524995e-01
9.053639698034117167e-01 9.249950469127981023e-01 9.001714768747736128e-01 9.201809838650236717e-01
9.056938811154883195e-01 9.254421282673703786e-01 8.998719961357324326e-01 9.197985305521182431e-01
9.052863436123348428e-01 9.248294431654497938e-01 9.009878034053857565e-01 9.204121107052631867e-01
9.047429602747966149e-01 9.234558886370486386e-01 9.029923922231614108e-01 9.216042081268471797e-01
9.052087174212578580e-01 9.241424670714865064e-01 9.025528317836010173e-01 9.217385232909331982e-01
9.050922781346426582e-01 9.242132865276890819e-01 9.025190194420964485e-01 9.220893557151753628e-01
9.058297269498728488e-01 9.248458595558868289e-01 9.014756671899529783e-01 9.211782906719989672e-01
9.055580352811039013e-01 9.246592534810368358e-01 9.014660065209515460e-01 9.210412599348183349e-01
9.051504977779503136e-01 9.242259649855811832e-01 9.020166646540271893e-01 9.214945967931914561e-01
9.042383900327970458e-01 9.235805373938189566e-01 9.024996981040935840e-01 9.218284867147901185e-01
9.051893108734887505e-01 9.244443611720882803e-01 9.034174616592198781e-01 9.223989255297538881e-01
9.061208251664111257e-01 9.242462514412453922e-01 9.038860041057843464e-01 9.227134770657117180e-01
9.064701430262569470e-01 9.243634967429256166e-01 9.039922714647988800e-01 9.225133839912789124e-01
9.052475305167964059e-01 9.238584146754018622e-01 9.032580606206980223e-01 9.220377662295531351e-01
9.043936424149507936e-01 9.236078759158399265e-01 9.025093587730950162e-01 9.214033354937258835e-01
9.039084787207203320e-01 9.235666666509778633e-01 9.021470836855451925e-01 9.212321130916720779e-01
9.034233150264898704e-01 9.237701970686896802e-01 9.021374230165438712e-01 9.212387749413866178e-01
9.030157775233363937e-01 9.229386404234984909e-01 9.031276415891800191e-01 9.219846529450399508e-01
9.035009412175668553e-01 9.230141673477809672e-01 9.028426518536408762e-01 9.220390930512142313e-01
9.041801703894895015e-01 9.232175063987450025e-01 9.027895181741336650e-01 9.218623958907374849e-01
9.052281239690271875e-01 9.238597109535492402e-01 9.018476029465040122e-01 9.209546397724133193e-01
9.043354227716431382e-01 9.236732734026051883e-01 9.000748701847602895e-01 9.191739054229871586e-01
9.046459275359506336e-01 9.238662752412650780e-01 9.011133921024030435e-01 9.197670539631754849e-01
9.048593995614120367e-01 9.241532796869517119e-01 9.019393793020167305e-01 9.203742634394360689e-01
9.043548293194122456e-01 9.235042991743946938e-01 9.031324719236806242e-01 9.215856261265453764e-01
9.054610025422578090e-01 9.245139019408238346e-01 9.032870426277019860e-01 9.218385109803991506e-01
9.052281239690270764e-01 9.242498141423396429e-01 9.035430503562371651e-01 9.224299954439036942e-01
9.045294882493354338e-01 9.238761511705171348e-01 9.046636879603913162e-01 9.235034441530488580e-01
9.036367870519513845e-01 9.228839000023425498e-01 9.049100350199251741e-01 9.234812430667829197e-01
9.026470531157211319e-01 9.217732449910558401e-01 9.046395362878880686e-01 9.230138394773792498e-01
9.044712686060276674e-01 9.234838381424583797e-01 9.027412148291269478e-01 9.216418385606716113e-01
9.057132876632576490e-01 9.243315527066862103e-01 9.022147083685545521e-01 9.211996984565080648e-01
9.071687787459489227e-01 9.253708952201753490e-01 9.030358652336674119e-01 9.221860375756124606e-01
9.079450406567175502e-01 9.259624405924040680e-01 9.031228112546794140e-01 9.221102639593502515e-01
9.067806477905644424e-01 9.253341727839887731e-01 9.030600169061707705e-01 9.217041563278451921e-01
9.052087174212579690e-01 9.240213186319516936e-01 9.039487984542928789e-01 9.222987144889452926e-01
9.055192221855654644e-01 9.242745520894167788e-01 9.033594976452119507e-01 9.218017654553484208e-01
9.051893108734886395e-01 9.239849527722436839e-01 9.032918729622025911e-01 9.220150698483725593e-01
9.060431989753342519e-01 9.249636637023888053e-01 9.027798575051322327e-01 9.220548376312596162e-01
9.060043858797957039e-01 9.243814908857457269e-01 9.036976210602583048e-01 9.229821835972937816e-01
9.052863436123347318e-01 9.234595235616436248e-01 9.042676005313368126e-01 9.229582890427601161e-01
9.058685400454112857e-01 9.239712465166477484e-01 9.042482791933341701e-01 9.228982228659657894e-01
9.067612412427952240e-01 9.245407760951023235e-01 9.044125105663567421e-01 9.229891279421552630e-01
9.068970870771798642e-01 9.245532417877880826e-01 9.059485569375679281e-01 9.240773209748365247e-01
9.071299656504103748e-01 9.247578423668567638e-01 9.052578191039729605e-01 9.234975140778829417e-01
9.070523394593335009e-01 9.245256527139910085e-01 9.043883588938532725e-01 9.229494071404737987e-01
9.056162549244115567e-01 9.236595190389893517e-01 9.042241275208308116e-01 9.230281727826309401e-01
9.055386287333345718e-01 9.234011182605997847e-01 9.037893974157711341e-01 9.222955102716841047e-01
9.060431989753342519e-01 9.244660656017940070e-01 9.038232097572755919e-01 9.220546635022943693e-01
9.062178579052572180e-01 9.245772834974133048e-01 9.049293563579277055e-01 9.230089715291490693e-01
9.067612412427953350e-01 9.245528093287678217e-01 9.053206134524816040e-01 9.234322150855230893e-01
9.078286013701023505e-01 9.252798961437800340e-01 9.052288370969689968e-01 9.233934222988855467e-01
9.077509751790253656e-01 9.252097104772855074e-01 9.050452843859437824e-01 9.235467204320553236e-01
9.077897882745639135e-01 9.255490195737796633e-01 9.047168216398984164e-01 9.233194344275990062e-01
9.049176192047196920e-01 9.240465275977438608e-01 9.038956647747855566e-01 9.225583205855273361e-01
9.043742358671815751e-01 9.234937283987341150e-01 9.036203357082479570e-01 9.224223844416766793e-01
9.045877078926429782e-01 9.234339364543291406e-01 9.043255645453447400e-01 9.231058672780841912e-01
9.068388674338720978e-01 9.251943028608762276e-01 9.051225697379544632e-01 9.237262815517333081e-01
9.070717460071027194e-01 9.251896433473660863e-01 9.048472406714164196e-01 9.231423153379364477e-01
9.061790448097187811e-01 9.246354607714218909e-01 9.044704745803646695e-01 9.229108035714759239e-01
9.058103204021036303e-01 9.242893838176693411e-01 9.053012921144788505e-01 9.235391996785113911e-01
9.068970870771798642e-01 9.243565346535751459e-01 9.050066417099384974e-01 9.236392802024435689e-01
9.078286013701022394e-01 9.248480037961512856e-01 9.034029706557178407e-01 9.222577256974783255e-01
9.085272370897942151e-01 9.253832114946679566e-01 9.027267238256249104e-01 9.216042096835201924e-01
9.085078305420248856e-01 9.254134503978114212e-01 9.033981403212173467e-01 9.221978619635515795e-01
9.076927555357177102e-01 9.252155013746412582e-01 9.038038884192730604e-01 9.223515838453100191e-01
9.079450406567175502e-01 9.256703005892908953e-01 9.032435696171958739e-01 9.216637393969284719e-01
9.062178579052571070e-01 9.248332278818784946e-01 9.037604154087670594e-01 9.221314125535848838e-01
9.063537037396417473e-01 9.244117456147979972e-01 9.048134283299116287e-01 9.233646403544213399e-01
9.067806477905644424e-01 9.246468269493764991e-01 9.047119913053980333e-01 9.233267237241273850e-01
9.066448019561799132e-01 9.243131475927832685e-01 9.049341866924283106e-01 9.235271718799720198e-01
9.064895495740263875e-01 9.240093759021463793e-01 9.054413718149981749e-01 9.237120079331083700e-01
9.061596382619495627e-01 9.240594637942097789e-01 9.056152638570221791e-01 9.239636847995527091e-01
9.064313299307186211e-01 9.239658320879597930e-01 9.050114720444391025e-01 9.237374446192145871e-01
9.061790448097187811e-01 9.236915810562298379e-01 9.059485569375679281e-01 9.241955420579074376e-01
9.078480079178714579e-01 9.249944056632408707e-01 9.056587368675281802e-01 9.237824612316107853e-01
9.082749519687942641e-01 9.260464575650177999e-01 9.049341866924283106e-01 9.233077203329177474e-01
9.081002930388714089e-01 9.264734173124966610e-01 9.043207342108441349e-01 9.228883109825067876e-01
9.077509751790252546e-01 9.257921696308281101e-01 9.044753049148652746e-01 9.227834735784437026e-01
9.068582739816413163e-01 9.244971591909894038e-01 9.058036469025478876e-01 9.239273767426791073e-01
9.066448019561800242e-01 9.243192789200679327e-01 9.060451636275812515e-01 9.240864255390838222e-01
9.060626055231034703e-01 9.241939416991604705e-01 9.060161816205771768e-01 9.242007856696874413e-01
9.058297269498728488e-01 9.236978941508995344e-01 9.065571790846516098e-01 9.243486624701964249e-01
9.064313299307186211e-01 9.241273995479772907e-01 9.064750633981403238e-01 9.242064071063480490e-01
9.067806477905644424e-01 9.245002013863086177e-01 9.056249245260233893e-01 9.237194577265739337e-01
9.060237924275650334e-01 9.241413001679967820e-01 9.065571790846513878e-01 9.244065683420751300e-01
9.069359001727181901e-01 9.244856594105246295e-01 9.068808114961961486e-01 9.246485143538496487e-01
9.078868210134100059e-01 9.249938125333282413e-01 9.074990943122811515e-01 9.249802531232694802e-01
9.079838537522559871e-01 9.250925347304639335e-01 9.067503924646782565e-01 9.244166245268942150e-01
9.073628442236411074e-01 9.250392591741328774e-01 9.055138268325082507e-01 9.235228594966142790e-01
9.070523394593335009e-01 9.251310703915617273e-01 9.041903151793261317e-01 9.225030559867372082e-01
9.073434376758717779e-01 9.254099763239936882e-01 9.052771404419754919e-01 9.233989227974789271e-01
9.070329329115642825e-01 9.247201945716621019e-01 9.068614901581933951e-01 9.246944267929435579e-01
9.074598769624870886e-01 9.250006913927704133e-01 9.067986958096848626e-01 9.244895297937549827e-01
9.075569097013331810e-01 9.252742555611735975e-01 9.070208911967152510e-01 9.247358409865160667e-01
9.077315686312561471e-01 9.253291455807076682e-01 9.062287163386063549e-01 9.242332879351982111e-01
9.078480079178714579e-01 9.249955837774679335e-01 9.054896751600046700e-01 9.236713203733084576e-01
9.097304430514855378e-01 9.263737230173353376e-01 9.056442458640261428e-01 9.237392010796638964e-01
9.094975644782549162e-01 9.261483962782690593e-01 9.064847240671417561e-01 9.242913383546061956e-01
9.089541811407169103e-01 9.256318445986322363e-01 9.070933462142252157e-01 9.246275420081120355e-01
9.084884239942556672e-01 9.249202722541594035e-01 9.070740248762227953e-01 9.245176539669122118e-01
9.074598769624871997e-01 9.246012443358700983e-01 9.057939862335465664e-01 9.236882302810310863e-01
9.066836150517183501e-01 9.246737197502320482e-01 9.055234875015094609e-01 9.233764722911573797e-01
9.080420733955636425e-01 9.255511233392995640e-01 9.060499939620818566e-01 9.237838028209486296e-01
9.089347745929475808e-01 9.263929687127678836e-01 9.059533872720685332e-01 9.235772029108215708e-01
9.078091948223330210e-01 9.254674943079879146e-01 9.061997343316026132e-01 9.238507717064450286e-01
9.076927555357177102e-01 9.249651826696552170e-01 9.067938654751841465e-01 9.243648938895108191e-01
9.079256341089482207e-01 9.252510331542844746e-01 9.069677575172081507e-01 9.245032621915810767e-01
9.080614799433328610e-01 9.257749935700847477e-01 9.060403332930806464e-01 9.238618598981529484e-01
9.082167323254866087e-01 9.256459727077094302e-01 9.056345851950247106e-01 9.235627152689733776e-01
9.088377418541015995e-01 9.249679253193074935e-01 9.074846033087793362e-01 9.248762828968832839e-01
9.097498495992546452e-01 9.254749941530324708e-01 9.078130660548243691e-01 9.250941380119283020e-01
9.094587513827164793e-01 9.257282130290351851e-01 9.080062794348509048e-01 9.255489103513221405e-01
9.085272370897939931e-01 9.255552236902435670e-01 9.078372177273275057e-01 9.253553957546557518e-01
9.083913912554095749e-01 9.253499316659126173e-01 9.072865595942519734e-01 9.251187375054762407e-01
9.081196995866405164e-01 9.249062074934042421e-01 9.072913899287524675e-01 9.249643283397681603e-01
9.073434376758717779e-01 9.243985058931289966e-01 9.071513102282332541e-01 9.243780785921007492e-01
9.072464049370256856e-01 9.245428834982307720e-01 9.067214104576741818e-01 9.239540414689435543e-01
9.072852180325641225e-01 9.246031260042142375e-01 9.072865595942518624e-01 9.245462267370647691e-01
9.073822507714103258e-01 9.248316477199933772e-01 9.071319888902307227e-01 9.243202198885731580e-01
9.084302043509480118e-01 9.256348649459330558e-01 9.067165801231735767e-01 9.239820322637568584e-01
9.088377418541015995e-01 9.256691146297630901e-01 9.070015698587128306e-01 9.241065597076822957e-01
9.091288400706397654e-01 9.257257972895031051e-01 9.073252022702572583e-01 9.244918116771392302e-01
9.093229055483320611e-01 9.257944213539943679e-01 9.075570583262890789e-01 9.248173478937599112e-01
9.081585126821788423e-01 9.256419837619886959e-01 9.078130660548243691e-01 9.250336654330411079e-01
9.085854567331017595e-01 9.264120466014355015e-01 9.070450428692186096e-01 9.244534716777272898e-01
9.085466436375633226e-01 9.263888566963807136e-01 9.067890351406834304e-01 9.243646783489785079e-01
9.088765549496400364e-01 9.260527068555617358e-01 9.078130660548242581e-01 9.251071977555955783e-01
9.092064662617166393e-01 9.258633129081024205e-01 9.085859195749305117e-01 9.256925700397139467e-01
9.084496108987171192e-01 9.254140136312325460e-01 9.086052409129332652e-01 9.257216045878956523e-01
9.082167323254866087e-01 9.258505174462167142e-01 9.069967395242120034e-01 9.241129347540579797e-01
9.089735876884861288e-01 9.260054523843599394e-01 9.063494747011229258e-01 9.238342225609753600e-01
9.093034990005628426e-01 9.259891652991988353e-01 9.065668397536530421e-01 9.240570291147266468e-01
9.100603543635622517e-01 9.264231538587014425e-01 9.072672382562492199e-01 9.246791242087945006e-01
9.103902656756388545e-01 9.263786056216448683e-01 9.076729863543050447e-01 9.247288481784836645e-01
9.113023734207922333e-01 9.269044044553805817e-01 9.080352614418549795e-01 9.248305543842374465e-01
9.100603543635622517e-01 9.262854182691571125e-01 9.083878758604031489e-01 9.249422108381619712e-01
9.089735876884860177e-01 9.263503687911530671e-01 9.083782151914020497e-01 9.252191344216480484e-01
9.084496108987173413e-01 9.258017026896203649e-01 9.086487139234391552e-01 9.254378219427785712e-01
9.089929942362552362e-01 9.258858150788601415e-01 9.088419273034658019e-01 9.255430067399516014e-01
9.077703817267945841e-01 9.246621094941542829e-01 9.087501509479531947e-01 9.256422756818162290e-01
9.086630829241786333e-01 9.252125331596589008e-01 9.087646419514552321e-01 9.258499187895056215e-01
9.092258728094858578e-01 9.254706531259897506e-01 9.084893128849172994e-01 9.256197248829797219e-01
9.094587513827164793e-01 9.258000005175875957e-01 9.084555005434127306e-01 9.256930550044423223e-01
9.102156067457159994e-01 9.267124446859366094e-01 9.080666586161091347e-01 9.254085561355251954e-01
9.090512138795628916e-01 9.261072385179514033e-01 9.077551020408163307e-01 9.250081134318737242e-01
9.082555454210250456e-01 9.255105168442425700e-01 9.078178963893249742e-01 9.248432890955167185e-01
9.087018960197170703e-01 9.255296417249667673e-01 9.084555005434127306e-01 9.252409614088078493e-01
9.083913912554094638e-01 9.258554470688920013e-01 9.087259992754497251e-01 9.251832752133978266e-01
9.089541811407169103e-01 9.260946442657285171e-01 9.089820070039850153e-01 9.253810169655276585e-01
9.095169710260241347e-01 9.262909747552606765e-01 9.091800507185121560e-01 9.253729485897559393e-01
9.096916299559471009e-01 9.263166922676963067e-01 9.084989735539186206e-01 9.254568880138177578e-01
9.107007704399464609e-01 9.274098538140294057e-01 9.074314696292717919e-01 9.247431939193582195e-01
9.101573871024083440e-01 9.267494297039176043e-01 9.078565390653302591e-01 9.250409567415307510e-01
9.093034990005627316e-01 9.260250422275402293e-01 9.085569375679265480e-01 9.256109040707851676e-01
9.102350132934851068e-01 9.264532220636991777e-01 9.092331843980195893e-01 9.258034246085478092e-01
