8.962107302404254128e-01 9.114070368454033622e-01 8.697687313892319416e-01 8.894257227514175135e-01
8.977576660064479075e-01 9.128256710412941954e-01 8.706580875601755976e-01 8.903109159124583671e-01
8.993335164596857334e-01 9.140117982049675849e-01 8.716986702865023862e-01 8.912776522590122319e-01
9.002443291069699427e-01 9.149369497736494772e-01 8.729336871554647104e-01 8.922856063690109973e-01
9.014587459700154071e-01 9.157070185056638278e-01 8.745035628256323523e-01 8.934675186700724581e-01
9.029478523616070174e-01 9.167738546059671645e-01 8.763686903420240260e-01 8.952583480890941026e-01
9.049429657794677562e-01 9.181871396238781013e-01 8.791987873070512549e-01 8.974849788394060335e-01
9.067067616996055124e-01 9.195969609636697184e-01 8.809666977521252162e-01 8.988177683190908818e-01
9.081091240295509071e-01 9.206711753453289404e-01 8.827166050358443705e-01 8.999695126437732284e-01
9.091500527693042732e-01 9.213167178306621574e-01 8.841928642669653060e-01 9.009454905725857721e-01
9.095548583903193540e-01 9.217320659336095678e-01 8.847689654303295681e-01 9.011822867925165514e-01
9.105235004120343367e-01 9.227966400692958482e-01 8.849742014697781212e-01 9.013139793773395914e-01
9.110728794691264065e-01 9.232300386367925382e-01 8.856043121172076926e-01 9.014805252159145965e-01
9.111451661871647900e-01 9.233918524447910503e-01 8.865476777722167689e-01 9.021602875629570750e-01
9.112029955615954524e-01 9.236095124276552104e-01 8.871597852582913113e-01 9.025068506525888434e-01
9.113475689976724414e-01 9.241716742000536389e-01 8.877862952734499880e-01 9.030056158862714843e-01
9.114632277465338772e-01 9.242793830654022491e-01 8.881247547069266446e-01 9.031282052171971664e-01
9.119114053983722323e-01 9.247336444607326955e-01 8.885352267858235287e-01 9.034097059385406414e-01
9.119692347728027837e-01 9.249611910376176471e-01 8.893849760017857875e-01 9.040119322571364968e-01
9.119981494600181149e-01 9.252892561315559927e-01 8.902923353340846946e-01 9.048064093387961915e-01
9.117379172750798011e-01 9.252004227230475886e-01 8.911492858145890761e-01 9.054964796015710915e-01
9.107259032225418771e-01 9.244485313567842866e-01 8.915165503062337793e-01 9.056482197983574123e-01
9.099018346369036614e-01 9.242841940525405864e-01 8.919810318691963058e-01 9.059030365129332463e-01
9.094970290158885806e-01 9.239436382939738568e-01 8.918766135333364709e-01 9.059097778835523140e-01
9.090488513640504475e-01 9.238461019947092900e-01 8.911492858145890761e-01 9.056275015404418038e-01
9.088319912099350750e-01 9.237435503198891951e-01 8.912717073118039401e-01 9.056414534232313240e-01
9.080802093423354648e-01 9.232699650582630868e-01 8.899754796942342949e-01 9.048810756577309045e-01
9.081524960603738483e-01 9.229735686160284169e-01 8.895470044539821597e-01 9.045366144643259831e-01
9.080223799679046914e-01 9.226732265370669595e-01 8.893201646209074607e-01 9.042655361759489585e-01
9.080657519987277437e-01 9.223388792857015739e-01 8.888124754706925312e-01 9.036540899883436229e-01
9.079211785626508657e-01 9.220140523728008741e-01 8.888556830579450452e-01 9.037080655890636915e-01
9.075308302852433950e-01 9.211727651639834979e-01 8.881643616619079307e-01 9.031490213886717022e-01
9.065477309199208023e-01 9.202981040406578161e-01 8.875666567049174116e-01 9.025181369697926614e-01
9.059260651447902379e-01 9.198050093877847555e-01 8.868069232957307424e-01 9.019293902413086927e-01
9.044803307840216799e-01 9.192096278709026569e-01 8.862164196032824570e-01 9.012799687712106378e-01
9.042345559426911983e-01 9.191339779415584887e-01 8.855827083235816577e-01 9.008609583995985659e-01
9.038442076652835055e-01 9.189570598417654557e-01 8.855431013686003716e-01 9.008915829039529921e-01
9.030779684540762853e-01 9.184942697031470704e-01 8.846429433008436982e-01 9.002918981332144188e-01
9.019792103398921457e-01 9.178349289549712076e-01 8.840632415052083193e-01 8.998844938222652079e-01
9.022972718992612329e-01 9.179512004311161100e-01 8.848337768112080060e-01 9.004762398103645094e-01
9.029333950179994073e-01 9.180186827607704769e-01 8.855899095881236693e-01 9.012250418149205800e-01
9.039887811013606056e-01 9.188286064108224238e-01 8.862020170741982117e-01 9.014475066476262954e-01
9.046104468764908368e-01 9.193661124911263194e-01 8.860939981060673709e-01 9.011493298117656536e-01
9.030779684540761743e-01 9.185444793261319241e-01 8.852262457287498609e-01 9.003857077277943599e-01
9.019502956526768145e-01 9.181876691037128557e-01 8.847257578430771652e-01 8.998868216979387658e-01
9.012418858159001456e-01 9.177490345422844031e-01 8.834367314900495316e-01 8.989116419589830986e-01
8.999696395784237968e-01 9.168930314557282024e-01 8.829722499270872271e-01 8.988196954121218107e-01
8.988853388078474893e-01 9.159526173226216761e-01 8.825401740545639750e-01 8.989705397521176033e-01
8.990588269311396985e-01 9.157851113190548231e-01 8.812439464369942188e-01 8.983032385935721953e-01
8.993190591160780123e-01 9.154086350630976643e-01 8.820396861688912793e-01 8.986679417366332245e-01
8.982203010018938727e-01 9.145591159961443672e-01 8.815752046059287528e-01 8.981313956625123218e-01
8.971938296057483386e-01 9.135297932303368951e-01 8.800989453748078173e-01 8.971770100216134303e-01
8.972661163237867221e-01 9.135832491513670162e-01 8.803617915305927966e-01 8.970848723397331081e-01
8.981046422530324369e-01 9.143654733589511308e-01 8.811575312624896350e-01 8.977512234360521814e-01
8.989865402131012040e-01 9.149946933654562464e-01 8.815608020768448405e-01 8.982120256017126492e-01
8.986829359973398379e-01 9.148850192508876100e-01 8.819640728911997130e-01 8.984915142963597612e-01
8.979889835041707791e-01 9.140750569212080512e-01 8.822233184147135754e-01 8.989125476064341314e-01
8.972661163237867221e-01 9.138813189532393189e-01 8.823421392796574336e-01 8.987770879285120751e-01
8.963986757073254541e-01 9.135687713643638741e-01 8.817552362194801541e-01 8.982010726172319215e-01
8.964854197689716697e-01 9.141382911672636391e-01 8.815463995477605952e-01 8.979023424652810004e-01
8.972805736673944432e-01 9.148561767412360934e-01 8.817048273676857395e-01 8.979516970604550785e-01
8.981769289710709314e-01 9.153834263369884372e-01 8.817372330581250139e-01 8.981751859583915198e-01
8.983070450635399773e-01 9.152242940394254012e-01 8.823025323246761475e-01 8.987804092937775602e-01
8.986540213101243957e-01 9.153413461917588867e-01 8.818416513939848489e-01 8.985338471763857360e-01
8.977865806936633497e-01 9.147579530070584219e-01 8.815211951218634434e-01 8.984566272745904136e-01
8.969335974208099138e-01 9.143515422445287477e-01 8.803149833110693878e-01 8.976511475278577956e-01
8.965143344561870009e-01 9.143541419386225222e-01 8.793356113333501423e-01 8.969014968084327855e-01
8.964709624253639486e-01 9.140346034633891614e-01 8.794688347273781348e-01 8.968118780487580599e-01
8.967890239847331468e-01 9.140170139468242194e-01 8.799693226130509416e-01 8.970798276183142850e-01
8.969914267952405762e-01 9.139910199055587547e-01 8.799117124967144044e-01 8.970668256599190205e-01
8.968902253899868615e-01 9.141386712368357870e-01 8.803041814142562593e-01 8.975463553206219913e-01
8.979745261605633910e-01 9.148630689390614412e-01 8.803941972210320710e-01 8.977572049348907512e-01
8.979745261605632800e-01 9.152790208324409482e-01 8.803545902660505629e-01 8.974611694101386483e-01
8.974974338215095937e-01 9.150333051881907043e-01 8.797172783540788688e-01 8.967859027097033753e-01
8.977432086628402974e-01 9.150682206560794008e-01 8.797100770895369681e-01 8.966652166332734764e-01
8.981190995966401580e-01 9.151032799824789787e-01 8.802429706656489383e-01 8.968023854031851316e-01
8.983648744379707507e-01 9.151161621022146919e-01 8.809342920616860528e-01 8.973375666012705087e-01
8.988419667770244370e-01 9.148775491544129945e-01 8.812115407465550554e-01 8.979320824020222691e-01
8.987552227153783324e-01 9.150152145394668812e-01 8.802789769883591076e-01 8.975023947345145414e-01
8.990588269311396985e-01 9.151144171387561865e-01 8.800953447425367004e-01 8.972872797615876195e-01
8.984949905304400186e-01 9.145059501604739793e-01 8.800881434779946888e-01 8.973479981671798056e-01
8.981913863146785415e-01 9.146832109694198465e-01 8.798793068062750189e-01 8.971241142391100931e-01
8.972661163237867221e-01 9.144940992728818330e-01 8.800881434779946888e-01 8.970546144166746672e-01
8.983648744379706397e-01 9.155252402606695039e-01 8.813951729923774625e-01 8.979198950804622159e-01
8.973962324162558790e-01 9.147869634694748564e-01 8.814851887991531632e-01 8.979509100263842747e-01
8.973239456982173845e-01 9.147699234010899794e-01 8.807650623449477800e-01 8.975537747617202688e-01
8.976275499139787506e-01 9.146549665945473695e-01 8.805706282023124665e-01 8.973820078119836285e-01
8.978588674117018442e-01 9.144110096162103574e-01 8.804842130278077716e-01 8.972896066744708854e-01
8.978444100680941231e-01 9.143256913903773375e-01 8.801313510652470917e-01 8.972370969762502035e-01
8.975408058523326460e-01 9.143836806993203004e-01 8.795120423146305377e-01 8.968667856742496003e-01
8.991600283363934132e-01 9.154861431476124523e-01 8.789971518998735966e-01 8.966746999779080518e-01
8.998828955167776922e-01 9.156360805447403273e-01 8.795408473727986953e-01 8.970543532538526321e-01
9.001431277017160060e-01 9.161734334592379625e-01 8.801529548588732377e-01 8.974246065688681329e-01
8.991021989619626398e-01 9.158864787667412299e-01 8.800485365230135137e-01 8.972030875059308075e-01
8.995070045829779426e-01 9.161099813300342953e-01 8.807614617126766632e-01 8.977407599080201583e-01
8.993190591160781233e-01 9.155486091538028726e-01 8.808010686676579493e-01 8.979502544283177734e-01
8.991600283363935242e-01 9.151212930954125691e-01 8.806786471704430852e-01 8.978752185119074358e-01
8.982058436582860406e-01 9.144153115782490682e-01 8.798541023803780892e-01 8.970064128420844884e-01
8.977287513192325763e-01 9.144817763700867630e-01 8.794544321982940005e-01 8.966412025646717243e-01
8.976853792884094130e-01 9.145412167626162381e-01 8.794904385210043918e-01 8.970224574310899923e-01
8.983793317815783608e-01 9.153312702221937380e-01 8.795804543277798704e-01 8.967279208479702612e-01
8.992034003672165765e-01 9.156075222572948036e-01 8.803761940596768198e-01 8.976026005769355276e-01
8.991889430236088554e-01 9.151541604689371612e-01 8.808730813130785098e-01 8.978224195910431416e-01
8.985817345920861232e-01 9.148330236039330376e-01 8.810027040748354965e-01 8.981211987234325456e-01
8.989070248232590155e-01 9.150815932677779374e-01 8.804914142923496723e-01 8.979507209002350887e-01
8.983504170943632516e-01 9.148386720792424098e-01 8.803509896337795571e-01 8.976796917614913163e-01
8.987263080281628902e-01 9.149724009572347549e-01 8.801457535943312260e-01 8.976015819941723928e-01
8.991311136491780820e-01 9.154783966513301285e-01 8.807578610804056574e-01 8.976516560437910464e-01
8.994925472393702215e-01 9.159241295798832283e-01 8.820504880657042968e-01 8.982092054426148442e-01
8.993046017724702912e-01 9.158830876465325899e-01 8.821729095629191608e-01 8.985082158567176958e-01
8.989287108386704306e-01 9.155793694499420043e-01 8.822917304278631301e-01 8.988839038875044984e-01
8.985094478740476287e-01 9.150039446156688072e-01 8.808262730935552121e-01 8.980435191720195220e-01
8.985239052176554608e-01 9.148611832330112437e-01 8.801529548588733487e-01 8.977789592239533434e-01
8.988708814642397682e-01 9.150548937105138503e-01 8.811071224106953315e-01 8.984711345874234478e-01
8.992034003672164655e-01 9.152741071512282556e-01 8.815247957541343382e-01 8.985929399719698729e-01
8.991600283363934132e-01 9.154219500130844622e-01 8.818020444390034518e-01 8.986623823874579919e-01
8.982347583455014828e-01 9.147905994164531318e-01 8.808154711967421946e-01 8.982161833302467757e-01
8.978444100680941231e-01 9.147472880973318565e-01 8.797820897349575286e-01 8.975953750632015282e-01
8.984660758432245764e-01 9.153276623592203620e-01 8.792707999524715934e-01 8.973173716257492050e-01
8.985094478740476287e-01 9.151442000257009601e-01 8.789755481062473397e-01 8.969684226248074710e-01
8.972805736673943322e-01 9.142323174000698272e-01 8.786622930986680569e-01 8.968225885324205837e-01
8.976420072575864717e-01 9.143872969558020092e-01 8.793464132301632707e-01 8.973891464305246979e-01
8.985961919356937333e-01 9.150240297793237332e-01 8.801781592847705005e-01 8.978813571332812105e-01
9.005334759791236987e-01 9.163395405090548618e-01 8.815824058704708754e-01 8.987626739424318112e-01
8.999551822348162977e-01 9.164206488533233053e-01 8.814491824764427719e-01 8.985052966710657119e-01
8.979600688169556699e-01 9.148632740670459285e-01 8.797640865736022775e-01 8.973011520291538368e-01
8.972372016365712799e-01 9.138979612190289981e-01 8.786550918341260452e-01 8.966502257308364143e-01
8.974106897598634891e-01 9.139752581629219108e-01 8.787523089054438685e-01 8.967669099957116252e-01
8.972227442929636698e-01 9.137848634640217682e-01 8.796578679216070507e-01 8.973679280130815172e-01
8.976709219448018029e-01 9.140852209593649524e-01 8.812331445401813124e-01 8.985230028842855488e-01
8.977865806936633497e-01 9.140257341933867297e-01 8.808766819453497376e-01 8.981411984919915881e-01
8.987841374025935526e-01 9.148455481146424706e-01 8.807794648740320254e-01 8.981829573035856606e-01
8.993913458341165068e-01 9.156119628803873756e-01 8.810927198816111972e-01 8.982502502491926943e-01
8.990299122439243673e-01 9.153662922403791313e-01 8.802969801497143587e-01 8.976604502239582395e-01
8.982203010018938727e-01 9.148635730213510175e-01 8.799945270389479823e-01 8.974762217282375998e-01
8.979022394425248965e-01 9.146622765011066525e-01 8.805922319959385014e-01 8.978372628833525271e-01
8.980468128786016635e-01 9.145646826470740232e-01 8.810099053393777302e-01 8.983912548002341847e-01
8.980034408477787222e-01 9.144585323643483754e-01 8.804338041760131350e-01 8.979397696528390593e-01
8.980612702222093846e-01 9.144392092836346464e-01 8.803005807819852535e-01 8.977907919770236056e-01
8.985817345920860122e-01 9.146984805543392216e-01 8.799225143935275328e-01 8.974995560307351683e-01
8.983359597507554195e-01 9.149187892027590419e-01 8.807146534931534765e-01 8.980852830027830080e-01
8.982347583455017048e-01 9.148076588983851121e-01 8.812475470692654467e-01 8.986115852328705467e-01
8.985961919356937333e-01 9.149742810002478022e-01 8.822341203115267039e-01 8.994348793510743567e-01
8.986684786537321168e-01 9.148067092625153940e-01 8.824789633059566540e-01 8.994532875185259346e-01
8.988564241206320471e-01 9.147911345663002347e-01 8.826301898613395647e-01 8.995966782770874470e-01
8.985094478740476287e-01 9.143941865941427327e-01 8.818488526585268605e-01 8.990760743421282175e-01
8.983937891251861929e-01 9.144466086111480152e-01 8.806786471704430852e-01 8.982183689864271514e-01
8.973384030418249946e-01 9.141256910921899959e-01 8.795444480050697011e-01 8.971626761967708141e-01
8.966878225794793211e-01 9.136488769602165716e-01 8.800989453748077063e-01 8.972579390885866424e-01
8.973094883546097744e-01 9.141367759357572620e-01 8.803797946919479367e-01 8.976430889587883044e-01
8.980901849094247158e-01 9.147176381933667111e-01 8.805130180859758182e-01 8.976956175485759637e-01
8.977865806936633497e-01 9.146878967999897414e-01 8.806642446413590619e-01 8.980852879364840113e-01
8.980612702222094956e-01 9.149607188156230198e-01 8.803113826787983820e-01 8.977106176514256797e-01
8.977865806936632387e-01 9.147765328427194254e-01 8.807146534931533655e-01 8.978764421252998229e-01
8.977721233500557396e-01 9.146096047787428684e-01 8.800449358907425079e-01 8.974176015692694186e-01
8.976130925703712515e-01 9.147257649984110728e-01 8.805490244086860985e-01 8.976517129300589648e-01
8.971938296057482276e-01 9.143698289811005298e-01 8.806318389509197875e-01 8.979086851402504621e-01
8.978010380372709598e-01 9.145546099354802116e-01 8.799405175548825619e-01 8.976844926185126861e-01
8.981913863146785415e-01 9.145124887732445362e-01 8.801421529620602202e-01 8.978845492094382763e-01
8.991166563055703609e-01 9.148830857287387763e-01 8.805706282023122444e-01 8.979689994855606372e-01
9.000563836400699014e-01 9.156587626039156547e-01 8.814851887991531632e-01 8.987519428838112168e-01
9.010250256617849951e-01 9.164490224698328413e-01 8.819820760525548531e-01 8.991998655992348155e-01
8.994202605213318380e-01 9.154594406089198166e-01 8.814023742569195852e-01 8.987889642881385921e-01
8.985961919356937333e-01 9.153803592273603851e-01 8.808910844744337609e-01 8.979931135138450315e-01
8.983359597507554195e-01 9.152822971367258198e-01 8.809594964875832046e-01 8.979080380947443984e-01
8.986395639665167856e-01 9.153654290247598135e-01 8.821008969174988223e-01 8.987947281651417208e-01
8.992467723980395178e-01 9.151366705607129060e-01 8.820756924916015596e-01 8.991184996111623029e-01
8.988853388078474893e-01 9.147879118631030426e-01 8.812547483338073473e-01 8.986093257876121010e-01
8.985672772484782911e-01 9.148404371084959408e-01 8.801349516975180975e-01 8.978961980962772982e-01
8.983504170943631406e-01 9.152386352941862535e-01 8.803977978533029658e-01 8.980799153099088272e-01
8.994491752085472802e-01 9.160851904964728565e-01 8.815103932250503149e-01 8.986207637291085959e-01
8.993335164596857334e-01 9.161127030984009822e-01 8.821441045047511142e-01 8.988275000343185495e-01
8.992612297416471279e-01 9.157143657419307692e-01 8.816868242063305994e-01 8.985670303081126908e-01
8.981769289710709314e-01 9.149630181672929741e-01 8.808910844744337609e-01 8.982843422764872354e-01
8.978733247553094543e-01 9.147271938130827618e-01 8.811791350561158920e-01 8.983951842989035264e-01
8.972516589801788900e-01 9.142496636335941673e-01 8.815139938573213207e-01 8.988013886145463927e-01
8.981697002992670154e-01 9.147361596808626372e-01 8.818524532907978664e-01 8.990596328632975975e-01
8.984227038124015241e-01 9.145378768329700536e-01 8.813807704632932172e-01 8.987132684298650975e-01
8.980323555349940534e-01 9.143972385573182482e-01 8.799189137612564160e-01 8.978090704295396129e-01
8.990154549003167572e-01 9.152408836408255643e-01 8.795624511664247303e-01 8.976489329479518942e-01
8.997383220807008142e-01 9.159065779047452782e-01 8.801457535943311150e-01 8.979960162381276367e-01
9.002154144197545005e-01 9.165281531109432667e-01 8.809991034425646017e-01 8.985955419005121625e-01
8.999551822348160757e-01 9.162378845337462163e-01 8.811899369529290205e-01 8.985081818775844109e-01
8.990443695875318664e-01 9.154047497800384958e-01 8.810027040748354965e-01 8.982728783701863229e-01
8.987118506845552801e-01 9.148668758008446922e-01 8.817048273676857395e-01 8.988974306915518131e-01
8.988275094334166049e-01 9.145767599440260964e-01 8.812619495983493589e-01 8.987131710144042884e-01
8.986395639665167856e-01 9.145743640682024722e-01 8.808298737258261069e-01 8.983261791653537331e-01
8.979311541297402277e-01 9.146939821537830584e-01 8.808190718290132004e-01 8.980393973559198662e-01
8.990009975567090361e-01 9.157133868783788877e-01 8.820036798461809990e-01 8.987076802854856439e-01
8.994636325521548903e-01 9.160222478783194289e-01 8.821621076661061434e-01 8.989883270541920712e-01
8.993335164596856224e-01 9.158818356479385692e-01 8.813555660373961764e-01 8.985863433752899754e-01
8.986106492793013434e-01 9.157456129223824348e-01 8.812601492822139670e-01 8.987928190360197078e-01
8.986829359973398379e-01 9.157030697098930139e-01 8.815896071350128871e-01 8.989031475186241016e-01
8.987118506845550581e-01 9.160121720445469906e-01 8.821909127242746340e-01 8.994624983339617463e-01
8.991166563055703609e-01 9.158806176893364848e-01 8.822881297955921243e-01 8.994812333597185239e-01
9.000708409836777335e-01 9.163805275180588739e-01 8.829362436043770579e-01 9.000870132745084629e-01
9.010683976926079364e-01 9.167523224305831331e-01 8.827994195780778375e-01 8.999169114800256164e-01
9.019069236218536512e-01 9.173537817079503442e-01 8.833899232705262339e-01 8.999462490551615179e-01
9.015021180008384594e-01 9.171571101743867249e-01 8.833791213737133274e-01 9.001445885448784434e-01
9.007069641024159079e-01 9.166307879421929927e-01 8.828030202103489543e-01 8.998361616427718035e-01
8.998106087987394197e-01 9.158359920058189996e-01 8.820972962852278165e-01 8.991873287448924890e-01
8.984082464687938030e-01 9.147703983436703545e-01 8.811611318947606408e-01 8.985241260842630195e-01
8.993046017724702912e-01 9.157272838513546009e-01 8.809486945907700761e-01 8.982632507508541142e-01
9.003744451994390996e-01 9.165178263384652357e-01 8.813699685664801997e-01 8.989925327628975893e-01
9.012563431595078667e-01 9.169612970286051823e-01 8.820180823752652444e-01 8.996044554273258109e-01
9.011262270670388208e-01 9.164316855310162824e-01 8.822413215760687155e-01 8.996722579806311071e-01
8.994780898957625004e-01 9.152093645678913703e-01 8.809738990166673389e-01 8.987021723540665752e-01
8.990299122439244783e-01 9.149675509322434674e-01 8.810783173525271739e-01 8.985235382556241435e-01
8.992178577108242976e-01 9.155268185467460018e-01 8.810855186170691855e-01 8.987146625722524096e-01
9.003455305122237684e-01 9.163099464446631259e-01 8.815536008123026068e-01 8.990150394815039636e-01
9.016177767497000062e-01 9.174201560277053247e-01 8.819424690975735670e-01 8.992883434731498982e-01
9.006057626971619712e-01 9.169274145194518111e-01 8.822197177824424585e-01 8.993694198393702433e-01
8.996515780190548206e-01 9.162420982555574689e-01 8.825185702609379401e-01 8.996273704267807592e-01
8.994636325521548903e-01 9.164450848524847704e-01 8.821477051370221201e-01 8.993089213999121423e-01
9.000708409836776225e-01 9.167834744064081720e-01 8.821693089306481550e-01 8.994666990955136887e-01
9.007214214460235180e-01 9.168841349470255864e-01 8.826589949195078333e-01 8.997595536685639717e-01
9.011117697234310997e-01 9.168243942250668965e-01 8.827742151521806857e-01 8.994510663696977382e-01
9.012274284722925355e-01 9.167198775309789438e-01 8.827022025067602362e-01 8.993230528572175864e-01
8.994202605213317270e-01 9.154806743379874101e-01 8.819136640394051874e-01 8.989170849631804572e-01
8.974106897598634891e-01 9.142981046211072771e-01 8.806174364218355421e-01 8.981809028569665010e-01
8.969625121080253560e-01 9.141504713337565979e-01 8.811611318947607518e-01 8.986618370007295464e-01
8.976275499139788616e-01 9.145531872301263521e-01 8.811215249397793547e-01 8.987051382050845749e-01
8.991744856800012453e-01 9.153760642703063777e-01 8.816184121931811557e-01 8.990923380962227984e-01
9.006057626971620822e-01 9.161776597657370624e-01 8.820432868011625072e-01 8.994928228250692603e-01
9.015310326880539016e-01 9.171831616309926716e-01 8.829326429721058300e-01 8.998724289184638625e-01
9.015744047188769539e-01 9.170052607784193732e-01 8.834439327545916543e-01 9.002506543677697426e-01
9.006635920715928556e-01 9.163551674255451251e-01 8.828354259007881177e-01 8.997674212594313214e-01
9.006346773843774134e-01 9.166107118628076256e-01 8.826481930226947048e-01 8.996164025467223713e-01
9.004901039483004244e-01 9.166945286090665279e-01 8.827742151521807967e-01 8.995710898826188018e-01
9.009093669129233373e-01 9.171974310642807549e-01 8.831486809083674006e-01 8.998213383129246568e-01
9.001720423889313372e-01 9.166863471867596758e-01 8.835123447677412090e-01 8.999072464005737348e-01
9.003599878558316005e-01 9.167441056134193467e-01 8.831414796438253889e-01 8.999164803775148158e-01
9.012563431595079777e-01 9.167874958162263166e-01 8.831846872310776808e-01 9.001971415076869265e-01
9.000997556708930647e-01 9.162252350094484132e-01 8.834403321223207595e-01 8.997414463958393060e-01
9.004322745738697620e-01 9.168491184837581631e-01 8.831234764824703598e-01 8.995095807517221598e-01
9.004611892610852042e-01 9.169011750780232672e-01 8.831630834374515349e-01 8.998271516425160321e-01
9.007069641024157969e-01 9.167803640409046828e-01 8.829542467657321980e-01 8.998571202277764192e-01
9.000563836400700124e-01 9.161996620759383925e-01 8.826265892290685589e-01 8.999181757889662681e-01
8.996226633318393784e-01 9.158823277118601780e-01 8.824969664673116831e-01 9.000281066323124746e-01
8.996949500498778729e-01 9.159951864024274970e-01 8.834007251673394734e-01 9.005000980399996413e-01
9.010973123798233786e-01 9.169211506108247978e-01 8.839948294920587646e-01 9.008035265816591863e-01
9.016322340933077273e-01 9.168196957874185093e-01 8.836563700585822190e-01 9.003210517221188480e-01
9.018346369038152677e-01 9.169813575945687800e-01 8.831630834374516459e-01 8.997454150007556661e-01
9.019936676834998668e-01 9.170025497997790209e-01 8.826661961840500670e-01 8.993343899865786639e-01
9.009671962873543327e-01 9.163465029813639973e-01 8.827238063003863822e-01 8.991134279459291889e-01
9.012708005031155878e-01 9.168977932355520943e-01 8.832134922892459494e-01 8.996670076484296619e-01
9.005479333227313088e-01 9.164303788598869849e-01 8.827634132553676682e-01 8.997736101269286912e-01
9.002877011377929950e-01 9.162202838269252192e-01 8.827094037713023589e-01 8.999794465341177663e-01
9.009527389437465006e-01 9.164915171189205179e-01 8.830280597272880394e-01 9.002051129611303715e-01
9.013720019083694135e-01 9.166066437421214186e-01 8.830118568820684022e-01 9.000811257331885473e-01
9.021671558067920760e-01 9.174482085538722131e-01 8.835159454000124368e-01 9.002514651819641944e-01
9.020225823707153090e-01 9.174850967329989393e-01 8.834943416063860688e-01 8.999907629989440938e-01
9.015744047188769539e-01 9.166933069060949624e-01 8.826121866999843135e-01 8.993836231966256811e-01
9.016033194060923961e-01 9.164674895577711311e-01 8.823061329569472644e-01 8.992377820714514414e-01
9.019502956526768145e-01 9.168093144772427872e-01 8.824285544541620174e-01 8.994698147017743395e-01
9.016177767497000062e-01 9.169210127700272439e-01 8.827706145199096799e-01 8.998285873408686797e-01
9.008804522257081171e-01 9.168659279343793767e-01 8.822881297955922353e-01 8.995832222412765145e-01
9.007647934768465703e-01 9.170553462634281061e-01 8.823601424410125738e-01 8.995987822538005219e-01
9.006491347279850235e-01 9.169462710302856978e-01 8.824177525573491110e-01 8.996538647851222148e-01
9.008515375384926749e-01 9.170271541526723302e-01 8.822953310601342469e-01 8.996552335322943739e-01
9.007503361332389602e-01 9.169538954263700692e-01 8.823601424410125738e-01 8.994675091609265483e-01
9.001431277017160060e-01 9.162979764848934172e-01 8.825977841709005123e-01 8.994769776061766198e-01
9.002009570761468904e-01 9.162539248841070627e-01 8.824969664673116831e-01 8.994087169062225939e-01
9.005045612919083675e-01 9.162948025933849161e-01 8.830226587788814197e-01 8.998163631245225114e-01
9.001864997325391693e-01 9.160075999848295014e-01 8.823025323246760365e-01 8.994349544221172943e-01
8.999840969220316289e-01 9.161764319729531758e-01 8.820864943884145770e-01 8.994209352043320838e-01
8.987407653717705003e-01 9.154860265584668921e-01 8.824285544541621285e-01 8.996403682261928658e-01
9.003889025430468207e-01 9.167016316678932020e-01 8.823637430732836906e-01 8.995833588830212113e-01
9.012129711286849254e-01 9.170964233097979035e-01 8.826950012422181135e-01 8.997157781468114734e-01
9.011985137850770933e-01 9.168932811919158210e-01 8.824645607768724087e-01 8.995901306472333658e-01
9.009671962873543327e-01 9.163728927908306732e-01 8.819712741557417246e-01 8.993109620254350345e-01
9.005623906663389189e-01 9.158070925138497298e-01 8.823349380151154220e-01 8.995951176939350757e-01
9.004178172302621519e-01 9.158015240755784658e-01 8.820864943884145770e-01 8.993506785256806246e-01
9.009238242565311694e-01 9.162944936208066160e-01 8.828246240039751003e-01 8.996696784822402204e-01
9.010828550362157685e-01 9.169584123731274738e-01 8.832134922892459494e-01 9.002003335203717649e-01
9.012708005031155878e-01 9.167087163932287064e-01 8.832891055669376268e-01 9.001909949039338388e-01
9.016033194060923961e-01 9.173266893303234637e-01 8.835807567808907637e-01 9.005120378511588530e-01
9.022972718992611219e-01 9.177468997121686067e-01 8.835015428709280805e-01 9.003852364363542637e-01
9.019502956526768145e-01 9.175977848752052690e-01 8.834295302255075200e-01 9.002451056466367341e-01
9.016177767497000062e-01 9.171705815625902369e-01 8.831018726888442139e-01 9.000473153341257415e-01
9.022683572120459017e-01 9.175413829886551742e-01 8.837031782781055167e-01 9.006252135714223339e-01
9.015454900316616227e-01 9.170682782404471212e-01 8.830982720565732080e-01 9.002609417130817970e-01
9.010105683181772740e-01 9.165820209313824130e-01 8.822125165179004469e-01 8.997824906904414721e-01
9.006780494152004657e-01 9.165605903291980106e-01 8.824825639382275488e-01 8.997321400725832863e-01
9.010394830053924942e-01 9.166989594983940837e-01 8.830370613079655540e-01 9.000142591355744237e-01
9.014298312828000759e-01 9.169876972482307043e-01 8.838508042012177546e-01 9.006287414178135720e-01
9.014298312828001869e-01 9.171497449737814334e-01 8.834403321223207595e-01 9.004004859746869149e-01
9.010105683181772740e-01 9.171485618392920536e-01 8.822773278987789958e-01 8.997685068839389455e-01
9.009671962873539997e-01 9.173518090694540161e-01 8.822413215760687155e-01 8.997853837203635408e-01
9.016611487805231695e-01 9.178334447187666001e-01 8.826697968163210728e-01 9.000489648439105039e-01
9.020370397143230301e-01 9.177870266849754710e-01 8.833035080960216501e-01 9.005408994041758097e-01
9.015165753444460695e-01 9.172997203853238135e-01 8.831810865988068970e-01 9.003549588206415377e-01
9.021382411195766338e-01 9.175786616123025041e-01 8.831486809083675116e-01 9.004133101984177490e-01
9.018635515910307099e-01 9.173909898277872177e-01 8.831378790115543831e-01 9.004989854703630003e-01
9.014876606572308493e-01 9.171804705674239111e-01 8.835447504581804834e-01 9.007094265662936028e-01
9.016756061241306686e-01 9.173921367458544029e-01 8.839804269629747413e-01 9.009350346724592784e-01
9.013286298775462502e-01 9.171802619831803671e-01 8.834799390773019345e-01 9.005105244776188123e-01
9.023840159609072265e-01 9.178833726878680155e-01 8.836527694263112132e-01 9.006287104272040489e-01
9.025575040841995467e-01 9.175972709871395017e-01 8.834727378127599229e-01 9.005121425555978609e-01
9.024707600225534421e-01 9.171774766219493724e-01 8.831486809083675116e-01 9.002358632791905846e-01
