8.462316933886566694e-01 8.785896915050721567e-01 8.639861159619628417e-01 8.936990929318922028e-01
8.486460697711402101e-01 8.806415946616275026e-01 8.658872498010651286e-01 8.951577171510542996e-01
8.502363775679856461e-01 8.818386548586991669e-01 8.671222666700272308e-01 8.962171788810899820e-01
8.524483511399616464e-01 8.835331377284137977e-01 8.689225828055406886e-01 8.975140633627476383e-01
8.543133484653530063e-01 8.847907646660631009e-01 8.698875522541757999e-01 8.982540428369752972e-01
8.570313290635978021e-01 8.872726572326986583e-01 8.714538272920724360e-01 8.994911476597939881e-01
8.583903193627202555e-01 8.886003037245130409e-01 8.732721465889410339e-01 9.008196574912699095e-01
8.605878355910884236e-01 8.904729905146915314e-01 8.752056861184824843e-01 9.024396731727200027e-01
8.629010105683181386e-01 8.923033382159299975e-01 8.771500275448369521e-01 9.041180241452464461e-01
8.641732568057944874e-01 8.934517611765723233e-01 8.784858621173876614e-01 9.053263846487916711e-01
8.653876736688400628e-01 8.944256661428429123e-01 8.800737409489106655e-01 9.065464420913693644e-01
8.664864317830243134e-01 8.951105837866683013e-01 8.814923900636951748e-01 9.074891947286388705e-01
8.673827870867008016e-01 8.959672333118495757e-01 8.825527762675126064e-01 9.082270119861317603e-01
8.686839480113923706e-01 8.966694316794013853e-01 8.844449085259371568e-01 9.093714136626976918e-01
8.695513886278534166e-01 8.972339440682950418e-01 8.859139664925161917e-01 9.102395268562977204e-01
8.695080165970303643e-01 8.975125595564787950e-01 8.871777884196465624e-01 9.108910983975745390e-01
8.696815047203227955e-01 8.973888425484319864e-01 8.876566725116930012e-01 9.109769958404132506e-01
8.704188292443146846e-01 8.976103106122073072e-01 8.883767989658983844e-01 9.113875203468528863e-01
8.713440992352066150e-01 8.984505232538122499e-01 8.897126335384493157e-01 9.120782673972911425e-01
8.721537104772369986e-01 8.992385069672197417e-01 8.907352131034209641e-01 9.126339179500086995e-01
8.739175063973745328e-01 9.005496138357307334e-01 8.911960940341122628e-01 9.128138136764105681e-01
8.754788995070045265e-01 9.018576479747961727e-01 8.914193332349161780e-01 9.129078239701796660e-01
8.769390912113808056e-01 9.030292601319042101e-01 8.913437199572246117e-01 9.128198291366597106e-01
8.777920744842342415e-01 9.038628062237541450e-01 8.914265344994580786e-01 9.129929200639981257e-01
8.796281571224103812e-01 9.052709663152648245e-01 8.916389718034485323e-01 9.130724645963739228e-01
8.810160621087481658e-01 9.063744880441511054e-01 8.923662995221961491e-01 9.137922129393986070e-01
8.823750524078706192e-01 9.073727332687181457e-01 8.927083595879437006e-01 9.141307953521722318e-01
8.836472986453469680e-01 9.087658164275356221e-01 8.925463311357474394e-01 9.140005147847959366e-01
8.845581112926309553e-01 9.092865301998153127e-01 8.916821793907010463e-01 9.133180173342040353e-01
8.859604736225765720e-01 9.104584379082301115e-01 8.905587821221405687e-01 9.124680259343624922e-01
8.864520233052378684e-01 9.106683454670958522e-01 8.908000244842994020e-01 9.123167399525289323e-01
8.866688834593532409e-01 9.110492780640193633e-01 8.910088611560189609e-01 9.124810062794630472e-01
8.867411701773917354e-01 9.111015241820361599e-01 8.911024775950657784e-01 9.125029595595745002e-01
8.865965967413147464e-01 9.108421537970509130e-01 8.913077136345142204e-01 9.126120426538023578e-01
8.861917911202996656e-01 9.104603597874922905e-01 8.916569749648037835e-01 9.127873079676023238e-01
8.861917911202994436e-01 9.106632080971842624e-01 8.923554976253830207e-01 9.132477475381475251e-01
8.855412106579536591e-01 9.105395479138107540e-01 8.919270223851307744e-01 9.129661832191201531e-01
8.849050875392154847e-01 9.101985323090336921e-01 8.912429022536356715e-01 9.123577074756411553e-01
8.842472784050658952e-01 9.097817827947097813e-01 8.905263764317014052e-01 9.119523333522323583e-01
8.842978791076927525e-01 9.100916514795154288e-01 8.899070676810847402e-01 9.114200172244295572e-01
8.835894692709160836e-01 9.094258427498679298e-01 8.882435755718703918e-01 9.102837467373616764e-01
8.826641992800241532e-01 9.086940922889752414e-01 8.887566656704918300e-01 9.106907270834707635e-01
8.828376874033165844e-01 9.087673836834657681e-01 8.903247410245238580e-01 9.117064043858642552e-01
8.831557489626855606e-01 9.091032610081695164e-01 8.914913458803365165e-01 9.124973601468797657e-01
8.829388888085702991e-01 9.087871950006682908e-01 8.917505914038504899e-01 9.125500319153793116e-01
8.818112160071709393e-01 9.082181396045461153e-01 8.905767852834958198e-01 9.115084452839079532e-01
8.809148607034943401e-01 9.074486792925160472e-01 8.899322721069820030e-01 9.110438578998729664e-01
8.808714886726713988e-01 9.069026361238028411e-01 8.895794101444213231e-01 9.108718025020885456e-01
8.804233110208330437e-01 9.066372950392082020e-01 8.881571603973658080e-01 9.099511564424935806e-01
8.810738914831789392e-01 9.070201904688036665e-01 8.877538895830108245e-01 9.097327535930500586e-01
8.810449767959636080e-01 9.073228830338849749e-01 8.878403047575154083e-01 9.097403288589023251e-01
8.813196663245095319e-01 9.073031140741341094e-01 8.870337631288052194e-01 9.092501173779797830e-01
8.814931544478017411e-01 9.074973084084616559e-01 8.865944859917402887e-01 9.088197476175527978e-01
8.811028061703942704e-01 9.072631264106110205e-01 8.877934965379919996e-01 9.097541392597727761e-01
8.808425739854559566e-01 9.070813224210160230e-01 8.883227894818330750e-01 9.098562283644561210e-01
8.804811403952638171e-01 9.068564961738239116e-01 8.890501172005804698e-01 9.100865137921696491e-01
8.811895502320403750e-01 9.071844131737802908e-01 8.888016735738795138e-01 9.100012196492827110e-01
8.815076117914095732e-01 9.070038210287738600e-01 8.888376798965897940e-01 9.101484851316116176e-01
8.811028061703941594e-01 9.066200460693787377e-01 8.877718927443658536e-01 9.094803640287243418e-01
8.799895907126025207e-01 9.057897738846081293e-01 8.861696113837589373e-01 9.084526900935032678e-01
8.797293585276640959e-01 9.057910197027229104e-01 8.857087304530675276e-01 9.082118140527593031e-01
8.795703277479794968e-01 9.057948592459247328e-01 8.848589812371052687e-01 9.075336136630119954e-01
8.805823418005176428e-01 9.065921027410522859e-01 8.857339348789647904e-01 9.081217828311444196e-01
8.797293585276642069e-01 9.057936396936525636e-01 8.865188727140485003e-01 9.084156622973547091e-01
8.794546689991180610e-01 9.054710865206286874e-01 8.860291867251889331e-01 9.080287132888905655e-01
8.793100955630411830e-01 9.057225829720427779e-01 8.853774722841331046e-01 9.076008880399268897e-01
8.793823822810796775e-01 9.060200665102184914e-01 8.837319833362737853e-01 9.066501795430107480e-01
8.786016857262646251e-01 9.057774997492408220e-01 8.849021888243576717e-01 9.075045223351545509e-01
8.788908325984183811e-01 9.057335929502470240e-01 8.851758368769555574e-01 9.077453203021317307e-01
8.795269557171566666e-01 9.061356543578269473e-01 8.862704290873476554e-01 9.085198381852429561e-01
8.792378088450027995e-01 9.060292600631120186e-01 8.870373637610764472e-01 9.089742387510555410e-01
8.792378088450027995e-01 9.061648260094181673e-01 8.863460423650393327e-01 9.085677143832383562e-01
8.779800199511341718e-01 9.054982728295395411e-01 8.868069232957307424e-01 9.089429847695390530e-01
8.776619583917650846e-01 9.052210318362734487e-01 8.860831962092543534e-01 9.084608262026041547e-01
8.773438968323961085e-01 9.047742428404810244e-01 8.847077546817221361e-01 9.075033452488184826e-01
8.779944772947418929e-01 9.053098546033904181e-01 8.848301761789370001e-01 9.073634056338892862e-01
8.782836241668956490e-01 9.057814873059976124e-01 8.837787915557973051e-01 9.067063029418692688e-01
8.775318422992959277e-01 9.052603443595621524e-01 8.841532573119840199e-01 9.066741149757682194e-01
8.773294394887883874e-01 9.052634557157133166e-01 8.841280528860866461e-01 9.065975822103695680e-01
8.764330841851117881e-01 9.048253491979389995e-01 8.850102077924882904e-01 9.072884614813723214e-01
8.763897121542887358e-01 9.049138606267890239e-01 8.856835260271704868e-01 9.077345533163497793e-01
8.765053709031502827e-01 9.048518768662467959e-01 8.859715766088525069e-01 9.080862286124600224e-01
8.763029680926427423e-01 9.041487461513088020e-01 8.872281972714409770e-01 9.089583653515009853e-01
8.770113779294191891e-01 9.045930922729845669e-01 8.868933384702353262e-01 9.088404487135376408e-01
8.769680058985962479e-01 9.044674898465540069e-01 8.858707589052637887e-01 9.084508020630859271e-01
8.766644016828348818e-01 9.040381167537763218e-01 8.857699412016749596e-01 9.084427638338067323e-01
8.773294394887883874e-01 9.047693022059184464e-01 8.869401466897588460e-01 9.090666046376558729e-01
8.776908730789805269e-01 9.049999576985300331e-01 8.868393289861700168e-01 9.091064933907999634e-01
8.769246338677730845e-01 9.051531543464967910e-01 8.855395007363293658e-01 9.081180162605788642e-01
8.773728115196113286e-01 9.052635019111265891e-01 8.846069369781333069e-01 9.075078597329679919e-01
8.780523066691726664e-01 9.055733603465853099e-01 8.843440908223483277e-01 9.072975884337974861e-01
8.784860269774033004e-01 9.055222171697588918e-01 8.848409780757500176e-01 9.075821463352122809e-01
8.790643207217105903e-01 9.059826117660865208e-01 8.854098779745722680e-01 9.079628157071406580e-01
8.795992424351948280e-01 9.065732691843918500e-01 8.855070950458902024e-01 9.080346082612945624e-01
8.798739319637409739e-01 9.068797424524548401e-01 8.853666703873199761e-01 9.077620386530550478e-01
8.805245124260866474e-01 9.071078069886684414e-01 8.857123310853386444e-01 9.079242808648668728e-01
8.793968396246873986e-01 9.060889733704080573e-01 8.855647051622265176e-01 9.078244509563353493e-01
8.773583541760037185e-01 9.047909756812331228e-01 8.860327873574599389e-01 9.082660690886308341e-01
8.765342855903655028e-01 9.041228313615076173e-01 8.856259159108339496e-01 9.081161587006298941e-01
8.773149821451806663e-01 9.051728792781122968e-01 8.852784548966798894e-01 9.077235006599538858e-01
8.782257947924648755e-01 9.058426126318539495e-01 8.861228031642356395e-01 9.082247293778388242e-01
8.789052899420259912e-01 9.059426294606659491e-01 8.869761530124689042e-01 9.087935390328887308e-01
8.787173444751260609e-01 9.057071311739263164e-01 8.877106819957585326e-01 9.091941696225673830e-01
8.781535080744263810e-01 9.051648854872610395e-01 8.875810592340015459e-01 9.090446331049961692e-01
8.784715696337954682e-01 9.054984553012358495e-01 8.861966161257917030e-01 9.081472255376039637e-01
8.781679654180341021e-01 9.052751323420248353e-01 8.853450665936938302e-01 9.079242864663048529e-01
8.789342046292414334e-01 9.058541658331984436e-01 8.847869685916847082e-01 9.076646809129353954e-01
8.785438563518338517e-01 9.054600725275051554e-01 8.851110254960772306e-01 9.078157548335675786e-01
8.786595151006952875e-01 9.053375328229287256e-01 8.860435892542730674e-01 9.081699793938071696e-01
8.795269557171565555e-01 9.057529257074823370e-01 8.870013574383661670e-01 9.088888020765867326e-01
8.793679249374719564e-01 9.059283393630783721e-01 8.867637157084784505e-01 9.086872499298848105e-01
8.791799794705721371e-01 9.060547462677326358e-01 8.882003679846182109e-01 9.097779455209478172e-01
8.786884297879107297e-01 9.056334317069810735e-01 8.882651793654964267e-01 9.098230697362377217e-01
8.787173444751260609e-01 9.058013384963380377e-01 8.882183711459731290e-01 9.097686374218969529e-01
8.797871879020946473e-01 9.063881806866811441e-01 8.879411224611042375e-01 9.096044642323410923e-01
8.799895907126025207e-01 9.063342243646825835e-01 8.870445650256184589e-01 9.090969318168817814e-01
8.801197068050716776e-01 9.063276827408909275e-01 8.868141245602727540e-01 9.088225257711117777e-01
8.790643207217104793e-01 9.057396047938605088e-01 8.859067652279739580e-01 9.079904783512884325e-01
8.782691668232878168e-01 9.051011696723405553e-01 8.861588094869459198e-01 9.082618736529876058e-01
8.781390507308186599e-01 9.050369074003938863e-01 8.865692815658428039e-01 9.085426837923935572e-01
8.782402521360724856e-01 9.055633172578818613e-01 8.870913732451417566e-01 9.091052847220537636e-01
8.778932758894881783e-01 9.054330168907652743e-01 8.877718927443658536e-01 9.096572575222585666e-01
8.781101360436034398e-01 9.055340898674101302e-01 8.874370339431605359e-01 9.094341866803056229e-01
8.786595151006953985e-01 9.057760666510368264e-01 8.868393289861699058e-01 9.090894048695743468e-01
8.790932354089260325e-01 9.059519537151654589e-01 8.873146124459454498e-01 9.094522388795815981e-01
8.772137807399267295e-01 9.048673765430657046e-01 8.859571740797684836e-01 9.083216108687498513e-01
8.782257947924647645e-01 9.055900610671948625e-01 8.858311519502825027e-01 9.082406948263995750e-01
8.784571122901878582e-01 9.058281812789368281e-01 8.856943279239835043e-01 9.081441202218756281e-01
8.787318018187337820e-01 9.058943628066925546e-01 8.872606029618801404e-01 9.090994439799424676e-01
8.784860269774030783e-01 9.057316671465143187e-01 8.879951319451695468e-01 9.097060659530384896e-01
8.782113374488571544e-01 9.054937068262813860e-01 8.875918611308145634e-01 9.096242609182085825e-01
8.794691263427257821e-01 9.064390243856690343e-01 8.873866250913660103e-01 9.094612027883395289e-01
8.781535080744263810e-01 9.054304295300372729e-01 8.864504607008990567e-01 9.087494875871522382e-01
8.783848255721493636e-01 9.055318027040899498e-01 8.860543911510861959e-01 9.085945208994872235e-01
8.775318422992960388e-01 9.050871886825412327e-01 8.868933384702353262e-01 9.090274894932265370e-01
8.777920744842342415e-01 9.051314591771976170e-01 8.879627262547303834e-01 9.095593699408225374e-01
8.786016857262646251e-01 9.057614954986233924e-01 8.887440634575430876e-01 9.100795430036831002e-01
8.790932354089259215e-01 9.059633953947890950e-01 8.887584659866272219e-01 9.101195325631001865e-01
8.791076927525336426e-01 9.059066642246322854e-01 8.878259022284313851e-01 9.093675059371937319e-01
8.792522661886104096e-01 9.064153513558663722e-01 8.862920328809739123e-01 9.084650150536470736e-01
8.797149011840563748e-01 9.065244804366915377e-01 8.867817188698334796e-01 9.088638858912527763e-01
8.792956382194336840e-01 9.065731268722563296e-01 8.869473479543007466e-01 9.088546793075633623e-01
8.803076522719714969e-01 9.072638360403102453e-01 8.874046282527212615e-01 9.091007664178804015e-01
8.809582327343175034e-01 9.074618762021778862e-01 8.876710750407771355e-01 9.092430108192014471e-01
8.804955977388714272e-01 9.071508016234954841e-01 8.870661688192447158e-01 9.089496751379362305e-01
8.795992424351949390e-01 9.063256458737587451e-01 8.856871266594414926e-01 9.080264286125186990e-01
8.787462591623413921e-01 9.057498130138594838e-01 8.862164196032822350e-01 9.082708413710592898e-01
8.781824227616417122e-01 9.053352513528531986e-01 8.867637157084784505e-01 9.087265775160142667e-01
8.790209486908875380e-01 9.066907633717056214e-01 8.876854775698612698e-01 9.093474647368211539e-01
8.793823822810796775e-01 9.068414488496474579e-01 8.878187009638892624e-01 9.093524314571626022e-01
8.795558704043719978e-01 9.070869926977671582e-01 8.866989043275999016e-01 9.085495343949890890e-01
8.792088941577874683e-01 9.065151145918236564e-01 8.858131487889273625e-01 9.078650037239305304e-01
8.787896311931646665e-01 9.064046654008233173e-01 8.866881024307868842e-01 9.084770159890090957e-01
8.787028871315185619e-01 9.062260267812219938e-01 8.879267199320199921e-01 9.093525501645371989e-01
8.783269961977187013e-01 9.056710986605781555e-01 8.885388274180945345e-01 9.097455353543087986e-01
8.779366479203111195e-01 9.052036374310488132e-01 8.880527420615060841e-01 9.095763513344150564e-01
8.787751738495568343e-01 9.058005013267957928e-01 8.878187009638891514e-01 9.095036645856804380e-01
8.789775766600644857e-01 9.061867798842376809e-01 8.877250845248426669e-01 9.093935869611635692e-01
8.776475010481574746e-01 9.057248359913419034e-01 8.864216556427308991e-01 9.086295502421468662e-01
8.785583136954415728e-01 9.061335454294237035e-01 8.861048000028804994e-01 9.084080842398242206e-01
8.798883893073488061e-01 9.066920258654642684e-01 8.871417820969361712e-01 9.092781150209636731e-01
8.807847446110251832e-01 9.067930805251547266e-01 8.873758231945529928e-01 9.093890197269625109e-01
8.809437753907096713e-01 9.069202897873849256e-01 8.879807294160855236e-01 9.098136396092816325e-01
8.805245124260867584e-01 9.069983981511915427e-01 8.885388274180946455e-01 9.100236367374350266e-01
8.794546689991182831e-01 9.067304511286446989e-01 8.881607610296368138e-01 9.096439760884111880e-01
8.803799389900101025e-01 9.072046491353723541e-01 8.882327736750573743e-01 9.096448981724282179e-01
8.803799389900099914e-01 9.073398065992737127e-01 8.881715629264499423e-01 9.096366841271679160e-01
8.809148607034943401e-01 9.073650741514445173e-01 8.876026630276275808e-01 9.093973895617818437e-01
8.805967991441253639e-01 9.068534652291805331e-01 8.869581498511138751e-01 9.090462654612377902e-01
8.800040480562103529e-01 9.065225682365953830e-01 8.875882604985436686e-01 9.094701497148903746e-01
8.797293585276642069e-01 9.065543909297130165e-01 8.874406345754313197e-01 9.093917875381628546e-01
8.787318018187337820e-01 9.060136756546758319e-01 8.877934965379921106e-01 9.094896400287331151e-01
8.780956786999956076e-01 9.054857907535205364e-01 8.871597852582913113e-01 9.090593390428658438e-01
8.784426549465802481e-01 9.056582760081289818e-01 8.872137947423566207e-01 9.090460853265158736e-01
8.795992424351950500e-01 9.062715136368464375e-01 8.873686219300109812e-01 9.091941787572694889e-01
8.805534271133022006e-01 9.070094971547260077e-01 8.874046282527211504e-01 9.093008005588576470e-01
8.807413725802021309e-01 9.072644728588863394e-01 8.881499591328236853e-01 9.098017071702027003e-01
8.807702872674173511e-01 9.075564927496678758e-01 8.878547072865995426e-01 9.096427560810808055e-01
8.802931949283638868e-01 9.071281240078721275e-01 8.880779464874031248e-01 9.098791637938296040e-01
8.794980410299412243e-01 9.064088015018378908e-01 8.885244248890105112e-01 9.102970405256569641e-01
8.798883893073485840e-01 9.066663963431103035e-01 8.892013437559636024e-01 9.105405866311711005e-01
8.803799389900099914e-01 9.070450120875912514e-01 8.890573184651224814e-01 9.102687993144185086e-01
8.803221096155793290e-01 9.071163645832684974e-01 8.892985608272813147e-01 9.104286931832277219e-01
8.804522257080484859e-01 9.073002920577277752e-01 8.884812173017582193e-01 9.100643232606069333e-01
8.809437753907097823e-01 9.073134887059509657e-01 8.897738442870568587e-01 9.110069437274528337e-01
8.807992019546329043e-01 9.074389804474988219e-01 8.879267199320201032e-01 9.098260784226890330e-01
8.810594341395712181e-01 9.071473288935377743e-01 8.876458706148799838e-01 9.096901800545766914e-01
8.822160216281860201e-01 9.077628941954403174e-01 8.886000381667020775e-01 9.104579042380233078e-01
8.810160621087481658e-01 9.071951172875187819e-01 8.900114860169445752e-01 9.112987594020355298e-01
8.804088536772254336e-01 9.074356758336414863e-01 8.892121456527766199e-01 9.105615351587753592e-01
8.792088941577875794e-01 9.069858159324599711e-01 8.886252425925993403e-01 9.100835145861078113e-01
8.793679249374719564e-01 9.070259490382066581e-01 8.886612489153093986e-01 9.100717332742888077e-01
8.799895907126025207e-01 9.070822818888477634e-01 8.878367041252444025e-01 9.098308849093930117e-01
8.804955977388713162e-01 9.073521217633025993e-01 8.876026630276276919e-01 9.098441673474118030e-01
8.810160621087481658e-01 9.075382046945287273e-01 8.892553532400289118e-01 9.108469948941592120e-01
8.812329222628633163e-01 9.077575174440706274e-01 8.898926651520008280e-01 9.111434575473240649e-01
8.808570313290636777e-01 9.075147586609186856e-01 8.891725386977953338e-01 9.106069181956008007e-01
8.807558299238097410e-01 9.073355460161236508e-01 8.887296609284589533e-01 9.101807515188884423e-01
8.803510243027946602e-01 9.070994432585867129e-01 8.871741877873753346e-01 9.092010736871698473e-01
8.800618774306409042e-01 9.067508135776056744e-01 8.878763110802256886e-01 9.096174976099316023e-01
8.801630788358947299e-01 9.071164403997881154e-01 8.894389854858513189e-01 9.106376276406635828e-01
8.815654411658402356e-01 9.078224558829822710e-01 8.900240882298932066e-01 9.110278478650150058e-01
8.815076117914094622e-01 9.077067364500893687e-01 8.897090329061783098e-01 9.108492226987190410e-01
8.817244719455248347e-01 9.077601082741448835e-01 8.903355429213370975e-01 9.113006879800167326e-01
8.812618369500788695e-01 9.074309779846272406e-01 8.894749918085615992e-01 9.107891876973147616e-01
8.810594341395712181e-01 9.075570263193895038e-01 8.887620666188982277e-01 9.103858394626928030e-01
8.813919530425480264e-01 9.075405197967207904e-01 8.889276957033656057e-01 9.105471114201750815e-01
8.808859460162788979e-01 9.073108157796861972e-01 8.896478221575707668e-01 9.109151292816252132e-01
8.808570313290635667e-01 9.071521692527175773e-01 8.884416103467769332e-01 9.101568007897393731e-01
8.802064508667177822e-01 9.062559573030130045e-01 8.877430876861975850e-01 9.098694986142752406e-01
8.804666830516560960e-01 9.064728299368610687e-01 8.889709032906177866e-01 9.105339340164725348e-01
8.803510243027946602e-01 9.067521002493772464e-01 8.888016735738795138e-01 9.103567269551211538e-01
8.800185053998178519e-01 9.067058560122769340e-01 8.872786061232352806e-01 9.094155698717092395e-01
8.802931949283639979e-01 9.068461493554903496e-01 8.871345808323942705e-01 9.092785968736585289e-01
8.804233110208330437e-01 9.070532589800147649e-01 8.876998800989455152e-01 9.095901745722699827e-01
8.813774956989401943e-01 9.075654889386437496e-01 8.885316261535525229e-01 9.102354324846930744e-01
8.814497824169787998e-01 9.073405769377288488e-01 8.888988906451973371e-01 9.106010510907243116e-01
8.814786971041941310e-01 9.073195748562958851e-01 8.896694259511970237e-01 9.111176028097017765e-01
8.809726900779251135e-01 9.072040509221014348e-01 8.894713911762904823e-01 9.109465345238246803e-01
8.802498228975408345e-01 9.069850101983671919e-01 8.886972552380197898e-01 9.102986580641112546e-01
8.789197472856338234e-01 9.061629957525363377e-01 8.894173816922250619e-01 9.107240086220148578e-01
8.786306004134800673e-01 9.060860004600557183e-01 8.894929949699167393e-01 9.107834115429369604e-01
8.792088941577875794e-01 9.059693303823961319e-01 8.895109981312718794e-01 9.108717881905884495e-01
8.799895907126024097e-01 9.062742868314672684e-01 8.887800697802533678e-01 9.106083928436001784e-01
8.800185053998178519e-01 9.062825172786295180e-01 8.889204944388234830e-01 9.108385740574839184e-01
8.795703277479797189e-01 9.062759751521243246e-01 8.889168938065524772e-01 9.106215898808950326e-01
8.799751333689947996e-01 9.063908290155963110e-01 8.874550371045154540e-01 9.096313625979193240e-01
8.795847850915872179e-01 9.064390716573239581e-01 8.879447230933752433e-01 9.097122845077398878e-01
8.794691263427258932e-01 9.063762738449450129e-01 8.880887483842163643e-01 9.099226092314556258e-01
8.799173039945640262e-01 9.066309666177918558e-01 8.892013437559636024e-01 9.107152906731823538e-01
8.804233110208330437e-01 9.069403437704544046e-01 8.894317842213091962e-01 9.109724464603817795e-01
8.808425739854559566e-01 9.071818751606917086e-01 8.894101804276831613e-01 9.112033257219354088e-01
8.821437349101477476e-01 9.079550691849596067e-01 8.877970971702631164e-01 9.102308028237769966e-01
8.811317208576094906e-01 9.072153534456152135e-01 8.879483237256462491e-01 9.101908963537422848e-01
8.807124578929867997e-01 9.069639922922274611e-01 8.883083869527489407e-01 9.101985738891026356e-01
8.796136997788027712e-01 9.064435209016844519e-01 8.877754933766369705e-01 9.096874926763884872e-01
8.794546689991180610e-01 9.065498013079076323e-01 8.877610908475528362e-01 9.096890762991323154e-01
8.798016452457024794e-01 9.066110100091272495e-01 8.881175534423844109e-01 9.099715417251733607e-01
8.803221096155792180e-01 9.068101590206507634e-01 8.895181993958138911e-01 9.109659990711620470e-01
8.802931949283637758e-01 9.067393703063071353e-01 8.896442215252999830e-01 9.110667118994146829e-01
8.807558299238097410e-01 9.071826895524472967e-01 8.895938126735054574e-01 9.109916846141338231e-01
8.803943963336176015e-01 9.066437569663267082e-01 8.887440634575433096e-01 9.104005273734407933e-01
8.796426144660179913e-01 9.060825921841509922e-01 8.875846598662724407e-01 9.096401354459751065e-01
8.801919935231101721e-01 9.064853537428596564e-01 8.876566725116931122e-01 9.097664094584348993e-01
8.794691263427258932e-01 9.061659423285614023e-01 8.864180550104598932e-01 9.090929452492610974e-01
8.800040480562101308e-01 9.064747481019372888e-01 8.873776235106884958e-01 9.098688905758837153e-01
8.809004033598866190e-01 9.071894079686408929e-01 8.876530718794221064e-01 9.100954555078515362e-01
8.815798985094480678e-01 9.074950972412957340e-01 8.890033089810569500e-01 9.108878541129786788e-01
8.813774956989404163e-01 9.073846862635819299e-01 8.890789222587487384e-01 9.109272688041276655e-01
8.813774956989401943e-01 9.072487283375090250e-01 8.889348969679075063e-01 9.107517535083876625e-01
8.807558299238098520e-01 9.067641802235427706e-01 8.882327736750573743e-01 9.101084965029295759e-01
8.809148607034944511e-01 9.070952166117846049e-01 8.879555249901882608e-01 9.098401724454181494e-01
8.800907921178562354e-01 9.065972711710346132e-01 8.881391572360106679e-01 9.099799025823177567e-01
8.801052494614639565e-01 9.067948671733883081e-01 8.893561709436177409e-01 9.108735954947666524e-01
8.799462186817794684e-01 9.065675074501924335e-01 8.902851340695425719e-01 9.114785479067807339e-01
8.804522257080483749e-01 9.068007639345261328e-01 8.896694259511970237e-01 9.109604476960178054e-01
8.796570718096258235e-01 9.065729476177171176e-01 8.888736862193001853e-01 9.103094562234674836e-01
8.798161025893103115e-01 9.068197923838462460e-01 8.887656672511692335e-01 9.103615214695934821e-01
8.797582732148795381e-01 9.070117220291162852e-01 8.880491414292350782e-01 9.100159727606316196e-01
8.804666830516560960e-01 9.071089265359433274e-01 8.878187009638893734e-01 9.100157923277965022e-01
8.807558299238097410e-01 9.073585073495877840e-01 8.879699275192725061e-01 9.102251916840942148e-01
8.813341236681171420e-01 9.077998913353926280e-01 8.894965956021876341e-01 9.111489197373576765e-01
8.816955572583093925e-01 9.078260193709565273e-01 8.902131214241221224e-01 9.116310595141272621e-01
8.813196663245095319e-01 9.072578989167194852e-01 8.902779328050005603e-01 9.116722995056295575e-01
8.813919530425480264e-01 9.072490102918207011e-01 8.906379960321031408e-01 9.120631533876272234e-01
8.807558299238098520e-01 9.071801082944945804e-01 8.896874291125521639e-01 9.112615097130850605e-01
8.808570313290636777e-01 9.075068824989198646e-01 8.880239370033378155e-01 9.101030537347639671e-01
8.807413725802020199e-01 9.072565052186718493e-01 8.859247683893292091e-01 9.088714485654909581e-01
8.810160621087481658e-01 9.071154498985793957e-01 8.855322994717871321e-01 9.085105161122256634e-01
8.820714481921090311e-01 9.076686013422060606e-01 8.874442352077024365e-01 9.097426911540282823e-01
8.825629978747704385e-01 9.080668019711135575e-01 8.893417684145334956e-01 9.110479377055349381e-01
8.823750524078706192e-01 9.085067073002652815e-01 8.901447094109724567e-01 9.117017306270401855e-01
8.818835027252092118e-01 9.079825233445890653e-01 8.905623827544116855e-01 9.120014583719251444e-01
8.817389292891324448e-01 9.079138975906690945e-01 8.906812036193556548e-01 9.121216304230440608e-01
8.821581922537553577e-01 9.080019699128034638e-01 8.904903701089911250e-01 9.118758241686916177e-01
8.829244314649625780e-01 9.086302885687630448e-01 8.913185155313272379e-01 9.122751052873424582e-01
8.824473391259088917e-01 9.085200075342513282e-01 8.922978875090467055e-01 9.127847058493021581e-01
8.823461377206551770e-01 9.085077990422468774e-01 8.906343953998321350e-01 9.116020396845438967e-01
8.819268747560322641e-01 9.081115941859224661e-01 8.899250708424399914e-01 9.111655219623164825e-01
8.821726495973631899e-01 9.082421469763847233e-01 8.902239233209352509e-01 9.112558005230341207e-01
8.831268342754703404e-01 9.086333599093572300e-01 8.903283416567949748e-01 9.114989121716083886e-01
8.831702063062931707e-01 9.086911656541736271e-01 8.896262183639447318e-01 9.111627072142686190e-01
8.819702467868553164e-01 9.080546902147872412e-01 8.895470044539820487e-01 9.110751937872276773e-01
8.817823013199554971e-01 9.084040199740315291e-01 8.892553532400289118e-01 9.108516049879209486e-01
8.815220691350172944e-01 9.082122441945826852e-01 8.887260602961880585e-01 9.104780118856273807e-01
8.813774956989401943e-01 9.080524620813887893e-01 8.877790940089079763e-01 9.098945585820455983e-01
8.826786566236319853e-01 9.085137892461544462e-01 8.880707452228611132e-01 9.100460107150381006e-01
8.830256328702165147e-01 9.085943104952337590e-01 8.882579781009545261e-01 9.101211757895820709e-01
8.831268342754701184e-01 9.086623936788851275e-01 8.900870992946362525e-01 9.112995371767402819e-01
8.829822608393933514e-01 9.087817805117328618e-01 8.903751498763181615e-01 9.114018654261804020e-01
8.827798580288857000e-01 9.087140067007941635e-01 8.905155745348883878e-01 9.114022959759485731e-01
8.820425335048936999e-01 9.081824391932497020e-01 8.903499454504211208e-01 9.114532671181656553e-01
8.826063699055936018e-01 9.081650137328098893e-01 8.893021614595523205e-01 9.107503260111473598e-01
8.829822608393933514e-01 9.083023628286388540e-01 8.899682784296922833e-01 9.112767158575012516e-01
8.823461377206551770e-01 9.081043641307254832e-01 8.902707315404585486e-01 9.113291002426389120e-01
8.819702467868554274e-01 9.079816932514999106e-01 8.893309665177204781e-01 9.106189554316641566e-01
8.825196258439474972e-01 9.085855095287844740e-01 8.889997083487860552e-01 9.104356277650824669e-01
8.825051685003397761e-01 9.085544537775677165e-01 8.899934828555895461e-01 9.112366108193628023e-01
8.819847041304631485e-01 9.081131567036845320e-01 8.900654955010098845e-01 9.113090048987310121e-01
8.817678439763476650e-01 9.077259064726623805e-01 8.895434038217110428e-01 9.111020404888079405e-01
