8.796570718096257124e-01 9.010954453980781764e-01 8.677091697302046214e-01 8.874868894942398168e-01
8.805967991441253639e-01 9.015388845887724045e-01 8.688649726892041514e-01 8.883644451928595087e-01
8.814642397605865209e-01 9.021105120663341914e-01 8.699127566800730627e-01 8.890694766696756179e-01
8.828666020905320266e-01 9.029882363530237210e-01 8.711477735490351648e-01 8.899980963464462214e-01
8.838930734866774497e-01 9.041837645391443967e-01 8.727320517482870521e-01 8.913861790071715419e-01
8.849773742572539792e-01 9.049421980739028593e-01 8.736106060224175796e-01 8.920726934778455686e-01
8.865387673668840840e-01 9.064514293792360622e-01 8.749464405949685109e-01 8.929468083906051401e-01
8.877387268863220493e-01 9.075422924476772568e-01 8.755477461842298137e-01 8.933927846370366410e-01
8.888374850005059669e-01 9.086754089850529459e-01 8.761832577800661159e-01 8.937928967182479090e-01
8.901820179560206991e-01 9.098829182223252543e-01 8.777621350309114945e-01 8.950778476798525451e-01
8.920903873122352223e-01 9.114341295402806908e-01 8.794004227142284691e-01 8.965363125204810490e-01
8.928132544926195013e-01 9.119218342888411044e-01 8.803509896337797791e-01 8.973950539183186415e-01
8.939987566684497455e-01 9.129325212270729129e-01 8.818488526585266385e-01 8.985513727737760581e-01
8.947216238488338025e-01 9.132620599204968048e-01 8.830010549852553847e-01 8.994063175930726572e-01
8.957770099321950008e-01 9.139752577968607294e-01 8.846033363458623011e-01 9.006452522141991102e-01
8.968613107027714193e-01 9.149396324164045247e-01 8.866592973726186155e-01 9.023234176712204846e-01
8.982636730327169250e-01 9.158433050063587988e-01 8.882543774686835203e-01 9.035257741062890924e-01
8.995937486446240472e-01 9.166105816439948928e-01 8.896226177316737260e-01 9.045152521783141886e-01
9.008949095693158382e-01 9.174492639731699484e-01 8.909116440847013596e-01 9.054059414074000500e-01
9.016322340933078383e-01 9.180446647953319772e-01 8.917361888747663556e-01 9.060569539965986907e-01
9.022972718992612329e-01 9.186114151402476891e-01 8.922294754958970397e-01 9.064914756492530312e-01
9.030924257976840064e-01 9.192811141902463845e-01 8.932088474736162853e-01 9.071612796181232063e-01
9.045815321892755057e-01 9.204669797052051905e-01 8.942206251417749163e-01 9.077710740985073246e-01
9.055935462418135407e-01 9.210514925133936881e-01 8.952432047067464538e-01 9.086123358505602265e-01
9.064465295146669765e-01 9.218133903588268119e-01 8.965970424406526362e-01 9.095789830446584512e-01
9.074440862235971794e-01 9.224561446812721277e-01 8.975764144183717708e-01 9.101915417903101435e-01
9.094681143286731384e-01 9.236618582939271072e-01 8.984729718538575494e-01 9.109017550833321542e-01
9.107692752533649294e-01 9.244344519139303662e-01 8.999276272913524499e-01 9.122040729239873080e-01
9.115065997773568185e-01 9.248862857801599668e-01 9.007449708168754343e-01 9.127633419571203888e-01
9.124607844554640801e-01 9.258390792015779303e-01 9.008997980045295728e-01 9.129106692077174623e-01
9.119114053983721213e-01 9.252964351174318702e-01 9.008565904172773919e-01 9.129278948726874399e-01
9.123162110193873131e-01 9.254496642541574225e-01 9.005181309838006243e-01 9.124880179169274630e-01
9.126487299223641214e-01 9.253212814874013370e-01 9.004929265579035835e-01 9.125908108726543677e-01
9.127065592967947838e-01 9.252230624938070358e-01 9.007809771395857146e-01 9.128158596139936964e-01
9.116656305570414176e-01 9.243308252129438518e-01 9.005361341451558754e-01 9.128195545849411285e-01
9.112174529052030625e-01 9.241568861325675233e-01 9.014290909483705372e-01 9.134470758928239231e-01
9.102777255707035220e-01 9.234277494798095454e-01 9.012886662898004220e-01 9.131771919228710566e-01
9.102054388526651385e-01 9.233514727235171415e-01 9.005865429969502900e-01 9.126649918179691179e-01
9.101186947910190339e-01 9.233884561139142910e-01 9.004821246610903440e-01 9.124863809961178962e-01
9.096416024519654586e-01 9.230113092101590588e-01 9.003561025316044741e-01 9.125623411079402114e-01
9.096416024519655696e-01 9.231720163832566328e-01 8.992255039985022069e-01 9.117307173217154004e-01
9.088175338663273539e-01 9.226070161176519457e-01 8.984621699570444209e-01 9.112030514621889399e-01
9.060561812372596169e-01 9.205241531404311228e-01 8.978752668968670303e-01 9.108441522651368194e-01
9.043646720351601331e-01 9.193825905974106760e-01 8.971371372813066181e-01 9.102895063492034700e-01
9.038008356344605643e-01 9.190486710111046564e-01 8.960785513936246893e-01 9.096989001667930008e-01
9.040610678193989891e-01 9.193788066821004801e-01 8.956212710952042855e-01 9.093431194771548487e-01
9.032659139209762156e-01 9.185245035931456359e-01 8.958769159864472531e-01 9.092668248776025752e-01
9.024273879917302787e-01 9.176914941712627227e-01 8.959093216768865275e-01 9.092574822692198744e-01
9.004178172302619299e-01 9.162051708111931259e-01 8.964674196788956495e-01 9.094337910219600918e-01
8.999262675476009665e-01 9.158246393577564870e-01 8.969607063000263336e-01 9.097418865623770889e-01
9.001575850453238381e-01 9.161475974156222390e-01 8.962945893298862599e-01 9.092835989957217535e-01
8.999840969220315179e-01 9.159303034600533300e-01 8.957688970183164123e-01 9.088665352454925461e-01
8.998106087987393087e-01 9.160199915687372574e-01 8.955996673015781395e-01 9.086032993516159895e-01
9.008804522257080061e-01 9.167454695320446101e-01 8.962297779490078220e-01 9.088608522773000686e-01
9.021526984631844659e-01 9.177779879235810068e-01 8.965754386470263793e-01 9.089080262394056975e-01
9.028755656435687449e-01 9.182227652843899524e-01 8.968670898609796271e-01 9.089964266898366008e-01
9.012708005031155878e-01 9.172467567517924580e-01 8.962549823749050848e-01 9.086640285967888531e-01
9.001286703581085069e-01 9.168145432530216965e-01 8.949983617123167257e-01 9.077932524291347782e-01
8.999118102039931344e-01 9.170624911314193550e-01 8.955852647724942273e-01 9.081228666867233734e-01
8.994780898957623894e-01 9.169786465186549052e-01 8.959489286318677026e-01 9.084173113808673428e-01
8.989576255258858728e-01 9.169108507857843815e-01 8.960785513936245783e-01 9.084867401144135490e-01
8.981190995966400470e-01 9.164261709722046900e-01 8.964854228402507896e-01 9.087966567362902870e-01
8.986106492793015654e-01 9.167516845203570464e-01 8.980264934522501630e-01 9.097575484817470581e-01
8.980757275658171057e-01 9.163340284315326656e-01 8.988618401391286206e-01 9.102959274722185468e-01
8.978010380372709598e-01 9.162902425361035830e-01 8.992543090566702535e-01 9.105639388752638785e-01
8.970347988260638505e-01 9.155740777015892728e-01 8.990886799722029865e-01 9.105292431959913779e-01
8.971721435903368125e-01 9.154889518224227363e-01 8.998160076909506033e-01 9.110034288851127648e-01
8.980034408477788332e-01 9.159593224862615513e-01 9.002516841957448612e-01 9.112828072882093178e-01
8.977142939756248552e-01 9.155097825759098695e-01 9.002156778730344699e-01 9.110321838521469040e-01
8.973528603854328267e-01 9.150966264195139477e-01 8.990058654299696306e-01 9.105653934756756662e-01
8.972805736673944432e-01 9.151840147447869445e-01 8.974323891275306497e-01 9.095862666656200357e-01
8.959794127427025412e-01 9.141132760087307130e-01 8.965250297952320757e-01 9.088378537419466996e-01
8.956902658705488962e-01 9.141167943008845498e-01 8.975224049343063504e-01 9.093837328942208087e-01
8.956179791525105127e-01 9.140973054051692026e-01 8.976772321219607109e-01 9.095079139107945521e-01
8.954444910292183035e-01 9.138757914387448666e-01 8.976052194765400394e-01 9.097450195899353664e-01
8.951264294698492163e-01 9.134626458295840301e-01 8.964494165175402873e-01 9.092811237280516989e-01
8.942011594789572859e-01 9.125667249039223217e-01 8.957040856374378635e-01 9.086108454670365209e-01
8.936228657346499960e-01 9.120693605448757513e-01 8.957869001796715525e-01 9.084158939060269500e-01
8.933048041752809088e-01 9.117665224074618102e-01 8.955456578175127191e-01 9.082348102744659535e-01
8.942011594789573969e-01 9.123619736103816269e-01 8.958265071346527275e-01 9.084202736194024741e-01
8.941144154173114034e-01 9.125114362207775720e-01 8.959057210446154107e-01 9.086352452335210161e-01
8.938252685451575363e-01 9.126038146049474387e-01 8.967734734219329207e-01 9.090944507037601596e-01
8.945915077563648676e-01 9.133863763743645947e-01 8.980408959813344083e-01 9.097103351010167316e-01
8.944903063511110419e-01 9.134739600989969510e-01 8.981489149494651381e-01 9.097876513616993677e-01
8.948372825976954603e-01 9.136455173240181082e-01 8.984153617375210121e-01 9.100195284283553177e-01
8.947360811924416346e-01 9.132768998771498836e-01 8.984369655311472691e-01 9.099389621450181265e-01
8.962974743020717394e-01 9.142396113824599047e-01 8.979652827036428420e-01 9.095563219463614901e-01
8.963986757073254541e-01 9.142682381467924779e-01 8.977636472964652947e-01 9.095002740829208898e-01
8.958782113374488265e-01 9.140181170840657732e-01 8.968670898609796271e-01 9.089447544610889107e-01
8.957625525885873907e-01 9.140287661340192882e-01 8.964242120916432466e-01 9.086856921790951169e-01
8.955023204036489659e-01 9.136360248824031416e-01 8.963558000784936919e-01 9.088201522200687332e-01
8.954878630600413558e-01 9.136440088361451606e-01 8.968094797446433120e-01 9.093584425484370071e-01
8.957770099321951118e-01 9.136831208761490020e-01 8.972163511912691902e-01 9.095839076657299405e-01
8.959794127427026522e-01 9.139864618469937252e-01 8.977168390769419970e-01 9.097424607529942531e-01
8.951698015006722686e-01 9.133858181937424270e-01 8.977528453996520552e-01 9.097554576581918795e-01
8.934493776113576757e-01 9.121646588890276464e-01 8.966474512924469398e-01 9.093607929475991947e-01
8.949240266593415649e-01 9.131597430405802296e-01 8.959993374836621172e-01 9.090848893812327747e-01
8.956613511833335650e-01 9.132775157638610697e-01 8.955816641402229994e-01 9.089028325221681914e-01
8.956902658705490072e-01 9.131667870315429703e-01 8.956536767856435599e-01 9.087348209179112457e-01
8.952565455623183732e-01 9.128794569012697036e-01 8.955564597143257366e-01 9.085379105687851897e-01
8.944324769766804906e-01 9.122272764612344709e-01 8.963594007107649198e-01 9.090581765557514959e-01
8.938541832323729786e-01 9.121986741648857588e-01 8.961325608776902207e-01 9.092132181320362605e-01
8.938108112015498152e-01 9.125707106101886845e-01 8.969931119904654970e-01 9.097391534672817359e-01
8.927409677745810068e-01 9.121879779054014037e-01 8.976232226378950685e-01 9.100504815666424774e-01
8.931168587083809784e-01 9.126046190702710170e-01 8.980372953490632915e-01 9.101686996733115986e-01
8.936517804218653271e-01 9.130445832456903776e-01 8.981309117881098869e-01 9.101029460958476314e-01
8.944324769766802685e-01 9.132455067625289136e-01 8.968814923900636504e-01 9.093004408370278790e-01
8.941433301045265125e-01 9.125400711394567876e-01 8.951711920613258933e-01 9.083912864691573441e-01
8.954878630600414668e-01 9.134816227033000224e-01 8.950343680350270059e-01 9.082052953853028132e-01
8.964565050817563385e-01 9.143366198690445756e-01 8.962081741553817871e-01 9.090040350416174197e-01
8.961384435223871403e-01 9.143759207759311058e-01 8.976808327542318278e-01 9.098858152773933172e-01
8.966444505486562688e-01 9.148343266345450031e-01 8.986241984092406820e-01 9.104712609146705660e-01
8.955601497780796283e-01 9.137959144702788583e-01 8.982821383434930196e-01 9.104996128457103488e-01
8.944035622894649373e-01 9.125931003042178080e-01 8.967158633055964945e-01 9.095823774051610133e-01
8.947939105668725190e-01 9.126164573552004722e-01 8.963017905944283825e-01 9.091672451976975378e-01
8.955023204036489659e-01 9.130629882839327305e-01 8.967302658346805178e-01 9.092018617351697030e-01
8.963263889892871816e-01 9.143472198708249010e-01 8.965430329565871048e-01 9.091258399586307215e-01
8.965287917997948330e-01 9.146290475470956194e-01 8.972919644689606455e-01 9.094730503583644543e-01
8.975263485087250359e-01 9.153532330186440191e-01 8.979976883940818944e-01 9.101605665510280607e-01
8.973384030418249946e-01 9.153453499340408195e-01 8.990526736494928173e-01 9.108771436441763791e-01
8.970203414824561294e-01 9.148570941207195828e-01 8.993839318184274623e-01 9.110662809477344526e-01
8.973384030418252166e-01 9.148198695173134221e-01 8.989050477263806904e-01 9.107157821039446599e-01
8.970203414824560184e-01 9.146558031649271170e-01 8.983181446662034109e-01 9.103059600451641753e-01
8.950107707209876695e-01 9.132934473990983459e-01 8.976880340187733953e-01 9.098405137324627745e-01
8.933048041752806867e-01 9.121229043081973131e-01 8.975800150506428876e-01 9.097489964563811871e-01
8.924084488716043095e-01 9.116509110362738255e-01 8.984081604729790005e-01 9.103431560875472339e-01
8.931746880828117519e-01 9.120688418239573103e-01 8.985629876606332500e-01 9.105867344360689675e-01
8.938541832323729786e-01 9.123742105576471140e-01 8.984477674279605086e-01 9.106394713322002454e-01
8.940855007300958501e-01 9.127940306712908347e-01 8.975476093602035021e-01 9.099537907686467975e-01
8.937529818271192639e-01 9.123912582669382321e-01 8.968454860673533702e-01 9.096989278536549151e-01
8.939698419812345254e-01 9.126957147619765287e-01 8.967554702605775585e-01 9.097605745416207368e-01
8.955601497780798503e-01 9.139537190902922159e-01 8.977672479287361895e-01 9.103061686420201859e-01
8.951264294698492163e-01 9.131869281061134602e-01 8.977780498255493180e-01 9.102415383121839065e-01
8.947794532232649090e-01 9.130530961832503678e-01 8.970543227390729291e-01 9.100128438995458424e-01
8.938541832323729786e-01 9.125716742006957372e-01 8.971443385458486297e-01 9.098004595886344248e-01
8.929867426159117105e-01 9.118142073745603149e-01 8.971623417072037698e-01 9.094217450237366274e-01
8.927409677745812289e-01 9.113105081783920980e-01 8.961109570840639638e-01 9.089267565547597405e-01
8.920614726250197801e-01 9.108489618688799805e-01 8.966078443374656537e-01 9.091751651181869676e-01
8.932180601136348042e-01 9.118754436597755753e-01 8.972595587785214821e-01 9.094788490550166360e-01
8.947794532232646869e-01 9.132053983237787831e-01 8.979148738518483164e-01 9.098098054767024268e-01
8.967456519539100945e-01 9.148500692984171678e-01 8.991642932498948859e-01 9.106569367303348761e-01
8.952999175931413145e-01 9.136026940133701313e-01 8.995387590060814897e-01 9.111028435418656590e-01
8.938686405759805886e-01 9.126989458043827108e-01 8.997151899873618852e-01 9.113190364659290443e-01
8.926108516821118499e-01 9.120852677682218523e-01 8.993767305538852286e-01 9.110670154555050582e-01
8.933770908933191812e-01 9.124937257599745610e-01 8.990238685913246597e-01 9.106927113425209441e-01
8.944035622894648263e-01 9.129687565370971924e-01 8.985233807056518529e-01 9.104984229884264257e-01
8.939842993248421354e-01 9.128707955616957026e-01 8.984009592084369888e-01 9.103127400042755335e-01
8.954300336856104714e-01 9.140466507940033791e-01 8.990562742817638231e-01 9.105292603930890127e-01
8.963553036765025128e-01 9.144642668793427909e-01 8.983361478275584400e-01 9.102056541188683347e-01
8.974540617906865414e-01 9.151080666830193611e-01 8.983469497243716795e-01 9.104001537854931048e-01
8.974106897598634891e-01 9.149010673819177875e-01 8.982569339175958678e-01 9.104379010535534889e-01
8.968468533591636982e-01 9.144854903673552693e-01 8.984405661634182749e-01 9.104112408390669930e-01
8.960661568043487568e-01 9.138110743289059590e-01 8.993587273925300885e-01 9.107981755784042566e-01
8.964131330509332862e-01 9.142273132039504535e-01 8.991498907208106406e-01 9.106470134571733599e-01
8.959504980554872100e-01 9.139238246213889916e-01 8.977024365478576406e-01 9.097096731335152509e-01
8.947360811924416346e-01 9.129218103591487665e-01 8.965538348534002333e-01 9.091107384376815315e-01
8.948083679104801291e-01 9.130615293846511271e-01 8.965970424406525252e-01 9.093900821921453437e-01
8.955601497780798503e-01 9.136135879582418795e-01 8.981957231689884358e-01 9.104227871932817351e-01
8.962541022712485761e-01 9.141427466648345268e-01 8.989950635331565021e-01 9.109089009363554590e-01
8.961962728968180247e-01 9.142360624506526978e-01 8.996827842969226108e-01 9.112313274540528862e-01
8.969914267952405762e-01 9.148888142514564059e-01 8.999708348786048528e-01 9.113413812162803884e-01
8.976130925703711405e-01 9.153129612941017790e-01 8.995063533156422153e-01 9.108673785738240491e-01
8.974251471034712102e-01 9.148792399520857543e-01 8.975980182119980277e-01 9.099290014854745090e-01
8.963119316456793495e-01 9.139760984393880960e-01 8.968598885964373935e-01 9.095754662792521206e-01
8.936662377654730482e-01 9.122846265309565439e-01 8.974431910243437782e-01 9.099445224450730674e-01
8.939553846376266932e-01 9.125353691906585851e-01 8.980192921877080403e-01 9.101375383788919970e-01
8.953432896239645888e-01 9.135121283656667535e-01 8.974359897598018776e-01 9.095713293475172767e-01
8.964275903945408963e-01 9.144130019015155320e-01 8.978104555159884814e-01 9.099846372588271670e-01
8.959794127427026522e-01 9.141311916400645110e-01 8.974107853339046148e-01 9.097670429343546195e-01
8.961673582096025825e-01 9.142288985493048914e-01 8.968634892287086213e-01 9.095227767922691164e-01
8.955890644652950705e-01 9.134802304709592757e-01 8.962477811103629621e-01 9.089983263618190978e-01
8.942156168225650070e-01 9.124977963483753562e-01 8.961613659358583783e-01 9.089874198098292224e-01
8.944903063511109309e-01 9.125639794806282845e-01 8.971875461331009216e-01 9.095431633519327486e-01
8.954011189983952512e-01 9.135255637274448670e-01 8.982677358144091073e-01 9.102892005850539148e-01
8.962685596148562972e-01 9.141690179583567000e-01 8.989626578427170056e-01 9.107258173198398143e-01
8.977432086628402974e-01 9.152369791511215658e-01 8.989878622686144904e-01 9.106640160081477253e-01
8.977576660064481295e-01 9.153914684082686826e-01 8.988870445650256613e-01 9.105144334049948274e-01
8.958492966502336063e-01 9.139068903491345264e-01 8.987358180096423066e-01 9.103855607864438371e-01
8.952276308751030420e-01 9.135241638925311047e-01 8.989554565781752160e-01 9.106610582121011932e-01
8.932614321444576344e-01 9.120593981649816051e-01 8.983433490921004516e-01 9.105535668334503452e-01
8.929433705850886582e-01 9.119612561073997536e-01 8.985269813379230808e-01 9.105887293677252803e-01
8.933626335497115711e-01 9.122054003353797791e-01 8.984801731183996720e-01 9.104709958063476050e-01
8.939698419812343033e-01 9.126249623658004850e-01 8.985305819701938645e-01 9.105705401684409672e-01
8.947071665052263034e-01 9.127090936301126556e-01 8.981489149494651381e-01 9.105017935951363883e-01
8.950686000954184429e-01 9.131126477209680070e-01 8.980012890263530112e-01 9.104283511457909039e-01
8.949095693157339548e-01 9.131425874547194343e-01 8.980877042008577060e-01 9.106549687342311294e-01
8.943312755714265538e-01 9.128833758983017077e-01 8.985089781765678296e-01 9.107030209267727994e-01
8.955312350908644081e-01 9.137860908652768455e-01 8.988690414036704102e-01 9.108799282565097633e-01
8.959360407118797109e-01 9.140579666669172987e-01 8.992039002048759500e-01 9.109399094030047328e-01
8.954878630600413558e-01 9.135529714498642484e-01 8.984945756474835843e-01 9.105202955894294847e-01
8.944324769766802685e-01 9.124730694096281347e-01 8.979292763809325617e-01 9.102041737591448634e-01
8.953866616547875301e-01 9.132560630646562316e-01 8.991534913530816464e-01 9.108882165649179186e-01
8.952710029059260943e-01 9.130936218467460286e-01 8.995135545801842269e-01 9.111191842419433806e-01
8.940999580737036823e-01 9.123566616438349985e-01 8.987538211709975577e-01 9.105910461335373629e-01
8.945047636947188741e-01 9.126471777402584973e-01 8.980120909231661397e-01 9.100431203424590443e-01
8.960806141479565889e-01 9.137661156344480951e-01 8.972181515074046931e-01 9.094234281081006177e-01
8.969625121080252450e-01 9.144225520117592598e-01 8.972631594107924879e-01 9.093857209921821783e-01
8.962974743020717394e-01 9.141254927054448531e-01 8.982965408725772649e-01 9.100705901634004169e-01
8.968034813283408679e-01 9.143754435105914125e-01 8.989878622686143794e-01 9.106784767589398699e-01
8.957191805577642274e-01 9.136465227542420742e-01 8.987322173773715228e-01 9.105725814375398297e-01
8.955746071216875714e-01 9.136226655629016147e-01 8.986422015705957111e-01 9.106148567146330475e-01
8.957191805577643384e-01 9.133769761257208852e-01 8.991462900885396348e-01 9.108220311743530084e-01
8.954300336856106934e-01 9.133493925091366039e-01 8.989446546813619765e-01 9.109530638763465582e-01
8.929867426159119326e-01 9.118805591085094031e-01 8.984189623697921290e-01 9.107090610338921532e-01
8.935650363602192225e-01 9.119530699459793555e-01 8.978050545675820837e-01 9.106432521450209538e-01
8.941722447917419547e-01 9.123005998936024596e-01 8.973765793273298375e-01 9.103604532438064334e-01
8.949529413465568961e-01 9.128013488713763168e-01 8.979940877618108885e-01 9.105427780506084590e-01
8.960516994607410357e-01 9.137398072142028926e-01 8.988294344486891241e-01 9.107696432054342983e-01
8.977287513192326873e-01 9.151616031630498416e-01 8.999384291881653564e-01 9.113257483304334494e-01
8.968323960155560881e-01 9.147292395603913162e-01 9.008169834622959948e-01 9.117382078815331470e-01
8.944035622894649373e-01 9.128954159058576545e-01 8.994235387734086373e-01 9.109083223683958064e-01
8.947939105668725190e-01 9.132114720889973336e-01 8.987574218032687856e-01 9.106533690107115886e-01
8.937385244835113207e-01 9.124462329066610478e-01 8.984657705893155377e-01 9.104920936260982867e-01
8.935650363602192225e-01 9.123883249376691928e-01 8.983181446662034109e-01 9.104771996709530857e-01
8.949240266593416759e-01 9.133676808494050059e-01 8.986926104223902367e-01 9.106658473826241273e-01
8.969625121080253560e-01 9.144776191487020700e-01 8.984045598407082167e-01 9.104317305539803007e-01
8.956035218089027916e-01 9.133444506710226563e-01 8.983181446662031888e-01 9.104497839118752545e-01
8.947360811924416346e-01 9.124545784138361482e-01 8.989014470941096846e-01 9.106385506481786685e-01
8.948517399413031814e-01 9.126295780307771555e-01 8.983685535179977144e-01 9.104492228127090137e-01
8.958782113374489375e-01 9.133342727011496409e-01 8.992615103212122651e-01 9.109452257068818559e-01
8.953866616547876411e-01 9.133903847240226748e-01 8.999384291881653564e-01 9.115489766715398900e-01
8.953432896239644778e-01 9.134357806272771496e-01 8.992579096889413703e-01 9.109595267081260772e-01
8.946782518180109722e-01 9.128498633146538976e-01 8.986025946156145361e-01 9.104343581220659676e-01
8.962685596148562972e-01 9.137821722897256915e-01 8.984333648988761523e-01 9.101401071524969355e-01
8.963986757073255651e-01 9.141312688713324475e-01 8.988276341325536212e-01 9.105242043338747093e-01
8.947794532232647979e-01 9.132384040075840481e-01 8.993083185407357849e-01 9.109371471705395296e-01
8.932180601136348042e-01 9.119534780833070675e-01 8.990742774431190742e-01 9.108513822778855351e-01
8.945192210383263731e-01 9.126563460240793013e-01 8.986998116869320263e-01 9.106374538954871145e-01
8.949384840029492860e-01 9.127204047054480185e-01 8.991822964112498040e-01 9.108753040061642325e-01
8.951408868134569374e-01 9.131001770012616703e-01 8.991858970435209208e-01 9.109799097248724165e-01
8.949529413465570071e-01 9.132550982679675800e-01 8.996143722837729451e-01 9.112983753197513304e-01
8.964420477381486174e-01 9.139391615850610551e-01 8.985197800733810691e-01 9.105942051906223966e-01
8.958926686810565476e-01 9.135871205300176712e-01 8.991372885078620092e-01 9.111078619461515649e-01
8.956613511833335650e-01 9.135013225331800601e-01 9.003669044284176026e-01 9.116296496471357758e-01
8.963986757073256761e-01 9.142536937972149946e-01 9.013606789352209825e-01 9.121957592680055571e-01
8.958492966502336063e-01 9.140275769798731353e-01 9.011734460571275696e-01 9.121088713837025574e-01
8.952999175931414255e-01 9.137882360234901302e-01 8.996287748128571904e-01 9.113222232649421661e-01
8.943168182278188327e-01 9.130195441477417795e-01 8.984009592084369888e-01 9.106060363049346407e-01
8.948228252540877392e-01 9.130935507820692187e-01 8.981165092590258636e-01 9.104323257139366188e-01
8.945770504127572575e-01 9.126597637865176971e-01 8.987898274937078380e-01 9.106100170790698556e-01
8.932469748008501353e-01 9.115880150914372759e-01 8.988546388745863869e-01 9.106125142267776917e-01
8.931168587083808674e-01 9.115309310680828059e-01 8.992543090566702535e-01 9.109041839916488525e-01
8.944469343202881007e-01 9.123783120461887997e-01 8.994127368765956199e-01 9.110873008767840231e-01
8.945915077563648676e-01 9.129098867559297670e-01 8.993983343475113745e-01 9.110729624502620361e-01
8.949673986901647282e-01 9.131790426194910104e-01 8.993191204375488024e-01 9.109781410864358220e-01
8.947649958796570768e-01 9.130514776204387006e-01 9.000068412013150221e-01 9.111616583871755548e-01
8.948951119721262337e-01 9.132629732708937853e-01 9.001868728148664234e-01 9.114170198749499407e-01
8.938830979195881987e-01 9.125196728699315196e-01 8.998160076909504923e-01 9.115642839998859825e-01
8.945987364281686727e-01 9.125782355123333023e-01 8.991570919853526522e-01 9.112317482157687998e-01
8.953577469675721989e-01 9.130437515752960476e-01 8.992939160116515396e-01 9.112901399563890781e-01
8.956035218089029026e-01 9.137199358535335048e-01 8.994847495220159583e-01 9.113161872747665981e-01
8.956179791525105127e-01 9.136714710969096043e-01 9.003525018993336904e-01 9.116378063553937094e-01
8.945047636947187630e-01 9.128981302125340758e-01 8.996107716515020503e-01 9.111868464071130047e-01
8.933626335497115711e-01 9.121786011746082501e-01 8.990454723849509167e-01 9.108178734661321885e-01
8.938830979195880877e-01 9.127085547680841016e-01 8.986458022028668280e-01 9.107451563920808679e-01
8.948372825976953493e-01 9.136146695667838324e-01 8.990238685913246597e-01 9.108766617908472529e-01
8.944035622894648263e-01 9.127767641466717485e-01 8.994451425670347833e-01 9.109841102228591891e-01
8.943601902586418850e-01 9.125473708412181750e-01 8.991786957789787982e-01 9.107828078405688643e-01
8.942734461969957804e-01 9.125673590795652101e-01 8.983433490921005626e-01 9.101909367181690858e-01
8.949673986901647282e-01 9.130184151304460149e-01 8.987934281259788438e-01 9.102981756095496202e-01
8.959794127427025412e-01 9.140045273940295978e-01 8.994847495220161804e-01 9.109207708649732504e-01
8.963408463328945697e-01 9.139625889998003183e-01 8.994883501542871862e-01 9.109359790459555795e-01
8.957914672758029440e-01 9.136776962675243752e-01 8.991498907208106406e-01 9.107356276004301421e-01
8.956613511833335650e-01 9.138454260739680146e-01 8.990814787076610859e-01 9.108697090426659537e-01
8.957336379013720595e-01 9.137583889051603681e-01 8.991678938821657807e-01 9.109412429574885728e-01
8.974685191342942625e-01 9.146853954702925948e-01 9.000212437303991564e-01 9.116471729414387104e-01
8.970347988260637395e-01 9.144210023421401878e-01 9.002300804021186043e-01 9.117354967940578536e-01
8.973817750726482689e-01 9.146663713950613506e-01 8.992507084243993587e-01 9.109734580835761042e-01
8.953577469675721989e-01 9.135760056937669571e-01 8.988330350809603519e-01 9.106151571530453070e-01
8.953288322803568677e-01 9.135359743661208842e-01 8.987934281259788438e-01 9.106143373740832603e-01
8.954589483728261357e-01 9.136280457253157516e-01 8.994739476252029409e-01 9.110301493908402604e-01
8.951987161878875998e-01 9.134349454698647008e-01 8.990742774431189632e-01 9.107635868116700228e-01
8.955890644652952925e-01 9.136168938988932231e-01 8.988294344486892351e-01 9.105851365234503003e-01
8.948083679104801291e-01 9.126383450502961736e-01 8.986926104223901257e-01 9.104665050858778974e-01
8.942734461969956694e-01 9.124301569045802918e-01 8.987286167451004060e-01 9.104483382184210827e-01
8.947216238488340245e-01 9.126042948360488793e-01 8.996323754451281962e-01 9.109136699151844097e-01
8.944613916638957107e-01 9.126877165037947659e-01 9.005469360419690039e-01 9.115917735346610318e-01
8.952710029059262054e-01 9.134048123130683594e-01 9.001436652276140205e-01 9.115283953915379600e-01
8.950975147826338851e-01 9.134377509497213499e-01 9.005649392033241440e-01 9.115984437641352356e-01
8.960516994607410357e-01 9.140750745721329951e-01 9.003885082220437486e-01 9.114130065590626550e-01
8.954878630600413558e-01 9.138062006167679829e-01 8.998556146459317784e-01 9.109602124625006958e-01
8.944035622894649373e-01 9.127126727175983723e-01 8.988978464618387898e-01 9.104668149560491974e-01
8.948228252540878502e-01 9.130727685147481676e-01 8.996107716515020503e-01 9.108177953429593687e-01
8.950686000954184429e-01 9.131406232605453477e-01 8.997511963100719434e-01 9.111131106581541461e-01
8.957047232141566173e-01 9.136350345297243880e-01 8.993263217020909250e-01 9.109374853256070326e-01
8.973239456982173845e-01 9.148567077129596825e-01 8.994595450961188066e-01 9.109657214971094152e-01
8.971360002313174542e-01 9.144759374500343041e-01 8.988186325518761066e-01 9.107244017219761067e-01
8.970058841388482973e-01 9.143064893615295841e-01 8.988654407713992933e-01 9.107861213335313177e-01
8.956902658705490072e-01 9.134791116468727878e-01 9.003489012670624625e-01 9.114767160493538745e-01
8.949240266593415649e-01 9.131617137339255175e-01 9.005469360419688929e-01 9.116165522063776061e-01
8.948228252540879613e-01 9.128655025161310776e-01 8.999924386722308878e-01 9.113525801119348735e-01
8.955601497780798503e-01 9.131020380946802684e-01 9.002552848280158670e-01 9.117390388255535161e-01
8.961962728968178027e-01 9.135907945574064382e-01 8.987700240162171950e-01 9.107295165687625538e-01
8.962107302404256348e-01 9.138985724553202461e-01 8.982965408725772649e-01 9.103239288455793332e-01
8.959360407118797109e-01 9.140333763367360920e-01 8.985881920865304018e-01 9.103939109004604013e-01
8.953288322803567567e-01 9.137846893639460788e-01 9.001688696535111722e-01 9.113504819874177487e-01
8.948517399413031814e-01 9.135209109523141358e-01 9.012022511152958382e-01 9.120797905202374656e-01
8.954300336856105824e-01 9.135964879158412488e-01 9.012670624961743870e-01 9.121094730171039888e-01
8.969191400772021927e-01 9.144237967976991399e-01 9.009430055917818647e-01 9.118494280110369665e-01
8.973528603854328267e-01 9.145735185581016502e-01 9.006189486873894534e-01 9.115713628986722439e-01
