9.292442801939293506e-01 9.393326330729392382e-01 9.295047851040676434e-01 9.398677103657783194e-01
9.310678654745925265e-01 9.405455912130363805e-01 9.311330044295507147e-01 9.408898363392869113e-01
9.326456587470186577e-01 9.416628295082456468e-01 9.326956520676666917e-01 9.419022873017522945e-01
9.336550961826688422e-01 9.422722796966155334e-01 9.336718454723768046e-01 9.425121918185092040e-01
9.353532399744555192e-01 9.434530690951709042e-01 9.353499308442699833e-01 9.436089449689492037e-01
9.366298514903100836e-01 9.442821597592693239e-01 9.368458613268777491e-01 9.445955952365879815e-01
9.378019963116944746e-01 9.450284222776808019e-01 9.382400996934014969e-01 9.454844947438777458e-01
9.392148421717994022e-01 9.459063477659012120e-01 9.397691978424063119e-01 9.465729037650534305e-01
9.411398395652230686e-01 9.471405651043720564e-01 9.418041092676823212e-01 9.480305393952053183e-01
9.417320211393346296e-01 9.474152423076518392e-01 9.428877984937246159e-01 9.487055143377016719e-01
9.416719476990446092e-01 9.470634967072022459e-01 9.433748260924813556e-01 9.488523030148591220e-01
9.425180668326186284e-01 9.475129209338173375e-01 9.445159414546652199e-01 9.495671350294229152e-01
9.430387711947243456e-01 9.477263414033134659e-01 9.452206080002346633e-01 9.499857411101949589e-01
9.425420962087346366e-01 9.473277648283906505e-01 9.448434180687874662e-01 9.496575944963647764e-01
9.424846700725930670e-01 9.472176088749210132e-01 9.450577987951100933e-01 9.497267920909191474e-01
9.422918241473237089e-01 9.470482223931658838e-01 9.451342906120894227e-01 9.497615813043408517e-01
9.417894472754760882e-01 9.466445037510207161e-01 9.446894416957734020e-01 9.493643572037060441e-01
9.418039056289015942e-01 9.466376870605172078e-01 9.449252299489110385e-01 9.494953640250880511e-01
9.418055347391468546e-01 9.466383088245158284e-01 9.452831505607395268e-01 9.496396841460619243e-01
9.418187712598886652e-01 9.466275387738333214e-01 9.456605950406625771e-01 9.498221229441448088e-01
9.421694372401567819e-01 9.469716736292698167e-01 9.454252140650861724e-01 9.496174045201289937e-01
9.421293204003700072e-01 9.468688389986852361e-01 9.451945167814645998e-01 9.494631583695923860e-01
9.423981235908197585e-01 9.469928375554041988e-01 9.453096745119184963e-01 9.495933966639892310e-01
9.427571387610942377e-01 9.472916518406570008e-01 9.457054210272518580e-01 9.499464726730362241e-01
9.429671921633281384e-01 9.473963623075492002e-01 9.460033445633333482e-01 9.501321736361094672e-01
9.432244897626713698e-01 9.475605407431777483e-01 9.462943189260253352e-01 9.502551400673322490e-01
9.431519943567622244e-01 9.475267197963354038e-01 9.464413206708022219e-01 9.502912501241489451e-01
9.426426937663725525e-01 9.470819887825908667e-01 9.462967116816980440e-01 9.501938616102404422e-01
9.420639523517835290e-01 9.465125916642368464e-01 9.463651088571466419e-01 9.502428727084006876e-01
9.416512783628093741e-01 9.461370222024572119e-01 9.463178392051896370e-01 9.501093079301896616e-01
9.413426637907439387e-01 9.458414082516645172e-01 9.460599052346569948e-01 9.499121351206252228e-01
9.406967215785425607e-01 9.453345684630339862e-01 9.455408045279489748e-01 9.495097713135662865e-01
9.405531562381889144e-01 9.453411422753656979e-01 9.451812293510276630e-01 9.493842758161290529e-01
9.411891201501388915e-01 9.458934885985855745e-01 9.454830983884841000e-01 9.496542137537788975e-01
9.413762641895502270e-01 9.460997160920926463e-01 9.453588023677489405e-01 9.496708841994069283e-01
9.415918158388615344e-01 9.463450512280927596e-01 9.452675467391730146e-01 9.496398607340624798e-01
9.415322514955233313e-01 9.463084849051484060e-01 9.455671502951948915e-01 9.498334696475112526e-01
9.417988146593856413e-01 9.464941786766593035e-01 9.460811091226914993e-01 9.501767601097911298e-01
9.422098595381146469e-01 9.467682785447862903e-01 9.467159784761954855e-01 9.505685307510869375e-01
9.430609678218143666e-01 9.473517919733425163e-01 9.471365689227670970e-01 9.507853238635357584e-01
9.432296825515775751e-01 9.474291049575171986e-01 9.472375483031187926e-01 9.507464602477174731e-01
9.431379432808976171e-01 9.473263388072263869e-01 9.470637935135346464e-01 9.505215750001122510e-01
9.428100848440614801e-01 9.470542337840929248e-01 9.469838652921321875e-01 9.504432779851004209e-01
9.418758919378591443e-01 9.462483696508948716e-01 9.463969528714696322e-01 9.499872374998642455e-01
9.414662725305946722e-01 9.458996512836748138e-01 9.460044645766266802e-01 9.496774858080422321e-01
9.412009311994160576e-01 9.456722459998311292e-01 9.455670993854995432e-01 9.493103846291804926e-01
9.416560638741544587e-01 9.461418933665541875e-01 9.456069107671155605e-01 9.494079920296618624e-01
9.418645899855334624e-01 9.463187006786037969e-01 9.460153592513912413e-01 9.497722996443053178e-01
9.419822932007454463e-01 9.463964646115073931e-01 9.463087772794509522e-01 9.499979454621302333e-01
9.423539339754199995e-01 9.467399383675938473e-01 9.465594057087280966e-01 9.502209618703301164e-01
