8.908769818936910223e-01 9.157924714294940483e-01 8.782804009177636040e-01 9.044546433921836215e-01
8.896543693842302591e-01 9.140076154065288616e-01 8.733824417340900759e-01 9.006134600184505512e-01
8.901977527217684871e-01 9.137778868940686916e-01 8.745465523487503390e-01 9.011509193553985941e-01
8.922548467853053111e-01 9.144683562402854404e-01 8.748122207462867284e-01 9.015148970729589539e-01
8.948359176386112557e-01 9.162878217766794453e-01 8.760198043714526595e-01 9.026630755026817665e-01
8.958062450270720678e-01 9.164655630145056575e-01 8.767346938775512077e-01 9.035040652886237034e-01
9.004055968483766215e-01 9.198529506269740308e-01 8.805506581330755367e-01 9.067016711257495087e-01
9.072561082109102948e-01 9.250217328322640764e-01 8.874966791450308312e-01 9.119531733742143320e-01
9.122047778920607808e-01 9.286507122378134804e-01 8.932496075353218989e-01 9.167279739721727605e-01
9.147276291020589589e-01 9.306039414057118986e-01 8.965825383407801663e-01 9.196976564059542447e-01
9.166294707834423683e-01 9.318164518762387383e-01 8.993116773336553571e-01 9.217678963885709287e-01
9.146888160065205220e-01 9.311088696190021885e-01 8.986740731795677117e-01 9.216921328947821346e-01
9.191135088979021095e-01 9.341890244466752868e-01 9.021953870305519096e-01 9.248413542995048697e-01
9.208989112926700971e-01 9.355604101123313754e-01 9.071174978867287964e-01 9.280208657032088526e-01
9.252265714452055922e-01 9.383586519508058110e-01 9.120154570704021024e-01 9.313252404887357727e-01
9.300782083875098749e-01 9.426854094759807845e-01 9.158990460089361241e-01 9.333552294895266499e-01
9.306021851772787734e-01 9.432184118597563005e-01 9.184639536287887429e-01 9.344448947413463991e-01
9.290496613557414074e-01 9.421913052141996925e-01 9.172901823451273806e-01 9.342004744335741240e-01
9.299811756486637826e-01 9.420150736838766026e-01 9.168554522400675921e-01 9.343351688109567954e-01
9.295154185022026505e-01 9.421236353428552590e-01 9.178939741577104572e-01 9.348409383830786901e-01
9.354150090240446191e-01 9.457520276379897117e-01 9.198116169544741094e-01 9.364819041058294324e-01
9.369675328455820962e-01 9.476271412787703463e-01 9.186909793503200694e-01 9.352844337028924926e-01
9.398397019154263177e-01 9.501060593406132071e-01 9.166718995290421557e-01 9.336198716921151330e-01
9.402860525141182313e-01 9.502226283827766018e-01 9.173964497041419142e-01 9.338789914858409702e-01
9.393157251256574192e-01 9.489565080471592529e-01 9.172322183311194532e-01 9.337829864887065012e-01
9.367152477245822562e-01 9.462777017123015222e-01 9.159280280159400878e-01 9.324912663028945836e-01
9.360942381959673764e-01 9.458272814050311394e-01 9.147784084047820841e-01 9.315993976954753952e-01
9.375497292786586501e-01 9.476083473393763779e-01 9.151020408163265119e-01 9.315247426656286800e-01
9.405965572784257267e-01 9.506643682474942292e-01 9.174350923801473101e-01 9.327860433548978980e-01
9.412757864503482619e-01 9.509202287453356606e-01 9.187103006883227119e-01 9.335851887964644602e-01
9.447883715965766926e-01 9.533318619642534575e-01 9.227726120033813428e-01 9.365022089114511950e-01
9.462050495837295294e-01 9.544154769087912493e-01 9.242989977055910966e-01 9.377591383210459597e-01
9.463797085136526066e-01 9.545621673381383676e-01 9.253181982852314302e-01 9.383400835538271423e-01
9.435657590871160405e-01 9.534463960678125627e-01 9.255886970172684247e-01 9.387410742808384168e-01
9.424983989598090250e-01 9.529675429003990894e-01 9.270522883709697570e-01 9.397800681889926233e-01
9.414892584758096650e-01 9.515110008447745793e-01 9.278927665740852593e-01 9.401997506945156680e-01
9.382289584505812963e-01 9.490909943643228708e-01 9.262890955198648246e-01 9.395983729904118231e-01
9.383259911894272776e-01 9.489328999997961311e-01 9.263808718753773208e-01 9.398163485008391715e-01
9.422073007432707481e-01 9.513380548107441825e-01 9.279265789155898281e-01 9.411432173811677959e-01
9.455452269595762127e-01 9.537262071157135424e-01 9.280086946021012251e-01 9.413079126976250377e-01
9.460109841060374558e-01 9.541585495600450884e-01 9.264774785653906441e-01 9.398763158781179294e-01
9.477381668574977880e-01 9.555082153007772305e-01 9.273614297790122585e-01 9.399566195206665586e-01
9.485144287682663045e-01 9.559169725314453636e-01 9.273807511170150120e-01 9.391513079275433107e-01
9.506103359273418985e-01 9.577553573183754665e-01 9.273421084410095050e-01 9.389668253229898065e-01
9.504744900929573692e-01 9.579328130601558744e-01 9.272455017509962927e-01 9.388335886090428684e-01
9.496982281821886307e-01 9.569838211786529936e-01 9.275739644970414366e-01 9.387804007015309038e-01
9.490772186535736399e-01 9.560345345851716248e-01 9.298876947228593703e-01 9.403735643474655514e-01
9.474664751887287295e-01 9.546461414297126025e-01 9.306025842289579186e-01 9.410300568106295671e-01
9.459527644627296894e-01 9.535367643549017558e-01 9.313367950730588873e-01 9.413907227551225887e-01
9.439732965902695172e-01 9.524348956760506635e-01 9.313271344040574551e-01 9.415456544751913404e-01
9.456422596984221940e-01 9.542666392729892699e-01 9.328631807752687521e-01 9.431712187336444009e-01
9.472141900677288895e-01 9.558511769259233626e-01 9.339355150344161860e-01 9.440781133111587620e-01
9.492518775834967171e-01 9.570100600414360725e-01 9.346455742060136851e-01 9.448367878300284461e-01
9.508238079528033015e-01 9.581222890639705669e-01 9.352203840115927980e-01 9.454372724232711356e-01
9.502027984241883107e-01 9.574611889098630924e-01 9.325878517087308195e-01 9.436406859842552119e-01
9.492324710357274986e-01 9.567011332313906102e-01 9.323753169907016414e-01 9.430112057528403646e-01
9.509402472394186123e-01 9.576989792438768134e-01 9.344282091534839019e-01 9.439238802373864923e-01
9.520076073667255168e-01 9.581200186751726022e-01 9.360367105422051637e-01 9.449526708555626708e-01
9.511343127171107970e-01 9.580131387938775056e-01 9.367612607173045891e-01 9.457410213542909450e-01
9.502027984241883107e-01 9.575703078128471324e-01 9.376452119309262034e-01 9.463890236329324246e-01
9.512895650992645447e-01 9.580751014999370208e-01 9.376065692549209185e-01 9.463026719951026511e-01
9.516776960546489139e-01 9.575857183731361078e-01 9.386450911725634505e-01 9.469200116445510851e-01
9.535795377360322123e-01 9.586419121473240823e-01 9.393551503441612827e-01 9.474086683232640915e-01
9.569368705001066733e-01 9.618313376093257094e-01 9.395918367346939304e-01 9.476916689254024639e-01
9.564711133536455412e-01 9.617796435724349502e-01 9.374664895544015941e-01 9.459904956629759942e-01
9.558306972772613319e-01 9.616128767630742757e-01 9.364569496437628038e-01 9.448911183540066316e-01
9.534242853538783535e-01 9.596810652387254281e-01 9.364376283057601613e-01 9.445390720854053290e-01
9.511149061693415785e-01 9.578679212642680074e-01 9.364521193092621987e-01 9.443351021316308547e-01
9.511149061693414675e-01 9.571688737739117991e-01 9.379591836734693100e-01 9.457954961272294625e-01
9.516971026024181324e-01 9.575814523718821913e-01 9.375244535684096325e-01 9.455813391692384773e-01
9.539094490481088151e-01 9.591638568611270399e-01 9.389010989010988517e-01 9.466285267640477397e-01
9.554231597741077442e-01 9.605779785395324177e-01 9.414804975244537300e-01 9.483891308839352829e-01
9.566457722835685074e-01 9.617751793091156021e-01 9.428668035261441593e-01 9.489979909831336435e-01
9.548409633410313013e-01 9.603139632453442376e-01 9.413162661514309359e-01 9.478006780626933026e-01
9.535213180927245569e-01 9.597723986771666826e-01 9.393551503441613937e-01 9.466023646561321225e-01
9.518135418890333321e-01 9.582533586397684600e-01 9.381475667189952405e-01 9.455024256269209948e-01
9.518911680801102060e-01 9.582231162761272181e-01 9.394179446926699262e-01 9.463459188262537403e-01
9.514448174814181813e-01 9.574162726476961316e-01 9.388479652215915294e-01 9.457817433802961915e-01
9.513477847425720890e-01 9.570166511671046594e-01 9.385243328100472127e-01 9.455963529349135088e-01
9.519493877234177504e-01 9.573220073990229562e-01 9.386789035140683524e-01 9.457718316397230041e-01
9.515806633158027106e-01 9.573678544227931519e-01 9.382973070885157751e-01 9.452681809353697950e-01
9.520270139144947352e-01 9.577964703142125558e-01 9.391764279676366733e-01 9.458931689146169441e-01
9.525121776087251968e-01 9.582052863675105669e-01 9.391619369641347470e-01 9.458820603773397950e-01
9.516776960546488029e-01 9.576761451966679939e-01 9.390749909431229669e-01 9.457629274680232623e-01
9.528032758252633627e-01 9.587392215145561503e-01 9.390315179326167438e-01 9.462402693054666747e-01
9.544334258378777136e-01 9.599116444441456730e-01 9.388383045525903192e-01 9.459791394333393333e-01
9.558695103727998799e-01 9.605593007639160463e-01 9.405917159763313995e-01 9.470803636420261906e-01
9.569950901434143287e-01 9.613172398949263453e-01 9.434754256732278410e-01 9.491098880435404617e-01
9.567233984746453812e-01 9.609996942285083943e-01 9.438087187537737011e-01 9.491184524319051796e-01
9.567039919268760517e-01 9.605646271223609034e-01 9.426880811496196610e-01 9.477458356567023401e-01
9.541811407168778736e-01 9.585261786430474551e-01 9.419007366260113701e-01 9.468512193537196309e-01
9.543557996468008398e-01 9.592317963399075165e-01 9.424272430865836547e-01 9.472892118896288904e-01
9.553649401308001998e-01 9.603890141339455067e-01 9.433884796522158389e-01 9.482925640220546404e-01
9.537930097614935043e-01 9.592179270824181536e-01 9.424610554280882235e-01 9.479417394211051562e-01
9.537541966659551784e-01 9.592148429493632111e-01 9.425818137906050165e-01 9.483454641659824214e-01
9.538318228570319413e-01 9.588255204723442615e-01 9.432145876101919457e-01 9.484550533177880105e-01
9.528420889208019107e-01 9.577271296165594805e-01 9.418910759570101598e-01 9.471459672428528265e-01
9.533660657105708092e-01 9.579085696464455513e-01 9.412003381234150812e-01 9.463546852644397767e-01
9.538512294048011597e-01 9.579723225595747627e-01 9.403598599202994679e-01 9.457907871020586610e-01
9.542587669079547474e-01 9.584571549814132618e-01 9.411955077889144761e-01 9.465813694486810981e-01
9.542587669079546364e-01 9.588390204237450254e-01 9.420359859920298673e-01 9.472873466877558268e-01
9.534242853538784646e-01 9.583973326210458721e-01 9.428088395121362320e-01 9.475015548246874530e-01
9.535213180927244458e-01 9.583698116254014687e-01 9.430020528921627676e-01 9.475729175536941051e-01
9.548021502454928644e-01 9.593183929431838841e-01 9.437072817292597726e-01 9.475829584516894943e-01
9.552290942964155596e-01 9.595953257437578321e-01 9.440695568168095964e-01 9.482766456431459545e-01
9.546080847678007908e-01 9.592088518249104467e-01 9.440502354788069539e-01 9.481560258607518721e-01
9.524927710609559783e-01 9.574018857476014333e-01 9.416640502354788334e-01 9.462007718385605504e-01
9.517941353412641137e-01 9.568050949710646957e-01 9.415915952179687576e-01 9.459029885754196565e-01
9.533272526150322612e-01 9.582478321765559581e-01 9.433594976452117642e-01 9.472760253379099993e-01
9.536377573793397566e-01 9.584568658800783902e-01 9.435140683492331259e-01 9.471426478898947732e-01
9.547633371499543165e-01 9.593676271313235082e-01 9.426494384736142651e-01 9.465074231573590291e-01
9.547633371499543165e-01 9.594054735795698452e-01 9.428233305156381583e-01 9.468333439108128635e-01
9.556172252518001509e-01 9.599150202840409651e-01 9.431614539306846234e-01 9.467461198933423416e-01
9.558501038250306614e-01 9.599578580999346133e-01 9.436541480497524503e-01 9.470228987233112461e-01
9.550932484620310303e-01 9.592777773328919899e-01 9.426977418186208713e-01 9.461983693137210327e-01
9.554813794174153996e-01 9.593736214776755755e-01 9.428812945296461967e-01 9.464224010503956563e-01
9.558501038250304394e-01 9.596556480044701187e-01 9.424803767660909770e-01 9.459306532362907749e-01
9.567039919268760517e-01 9.601469717259449865e-01 9.427412148291269833e-01 9.461299259565288944e-01
9.558889169205689873e-01 9.593945528965766023e-01 9.430165438956648050e-01 9.462818197277018673e-01
9.547439306021850980e-01 9.583089154125370435e-01 9.429585798816568776e-01 9.461634957900343368e-01
9.539870752391856890e-01 9.580461618627368336e-01 9.434174616592199136e-01 9.467460768643800595e-01
9.535213180927245569e-01 9.579277384248318095e-01 9.437555850742663788e-01 9.470855009715635209e-01
9.528614954685711291e-01 9.575183671692094611e-01 9.446443666223887092e-01 9.479476146152904237e-01
9.534048788061091351e-01 9.577649634273066592e-01 9.447747856539064903e-01 9.477223794225009268e-01
9.538318228570318302e-01 9.580652885340501523e-01 9.451032483999517453e-01 9.474466553477814967e-01
9.546663044111082241e-01 9.586266034030549443e-01 9.451901944209637474e-01 9.472971385262456412e-01
9.545110520289545875e-01 9.588631371258308222e-01 9.454123898079942467e-01 9.474715686819887850e-01
9.545692716722622428e-01 9.591535468231158212e-01 9.451805337519622041e-01 9.477217870071517059e-01
9.534436919016476830e-01 9.579248506870433610e-01 9.436662238860040741e-01 9.463967251656659752e-01
9.532884395194939353e-01 9.577717938334112668e-01 9.430068832266634837e-01 9.458083533263383913e-01
9.535989442838013197e-01 9.576207670205059141e-01 9.429537495471561614e-01 9.458317049065643189e-01
9.535601311882629938e-01 9.574317851664970735e-01 9.423354667310710475e-01 9.452636538095524621e-01
9.542975800034931844e-01 9.582269678858353901e-01 9.429440888781548402e-01 9.459882333269815646e-01
9.551514681053386857e-01 9.593027166043112119e-01 9.444994565873687797e-01 9.472686466391364579e-01
9.556754448951075842e-01 9.599032606120389000e-01 9.456007728535201773e-01 9.482444766574256168e-01
9.560441693027227350e-01 9.605115102397177029e-01 9.458277985750512817e-01 9.487840565664149572e-01
9.559665431116459722e-01 9.604175101077189192e-01 9.455476391740127440e-01 9.481909675633434231e-01
9.550932484620311413e-01 9.596540043898159622e-01 9.451467214104577463e-01 9.476394648041787105e-01
9.546857109588775536e-01 9.591897742115124137e-01 9.446685182948919568e-01 9.470957322255250110e-01
9.551320615575695783e-01 9.592585379913287635e-01 9.445380992633740647e-01 9.468018291147369814e-01
9.551320615575695783e-01 9.590157880419887260e-01 9.439053254437870244e-01 9.460507532106401385e-01
9.544722389334161505e-01 9.584115262023606974e-01 9.442482791933340946e-01 9.462431732567514464e-01
9.544722389334161505e-01 9.582858670789716760e-01 9.444125105663567776e-01 9.462469836085491970e-01
9.543557996468008398e-01 9.583783009970364697e-01 9.442434488588336006e-01 9.461364951130105672e-01
9.550738419142618119e-01 9.592677486679124232e-01 9.443255645453447755e-01 9.464780270764714398e-01
9.550932484620310303e-01 9.592852297988869736e-01 9.445187779253713112e-01 9.464795173745071954e-01
9.550932484620310303e-01 9.592235289719340807e-01 9.443786982248520978e-01 9.463016092938739687e-01
9.549185895321081752e-01 9.586877954679786651e-01 9.446781789638933891e-01 9.463592610614182110e-01
9.553067204874924334e-01 9.589341650045201115e-01 9.457843255645453917e-01 9.473230690452414393e-01
9.563158609714917935e-01 9.596935697580551983e-01 9.463591353701242825e-01 9.476337684972742093e-01
9.551708746531080152e-01 9.588199401973382940e-01 9.456152638570219926e-01 9.471246268067757823e-01
9.549768091754158306e-01 9.587948585782863908e-01 9.457698345610433543e-01 9.474019056018648799e-01
9.548215567932620829e-01 9.589915864698577153e-01 9.446491969568893143e-01 9.468293639735344547e-01
9.544334258378777136e-01 9.590027221995245377e-01 9.437024513947591675e-01 9.463813828054203903e-01
9.538900425003397077e-01 9.583474072263868937e-01 9.426735901461176237e-01 9.454413791766207442e-01
9.536571639271090861e-01 9.579024107072239280e-01 9.424610554280884456e-01 9.451164900537720737e-01
9.535795377360322123e-01 9.575807536857939839e-01 9.433401763072092328e-01 9.455741487603415152e-01
9.540452948824933443e-01 9.579220321169483743e-01 9.442627701968361320e-01 9.458035541697408233e-01
9.544528323856470431e-01 9.581426193762279109e-01 9.443207342108440594e-01 9.458276254899916635e-01
9.541423276213394367e-01 9.579689514065911071e-01 9.448375800024151339e-01 9.462387218221752772e-01
9.540841079780316702e-01 9.575790024780120868e-01 9.449245260234271360e-01 9.462579712663053977e-01
9.531137805895708581e-01 9.563265328210994731e-01 9.448424103369157390e-01 9.463520524353744579e-01
9.519687942711870798e-01 9.552837222847413434e-01 9.447796159884072065e-01 9.461695317021064922e-01
9.518329484368026616e-01 9.553095135815278249e-01 9.446347059533873880e-01 9.458620844244366443e-01
9.521046401055716091e-01 9.559870838489114009e-01 9.448037676609104540e-01 9.459490132211285651e-01
9.533660657105708092e-01 9.573157791683122309e-01 9.450549450549450281e-01 9.459771828337110167e-01
9.543557996468008398e-01 9.583015811372534998e-01 9.449196956889264198e-01 9.460857283172412480e-01
9.546663044111084462e-01 9.585136977573815997e-01 9.449438473614297784e-01 9.463466495650050270e-01
9.539094490481088151e-01 9.578483982026758659e-01 9.451370607414564251e-01 9.469161601028326380e-01
9.529973413029555473e-01 9.567320264778337302e-01 9.452336674314697484e-01 9.472000499482532421e-01
9.523957383221098860e-01 9.559159149480001005e-01 9.452819707764763546e-01 9.472684307653018720e-01
9.529585282074171104e-01 9.563251790988973600e-01 9.449438473614297784e-01 9.469419418840842040e-01
9.529003085641094550e-01 9.565360315205255759e-01 9.455862818500181399e-01 9.470226018861716000e-01
9.535601311882629938e-01 9.571846285880929450e-01 9.458567805820553565e-01 9.467130560591848765e-01
9.519105746278794244e-01 9.558584453200436037e-01 9.453737471319888508e-01 9.462810821793374849e-01
9.516776960546488029e-01 9.557583654622592295e-01 9.453882381354908881e-01 9.462318356791089569e-01
9.512313454559567782e-01 9.553052674430846380e-01 9.453061224489794911e-01 9.462368238459227809e-01
9.519882008189562983e-01 9.558534003004210966e-01 9.450549450549451391e-01 9.460311263322574993e-01
9.532884395194939353e-01 9.568118748517786543e-01 9.455089964980074591e-01 9.464094308810915290e-01
9.540647014302625628e-01 9.575326114337978645e-01 9.459388962685666424e-01 9.469308911951965779e-01
9.546468978633391167e-01 9.581320351486356524e-01 9.459775389445719274e-01 9.470949852550653025e-01
9.538318228570319413e-01 9.574197051034520900e-01 9.451274000724549929e-01 9.462549314335506612e-01
9.535601311882628828e-01 9.569559915687853024e-01 9.441565028378215985e-01 9.453783997730675903e-01
9.528420889208019107e-01 9.562407383724416121e-01 9.437410940707645635e-01 9.448748540806551910e-01
9.526868365386481630e-01 9.561109957076152632e-01 9.436348267117498079e-01 9.447331355648442841e-01
9.525703972520328522e-01 9.560921693344559547e-01 9.440550658133075590e-01 9.451202088268046975e-01
9.527838692774942553e-01 9.563113342335526346e-01 9.442627701968361320e-01 9.452688350418466667e-01
9.529973413029556584e-01 9.564629886284858884e-01 9.441468421688201662e-01 9.449016511706568311e-01
9.537930097614936154e-01 9.571574694692140950e-01 9.441806545103248460e-01 9.446408103553136648e-01
9.535213180927245569e-01 9.570262377870480952e-01 9.435044076802316937e-01 9.438748198567263881e-01
9.542199538124161995e-01 9.574164357209826726e-01 9.433111943002052691e-01 9.435370717656403894e-01
9.544140192901084951e-01 9.574114248520999571e-01 9.441178601618163135e-01 9.443873953474176686e-01
9.540258883347241259e-01 9.571482270842148754e-01 9.450259630479409534e-01 9.455020874201445213e-01
9.535795377360321012e-01 9.568296431872702623e-01 9.455283178360102125e-01 9.463632449237002753e-01
9.531525936851094061e-01 9.564849271090617444e-01 9.455283178360099905e-01 9.465537341929172177e-01
9.528809020163402366e-01 9.564508726097580293e-01 9.451901944209636364e-01 9.462106314809142216e-01
9.528809020163403476e-01 9.565046957413587680e-01 9.446926699673952044e-01 9.458823578757946660e-01
9.527256496341865999e-01 9.564450755451378017e-01 9.445042869218692738e-01 9.456397406609943213e-01
9.521434532011100460e-01 9.560033054994132584e-01 9.443159038763433433e-01 9.454920202283130237e-01
9.520464204622639537e-01 9.560487886588866502e-01 9.443593768868494553e-01 9.453042419601739299e-01
9.514060043858797444e-01 9.553968393877584342e-01 9.446636879603912407e-01 9.454372042749863425e-01
9.500863591375730000e-01 9.544067639902305000e-01 9.446781789638931670e-01 9.452094615157597968e-01
9.505715228318034615e-01 9.544905134372797528e-01 9.442965825383408118e-01 9.445871071591431800e-01
9.510178734304953752e-01 9.550106105019944280e-01 9.437121120637603777e-01 9.442780067594898075e-01
9.509014341438801754e-01 9.549463005393928894e-01 9.431807752686874879e-01 9.439137548056040217e-01
9.512701585514952152e-01 9.551162173392685473e-01 9.428329911846395905e-01 9.435970513180707009e-01
9.511925323604184523e-01 9.549700869891687427e-01 9.432194179446926618e-01 9.441731281857523861e-01
9.515612567680334921e-01 9.551667156444549889e-01 9.439439681197921983e-01 9.450343578131088496e-01
9.514836305769567293e-01 9.549401667975095931e-01 9.446540272913899194e-01 9.457351278580132803e-01
9.509984668827261567e-01 9.545858696570262980e-01 9.445332689288733485e-01 9.453120061607355185e-01
9.507655883094956462e-01 9.544444267435242546e-01 9.444704745803647050e-01 9.449632178649927106e-01
9.503968639018804954e-01 9.539832688770039093e-01 9.441323511653181288e-01 9.443858473648176766e-01
9.496594150866501938e-01 9.531618027045475339e-01 9.439053254437870244e-01 9.441176770968155996e-01
9.502804246152650736e-01 9.535357188776316661e-01 9.438328704262770597e-01 9.441027460197733978e-01
9.508238079528031905e-01 9.540271276018723601e-01 9.440309141408042004e-01 9.441292027145951060e-01
9.512313454559568893e-01 9.547732797663026627e-01 9.440502354788069539e-01 9.440607470634594378e-01
9.517165091501873508e-01 9.554004734457016701e-01 9.442386185243327734e-01 9.442744746216606977e-01
9.518135418890334432e-01 9.555206985336675007e-01 9.443642072213500605e-01 9.447100088143040031e-01
9.517941353412641137e-01 9.555723992269087308e-01 9.444463229078614575e-01 9.448964368300725170e-01
9.516776960546489139e-01 9.552459954785996743e-01 9.444414925733607413e-01 9.445967787499662816e-01
9.509790603349570492e-01 9.544708069308305287e-01 9.442869218693394906e-01 9.443168893088932370e-01
9.502804246152650736e-01 9.537461277743723986e-01 9.445960632773819921e-01 9.446806719883319436e-01
9.505909293795725690e-01 9.539447754660284051e-01 9.443497162178481341e-01 9.443450902994918739e-01
9.512701585514952152e-01 9.548102483026283949e-01 9.438763434367830607e-01 9.437131010777405349e-01
9.507461817617264277e-01 9.543812414143548750e-01 9.432242482791933780e-01 9.431491629002525245e-01
9.505715228318034615e-01 9.542574476466908484e-01 9.434464436662238773e-01 9.435287016362647883e-01
9.499311067554193633e-01 9.536422344014674479e-01 9.437893974157711696e-01 9.440176104367137278e-01
9.500087329464961261e-01 9.535862334317117828e-01 9.439874411302983104e-01 9.442492558380312095e-01
9.500281394942653446e-01 9.535662110593504659e-01 9.437507547397657737e-01 9.439674298903870664e-01
9.503774573541112769e-01 9.536636281482655519e-01 9.433111943002052691e-01 9.434194321053468446e-01
9.506685555706493318e-01 9.539397385923837902e-01 9.431324719236806597e-01 9.432828867978835241e-01
9.507073686661879908e-01 9.539874382052897506e-01 9.431228112546793385e-01 9.432122531562399104e-01
9.502416115197267477e-01 9.535699701674354989e-01 9.432387392826953043e-01 9.431616610150299618e-01
9.513283781948029816e-01 9.548835884141394503e-01 9.430068832266634837e-01 9.431612671511901969e-01
9.517941353412640026e-01 9.553171251257183139e-01 9.433836493177151228e-01 9.434538703473571708e-01
9.514642240291875108e-01 9.550547819071827371e-01 9.436589783842530554e-01 9.437253890234988951e-01
9.514060043858798554e-01 9.549383468706003075e-01 9.431566235961841294e-01 9.433113415187900364e-01
9.510760930738030305e-01 9.546199843080623859e-01 9.430068832266633727e-01 9.430262756112957057e-01
9.510372799782647046e-01 9.546838027884226863e-01 9.429295978746526918e-01 9.428245247958163544e-01
9.508432145005725200e-01 9.547043768054245261e-01 9.432483999516966255e-01 9.430949931770752359e-01
9.501057656853422184e-01 9.541785354104183048e-01 9.432967032967032317e-01 9.435297052115634298e-01
9.491160317491120768e-01 9.532677072958768427e-01 9.436879603912570191e-01 9.440825050164926013e-01
9.492324710357274986e-01 9.531603823315777380e-01 9.440309141408043114e-01 9.444767463638567007e-01
9.492130644879582801e-01 9.529472829775301745e-01 9.442579398623354159e-01 9.446836155229150211e-01
9.498534805643423784e-01 9.533920096409698175e-01 9.439632894577949518e-01 9.444867699516452664e-01
9.493489103223428094e-01 9.529760363257361311e-01 9.439246467817896669e-01 9.441417706043604419e-01
9.498922936598808153e-01 9.536393096903290623e-01 9.432773819587007003e-01 9.432447741894233184e-01
9.499117002076500338e-01 9.534787554888685124e-01 9.433305156382080225e-01 9.430683057282960302e-01
9.493489103223426984e-01 9.529985738508740534e-01 9.436589783842530554e-01 9.432782505404780915e-01
9.486696811504201632e-01 9.524221102985486187e-01 9.438232097572756274e-01 9.436109504329771580e-01
9.486308680548817263e-01 9.525420666180638429e-01 9.439149861127883456e-01 9.439114491525394390e-01
9.487861204370354740e-01 9.526240639857299630e-01 9.434802560077285571e-01 9.435454653956899529e-01
9.488831531758814553e-01 9.526985052606774529e-01 9.433594976452119862e-01 9.434280285589815573e-01
9.488443400803431294e-01 9.525415052771981639e-01 9.430889989131747697e-01 9.430917663879410107e-01
9.498340740165731599e-01 9.534504413719582239e-01 9.424707160970897668e-01 9.424682900348099190e-01
9.496982281821887417e-01 9.534989499539202606e-01 9.423499577345731959e-01 9.422528845217095217e-01
9.491160317491122989e-01 9.529825641984214224e-01 9.425552469508513553e-01 9.424320431079077354e-01
9.490578121058045324e-01 9.527443454909975129e-01 9.428668035261441593e-01 9.427148163218745935e-01
9.490966252013429694e-01 9.529354170329635831e-01 9.431034899166766960e-01 9.430334281719094935e-01
9.490189990102659845e-01 9.528003674820852975e-01 9.432290786136938721e-01 9.432065640161905185e-01
9.480680781695743908e-01 9.519928301320738084e-01 9.429295978746528029e-01 9.428914643818139263e-01
9.481457043606512647e-01 9.520821073477858665e-01 9.430986595821759799e-01 9.428757845606395849e-01
9.492518775834966061e-01 9.528953463733315088e-01 9.430889989131747697e-01 9.425253912245454835e-01
9.500669525898037815e-01 9.535665981374520372e-01 9.429489192126554453e-01 9.425875779179587743e-01
9.504744900929573692e-01 9.538163674394770641e-01 9.429730708851588039e-01 9.428056496537372544e-01
9.497176347299578492e-01 9.530491076310438903e-01 9.431614539306846234e-01 9.431066149964258960e-01
9.487473073414970370e-01 9.523908507400801193e-01 9.436734693877550928e-01 9.436251996420972343e-01
9.484562091249588711e-01 9.522058222248142023e-01 9.440840478203115227e-01 9.440225078591308883e-01
9.485532418638048524e-01 9.523665890912423881e-01 9.437555850742663788e-01 9.437787438746347846e-01
9.485144287682664155e-01 9.523786918259316003e-01 9.438377007607776648e-01 9.439849467877112765e-01
9.490966252013428583e-01 9.528568524696120479e-01 9.437266030672625261e-01 9.437209220133608856e-01
9.491160317491121878e-01 9.528034591228911054e-01 9.432725516241999841e-01 9.431571216185948847e-01
9.492130644879582801e-01 9.525667418682860488e-01 9.431421325926819810e-01 9.429463164250945217e-01
9.489995924624968771e-01 9.524628686648961562e-01 9.431904359376888092e-01 9.428766814579125910e-01
9.485144287682664155e-01 9.522137506720748101e-01 9.434512740007245934e-01 9.430439649043460548e-01
9.482427370994973570e-01 9.519539845906910269e-01 9.436493177152517342e-01 9.430096930708944392e-01
9.483397698383434493e-01 9.520403502908216797e-01 9.437410940707643414e-01 9.431348266147280279e-01
9.482815501950357939e-01 9.521333649805054922e-01 9.435623716942398431e-01 9.429602209635613574e-01
9.483979894816511047e-01 9.523739973445631835e-01 9.430406955681680525e-01 9.425431383332341095e-01
9.480680781695743908e-01 9.520205595334541027e-01 9.429054462021495553e-01 9.425187862078577838e-01
9.476411341186515847e-01 9.515863467805869558e-01 9.433305156382079115e-01 9.429031120124623522e-01
9.474082555454210741e-01 9.514216703958148225e-01 9.434078009902185924e-01 9.430838872791376115e-01
9.477187603097285695e-01 9.515105309500755393e-01 9.431517932616834132e-01 9.428743526546233822e-01
9.482233305517281385e-01 9.518679066899583541e-01 9.428957855331482341e-01 9.427738639584303248e-01
9.485920549593432893e-01 9.520780289298802490e-01 9.428812945296461967e-01 9.426124880793035343e-01
9.483203632905742309e-01 9.519012881207267185e-01 9.430745079096727324e-01 9.427447577573704329e-01
9.480292650740359539e-01 9.516279074240541203e-01 9.428378215191401956e-01 9.426325244405445725e-01
9.481651109084204831e-01 9.516987090910515867e-01 9.429682405506581988e-01 9.426870278099507283e-01
9.475246948320362739e-01 9.511997558023459476e-01 9.432918729622026266e-01 9.429609403053575978e-01
9.473306293543440892e-01 9.513192673386912102e-01 9.431083202511774122e-01 9.428922731374381749e-01
9.473112228065748708e-01 9.514474264444602314e-01 9.430696775751720162e-01 9.430122252363724034e-01
9.478351995963437693e-01 9.518298748210245463e-01 9.432387392826954153e-01 9.432674272236458712e-01
9.478157930485746618e-01 9.516819246833745360e-01 9.430648472406714111e-01 9.431732246433418565e-01
9.473500359021134187e-01 9.510720990022911714e-01 9.422823330515638363e-01 9.422025619341301006e-01
9.476411341186516957e-01 9.512832521394449792e-01 9.418814152880087276e-01 9.415612093458624043e-01
9.476217275708824772e-01 9.511343403982954747e-01 9.417992996014973306e-01 9.413313242135362691e-01
9.470201245900365938e-01 9.506071700962426263e-01 9.418765849535080115e-01 9.413022270570463590e-01
9.463603019658831661e-01 9.501748845618775974e-01 9.421953870305518342e-01 9.416608060015719817e-01
9.464573347047294805e-01 9.503142196956656518e-01 9.424900374350924093e-01 9.418947897966033489e-01
9.465155543480370248e-01 9.503311900051438776e-01 9.426446081391135490e-01 9.420685173989988836e-01
