8.889557336645383945e-01 9.035110300904820591e-01 8.819007366260114278e-01 9.103646209477251894e-01
8.886840419957693360e-01 9.028819113777937222e-01 8.831131505856780750e-01 9.110318476729204473e-01
8.904694443905373236e-01 9.042947946488244515e-01 8.853495954594854389e-01 9.126922883551604748e-01
8.921384074986900004e-01 9.056876980657515563e-01 8.877261200338123492e-01 9.143009416186832494e-01
8.959032777659182711e-01 9.093005451080828916e-01 8.928704262770196243e-01 9.181435474902306382e-01
8.995128956509926832e-01 9.126287270816404451e-01 8.960536167129573570e-01 9.206596554808550437e-01
9.046362242620660243e-01 9.169011751927581555e-01 9.011786016181619896e-01 9.247788544186694715e-01
9.073531409497563871e-01 9.194353307044562662e-01 9.043956043956044022e-01 9.273283373618362857e-01
9.104775951406003376e-01 9.222225224518906250e-01 9.054631083202511199e-01 9.280163452923146927e-01
9.125152826563681652e-01 9.241203036499274770e-01 9.067045042869219529e-01 9.288221576628242770e-01
9.143589046944439191e-01 9.257130332404078787e-01 9.081197922956164570e-01 9.300739513872542386e-01
9.149605076752896915e-01 9.263192066476075848e-01 9.080183552711025285e-01 9.304754193491296954e-01
9.148828814842127066e-01 9.266526601015450115e-01 9.089167974882259582e-01 9.313177688030624957e-01
9.147858487453666143e-01 9.276162708033891535e-01 9.089747615022339966e-01 9.313612652362318611e-01
9.150381338663664543e-01 9.277015576936551433e-01 9.095157589663085407e-01 9.317848302647624426e-01
9.137184886180598209e-01 9.271466090366373702e-01 9.103175944934187580e-01 9.325131810451740000e-01
9.134856100448290883e-01 9.270105819635199307e-01 9.121144789276658393e-01 9.337159177839674529e-01
9.155038910128276974e-01 9.285746541572594825e-01 9.135152759328584171e-01 9.349522845746532917e-01
9.159308350637505036e-01 9.293029722246006763e-01 9.141480497524454574e-01 9.356801156336849168e-01
9.173281065031341219e-01 9.301329037914104481e-01 9.141673710904479888e-01 9.357118742859977800e-01
9.184148731782103559e-01 9.311101359320118620e-01 9.148291269170389928e-01 9.359091039804003920e-01
9.169011624522114268e-01 9.299328660786603251e-01 9.152155536770920641e-01 9.359408649869119801e-01
9.175997981719031804e-01 9.302147365677216895e-01 9.157372298031638547e-01 9.359443630910614376e-01
9.178132701973645835e-01 9.303776791990941986e-01 9.163458519502476474e-01 9.362966218038559774e-01
9.180655553183644235e-01 9.310226388404934106e-01 9.171090448013524687e-01 9.372538309193044759e-01
9.167070969745192421e-01 9.301930936920976833e-01 9.155102040816325282e-01 9.363193161617830995e-01
9.148440683886742697e-01 9.285996078241623986e-01 9.167829972225576274e-01 9.370535815192799767e-01
9.141648392167517345e-01 9.281437454115044616e-01 9.189880449221107250e-01 9.385993554564691088e-01
9.137378951658290394e-01 9.279397512164104800e-01 9.197029344282090513e-01 9.388858714186197885e-01
9.126317219429835870e-01 9.273067781526270759e-01 9.185822968240550113e-01 9.381619631511429747e-01
9.144947505288284484e-01 9.285649984877903940e-01 9.177321579519381878e-01 9.378200771562960059e-01
9.153874517262123867e-01 9.295820489320467672e-01 9.171621784808599021e-01 9.372459660690691807e-01
9.141454326689824050e-01 9.286786645949783869e-01 9.159256128486897852e-01 9.365808093908793985e-01
9.146888160065205220e-01 9.290063059668023371e-01 9.171380268083565435e-01 9.371891775190595020e-01
9.165518445923654944e-01 9.304990022714529907e-01 9.175920782514188634e-01 9.373223203675389303e-01
9.171728541209803742e-01 9.307065634391983311e-01 9.177031759449341131e-01 9.372047284893231245e-01
9.180655553183645345e-01 9.312681150003010444e-01 9.180654510324840478e-01 9.374725949914575196e-01
9.183566535349027005e-01 9.310115375667573634e-01 9.180219780219779357e-01 9.374408587165403706e-01
9.172892934075955740e-01 9.302127852572578126e-01 9.187465281970776942e-01 9.379860420370088603e-01
9.164548118535194021e-01 9.293907940185935912e-01 9.186112788310590860e-01 9.380178051738279343e-01
9.162413398280579990e-01 9.293299459040338384e-01 9.174906412269049349e-01 9.371840582447860113e-01
9.159114285159812852e-01 9.286851757764622572e-01 9.179881656804733669e-01 9.371458311709860434e-01
9.162995594713655434e-01 9.294639791365262305e-01 9.179640140079698973e-01 9.370529872841486529e-01
9.174639523375186512e-01 9.301922497937815670e-01 9.187996618765850165e-01 9.377528386364590851e-01
9.182984338915949341e-01 9.312261254207594430e-01 9.188817775630961915e-01 9.382145497629293951e-01
9.182596207960564971e-01 9.314128789216127302e-01 9.189349112426035138e-01 9.382122816217693950e-01
9.194822333055171493e-01 9.321170883530341955e-01 9.198623354667310181e-01 9.387237300892676828e-01
9.208406916493623307e-01 9.326921866018814677e-01 9.192247313126433728e-01 9.382931483135292794e-01
9.214617011779774325e-01 9.325913356284443179e-01 9.186740731795676185e-01 9.379862084089382046e-01
9.215781404645926322e-01 9.329071230608105836e-01 9.174036952058929328e-01 9.370906380083564580e-01
9.192687612800558572e-01 9.316683670981582566e-01 9.176838546069314706e-01 9.374868300882579497e-01
9.189388499679791433e-01 9.312668526519871648e-01 9.182151914020044714e-01 9.378293051467047059e-01
9.192493547322866387e-01 9.315366307535573043e-01 9.180606206979832207e-01 9.380359669917675003e-01
9.188030041335946141e-01 9.314231360346871824e-01 9.182876464195145472e-01 9.382828654475016128e-01
9.196374856876710080e-01 9.316266715729469849e-01 9.177611399589421515e-01 9.375872064491911351e-01
9.185119059170564482e-01 9.307997180987651609e-01 9.178625769834560799e-01 9.374485366539895281e-01
9.191717285412097649e-01 9.311995515545212765e-01 9.184470474580365140e-01 9.378840936736880796e-01
9.189970696112867987e-01 9.312742135202447535e-01 9.194759087066781689e-01 9.384892806294816703e-01
9.175221719808264176e-01 9.304445715524195526e-01 9.196787827557058037e-01 9.386709362917005084e-01
9.173863261464417773e-01 9.307159230153553287e-01 9.202632532302861268e-01 9.388231799458682802e-01
9.172698868598264665e-01 9.308703320545788085e-01 9.201473252022701610e-01 9.386654764291378905e-01
9.174445457897495437e-01 9.304002877412117511e-01 9.199734331602462678e-01 9.387211284528386157e-01
9.175997981719032914e-01 9.301667870708575370e-01 9.189252505736023036e-01 9.379628664305239560e-01
9.173475130509033404e-01 9.296249051170951683e-01 9.186257698345610123e-01 9.375813919718114509e-01
9.172698868598263555e-01 9.294801153974748820e-01 9.182586644125105835e-01 9.372404996643965980e-01
9.190164761590559062e-01 9.304923864140516310e-01 9.191860886366380878e-01 9.375906190119451811e-01
9.198121446175939742e-01 9.314622688887158608e-01 9.187658495350803367e-01 9.374652715616937915e-01
9.204331541462089650e-01 9.327203823002983007e-01 9.193937930201666608e-01 9.380032684467242143e-01
9.205107803372858388e-01 9.328384888259321217e-01 9.188672865595942651e-01 9.379099005387001586e-01
9.205884065283626017e-01 9.326037745368185305e-01 9.193213380026568071e-01 9.380010693195991456e-01
9.214617011779774325e-01 9.329053744526660807e-01 9.195435333896871954e-01 9.382529847019637215e-01
9.212676357002853589e-01 9.325718876490071141e-01 9.180751117014852580e-01 9.371812735507827341e-01
9.206272196239010386e-01 9.319189767673431435e-01 9.181765487259992975e-01 9.374105599898702179e-01
9.199673969997477219e-01 9.318936396973114267e-01 9.188962685665982288e-01 9.383391424899036881e-01
9.200450231908244847e-01 9.317154002666250268e-01 9.187320371935756569e-01 9.379705201673331771e-01
9.188030041335946141e-01 9.309623919630189981e-01 9.198864871392343767e-01 9.385218994166918405e-01
9.183178404393642635e-01 9.307542895239028224e-01 9.194324356961718347e-01 9.382541649682364371e-01
9.179491160317492238e-01 9.307044885781703414e-01 9.200748701847603073e-01 9.387982931848302126e-01
9.188030041335946141e-01 9.310095307201159409e-01 9.211713561164109887e-01 9.395588239912652240e-01
9.211706029614391555e-01 9.325395166062964147e-01 9.208090810288612760e-01 9.393415086226604149e-01
9.219274583244386756e-01 9.330646873763784876e-01 9.188479652215915117e-01 9.378551722766872434e-01
9.216169535601311802e-01 9.325181274501805895e-01 9.193648110131624751e-01 9.380133541375245132e-01
9.223738089231305892e-01 9.326366485492776359e-01 9.189059292355995501e-01 9.374682245081151777e-01
9.225678744008227739e-01 9.328538412569188365e-01 9.189783842531094038e-01 9.374415032904457323e-01
9.217527993945157094e-01 9.323655882443637744e-01 9.187561888660790155e-01 9.375264075567887323e-01
9.190358827068252356e-01 9.305349024857079154e-01 9.176355512619249755e-01 9.370993988595028856e-01
9.186865648469794143e-01 9.303923998460663647e-01 9.183890834440284756e-01 9.376033040404372354e-01
9.212094160569775925e-01 9.320660094476167501e-01 9.195580243931891218e-01 9.384824576202337454e-01
9.211706029614391555e-01 9.321237848155254913e-01 9.208815360463712407e-01 9.393684414811832584e-01
9.192299481845174203e-01 9.314471840105411626e-01 9.196836130902065198e-01 9.387212355108283113e-01
9.185507190125947741e-01 9.307617739688918146e-01 9.188141528800869429e-01 9.378274797162199361e-01
9.189388499679792544e-01 9.311166937073329652e-01 9.194855693756792681e-01 9.380004948021671840e-01
9.193075743755941831e-01 9.311647308457456917e-01 9.202777442337880531e-01 9.384638074729163559e-01
9.210735702225930632e-01 9.318777990338327211e-01 9.207607776838545588e-01 9.387914223011066817e-01
9.216169535601311802e-01 9.323976117508658845e-01 9.211423741094070250e-01 9.393707496703723736e-01
9.202973083118244357e-01 9.320989189702516553e-01 9.196546310832025561e-01 9.383726907749854185e-01
9.202002755729782324e-01 9.314538854699491166e-01 9.195000603791811944e-01 9.379685232999231959e-01
9.201614624774399065e-01 9.312160758520192649e-01 9.197947107837216585e-01 9.380968954070375565e-01
9.199285839042092849e-01 9.308773613994955065e-01 9.201424948677696669e-01 9.383886061288954084e-01
9.201032428341321401e-01 9.308347696423835416e-01 9.190701606086221220e-01 9.377722440258015046e-01
9.200450231908245957e-01 9.309323378698798335e-01 9.189783842531096258e-01 9.376927687276033208e-01
9.202390886685166693e-01 9.308678023402535695e-01 9.199251298152396616e-01 9.381989225692797252e-01
9.200644297385937032e-01 9.308231698453997005e-01 9.199589421567444525e-01 9.382638867300954200e-01
9.193075743755944051e-01 9.303278825870552327e-01 9.212051684579156685e-01 9.390931596831931794e-01
9.189776630635175803e-01 9.303581707871874107e-01 9.201763072092742357e-01 9.385504360269274482e-01
9.195986725921325711e-01 9.308974638104721144e-01 9.200797005192609124e-01 9.382068055953237673e-01
9.200450231908244847e-01 9.307130839206924078e-01 9.207414563458519163e-01 9.383967999670025373e-01
9.205107803372857278e-01 9.310745293341889939e-01 9.207221350078492739e-01 9.386028767631084957e-01
9.199091773564399555e-01 9.308940463683977873e-01 9.200700398502594801e-01 9.384992744852491686e-01
9.199868035475169403e-01 9.317206401646593861e-01 9.209974640743870955e-01 9.394815348658417387e-01
9.195016398532863677e-01 9.316052389970310710e-01 9.211327134404057038e-01 9.395710000783328297e-01
9.190552892545945651e-01 9.310265649732959448e-01 9.215915952179688508e-01 9.394668295085671916e-01
9.200644297385937032e-01 9.315534150652285961e-01 9.218524332810046351e-01 9.391883140467771618e-01
9.210735702225929522e-01 9.319623678597660499e-01 9.220697983335346404e-01 9.391938500148890867e-01
9.220633041588230938e-01 9.324019659198629073e-01 9.218910759570101421e-01 9.390241672885447644e-01
9.227231267829765216e-01 9.324125464110959438e-01 9.217220142494868540e-01 9.391478774804344898e-01
9.221991499932077341e-01 9.323953287373851762e-01 9.208332327013646346e-01 9.386812343677166659e-01
9.227037202352073031e-01 9.329164975664135939e-01 9.201086825262649871e-01 9.384285762303488099e-01
9.220244910632847679e-01 9.327978988705276642e-01 9.185533148170510476e-01 9.374762273956991354e-01
9.209959440315163004e-01 9.320747994596116914e-01 9.181234150464920862e-01 9.372182815935666822e-01
9.215975470123619617e-01 9.322436209251427908e-01 9.188334742180895853e-01 9.378267948596010761e-01
9.209183178404393155e-01 9.316433109677375590e-01 9.209153483878760316e-01 9.391989629696926301e-01
9.226455005918996477e-01 9.328486714350417985e-01 9.213307571549330666e-01 9.391349241340510856e-01
9.237516738147451001e-01 9.336869591802104962e-01 9.214756671899528850e-01 9.389244133229596168e-01
9.233247297638222939e-01 9.335273308963140115e-01 9.213838908344402778e-01 9.389678367117988422e-01
9.230724446428224539e-01 9.333035929363392436e-01 9.217944692669968187e-01 9.392696350552349749e-01
9.238875196491296293e-01 9.337380778856416708e-01 9.229102765366501426e-01 9.401653499159303706e-01
9.227619398785150695e-01 9.326672683299097599e-01 9.227798575051322505e-01 9.401722230573250627e-01
9.212288226047468109e-01 9.315120475720553017e-01 9.220311556575292444e-01 9.394167624648868120e-01
9.216557666556696171e-01 9.321891318141347638e-01 9.218186209395000663e-01 9.392396398335423058e-01
9.206078130761319311e-01 9.315847471293962068e-01 9.211133921024030613e-01 9.388525120267690038e-01
9.207242523627471309e-01 9.318580477251566796e-01 9.210892404298998137e-01 9.388977503582780493e-01
9.214034815346696661e-01 9.320027347237112014e-01 9.226204564666103947e-01 9.397889810520236864e-01
9.230142249995146875e-01 9.328324866179619201e-01 9.226929114841202484e-01 9.398502627598251946e-01
9.227425333307457400e-01 9.327540517000070253e-01 9.219393793020167482e-01 9.393420962842323751e-01
9.236352345281297893e-01 9.338108026665148387e-01 9.216398985629755680e-01 9.392192857781531679e-01
9.226455005918997587e-01 9.333373546610270743e-01 9.217944692669968187e-01 9.392582042033231771e-01
9.221797434454385156e-01 9.328557477356921313e-01 9.216930322424827793e-01 9.389990449395398953e-01
9.210929767703622817e-01 9.317134682808749790e-01 9.220166646540273181e-01 9.393194417035762855e-01
9.218498321333616907e-01 9.320253084959783108e-01 9.216930322424830013e-01 9.393454753599097540e-01
9.228395660695918323e-01 9.326766656710095971e-01 9.214901581934548114e-01 9.390763388429735903e-01
9.237710803625142075e-01 9.335181895776391015e-01 9.210457674193938127e-01 9.386713436320621717e-01
9.234993886937452601e-01 9.335935404467562426e-01 9.203936722618040189e-01 9.383438867376587833e-01
9.229365988084379246e-01 9.336142656127334183e-01 9.205820553073299495e-01 9.384597256287865452e-01
9.215005142735159804e-01 9.325244085938028116e-01 9.218910759570101421e-01 9.392647092306265488e-01
9.203361214073628727e-01 9.315601388121683701e-01 9.226977418186209645e-01 9.396039726298915928e-01
9.217139862989772725e-01 9.323989445792284503e-01 9.227895181741335717e-01 9.396101246006451913e-01
9.234217625026683862e-01 9.331511918719990195e-01 9.216882019079821742e-01 9.388178726172480282e-01
9.237128607192065521e-01 9.330334237579867018e-01 9.213259268204322394e-01 9.386011744717404071e-01
9.247802208465135676e-01 9.337841933474121392e-01 9.206786619973432728e-01 9.383622075207731505e-01
9.237710803625142075e-01 9.332623892076671313e-01 9.195290423861850471e-01 9.376731469773810224e-01
9.247220012032059122e-01 9.343571753592105900e-01 9.187610192005795096e-01 9.373166552141299901e-01
9.233247297638221829e-01 9.333790267093280413e-01 9.183359497645211533e-01 9.368815672797577987e-01
9.232082904772069831e-01 9.332965798658300338e-01 9.204661272793140947e-01 9.382317822114185635e-01
9.242562440567447801e-01 9.339023472879326437e-01 9.223451274000724620e-01 9.395067143746698157e-01
9.234993886937452601e-01 9.330671654054982778e-01 9.220214949885278122e-01 9.392183231877464511e-01
9.226843136874380846e-01 9.323714834941989604e-01 9.220214949885279232e-01 9.389133895089776249e-01
9.233635428593606198e-01 9.326337907608678313e-01 9.211037314334019621e-01 9.382885572028558663e-01
9.235382017892835860e-01 9.328916271220440981e-01 9.207462866803526325e-01 9.384189233420330289e-01
9.226455005918996477e-01 9.321673268699230963e-01 9.209829730708851692e-01 9.385984943529885882e-01
9.224320285664383556e-01 9.326597648854186851e-01 9.211037314334017401e-01 9.386870207471338379e-01
9.232276970249763126e-01 9.331198415016855874e-01 9.218089602704987451e-01 9.390443754227634221e-01
9.230336315472840170e-01 9.328596213339236387e-01 9.217075232459848166e-01 9.387243383838959065e-01
9.236158279803605708e-01 9.329246546592659950e-01 9.215577828764641710e-01 9.386446095548778290e-01
9.243338702478217650e-01 9.335276047634369911e-01 9.225286801110976764e-01 9.394050392457569121e-01
9.255564827572823061e-01 9.344239200431272430e-01 9.227895181741334607e-01 9.393863636116664972e-01
9.253430107318207920e-01 9.349425517060001578e-01 9.226349474701123210e-01 9.394712833876212033e-01
9.249354732286673153e-01 9.349697043892397641e-01 9.218379422775025978e-01 9.390916123184764874e-01
9.248772535853596599e-01 9.349440165803101221e-01 9.212583021374229908e-01 9.386816204873549285e-01
9.226843136874380846e-01 9.328631306973995674e-01 9.225576621181017511e-01 9.394483993444967540e-01
9.234411690504376047e-01 9.332188515405595020e-01 9.228812945296462900e-01 9.397446352096591182e-01
9.235770148848220229e-01 9.331149249410581881e-01 9.219828523125226383e-01 9.390782763601436267e-01
9.242950571522831060e-01 9.330366175291218145e-01 9.221615746890472476e-01 9.391076168366548904e-01
9.250907256108211740e-01 9.332151691578933761e-01 9.221084410095399253e-01 9.390064307648338104e-01
9.253624172795901215e-01 9.338716971539843259e-01 9.226977418186208535e-01 9.394392955107797594e-01
9.258475809738205831e-01 9.341881870891474149e-01 9.230068832266633549e-01 9.396253783393829773e-01
9.262551184769742818e-01 9.340754848900640894e-01 9.231034899166766783e-01 9.396935244259634334e-01
9.259058006171281274e-01 9.341013749154200019e-01 9.220214949885279232e-01 9.391149051843420414e-01
9.249160666808982079e-01 9.337403908263539609e-01 9.214853278589542063e-01 9.391037067410539230e-01
9.247608142987443491e-01 9.339526263054880317e-01 9.209201787223765256e-01 9.389229245761582243e-01
9.256729220438976169e-01 9.347108153443394185e-01 9.200072455017509476e-01 9.382024419110327473e-01
9.254012303751284474e-01 9.345915027995989055e-01 9.203985025963048461e-01 9.384333237738153866e-01
9.247802208465134566e-01 9.337812854592840717e-01 9.212534718029222747e-01 9.385667085140698696e-01
9.247802208465135676e-01 9.332475792548570181e-01 9.225141891075957501e-01 9.390610748251828621e-01
9.246055619165907125e-01 9.329557537431268921e-01 9.223499577345731781e-01 9.388962211850977457e-01
9.232276970249762016e-01 9.320546734970103220e-01 9.232242482791932492e-01 9.396451965605314705e-01
9.232471035727455311e-01 9.323045498013223797e-01 9.219393793020166372e-01 9.393089304369248715e-01
9.246831881076675863e-01 9.333793377916397294e-01 9.213549088274362031e-01 9.390658491151111509e-01
9.247414077509752417e-01 9.338978528975775406e-01 9.206593406593405193e-01 9.386611518646273966e-01
9.244503095344369648e-01 9.336972332440248712e-01 9.208911967153723399e-01 9.386894456412824272e-01
9.230336315472840170e-01 9.328171341755053803e-01 9.212583021374231018e-01 9.389710687724044380e-01
9.222185565409768415e-01 9.321041471774410558e-01 9.209250090568772418e-01 9.384587283649226119e-01
9.236934541714374447e-01 9.327518208613667650e-01 9.216688805699794207e-01 9.386037048947372119e-01
9.242950571522831060e-01 9.328307571520650932e-01 9.222871633860645346e-01 9.389236238216888131e-01
9.249742863242057522e-01 9.333605689294054431e-01 9.228716338606449687e-01 9.391551288340720394e-01
9.257699547827435982e-01 9.338960542942971177e-01 9.221229320130418516e-01 9.386151165812292030e-01
9.266626559801276475e-01 9.347649388129223302e-01 9.213693998309382405e-01 9.382979632084109678e-01
9.266820625278968659e-01 9.348264769451379852e-01 9.216157468904722094e-01 9.384365037591967385e-01
9.261774922858971859e-01 9.343118889971513408e-01 9.227363844946262494e-01 9.390889980345197285e-01
9.247608142987443491e-01 9.334438370770499205e-01 9.230117135611639601e-01 9.398010165311858621e-01
9.245085291777445091e-01 9.336858417324784831e-01 9.223692790725757096e-01 9.395423015168643532e-01
9.244309029866677463e-01 9.340786202024834450e-01 9.213983818379423152e-01 9.388212829584056118e-01
9.255564827572823061e-01 9.342736065347838625e-01 9.218089602704986341e-01 9.387509076716158418e-01
9.258475809738205831e-01 9.341751596838890892e-01 9.221905566960513223e-01 9.389191882262731825e-01
9.250907256108210630e-01 9.333495851830769796e-01 9.218331119430019926e-01 9.386572961218266897e-01
9.247802208465135676e-01 9.330396178139023222e-01 9.209105180533752044e-01 9.379861169001769694e-01
9.242368375089754506e-01 9.328183455668246360e-01 9.209539910638810944e-01 9.380635662680859577e-01
9.241398047701293583e-01 9.327890293903615682e-01 9.215094795314575649e-01 9.385651892246701378e-01
9.250325059675134076e-01 9.332456285811773222e-01 9.212631324719235959e-01 9.384622026016403717e-01
9.259058006171282384e-01 9.341827448782835663e-01 9.216447288974761731e-01 9.387023637652426311e-01
9.260610529992818751e-01 9.340603420051489802e-01 9.225818137906048877e-01 9.391531072823743331e-01
9.261386791903587490e-01 9.340047217980287364e-01 9.229151068711507477e-01 9.389519373322194884e-01
9.264879970502047923e-01 9.343527869818406550e-01 9.232870426277020037e-01 9.391805650005926598e-01
9.264297774068971369e-01 9.340497008394582634e-01 9.234174616592200069e-01 9.395833915811860892e-01
9.267985018145121767e-01 9.341979318714233038e-01 9.227460451636275707e-01 9.393181583372951504e-01
9.270313803877427983e-01 9.343429690171342061e-01 9.213790604999396727e-01 9.383915096371562292e-01
9.261968988336664044e-01 9.338664255247834944e-01 9.206351889868374938e-01 9.378648240425402349e-01
9.262163053814357339e-01 9.340841323930365592e-01 9.221567443545466425e-01 9.389782141644982261e-01
9.260028333559742197e-01 9.342085339601595706e-01 9.232628909551985341e-01 9.397150083862433334e-01
9.262745250247432782e-01 9.343027184275528585e-01 9.232580606206979290e-01 9.396976728448716010e-01
9.268567214578199431e-01 9.346479947334311866e-01 9.226639294771162847e-01 9.392452653692331399e-01
9.274195113431271675e-01 9.349075575325489496e-01 9.225673227871029614e-01 9.389008388865762722e-01
9.270507869355119057e-01 9.347944629496579561e-01 9.214853278589542063e-01 9.380043947703462504e-01
9.267208756234353029e-01 9.345921814816731121e-01 9.210844100953992086e-01 9.378312518357581062e-01
9.263133381202818262e-01 9.343114594479553503e-01 9.218089602704987451e-01 9.382390108327820499e-01
9.254788565662054323e-01 9.335484308923758245e-01 9.235188986837339353e-01 9.395087990113057952e-01
9.242562440567447801e-01 9.330118366566149124e-01 9.241033691583141474e-01 9.400090392254560889e-01
9.240621785790524845e-01 9.327957776674833390e-01 9.236686390532544699e-01 9.397728539252683255e-01
9.250907256108210630e-01 9.331469657739679402e-01 9.237507547397656449e-01 9.398571714538768163e-01
9.258669875215899125e-01 9.340098253514035331e-01 9.234222919937206120e-01 9.397427238173612363e-01
9.264685905024354629e-01 9.341594272724111914e-01 9.232290786136939653e-01 9.395274021483424054e-01
9.262551184769741708e-01 9.341547335046886946e-01 9.222195387030552860e-01 9.385923375568230309e-01
9.252847910885132476e-01 9.337003004775370485e-01 9.218620939500059563e-01 9.382627444376332448e-01
9.263327446680509336e-01 9.341415928722921480e-01 9.226590991426156796e-01 9.389290509361662984e-01
9.271284131265887796e-01 9.343205359353787820e-01 9.243690375558506478e-01 9.400206049247467055e-01
9.262357119292048413e-01 9.336422101242175531e-01 9.239294771162902542e-01 9.398985113097653166e-01
9.261968988336664044e-01 9.340246098913913553e-01 9.225238497765969603e-01 9.392610231625330153e-01
9.269731607444351429e-01 9.349117108329889625e-01 9.225624924526022452e-01 9.393263769429761600e-01
9.276523899163577891e-01 9.350710962579902308e-01 9.235092380147327251e-01 9.397096836510709927e-01
9.274971375342040414e-01 9.347293221899497517e-01 9.239053254437870066e-01 9.397996234975724006e-01
9.264685905024354629e-01 9.340649620388394858e-01 9.238328704262770419e-01 9.397181417391775593e-01
9.260804595470510936e-01 9.339241096633876804e-01 9.236831300567563963e-01 9.394213293248908636e-01
9.262551184769740598e-01 9.341119650961206000e-01 9.229875618886607125e-01 9.389829799380020603e-01
9.273418851520504047e-01 9.347377464504231792e-01 9.230092983939137685e-01 9.389608689434478794e-01
9.275747637252808042e-01 9.349704330969191846e-01 9.224224127520830319e-01 9.385340257886780613e-01
9.283122125405111058e-01 9.357148181158518874e-01 9.231034899166766783e-01 9.392440000586474991e-01
9.271090065788197832e-01 9.352373604022892195e-01 9.241371814998188272e-01 9.400246700932683996e-01
9.271672262221272165e-01 9.348208830074500320e-01 9.244608139113632550e-01 9.401674258091684555e-01
9.263909643113585890e-01 9.336872325646290438e-01 9.244994565873687620e-01 9.400719651564430901e-01
9.263327446680510446e-01 9.332823999844943597e-01 9.236831300567563963e-01 9.395017580737460294e-01
9.259446137126665644e-01 9.331141652645227325e-01 9.231614539306847167e-01 9.391428912540926710e-01
9.258281744260513646e-01 9.332814534840574439e-01 9.218331119430021037e-01 9.382971168645437565e-01
9.263909643113587000e-01 9.340268542417293762e-01 9.219876826470232434e-01 9.382321399793784877e-01
9.268567214578198321e-01 9.337470181839963024e-01 9.225238497765970713e-01 9.383233135697602867e-01
9.262745250247433892e-01 9.331613617118367232e-01 9.222581813790605709e-01 9.380437865421566990e-01
9.267596887189736288e-01 9.334557105234551067e-01 9.227605361671294970e-01 9.384070647408713217e-01
9.263909643113587000e-01 9.337742161242248429e-01 9.240550658133076523e-01 9.394543552628120686e-01
9.271284131265888906e-01 9.348676137444897893e-01 9.252868011109769419e-01 9.404503006289312017e-01
9.276135768208193522e-01 9.348221493711376118e-01 9.255283178360101948e-01 9.402715688200076194e-01
9.274195113431271675e-01 9.347310894692055783e-01 9.244704745803646873e-01 9.393938308322801189e-01
9.271672262221273275e-01 9.346134189317929497e-01 9.237169423982609651e-01 9.390478855641655187e-01
9.278852684895884106e-01 9.351934410322251257e-01 9.229295978746528961e-01 9.386647168825947851e-01
9.274583244386656045e-01 9.352176206492052168e-01 9.240743871513102947e-01 9.396074781715448854e-01
9.273418851520501827e-01 9.344975183577980404e-01 9.243255645453447578e-01 9.397314688908063873e-01
9.274195113431270565e-01 9.346284255251385842e-01 9.244656442458640822e-01 9.397365980872951496e-01
9.272060393176657644e-01 9.347918598429534320e-01 9.245622509358772945e-01 9.398981958522003577e-01
9.278464553940499737e-01 9.347254148593473477e-01 9.249438473614297607e-01 9.401344287632723562e-01
9.270119738399735798e-01 9.338677704952007552e-01 9.244608139113634770e-01 9.396324669794955398e-01
9.255758893050515246e-01 9.332266081892784948e-01 9.253882381354909814e-01 9.403505224023167575e-01
9.264685905024354629e-01 9.339778974180862336e-01 9.247892766574085099e-01 9.399790124252912493e-01
9.272642589609734198e-01 9.339423036127549871e-01 9.247651249849051514e-01 9.399939343915643120e-01
9.271090065788197832e-01 9.336830326230203259e-01 9.232290786136940763e-01 9.388273593102508530e-01
9.274777309864348229e-01 9.342056144034073251e-01 9.222002173650525325e-01 9.380599158690641204e-01
9.280405208717420473e-01 9.345249820899255155e-01 9.212872841444269545e-01 9.376298700322979185e-01
9.287391565914339120e-01 9.351854589601139578e-01 9.208767057118705246e-01 9.373439737899362800e-01
9.276912030118961150e-01 9.343499691396235374e-01 9.219490399710179585e-01 9.380822943330888730e-01
9.274971375342039304e-01 9.344382446433536771e-01 9.228523125226421042e-01 9.386909958962703637e-01
9.280017077762037214e-01 9.347952180101478659e-01 9.235044076802318980e-01 9.392335374742442067e-01
9.280793339672804843e-01 9.349693762744130110e-01 9.241420118343195433e-01 9.395693973866588999e-01
9.288361893302801153e-01 9.357649805357400874e-01 9.242482791933342989e-01 9.396293068693585271e-01
9.283510256360495427e-01 9.354354218788241138e-01 9.238183794227750045e-01 9.394499690997281105e-01
9.289720351646644225e-01 9.359107394836265748e-01 9.241999758483274707e-01 9.396934958087584944e-01
9.278658619418190812e-01 9.349730821849668860e-01 9.240502354788069361e-01 9.394419434866504437e-01
9.274583244386656045e-01 9.340106691213472256e-01 9.238570220987804005e-01 9.393458954745712575e-01
9.273418851520502937e-01 9.338832998264352536e-01 9.235961840357445052e-01 9.390507880558345288e-01
9.270896000310504537e-01 9.341219373542667403e-01 9.242676005313368304e-01 9.395270699191283770e-01
9.278658619418191922e-01 9.350371031137588718e-01 9.243883588938534013e-01 9.395497832109753755e-01
9.276329833685885706e-01 9.349863793457978689e-01 9.242965825383407941e-01 9.394669296456139573e-01
9.283122125405112168e-01 9.352057650913258025e-01 9.233836493177152160e-01 9.390534834349200111e-01
9.278464553940499737e-01 9.348009083430565136e-01 9.225141891075957501e-01 9.385226249750590055e-01
9.273030720565118568e-01 9.341900216339892316e-01 9.222871633860645346e-01 9.380801471667904456e-01
9.276135768208193522e-01 9.345273594335617995e-01 9.234029706557179695e-01 9.386435562343421468e-01
9.285062780182031794e-01 9.353413730179011010e-01 9.238377007607777580e-01 9.392015143818464029e-01
9.287003434958954751e-01 9.355354398076211053e-01 9.234512740007244647e-01 9.391027416166098929e-01
9.282928059927419984e-01 9.350432113411889512e-01 9.236638087187538648e-01 9.391039401548040289e-01
9.294377923111257767e-01 9.357221764679937159e-01 9.238521917642796843e-01 9.391283861532045973e-01
9.297871101709717090e-01 9.358616068517502384e-01 9.234754256732279343e-01 9.389947889809910908e-01
9.298647363620484718e-01 9.359008997971999255e-01 9.236203357082477527e-01 9.390575503743318064e-01
9.282345863494342320e-01 9.349601837914001123e-01 9.233450066417099311e-01 9.389199863029371596e-01
9.273806982475887306e-01 9.343982353343984748e-01 9.241081994928148635e-01 9.394209858458781870e-01
