9.329167019640551839e-01 9.416580117136971184e-01 9.326210693642559280e-01 9.409412249260054040e-01
9.310181776121153607e-01 9.400966393726334358e-01 9.306571005991868262e-01 9.396157124454255216e-01
9.296847508764612966e-01 9.391368571351393912e-01 9.302660632306558597e-01 9.393235270752009480e-01
9.291693411226523702e-01 9.386564651836240003e-01 9.303700208281744377e-01 9.393136206836707469e-01
9.313201739238096133e-01 9.401651295555839560e-01 9.326557643215082072e-01 9.407561627385224723e-01
9.323850011077949862e-01 9.408897410890056934e-01 9.337828286078275752e-01 9.413728871526518827e-01
9.319152064408504632e-01 9.405101581039707614e-01 9.333562053623792876e-01 9.407907103158992257e-01
9.333588017568326123e-01 9.412963561505346410e-01 9.346962758132518756e-01 9.414107833107047130e-01
9.349479988009747888e-01 9.420162228599862075e-01 9.359262031386437197e-01 9.418970892900890846e-01
9.363832449269506863e-01 9.427879472628555302e-01 9.370091287192586771e-01 9.423499862888600198e-01
9.389263878390178286e-01 9.444849403450450431e-01 9.397592449970023631e-01 9.439650497825513575e-01
9.412272006021191739e-01 9.457545301114755887e-01 9.414564724142762131e-01 9.448840885332668860e-01
9.425620528092377715e-01 9.464123166593517711e-01 9.426124024977519111e-01 9.455475870464180588e-01
9.424997393423607539e-01 9.462119147456444779e-01 9.420869126243012204e-01 9.450908044529471308e-01
9.408513852324414950e-01 9.450775006549880786e-01 9.401974501980998600e-01 9.437246014555400464e-01
9.416018959585032988e-01 9.454523491843049854e-01 9.417238246784136457e-01 9.444910816739283677e-01
9.431259285928396130e-01 9.464984646548552094e-01 9.436101307035149599e-01 9.456787379425333206e-01
9.422164777984856077e-01 9.459475742186012059e-01 9.433021779574868315e-01 9.453931145061418295e-01
9.412430844270093244e-01 9.454408009744281749e-01 9.419562019819754939e-01 9.446000763053243876e-01
9.412811648789896068e-01 9.456288518554792910e-01 9.412846521931081956e-01 9.442801980629763614e-01
9.410304855400174473e-01 9.451116599586950606e-01 9.405012792588200998e-01 9.435191203754746958e-01
9.402721347209008762e-01 9.441492475235352400e-01 9.391082372701324843e-01 9.423188781464655328e-01
9.410028924852401611e-01 9.445050412087665492e-01 9.400395792334059752e-01 9.427746353608811303e-01
9.420042861890549624e-01 9.451961020111704359e-01 9.408384032601753155e-01 9.432269972736830876e-01
9.433478948637412653e-01 9.460035899867605957e-01 9.421110183649599179e-01 9.439482353551902349e-01
9.430448803581434891e-01 9.455517550974266161e-01 9.416383982099336691e-01 9.432040961498788789e-01
9.424015854500906730e-01 9.454430025563699269e-01 9.412947323127500709e-01 9.431963637204515694e-01
9.416020995972840257e-01 9.447304018581973439e-01 9.405517053118768178e-01 9.425069238299365049e-01
9.406443864119173881e-01 9.438429333145778033e-01 9.389898213191882892e-01 9.411901716204637003e-01
9.400021096977675406e-01 9.433665415816550048e-01 9.379284559944740529e-01 9.403935640826359688e-01
9.401139073883407749e-01 9.434023195179042087e-01 9.379718819644462524e-01 9.404368359776859032e-01
9.405044865696152723e-01 9.437115404752621783e-01 9.392990977172908096e-01 9.414430645720284208e-01
9.397679251000273792e-01 9.431863841059138220e-01 9.391784417397595064e-01 9.413912840898426282e-01
9.392148421717994022e-01 9.427205102840697792e-01 9.391472086417780307e-01 9.413018483362560751e-01
9.378024035892555954e-01 9.414961525334776260e-01 9.384248509771403457e-01 9.406023411460665562e-01
9.377392755672562252e-01 9.413258010922286312e-01 9.385400850721370425e-01 9.405352314278729864e-01
9.376930495640500851e-01 9.410816808621210727e-01 9.384453930391378762e-01 9.403208813835458590e-01
9.384841862268503698e-01 9.415096513540395229e-01 9.386110022774961648e-01 9.403354470773466200e-01
9.394729543262649862e-01 9.421157416510230753e-01 9.392493589451185176e-01 9.407914785866551277e-01
9.399374543849129404e-01 9.422846449108188693e-01 9.395397987560114572e-01 9.409895248040027749e-01
9.406700448982784346e-01 9.428757152665866448e-01 9.405621672542323619e-01 9.416709077436751230e-01
9.405981604087111370e-01 9.425637935490863706e-01 9.409857868276662041e-01 9.415657057269002372e-01
9.394225537280558314e-01 9.415293657356683665e-01 9.401180310736487744e-01 9.407427777862094054e-01
9.386886395626165003e-01 9.409725282053029716e-01 9.393964370544383158e-01 9.401823161607002488e-01
9.388755799632472199e-01 9.411954602834556871e-01 9.397377101959494272e-01 9.404694903394157368e-01
9.392388715479154104e-01 9.416716642200587684e-01 9.396948951423190755e-01 9.405830198669105080e-01
9.387943280897704801e-01 9.412917917582700467e-01 9.389007293526566711e-01 9.399830974965268648e-01
9.392174894759477422e-01 9.414678064237765875e-01 9.390315927240678873e-01 9.399777776285899167e-01
9.402349706434333099e-01 9.420981056417619959e-01 9.398889374454247880e-01 9.405033320852923540e-01
9.404829008588667660e-01 9.421885070252068450e-01 9.404635551747058120e-01 9.407140970484997311e-01
