8.731368098425594804e-01 8.929937529016895859e-01 8.795588505341538355e-01 9.060968367156023717e-01
8.740620798334515218e-01 8.937897334439187658e-01 8.801241498007048580e-01 9.064593515364173237e-01
8.764330841851118992e-01 8.955018702135335573e-01 8.812763521274336043e-01 9.073384328712310598e-01
8.784137402593646948e-01 8.970873677001800495e-01 8.828102214748909660e-01 9.083740694613583466e-01
8.797438158712718170e-01 8.983183354906482121e-01 8.844341066291241393e-01 9.095394666125986571e-01
8.806980005493791896e-01 8.987926751534403014e-01 8.853342646968807017e-01 9.101199322162465410e-01
8.821581922537552467e-01 8.999904638750216845e-01 8.865404765076746463e-01 9.109203425739774707e-01
8.827364859980627587e-01 9.005979470460672154e-01 8.866736999017028609e-01 9.110386663073065661e-01
8.836472986453468570e-01 9.012974615378053223e-01 8.876206661889829430e-01 9.117080046869906473e-01
8.843846231693388571e-01 9.022699372077672697e-01 8.890285134069541018e-01 9.127252430917937032e-01
8.857725281556767527e-01 9.034435055798177849e-01 8.910556693755423696e-01 9.140490645386349922e-01
8.867845422082146767e-01 9.042427700026807180e-01 8.927551678074669983e-01 9.150880469840834142e-01
8.874062079833453520e-01 9.043436990901754235e-01 8.938173543274198218e-01 9.157714094870634813e-01
8.881869045381600714e-01 9.048941659466895882e-01 8.949659560218774512e-01 9.164098616693201471e-01
8.897627549913977862e-01 9.062336706325493374e-01 8.966906588796991207e-01 9.176408292277155043e-01
8.918879845017276820e-01 9.077264584748178100e-01 8.993803311861563454e-01 9.196980928919367138e-01
8.933770908933192922e-01 9.093019001486785102e-01 9.013606789352210935e-01 9.211811159849974118e-01
8.935939510474345537e-01 9.093172998899616832e-01 9.028117337404448772e-01 9.223138214203248086e-01
8.939842993248421354e-01 9.096340083464758974e-01 9.040431499771359736e-01 9.231071620739683681e-01
8.938252685451574253e-01 9.096259918230271690e-01 9.057426484090607133e-01 9.242182177198265958e-01
8.937674391707267629e-01 9.092712198988712746e-01 9.072801183887890808e-01 9.252492144314509170e-01
8.938830979195883097e-01 9.094184041031196930e-01 9.084503238768728561e-01 9.259827739307867622e-01
8.942589888533881703e-01 9.096003468362768851e-01 9.098113628753209392e-01 9.268861107883787920e-01
8.944324769766802685e-01 9.096847957120037798e-01 9.107907348530400737e-01 9.274016111746200552e-01
8.939409272940188611e-01 9.095405711635252688e-01 9.110103734215727611e-01 9.273449463063546672e-01
8.934060055805345124e-01 9.090425672233777288e-01 9.118745251666191542e-01 9.278689519356534410e-01
8.945625930691494254e-01 9.099294798726023092e-01 9.131743534164599163e-01 9.287705825618949307e-01
8.945047636947187630e-01 9.094764378869095722e-01 9.141753291878054188e-01 9.294070457471413915e-01
8.953143749367490356e-01 9.096954826169589836e-01 9.141969329814315648e-01 9.293572661511737554e-01
8.940710433864882400e-01 9.090784485625700295e-01 9.150574840942069521e-01 9.299091215726613679e-01
8.941433301045266235e-01 9.096084248430388319e-01 9.155651732444217705e-01 9.301203717557766648e-01
8.942011594789573969e-01 9.098253075304103543e-01 9.157452048579730608e-01 9.302653692007998298e-01
8.937818965143343730e-01 9.096494490659515764e-01 9.160620604978233494e-01 9.305060868382785122e-01
8.937529818271190418e-01 9.097260157561285476e-01 9.161844819950384355e-01 9.304801156691734354e-01
8.933626335497115711e-01 9.092050423379419710e-01 9.154067454244965152e-01 9.295731348182212361e-01
8.921915887174890480e-01 9.083242194730880570e-01 9.139736937806278716e-01 9.284495137426395095e-01
8.918446124709046297e-01 9.079482715448355945e-01 9.128773012541002707e-01 9.275426658066208141e-01
8.920614726250198911e-01 9.080697796333396798e-01 9.123822143168339727e-01 9.270810044552582063e-01
8.924951929332504141e-01 9.081537865026491074e-01 9.116476853335446773e-01 9.263756858253685555e-01
8.923361621535659260e-01 9.076322216097929552e-01 9.112948233709836643e-01 9.261956342919427376e-01
8.925530223076811875e-01 9.072421732183238996e-01 9.114640530877222702e-01 9.262087668632601467e-01
8.907458543567204901e-01 9.059279285826226102e-01 9.107259234721616359e-01 9.256851204828101531e-01
8.908615131055820369e-01 9.058215738485873025e-01 9.115540688944978598e-01 9.262630666204355601e-01
8.912084893521665663e-01 9.058148360640361219e-01 9.118205156825538449e-01 9.264678074713610378e-01
8.897049256169673459e-01 9.046154831974535515e-01 9.120077485606472578e-01 9.266934698770166179e-01
8.897338403041825661e-01 9.042706044159319889e-01 9.130267274933479005e-01 9.275296044262060224e-01
8.890254304674058972e-01 9.037482435815077375e-01 9.128466958797964992e-01 9.273047842003375729e-01
8.891121745290520018e-01 9.037885985135074574e-01 9.137108476248428923e-01 9.279638690796140343e-01
8.899940724891208799e-01 9.039829728667160280e-01 9.150646853587489638e-01 9.290874038876582031e-01
8.910928306033050195e-01 9.051444931121250814e-01 9.156839941093656288e-01 9.295719074185042619e-01
8.917434110656508039e-01 9.057723174423896184e-01 9.157956137097673643e-01 9.297883930965532562e-01
8.920614726250200022e-01 9.057013662759454409e-01 9.151943081205060615e-01 9.291526965227366874e-01
8.916855816912200305e-01 9.053541292288926901e-01 9.153023270886366802e-01 9.292210172362056486e-01
8.908904277927973681e-01 9.048312278914266704e-01 9.151763049591508103e-01 9.291465573569994696e-01
8.892567479651288798e-01 9.039246671720149173e-01 9.139844956774407780e-01 9.281102707379427219e-01
8.887218262516447531e-01 9.038785248641574288e-01 9.138584735479549082e-01 9.280771231092793672e-01
8.874784947013836245e-01 9.030478742631414812e-01 9.144669804017586667e-01 9.287631124710239439e-01
8.875074093885989557e-01 9.027664912644064454e-01 9.149890720810573974e-01 9.290376648873809318e-01
8.883314779742370604e-01 9.033708823233720375e-01 9.146866189702911321e-01 9.286674688048381920e-01
8.892422906215212697e-01 9.036471888132862063e-01 9.142473418332257573e-01 9.282672985939726118e-01
8.909337998236204204e-01 9.047508871272159636e-01 9.136928444634877522e-01 9.277855103785639379e-01
8.905000795153897863e-01 9.046030959416170303e-01 9.123498086263946982e-01 9.266206918377772883e-01
8.884615940667062173e-01 9.036582364637614218e-01 9.111039898606195786e-01 9.255288311988891792e-01
8.870158597059376593e-01 9.028735872437541055e-01 9.108627474984606343e-01 9.253242096941610706e-01
8.866255114285301886e-01 9.033122080345270533e-01 9.100958128247319534e-01 9.249064758390891372e-01
8.865387673668840840e-01 9.028900679501968840e-01 9.107943354853111906e-01 9.255481879545183199e-01
8.877676415735373805e-01 9.034005451919661089e-01 9.118817264311613879e-01 9.263021443748117312e-01
8.904133354537436817e-01 9.047591990622045888e-01 9.127926863957311898e-01 9.270364762535870939e-01
8.909337998236204204e-01 9.049729949912254101e-01 9.132103597391700855e-01 9.275140340520556803e-01
8.896760109297519037e-01 9.037094712136455321e-01 9.132139603714413134e-01 9.276369917878813931e-01
8.894591507756366422e-01 9.035232433710098654e-01 9.132211616359832140e-01 9.278269991180037035e-01
8.891844612470904963e-01 9.034485090312991407e-01 9.131455483582917587e-01 9.277236064428142637e-01
8.883314779742370604e-01 9.027743315616632014e-01 9.128538971443385108e-01 9.273042569742773189e-01
8.868857436134685024e-01 9.017871743738345991e-01 9.134984103208523276e-01 9.279664904148295923e-01
8.874351226705604612e-01 9.018999731658787766e-01 9.137756590057213302e-01 9.282960369424796410e-01
8.881001604765139668e-01 9.023593461737040577e-01 9.137612564766373069e-01 9.282674213890722559e-01
8.895748095244979670e-01 9.038447323557072810e-01 9.142221374073287166e-01 9.283174307666930414e-01
8.884037646922754439e-01 9.030990921034576235e-01 9.144849835631136958e-01 9.285978135364997277e-01
8.878833003223987053e-01 9.021039904932990350e-01 9.154067454244966262e-01 9.292559464173395511e-01
8.870014023623299382e-01 9.008347850505615817e-01 9.151150942105433783e-01 9.292513468470848803e-01
8.872327198600529208e-01 9.011041921359820295e-01 9.147982385706929787e-01 9.289835939382478092e-01
8.856424120632074848e-01 9.008100780817869246e-01 9.147280262414079210e-01 9.287758425821825981e-01
8.855556680015613802e-01 9.009450405308331300e-01 9.145065873567398418e-01 9.284562827104486660e-01
8.865821393977071363e-01 9.012438699585160196e-01 9.137000457280298749e-01 9.276690749130331870e-01
8.867556275209992345e-01 9.020429560020577497e-01 9.135452185403756253e-01 9.276018487764601250e-01
8.878688429787909842e-01 9.025676971459206666e-01 9.126486611048899578e-01 9.269196310506504499e-01
8.879555870404370888e-01 9.023305410947188854e-01 9.125262396076750937e-01 9.267898320982572713e-01
8.872616345472683630e-01 9.020646548664498221e-01 9.131167433001234901e-01 9.274583149073801769e-01
8.863508218999842647e-01 9.016805614734160201e-01 9.126450604726188409e-01 9.270428957730201258e-01
8.857291561248537004e-01 9.012663618145736466e-01 9.121949814387406708e-01 9.267763319630297758e-01
8.846448553542771709e-01 9.008226228763971388e-01 9.118241163148248507e-01 9.265161811398360259e-01
8.853821798782691710e-01 9.016080699886140915e-01 9.115900752172080290e-01 9.262702613803258656e-01
8.865965967413146354e-01 9.023344978180964926e-01 9.117989118889275879e-01 9.264499305171716159e-01
8.875507814194218970e-01 9.031781158423288769e-01 9.124290225363573814e-01 9.270960857523028453e-01
8.883893073486677228e-01 9.034782626701660657e-01 9.133111774427591367e-01 9.277203736656716160e-01
8.875074093885989557e-01 9.028621370474076979e-01 9.138620741802259140e-01 9.282582581443565850e-01
8.874640373577757924e-01 9.023989298085026700e-01 9.129295104220300772e-01 9.275383059078639025e-01
8.860472176842226766e-01 9.017712886496508373e-01 9.124686294913386675e-01 9.271278953959573021e-01
8.866688834593534629e-01 9.020622346857112284e-01 9.131455483582915367e-01 9.278009209205568819e-01
8.860327603406149555e-01 9.015599308900451581e-01 9.129583154801983458e-01 9.277575985890750276e-01
8.861339617458688922e-01 9.017680400113047279e-01 9.128250920861702422e-01 9.278137577184648599e-01
8.866255114285300776e-01 9.022311290376008319e-01 9.124362238008992820e-01 9.275553373340336138e-01
8.867845422082147877e-01 9.020799025659606007e-01 9.121589751160305015e-01 9.271714771820730450e-01
8.872905492344835832e-01 9.021758267000732356e-01 9.118133144180118332e-01 9.268189933936522573e-01
8.874495800141681823e-01 9.026110759145550277e-01 9.119753428702079834e-01 9.266534282621359253e-01
8.875363240758142869e-01 9.026267293336962538e-01 9.120257517220025090e-01 9.267059540256569194e-01
8.875363240758143979e-01 9.027645214043700239e-01 9.124182206395441419e-01 9.271107252037029678e-01
8.872471772036605309e-01 9.023895265199135540e-01 9.123066010391425174e-01 9.269160604974873152e-01
8.869146583006839446e-01 9.023234147116869774e-01 9.124290225363573814e-01 9.270334610935856423e-01
8.863941939308070950e-01 9.019593118744522187e-01 9.129223091574879545e-01 9.275418646397043387e-01
8.853098931602307875e-01 9.012996243043684963e-01 9.142869487882071544e-01 9.286088846884608117e-01
8.862062484639072757e-01 9.018057937436987359e-01 9.154679561731040582e-01 9.290918096059543885e-01
8.885772528155676531e-01 9.032242165425801161e-01 9.157632080193280899e-01 9.291545615843839201e-01
8.889965157801905660e-01 9.032667320145555401e-01 9.149422638615340997e-01 9.284569469440675515e-01
8.884905087539215485e-01 9.029234326796287124e-01 9.138044640638895988e-01 9.276029391986091444e-01
8.876808975118911649e-01 9.022690006599257684e-01 9.132427654296095820e-01 9.275458933605489342e-01
8.869002009570761125e-01 9.018376069878737411e-01 9.133507843977402008e-01 9.276855789014399889e-01
8.867411701773915134e-01 9.020229187395850667e-01 9.130051236997216435e-01 9.274346542338577359e-01
8.866110540849225785e-01 9.017404004455191746e-01 9.118853270634323938e-01 9.266440953957358895e-01
8.884037646922754439e-01 9.031884682480980642e-01 9.120869624706098300e-01 9.267571595632266845e-01
8.890254304674058972e-01 9.036828324446861682e-01 9.128358939829833707e-01 9.273320134267233339e-01
8.886061675027829843e-01 9.030203581665170454e-01 9.140961152778426246e-01 9.280260287358395033e-01
8.890543451546213394e-01 9.033664293156560277e-01 9.152879245595524349e-01 9.288738870361701316e-01
8.893868640575979256e-01 9.039181812177006226e-01 9.151438992687114249e-01 9.287365997258655304e-01
8.892133759343058275e-01 9.037141691677409439e-01 9.142833481559362596e-01 9.280537351249124045e-01
8.888230276568982458e-01 9.033614383916733770e-01 9.136424356116934486e-01 9.274165008469892335e-01
8.896760109297516816e-01 9.039203382626644911e-01 9.131419477260207529e-01 9.270569432212445449e-01
8.911651173213432919e-01 9.050603481196455302e-01 9.137864609025345697e-01 9.278386609045692346e-01
8.898928710838671652e-01 9.043188119476094355e-01 9.141753291878053078e-01 9.284036981008927381e-01
8.884615940667062173e-01 9.029471393993051542e-01 9.141861310846185473e-01 9.282824264423131799e-01
8.886495395336060366e-01 9.026102766588706139e-01 9.141897317168893311e-01 9.279366427529835981e-01
8.890398878110135072e-01 9.028739646414840614e-01 9.143625620658987208e-01 9.280232785515140082e-01
8.889531437493674026e-01 9.035281243318246114e-01 9.138152659607027273e-01 9.276721271402554869e-01
8.892278332779135486e-01 9.032493819961412429e-01 9.144561785049454272e-01 9.285100348784924851e-01
8.887796556260753045e-01 9.026673459206503436e-01 9.139412880901887082e-01 9.281460353979485989e-01
8.895314374936749147e-01 9.031125048849413250e-01 9.143445589045435806e-01 9.280908461327272985e-01
8.903555060793129083e-01 9.037318551825676005e-01 9.140277032646931810e-01 9.274563635031776165e-01
8.911072879469127406e-01 9.046085432566881579e-01 9.143229551109175457e-01 9.277142953589582186e-01
8.895458948372826358e-01 9.037506945198138242e-01 9.138440710188708849e-01 9.275051187191927227e-01
8.898639563966516119e-01 9.040246721350131409e-01 9.140024988387960292e-01 9.278856495416927253e-01
8.895748095244979670e-01 9.038209756865710487e-01 9.140060994710670350e-01 9.279790524001251262e-01
8.887651982824675834e-01 9.033676615443848590e-01 9.147046221316463832e-01 9.286049908218827476e-01
8.886350821899983154e-01 9.034216105561565513e-01 9.142401405686838567e-01 9.281450238478358150e-01
8.898494990530440019e-01 9.046373763301380766e-01 9.136460362439644545e-01 9.275584898187595462e-01
8.899217857710826074e-01 9.046946797919679373e-01 9.135596210694596486e-01 9.273244624282104276e-01
8.899217857710822743e-01 9.041230326290174979e-01 9.134480014690580241e-01 9.270871555754054416e-01
8.901386459251978689e-01 9.040122482374908230e-01 9.140961152778427357e-01 9.278060939314192179e-01
8.909482571672280304e-01 9.044119248950058809e-01 9.150394809328519230e-01 9.287125060374120666e-01
8.900663592071591523e-01 9.036940854438558768e-01 9.147406284543566635e-01 9.286583420727086979e-01
8.892856626523442110e-01 9.027402946090020697e-01 9.141537253941791619e-01 9.281802163306916986e-01
8.895169801500671936e-01 9.028529630829880137e-01 9.140097001033380408e-01 9.279816766653429250e-01
8.901386459251977579e-01 9.035578778010364687e-01 9.147316268736790379e-01 9.284301656243466594e-01
8.901097312379823157e-01 9.039536845565038226e-01 9.151655030623376819e-01 9.287665231932941134e-01
8.909771718544434727e-01 9.042525625499614472e-01 9.154139466890386378e-01 9.291446911306420198e-01
8.907313970131128800e-01 9.043083159804670146e-01 9.156191827284869689e-01 9.293789770528468885e-01
8.908759704491897580e-01 9.047429273856915088e-01 9.152591195013843883e-01 9.290823249134755324e-01
8.911795746649511241e-01 9.049697404486172214e-01 9.148054398352349903e-01 9.285760907394488006e-01
8.899651578019055487e-01 9.042433654956075761e-01 9.151150942105432673e-01 9.289131222293343093e-01
8.889386864057597926e-01 9.037301551318770443e-01 9.147226252930014123e-01 9.286280175799697112e-01
8.891844612470903852e-01 9.039860403576610581e-01 9.144525778726743104e-01 9.283632651036186623e-01
8.878543856351834851e-01 9.025869107567330296e-01 9.135344166435626079e-01 9.274376135279875921e-01
8.890109731237982871e-01 9.034589828471915052e-01 9.135560204371887538e-01 9.274937620189013243e-01
8.894302360884212000e-01 9.039618760472717396e-01 9.142653449945812305e-01 9.280606067042154184e-01
8.895169801500671936e-01 9.039674266808350733e-01 9.144561785049454272e-01 9.283685665759523475e-01
8.901820179560206991e-01 9.041694184775417309e-01 9.149746695519733741e-01 9.286738792387354557e-01
8.886061675027830953e-01 9.031682152434574729e-01 9.154355504826646728e-01 9.290913104263828215e-01
8.864953953360609207e-01 9.019013317570637733e-01 9.146974208671043716e-01 9.284421993710619825e-01
8.861195044022611711e-01 9.012650956516891076e-01 9.140421057937773153e-01 9.277934748790916952e-01
8.872038051728374786e-01 9.022222757424936956e-01 9.139520899870015036e-01 9.278408033169823765e-01
8.886495395336061476e-01 9.033188888746279677e-01 9.144525778726743104e-01 9.283049608795773677e-01
8.900519018635515422e-01 9.040236719790804010e-01 9.147370278220856576e-01 9.286181195630441865e-01
8.906591102950743855e-01 9.043993474613722938e-01 9.157524061225151835e-01 9.292989890064851100e-01
8.886495395336061476e-01 9.034098767859711776e-01 9.158820288842720592e-01 9.293171955292475195e-01
8.893145773395596532e-01 9.037075801946375941e-01 9.143229551109174347e-01 9.279853687985981647e-01
8.907169396695051589e-01 9.046991192716098418e-01 9.146290088539548169e-01 9.282406259793301029e-01
8.913096907574201699e-01 9.051123650103928275e-01 9.153419340436180773e-01 9.289076161841811619e-01
8.903410487357051872e-01 9.044355743232227463e-01 9.148270436288612473e-01 9.285394088955456482e-01
8.873772932961297988e-01 9.023659680668336680e-01 9.142617443623098916e-01 9.282611895416688075e-01
8.872905492344836942e-01 9.023255665009659587e-01 9.138980805029363053e-01 9.279400158408186439e-01
8.894880654628518624e-01 9.037339495003233747e-01 9.140060994710670350e-01 9.280018560304279518e-01
8.904856221717821763e-01 9.045030126629663991e-01 9.144489772404034156e-01 9.282827403627010865e-01
8.908181410747589846e-01 9.047309353044236113e-01 9.142761468913940259e-01 9.281686804654792899e-01
8.905579088898205598e-01 9.047151632237789842e-01 9.150106758746836544e-01 9.286429892206200520e-01
8.903699634229206294e-01 9.046130884511034420e-01 9.157884124452254637e-01 9.291507396746594427e-01
8.906301956078590543e-01 9.046249913222468297e-01 9.159288371037952459e-01 9.292962014218958400e-01
8.904567074845668451e-01 9.046095760842457478e-01 9.153095283531789139e-01 9.288552230766365936e-01
8.891266318726598339e-01 9.037357925171883855e-01 9.143769645949828551e-01 9.281264820300860752e-01
8.887796556260753045e-01 9.038083443529798533e-01 9.144849835631136958e-01 9.282560507189545618e-01
8.897627549913978973e-01 9.046992050845594768e-01 9.143121532141043062e-01 9.281962529273490858e-01
8.901531032688054790e-01 9.046966060535664989e-01 9.140853133810297182e-01 9.281334315698919202e-01
8.901964752996285313e-01 9.045502880046627503e-01 9.151727043268798045e-01 9.288073527664526541e-01
8.898061270222208385e-01 9.038323936866792252e-01 9.156695915802814945e-01 9.289793707758291497e-01
8.893001199959520431e-01 9.033725058955217602e-01 9.165373439575990044e-01 9.297309794760643120e-01
8.900808165507668734e-01 9.036202373212467442e-01 9.164905357380757067e-01 9.297361495599498760e-01
8.901531032688053680e-01 9.039246148035350314e-01 9.155435694507955136e-01 9.289443445894399742e-01
8.904277927973514029e-01 9.043344688092809225e-01 9.153563365727022116e-01 9.288611471283718668e-01
8.897482976477902872e-01 9.037705528426667190e-01 9.153383334113470715e-01 9.290483919345700059e-01
8.889097717185444614e-01 9.035686150143105166e-01 9.148846537451976735e-01 9.286923504649922112e-01
8.885194234411368797e-01 9.034129934728309941e-01 9.149242607001789596e-01 9.285842586163415291e-01
8.883025632870217292e-01 9.031938035403259679e-01 9.149638676551602456e-01 9.284834272377479047e-01
8.885483381283523219e-01 9.034179316846899788e-01 9.151943081205060615e-01 9.286889484972236097e-01
8.905868235770360020e-01 9.046841145650240668e-01 9.154859593344590873e-01 9.287703570208720727e-01
8.908615131055820369e-01 9.045578972035419607e-01 9.154283492181226611e-01 9.286548363873330381e-01
8.902543046740591937e-01 9.044273077322604326e-01 9.163321079181503404e-01 9.296025728894639073e-01
8.896470962425363505e-01 9.042073239707411059e-01 9.164221237249261520e-01 9.297476031709758226e-01
8.889097717185444614e-01 9.038460099190681607e-01 9.152987264563656744e-01 9.289835494862550558e-01
8.886495395336060366e-01 9.036764959842872313e-01 9.150538834619358353e-01 9.286469874063221219e-01
8.884182220358831650e-01 9.036177994783867184e-01 9.153167296177209256e-01 9.289790741913483973e-01
8.872905492344836942e-01 9.025541877179652506e-01 9.154283492181226611e-01 9.290926370542959001e-01
8.873194639216990254e-01 9.026968541355518960e-01 9.150358803005806951e-01 9.286191777808472381e-01
8.887651982824675834e-01 9.031783908118623527e-01 9.152519182368424877e-01 9.286728794318934721e-01
8.895748095244979670e-01 9.036850368252321575e-01 9.148558486870295159e-01 9.283249475799610906e-01
8.912807760702050608e-01 9.050736162857497824e-01 9.155795757735059048e-01 9.289253933112185946e-01
8.909482571672281415e-01 9.048527985301236809e-01 9.160692617623653611e-01 9.294007559605612645e-01
8.905000795153898974e-01 9.042892293421452843e-01 9.159936484846737947e-01 9.295160052927958771e-01
8.907747690439358212e-01 9.046024202379813195e-01 9.157272016966179207e-01 9.293935811347168174e-01
8.909916291980511938e-01 9.046069035744657150e-01 9.148774524806555508e-01 9.284454168581650624e-01
8.915988376295739259e-01 9.052987453662202366e-01 9.144741816663006784e-01 9.281141922932354404e-01
8.911072879469125185e-01 9.049473685161422143e-01 9.151294967396275126e-01 9.287777029800842188e-01
8.901314172533938418e-01 9.044912592144292995e-01 9.154715568053750641e-01 9.289801404648148075e-01
8.887796556260751935e-01 9.036097094274909702e-01 9.148018392029640955e-01 9.285508503280388570e-01
8.873628359525220777e-01 9.024393541535029595e-01 9.148846537451974514e-01 9.285087658393316179e-01
8.866688834593531299e-01 9.021709074056254440e-01 9.149602670228892398e-01 9.287190066216213236e-01
8.873628359525220777e-01 9.026868134621125472e-01 9.149602670228891288e-01 9.285569719653299359e-01
8.895458948372825247e-01 9.040505988544091931e-01 9.155471700830664084e-01 9.287326296128238790e-01
8.905000795153898974e-01 9.046489650221141154e-01 9.153671384695152291e-01 9.285812404973907697e-01
8.922494180919198214e-01 9.054458494527769519e-01 9.158712269874589307e-01 9.289891087596403585e-01
8.923650768407812572e-01 9.051356702144508493e-01 9.157200004320757980e-01 9.292154304060279424e-01
8.920614726250198911e-01 9.050338335840620863e-01 9.156047801994029456e-01 9.291542243863459838e-01
8.911506599777356818e-01 9.046698416598508707e-01 9.158820288842720592e-01 9.290873062071232091e-01
8.903121340484899671e-01 9.043403051038385598e-01 9.160080510137581511e-01 9.292438047798901035e-01
8.897772123350057294e-01 9.042399057232544113e-01 9.157091985352627805e-01 9.292137018745066923e-01
8.908904277927973681e-01 9.050249578126670080e-01 9.161628782014121786e-01 9.294995643265145935e-01
8.899651578019055487e-01 9.042243768577039598e-01 9.159252364715243511e-01 9.293465641778800856e-01
8.897627549913980083e-01 9.040960250832411615e-01 9.157308023288889265e-01 9.291628545013669305e-01
8.904277927973514029e-01 9.043686485732200797e-01 9.154319498503937780e-01 9.290749920671503848e-01
8.910639159160895773e-01 9.045558272816909273e-01 9.152015093850479621e-01 9.289446524650144532e-01
8.900229871763363221e-01 9.036463164055918984e-01 9.156659909480103776e-01 9.294659965349220121e-01
8.901097312379822046e-01 9.038805004278668287e-01 9.155903776703189223e-01 9.292151389907808978e-01
8.899940724891208799e-01 9.039465559953903107e-01 9.149170594356368369e-01 9.284305961173489052e-01
8.898061270222209496e-01 9.043645190991153049e-01 9.148270436288613583e-01 9.284545199871357957e-01
8.896037242117134092e-01 9.044215548334015864e-01 9.153419340436179663e-01 9.285407169782697867e-01
8.891121745290520018e-01 9.039203275021633344e-01 9.158964314133561935e-01 9.290572498231600695e-01
8.901820179560206991e-01 9.046229496575830531e-01 9.160296548073840750e-01 9.291103097131098165e-01
8.917144963784354728e-01 9.054578021601373816e-01 9.162240889500194996e-01 9.293571756533814954e-01
8.910205438852664139e-01 9.052387366677987490e-01 9.158748276197300475e-01 9.296202262366964897e-01
8.903844207665283506e-01 9.046045336391879133e-01 9.160332554396551918e-01 9.296885318389527253e-01
8.897049256169671239e-01 9.037321804245631585e-01 9.159396390006084854e-01 9.291634175534796425e-01
8.898928710838671652e-01 9.035934145100928960e-01 9.155255662894403734e-01 9.286663510663519805e-01
8.897482976477901762e-01 9.035700373198537472e-01 9.151907074882349447e-01 9.283747926415378826e-01
8.896181815553210193e-01 9.034921308108777582e-01 9.144201721822351470e-01 9.279713222848802179e-01
8.898639563966517230e-01 9.038139076754301282e-01 9.143265557431884405e-01 9.277440516876086507e-01
8.908181410747588735e-01 9.045279312125623639e-01 9.142329393041417340e-01 9.276973740566817339e-01
8.911072879469127406e-01 9.050299473523023552e-01 9.153419340436181884e-01 9.286695545084949766e-01
8.910494585724818561e-01 9.051356212192452899e-01 9.167821869520287326e-01 9.299844194296641442e-01
8.909048851364049781e-01 9.051504742228929645e-01 9.168722027588045442e-01 9.300427065862453269e-01
8.902687620176668037e-01 9.046062972590922513e-01 9.164257243571971578e-01 9.294880239538219069e-01
8.894736081192442523e-01 9.039861133396281945e-01 9.163789161376736381e-01 9.296075675155637263e-01
8.902109326432361414e-01 9.042949178463962623e-01 9.165949540739355417e-01 9.298681606929737331e-01
8.907313970131128800e-01 9.047987563299454417e-01 9.167389793647764407e-01 9.300541075392105839e-01
8.915843802859662048e-01 9.050105629835967225e-01 9.163033028599822938e-01 9.296235030334432103e-01
8.913241481010278910e-01 9.043320164359449631e-01 9.150430815651228178e-01 9.287570286406003905e-01
8.913386054446355011e-01 9.046835021463028870e-01 9.152807232950106453e-01 9.289338572150485085e-01
8.915988376295739259e-01 9.052346727022220207e-01 9.156407865221132258e-01 9.293767581759406760e-01
8.909193424800126992e-01 9.051981092705110310e-01 9.154247485858515443e-01 9.291573480620004544e-01
8.910060865416588038e-01 9.052676545310500700e-01 9.156515884189263543e-01 9.291280040328440126e-01
8.898494990530440019e-01 9.040709488042114605e-01 9.161808813627673187e-01 9.296018623550896809e-01
8.893724067139903156e-01 9.038859925405161588e-01 9.161952838918514530e-01 9.296399586502497314e-01
8.885483381283522109e-01 9.033235712770357750e-01 9.156587896834683660e-01 9.293708021548768849e-01
8.888230276568984678e-01 9.034218908792503999e-01 9.152663207659265110e-01 9.290557895828781554e-01
8.888519423441135769e-01 9.037151148549307234e-01 9.151330973718986295e-01 9.288330295346032273e-01
8.894736081192441413e-01 9.040482243501664072e-01 9.155183650248983618e-01 9.290578282136117139e-01
8.897049256169671239e-01 9.040550946496588303e-01 9.151835062236927110e-01 9.287130830098547785e-01
8.901820179560208102e-01 9.045501108159831327e-01 9.157560067547860783e-01 9.290260652496266092e-01
8.911795746649511241e-01 9.051743478815641453e-01 9.168253945392810245e-01 9.299775238469674132e-01
8.910783732596972984e-01 9.050257638075475120e-01 9.168505989651782873e-01 9.299914318733148999e-01
8.911217452905203507e-01 9.051126639382547356e-01 9.165301426930568818e-01 9.296437374100903206e-01
8.900952738943745945e-01 9.042344115960909701e-01 9.161322728271085181e-01 9.293603506590215613e-01
8.901820179560206991e-01 9.039556838781814818e-01 9.157416042257018329e-01 9.291528977413258117e-01
8.913964348190663856e-01 9.045711332820558503e-01 9.162961015954400601e-01 9.295911751991137173e-01
8.921915887174890480e-01 9.053672987035527031e-01 9.158856295165431760e-01 9.290921755041009478e-01
8.917867830964738562e-01 9.051733284913650035e-01 9.162420921113747507e-01 9.295134006246765779e-01
8.918879845017276820e-01 9.054092271213278753e-01 9.163825167699448659e-01 9.298165379083653814e-01
8.908615131055821479e-01 9.047286782999495180e-01 9.162240889500194996e-01 9.299359397255841930e-01
8.906157382642512221e-01 9.046356957095673668e-01 9.165769509125801795e-01 9.302423814502136512e-01
8.906157382642513332e-01 9.045014501802350892e-01 9.155003618635433327e-01 9.291535954247114315e-01
8.913675201318509433e-01 9.046121482600667507e-01 9.147802354093378385e-01 9.284192522411121029e-01
8.918301551272967975e-01 9.049757740627717428e-01 9.155867770380479165e-01 9.291372958127541715e-01
8.916277523167892571e-01 9.048003675075291241e-01 9.166597654548137575e-01 9.298152725780020056e-01
8.911940320085588452e-01 9.053234156179512659e-01 9.166057559707484481e-01 9.296669808265338730e-01
8.909627145108357515e-01 9.051855828862336306e-01 9.169262122428697426e-01 9.299079486486774293e-01
8.918156977836891874e-01 9.052633397441668395e-01 9.164041205635710119e-01 9.296656390757774835e-01
8.906012809206437231e-01 9.041872833263333575e-01 9.160008497492159174e-01 9.293377149005039861e-01
8.904711648281744552e-01 9.043778097941118643e-01 9.163717148731316264e-01 9.294973995124753419e-01
8.905723662334282809e-01 9.047447652663896944e-01 9.162564946404588850e-01 9.295832524013575293e-01
8.903265913920975771e-01 9.044902574184924271e-01 9.164581300476363213e-01 9.298967235731048220e-01
8.908470557619743158e-01 9.044680614092520665e-01 9.165913534416644248e-01 9.298098303925880215e-01
8.923795341843889783e-01 9.054682397671429683e-01 9.164293249894681637e-01 9.296430787105698368e-01
8.927987971490118912e-01 9.056614022544433595e-01 9.167497812615895691e-01 9.298981677925353129e-01
8.925963943385042398e-01 9.059712240464273814e-01 9.169730204623932623e-01 9.300631533838702447e-01
