8.578553976492360178e-01 8.827766494352859983e-01 8.631939768623371201e-01 8.912075758762442179e-01
8.594601627896890639e-01 8.841947846420449286e-01 8.640689305041965307e-01 8.919705678575590158e-01
8.616721363616648421e-01 8.858474655083488081e-01 8.651923277727568973e-01 8.928468068763809606e-01
8.626407783833798248e-01 8.862489592088012014e-01 8.659520611819435665e-01 8.933838785067156341e-01
8.636817071231331910e-01 8.867505670477213719e-01 8.672410875349710890e-01 8.943027594280732462e-01
8.655611617921323830e-01 8.875477639278051001e-01 8.690954131545498562e-01 8.956777544087073384e-01
8.670647255273316034e-01 8.884234132095012448e-01 8.710217514195492949e-01 8.971375421609812939e-01
8.689152655091154642e-01 8.895511976649204122e-01 8.726708409996795091e-01 8.983466530222253832e-01
8.714453006404602187e-01 8.912162053198418032e-01 8.747556070846040921e-01 8.998821753699449699e-01
8.737584756176901557e-01 8.924215938386890201e-01 8.768871813890518618e-01 9.015125528745331351e-01
8.757969610663737248e-01 8.938213206089985485e-01 8.790511613839391281e-01 9.029731563253533544e-01
8.784571122901877471e-01 8.954823755312331102e-01 8.818092457035455745e-01 9.048985060527291457e-01
8.809293180471020612e-01 8.972768342508188333e-01 8.847041540494510192e-01 9.068852890116709808e-01
8.831412916190779505e-01 8.987933655221198581e-01 8.872317979037117608e-01 9.086417445751325817e-01
8.848038861339617700e-01 8.997540700318550355e-01 8.888196767352346539e-01 9.097135495810461103e-01
8.858737295609304674e-01 9.006384538892919789e-01 8.908288295424676706e-01 9.112469519568664467e-01
8.884326793794907751e-01 9.027862080091756392e-01 8.939613796182609429e-01 9.134867531724049083e-01
8.902832193612746359e-01 9.039416421176870164e-01 8.957796989151293188e-01 9.149427271317034371e-01
8.913241481010280021e-01 9.050814443722077218e-01 8.974503922888859009e-01 9.162841430180312940e-01
8.919168991889430131e-01 9.054795319061670344e-01 8.990238685913245487e-01 9.176342825373355883e-01
8.929578279286964904e-01 9.060408877455200516e-01 9.003669044284174916e-01 9.185248518072314239e-01
8.937963538579422051e-01 9.062749169531197913e-01 9.012526599670901417e-01 9.191426187063076458e-01
8.941433301045266235e-01 9.065483999372936363e-01 9.022644376352486617e-01 9.197997090960834399e-01
8.950975147826338851e-01 9.074059018953295475e-01 9.037010899113884221e-01 9.208077578452021905e-01
8.957480952449796696e-01 9.077848671066975905e-01 9.044428201592200622e-01 9.212233078378107010e-01
8.968613107027714193e-01 9.085159589530270585e-01 9.050297232193973418e-01 9.217697909259128242e-01
8.967167372666946523e-01 9.082540667072690477e-01 9.044428201592200622e-01 9.214100107805415218e-01
8.958492966502334953e-01 9.074134156361147729e-01 9.038667189958558001e-01 9.212225964156594005e-01
8.952420882187106521e-01 9.064624843541799759e-01 9.028225356372576726e-01 9.204711315459619403e-01
8.956324364961181228e-01 9.064064383384093926e-01 9.020123933762769219e-01 9.198338910893657516e-01
8.958637539938412164e-01 9.067856815753503330e-01 9.018413633434030352e-01 9.196945597908051662e-01
8.958492966502333843e-01 9.071226781253353133e-01 9.019907895826507760e-01 9.197287723962519479e-01
8.950252280645955016e-01 9.072343644416630548e-01 9.012058517475669550e-01 9.191316428253752946e-01
8.957191805577643384e-01 9.078037466870250149e-01 9.018575661886227834e-01 9.194830486569213202e-01
8.952854602495338154e-01 9.073310328964666605e-01 9.012346568057351126e-01 9.190228700126132910e-01
8.951119721262414952e-01 9.071730893871242651e-01 9.014867010647069634e-01 9.190008715762347791e-01
8.940565860428805189e-01 9.062805716537596368e-01 9.020628022280712255e-01 9.193950558602832501e-01
8.939120126068036409e-01 9.060036210681139401e-01 9.011518422635014236e-01 9.189760117109576631e-01
8.934349202677499546e-01 9.059766341515905763e-01 9.006081467905764359e-01 9.186416406395049306e-01
8.928277118362273335e-01 9.058048769422066826e-01 9.008025809332118605e-01 9.189475392438012369e-01
8.929722852723042115e-01 9.059771349803630303e-01 9.003777063252307311e-01 9.187298754263104605e-01
8.941577874481342336e-01 9.065654713926377672e-01 8.999528317172496017e-01 9.182550551039661002e-01
8.949095693157338438e-01 9.069612835098133097e-01 8.997151899873617742e-01 9.178351752639448691e-01
8.947071665052263034e-01 9.067505648541738239e-01 8.989266515200067253e-01 9.170960245865359406e-01
8.937963538579420941e-01 9.062564844430657240e-01 8.988330350809601299e-01 9.169497266624242471e-01
8.920181005941968388e-01 9.050023800648407946e-01 8.983541509889135801e-01 9.165525019302550591e-01
8.906735676386821066e-01 9.041641332289350741e-01 8.974575935534279125e-01 9.159230936902245102e-01
8.892712053087366009e-01 9.035020839974008400e-01 8.963882057689330773e-01 9.153141684807121203e-01
8.895748095244980780e-01 9.043904649042062704e-01 8.959489286318678136e-01 9.152749514834719324e-01
8.890832598418366706e-01 9.043159857497564680e-01 8.960533469677276486e-01 9.155449959963516404e-01
8.898350417094362808e-01 9.043903677121974960e-01 8.948147294664943185e-01 9.149643055535079395e-01
8.891844612470904963e-01 9.033210135526399398e-01 8.937921499015226701e-01 9.144701489955967544e-01
8.881435325073370191e-01 9.021274358231112789e-01 8.919630287078410547e-01 9.129636225242544478e-01
8.883748500050601127e-01 9.020717739617333253e-01 8.916317705389066317e-01 9.126618012117386769e-01
8.879700443840448099e-01 9.019096333692216971e-01 8.920998527341400530e-01 9.126482930025950902e-01
8.875074093885989557e-01 9.018720387027934215e-01 8.917901983588317760e-01 9.121977185131093790e-01
8.882158192253756246e-01 9.027983292050258957e-01 8.914301351317290845e-01 9.118566093402269424e-01
8.887941129696829146e-01 9.037481522799635236e-01 8.921142552632242984e-01 9.125005990452204063e-01
8.885627954719599320e-01 9.041145023042226336e-01 8.921358590568504443e-01 9.126809450312051153e-01
8.887218262516444200e-01 9.042585410335877150e-01 8.926435482070651517e-01 9.131787764446438471e-01
8.895748095244979670e-01 9.044898752794557906e-01 8.922582805540653084e-01 9.128983020829198880e-01
8.889242290621521825e-01 9.035482077067935602e-01 8.919126198560467511e-01 9.125189598172753769e-01
8.890977171854445027e-01 9.031350635759601841e-01 8.908864396588040968e-01 9.115487386641605294e-01
8.892712053087366009e-01 9.031991035518323052e-01 8.909080434524303538e-01 9.116684821635936409e-01
8.899073284274748863e-01 9.039686167812132078e-01 8.918622110042524476e-01 9.124131798040048258e-01
8.905000795153898974e-01 9.043571038456923450e-01 8.916929812875140637e-01 9.123517775960118259e-01
8.891989185906982174e-01 9.029154764564412128e-01 8.911240813886918133e-01 9.121156704697768181e-01
8.887073689080366989e-01 9.022993446986773414e-01 8.907928232197573903e-01 9.117841647503173164e-01
8.884326793794908861e-01 9.024247649666778948e-01 8.901807157336827370e-01 9.115588267040805048e-01
8.886639968772137577e-01 9.025540761274353230e-01 8.890213121424122011e-01 9.109452691288716375e-01
8.879411296968295897e-01 9.018345491914133705e-01 8.884056040240666530e-01 9.100359133381885623e-01
8.883025632870216182e-01 9.024761354929162760e-01 8.890789222587486273e-01 9.105913204504511027e-01
8.882302765689833457e-01 9.028447831368495713e-01 8.891905418591503629e-01 9.108627064745550284e-01
8.881146178201216879e-01 9.030441756625859906e-01 8.889312963356366115e-01 9.108657413644467571e-01
8.877531842299296594e-01 9.027356980100769146e-01 8.881751635587209481e-01 9.102191712506026988e-01
8.877242695427142172e-01 9.027017817179848747e-01 8.889997083487859442e-01 9.106684797720405733e-01
8.878543856351834851e-01 9.026886614221711902e-01 8.899250708424399914e-01 9.112796094300054106e-01
8.866544261157454088e-01 9.022309560725899624e-01 8.895830107766923289e-01 9.109959887362829578e-01
8.870881464239759318e-01 9.021664196620569065e-01 8.893867763179212904e-01 9.110114990414116543e-01
8.865098526796687528e-01 9.015593508873788187e-01 8.884848179340292251e-01 9.105681352215837521e-01
8.863652792435917638e-01 9.013977409289933851e-01 8.876674744085060187e-01 9.099907316833231175e-01
8.874929520449912346e-01 9.022242839074168241e-01 8.877214838925715501e-01 9.098574814252138321e-01
8.875363240758143979e-01 9.022363360510945451e-01 8.878367041252444025e-01 9.097293197367439799e-01
8.870447743931529905e-01 9.016135189885485790e-01 8.882183711459732400e-01 9.101995554721402648e-01
8.871459757984069272e-01 9.020026503104626725e-01 8.892481519754869002e-01 9.109533976454937676e-01
8.869869450187223281e-01 9.017764099249566678e-01 8.899142689456268629e-01 9.110840546867357004e-01
8.874784947013836245e-01 9.020747304180625203e-01 8.901879169982249707e-01 9.110666910739430024e-01
8.882447339125910668e-01 9.025135667359075464e-01 8.894965956021877451e-01 9.105632109494378179e-01
8.889965157801905660e-01 9.030734015366891354e-01 8.891689380655243280e-01 9.107924173691414049e-01
8.892856626523442110e-01 9.034217909206171404e-01 8.893057620918234374e-01 9.108615117831055930e-01
8.884615940667062173e-01 9.030749995200760827e-01 8.895290012926270196e-01 9.111022927441816410e-01
8.886929115644290889e-01 9.032592704899036207e-01 8.898386556679352966e-01 9.112297404423124192e-01
8.876808975118911649e-01 9.025817881196048775e-01 8.901483100432436846e-01 9.116621538313488537e-01
8.865821393977069143e-01 9.016716451272431820e-01 8.893561709436177409e-01 9.112837852498367752e-01
8.870736890803683217e-01 9.021040023648060346e-01 8.902419264822900580e-01 9.116018053250067865e-01
8.877676415735372695e-01 9.024276374394769595e-01 8.906397963482386437e-01 9.115355657273369605e-01
8.880134164148680842e-01 9.025562065334052919e-01 8.903139391277108405e-01 9.112561312842794026e-01
8.879989590712602521e-01 9.023669242292693404e-01 8.895218000280848969e-01 9.107244992641495562e-01
8.865532247104916941e-01 9.011914424485265585e-01 8.891689380655242170e-01 9.106049415244242828e-01
8.857291561248535894e-01 9.012666410849878851e-01 8.902419264822903910e-01 9.118431471258708898e-01
8.863797365871993739e-01 9.020783198931690006e-01 8.912068959309256133e-01 9.126599407171039902e-01
8.871459757984068162e-01 9.022592758953147385e-01 8.918010002556449045e-01 9.129262020048746207e-01
8.870158597059375483e-01 9.018774611942605990e-01 8.914877452480656217e-01 9.126888904172563155e-01
8.868134568954301189e-01 9.016297170396595506e-01 8.909620529364956631e-01 9.122776632302687094e-01
8.863363645563764326e-01 9.011659121093880120e-01 8.897702436547858529e-01 9.114465458918967755e-01
8.864953953360608097e-01 9.014298586707394367e-01 8.893813753695148927e-01 9.112698925946033368e-01
8.865821393977071363e-01 9.014718313358528468e-01 8.892301488141316490e-01 9.110408683913193695e-01
8.869435729878992758e-01 9.017192275356713527e-01 8.887584659866272219e-01 9.109338460442161223e-01
8.867989995518222868e-01 9.016001330189792329e-01 8.892409507109448885e-01 9.111208630531130170e-01
8.868423715826454501e-01 9.018094123046721533e-01 8.898782626229165826e-01 9.113575756089964397e-01
8.867989995518223978e-01 9.018914474930481706e-01 8.895398031894401480e-01 9.109703856765436480e-01
8.877965562607526007e-01 9.024552860323240555e-01 8.889637020260758860e-01 9.106013873677368808e-01
8.885483381283523219e-01 9.028570595768408147e-01 8.893705734727017642e-01 9.106927471808407004e-01
8.884471367230984962e-01 9.031559443502843454e-01 8.897522404934306017e-01 9.109339533911582354e-01
8.879845017276525310e-01 9.028068944865678125e-01 8.897702436547858529e-01 9.110161840209383133e-01
8.870303170495452694e-01 9.022483542196245709e-01 8.891437336396270652e-01 9.107706738347960407e-01
8.873050065780914153e-01 9.028180438074587810e-01 8.899394733715242367e-01 9.115357513489630303e-01
8.875074093885989557e-01 9.028720287771293540e-01 8.899934828555894351e-01 9.116622493549286776e-01
8.871026037675836529e-01 9.023068212107432373e-01 8.892049443882347193e-01 9.113177880455622937e-01
8.882302765689833457e-01 9.026037690836934413e-01 8.900726967655520072e-01 9.118376229564087998e-01
8.887796556260753045e-01 9.030975434632025900e-01 8.897846461838698762e-01 9.113399428854700446e-01
8.879845017276526420e-01 9.027451505289464384e-01 8.891077273169168960e-01 9.106839350377256004e-01
8.870736890803684327e-01 9.022870890495351404e-01 8.893381677822626008e-01 9.109438458707035391e-01
8.864953953360609207e-01 9.017064043480865765e-01 8.887368621930011869e-01 9.105762743606218290e-01
8.856134973759923756e-01 9.011347827116856779e-01 8.883335913786460925e-01 9.102683322160136647e-01
8.858448148737151362e-01 9.014931856686725364e-01 8.880131351065247980e-01 9.101950523685602423e-01
8.859026442481459096e-01 9.017069017625500837e-01 8.885532299471787798e-01 9.107248878590928909e-01
8.865532247104915831e-01 9.022539021950773952e-01 8.888052742061506306e-01 9.108116564843482532e-01
8.862785351819456592e-01 9.020858095008466027e-01 8.887368621930010759e-01 9.109041197941177836e-01
8.875218667322065658e-01 9.028818455260545495e-01 8.883948021272535245e-01 9.105351557147829400e-01
8.887651982824675834e-01 9.036758555231377832e-01 8.886468463862254863e-01 9.104404407691668588e-01
8.888230276568983568e-01 9.034610568024330490e-01 8.885640318439919083e-01 9.103660451701448553e-01
8.894157787448135899e-01 9.038596035475230384e-01 8.899790803265053007e-01 9.114279822132019815e-01
8.887073689080368100e-01 9.034861599833158285e-01 8.902563290113743033e-01 9.115974248256277779e-01
8.881724471945526833e-01 9.030481071238057877e-01 8.900366904428417270e-01 9.116229281622573177e-01
8.881435325073371301e-01 9.030156804197130294e-01 8.897630423902437302e-01 9.115542449331439645e-01
8.874640373577760144e-01 9.026875801854064019e-01 8.898386556679352966e-01 9.115971348774395411e-01
8.873050065780913043e-01 9.025459865785090408e-01 8.900943005591781532e-01 9.119689005524020953e-01
8.881146178201216879e-01 9.030780513060411296e-01 8.909512510396825347e-01 9.120587523871955815e-01
8.883314779742370604e-01 9.027666613619138580e-01 8.901555113077855852e-01 9.113499114667000800e-01
8.875218667322066768e-01 9.018832092367508046e-01 8.890213121424122011e-01 9.106463542739376971e-01
8.873483786089144676e-01 9.019018073932868473e-01 8.883047863204778238e-01 9.103230909739783439e-01
8.877820989171449906e-01 9.025976245465732184e-01 8.881967673523469831e-01 9.100236172229906328e-01
8.868279142390378400e-01 9.024466242712114727e-01 8.883371920109170983e-01 9.103057146587686388e-01
8.871315184547989841e-01 9.028820047725167885e-01 8.892733564013840519e-01 9.109069634616362432e-01
8.871893478292297575e-01 9.027502655413960353e-01 8.895326019248981364e-01 9.110789378785018044e-01
8.869146583006837226e-01 9.023670458051071819e-01 8.897162341707203215e-01 9.112224558530777063e-01
8.880712457892987466e-01 9.032155183489436467e-01 8.900798980300940189e-01 9.113214855453793950e-01
8.880857031329063567e-01 9.032436983508356221e-01 8.894605892794773538e-01 9.110746081332730117e-01
8.879555870404371998e-01 9.033460938396620232e-01 8.902635302759165370e-01 9.117452142600608322e-01
8.887651982824675834e-01 9.036651865350354695e-01 8.912645060472619285e-01 9.125561717698207342e-01
8.887073689080369210e-01 9.036614992575253691e-01 8.913653237508507576e-01 9.127349200239127658e-01
8.891844612470903852e-01 9.040370356377862571e-01 8.911708896082152220e-01 9.125056108045261904e-01
8.893001199959520431e-01 9.040673763445322697e-01 8.902527283791032975e-01 9.116505296175644313e-01
8.891266318726597229e-01 9.035186889411999100e-01 8.896622246866550121e-01 9.111647139321186195e-01
8.889242290621521825e-01 9.035096014498750217e-01 8.898818632551876995e-01 9.112409199766497991e-01
8.887796556260753045e-01 9.032639074075589081e-01 8.896190170994024982e-01 9.112779791062881607e-01
8.892133759343059385e-01 9.035322887465441211e-01 8.899358727392530088e-01 9.116027465625301529e-01
8.894591507756366422e-01 9.037750458892037653e-01 8.904831688444491133e-01 9.117746278595917353e-01
8.900952738943747056e-01 9.043132567711374969e-01 8.914589401898973531e-01 9.123172083277327760e-01
8.893868640575979256e-01 9.041968263515752779e-01 8.906848042516265496e-01 9.117948385934259159e-01
8.880278737584754722e-01 9.034189084583941209e-01 8.898134512420381448e-01 9.115179316882097149e-01
8.883025632870215071e-01 9.030854574286356629e-01 8.888484817934028115e-01 9.106899817932467833e-01
8.878833003223987053e-01 9.023567835456589581e-01 8.875702573371884174e-01 9.096200128850496780e-01
8.885338807847447118e-01 9.030513212017146074e-01 8.880779464874032358e-01 9.098372941331388519e-01
8.888519423441136880e-01 9.031425213042092448e-01 8.888844881161130917e-01 9.107004708690928929e-01
8.885194234411369907e-01 9.028405477309356941e-01 8.892913595627391921e-01 9.110238277934327167e-01
8.881290751637294090e-01 9.029563527432284964e-01 8.898350550356641797e-01 9.114815675629146519e-01
8.883314779742369494e-01 9.034403776517568874e-01 8.900870992946361415e-01 9.117859759975039946e-01
8.889820584365828449e-01 9.041131206920738350e-01 8.894857937053746166e-01 9.115281418757338328e-01
8.898784137402594441e-01 9.047457841768886677e-01 8.897486398611595959e-01 9.117805925005588730e-01
8.915554655987508736e-01 9.057251695357986243e-01 8.897594417579726134e-01 9.118553973823132486e-01
8.909193424800128103e-01 9.047035820083048074e-01 8.892625545045710345e-01 9.113380701609639090e-01
8.897482976477902872e-01 9.037371525188129251e-01 8.890753216264777326e-01 9.110098634118590777e-01
8.897482976477901762e-01 9.036950197202380242e-01 8.897342373320755726e-01 9.113110111243104550e-01
8.899940724891208799e-01 9.040605705526172375e-01 8.898494575647483140e-01 9.114379967059822452e-01
8.895748095244980780e-01 9.039996282114333148e-01 8.896694259511970237e-01 9.111581463832458816e-01
8.893145773395596532e-01 9.042990773581042196e-01 8.895758095121504283e-01 9.111749674543597743e-01
8.879989590712602521e-01 9.034284455164793837e-01 8.890501172005804698e-01 9.112559615912854127e-01
8.882158192253756246e-01 9.033884311810692624e-01 8.892553532400288008e-01 9.113830821075219468e-01
8.884326793794907751e-01 9.032138129964055739e-01 8.890429159360383471e-01 9.112681306558108041e-01
8.890254304674058972e-01 9.033753132976233280e-01 8.893489696790756183e-01 9.114340611496072331e-01
8.893434920267749844e-01 9.035907955514834722e-01 8.893417684145336066e-01 9.111788650464908157e-01
8.891121745290520018e-01 9.037669264557190996e-01 8.893165639886364549e-01 9.110906539631618006e-01
8.884905087539215485e-01 9.037246485215557623e-01 8.892985608272813147e-01 9.109401963144998504e-01
8.884182220358831650e-01 9.036347284409348424e-01 8.900870992946361415e-01 9.109787475964088443e-01
8.892278332779136596e-01 9.042552335274083308e-01 8.909584523042245463e-01 9.115574309312283185e-01
8.889386864057597926e-01 9.039508422144818534e-01 8.907244112066079467e-01 9.114728200138769720e-01
8.888519423441136880e-01 9.038055581894017809e-01 8.900979011914492700e-01 9.113223488805051176e-01
8.890109731237982871e-01 9.037318245358190172e-01 8.900078853846735694e-01 9.110516840010147721e-01
8.897772123350056184e-01 9.045374914805967004e-01 8.905335776962435279e-01 9.114544161920020704e-01
8.895458948372826358e-01 9.043873806793855108e-01 8.902599296436454201e-01 9.116759462583434726e-01
8.891121745290520018e-01 9.040698231531512086e-01 8.899934828555894351e-01 9.118588460400991469e-01
8.895458948372826358e-01 9.039420967735279921e-01 8.893741741049727700e-01 9.112853800096341050e-01
8.891700039034828862e-01 9.035482072244317431e-01 8.893057620918234374e-01 9.110981294246163209e-01
8.897193829605748450e-01 9.039219830632694297e-01 8.896586240543840063e-01 9.112529201861349071e-01
8.900952738943745945e-01 9.045248195188653195e-01 8.903247410245239690e-01 9.117781887536328123e-01
8.910060865416588038e-01 9.052118128897711502e-01 8.904687663153649790e-01 9.116056705244542924e-01
8.906012809206436120e-01 9.048820772908888754e-01 8.902167220563931282e-01 9.115120539904100205e-01
8.907313970131127689e-01 9.046142173554340138e-01 8.901735144691407253e-01 9.114251739379057859e-01
8.894157787448132568e-01 9.037034102246358502e-01 8.886108400635150950e-01 9.103615129092801350e-01
8.893290346831672633e-01 9.037797276820513925e-01 8.899898822233183182e-01 9.113281214919091155e-01
8.891555465598750541e-01 9.041150240404023375e-01 8.900510929719258613e-01 9.114209742870054143e-01
8.894880654628518624e-01 9.042954781953784771e-01 8.901447094109724567e-01 9.115158275867178972e-01
8.892278332779134375e-01 9.040608592886841821e-01 8.893165639886364549e-01 9.111954956072518819e-01
8.897338403041825661e-01 9.042798769432408568e-01 8.893921772663280212e-01 9.112026178999701465e-01
8.903555060793131304e-01 9.045159275719034664e-01 8.904327599926546988e-01 9.118652675270976227e-01
8.902543046740591937e-01 9.045192172227501937e-01 8.914733427189812653e-01 9.124816084026624585e-01
8.902109326432361414e-01 9.044603334524474736e-01 8.919270223851307744e-01 9.125470667005151082e-01
8.899651578019054377e-01 9.045085919138819985e-01 8.920458432500746326e-01 9.123200933461540485e-01
8.889965157801906770e-01 9.039909537920267635e-01 8.917145850811402097e-01 9.123184647809425840e-01
8.882881059434140081e-01 9.036281940303982907e-01 8.910340655819162237e-01 9.118584747667550783e-01
8.886495395336060366e-01 9.034858770077686119e-01 8.898962657842717228e-01 9.113252894658945280e-01
8.893868640575979256e-01 9.035929671509537187e-01 8.888052742061505196e-01 9.105164466757179609e-01
8.893434920267750954e-01 9.038552014503513643e-01 8.888376798965899050e-01 9.104253205896466472e-01
8.900085298327286010e-01 9.041113303229397768e-01 8.901267062496174276e-01 9.114479950339268166e-01
8.905000795153897863e-01 9.046218959585337061e-01 8.910088611560189609e-01 9.119539031249008776e-01
8.904856221717820652e-01 9.044546657593557359e-01 8.916245692743645090e-01 9.123408707175701959e-01
8.901820179560206991e-01 9.044710498732260184e-01 8.909656535687666690e-01 9.116527307670226898e-01
8.884182220358831650e-01 9.033805410237850664e-01 8.906379960321032518e-01 9.115361999105111579e-01
8.876230681374605025e-01 9.029341667505152991e-01 8.904831688444490023e-01 9.116628225390763784e-01
8.891700039034828862e-01 9.038714901993896156e-01 8.906992067807105729e-01 9.119986181758422683e-01
8.908470557619743158e-01 9.049295804050657699e-01 8.908612352329070561e-01 9.119688690087573990e-01
8.908470557619743158e-01 9.046351203293105936e-01 8.900042847524025635e-01 9.114331305940572836e-01
8.904711648281743441e-01 9.047065075750519991e-01 8.893489696790755072e-01 9.108304383421783612e-01
8.909482571672281415e-01 9.044215534030246584e-01 8.887620666188983387e-01 9.102266204049338505e-01
8.894880654628518624e-01 9.036723548735521305e-01 8.884200065531506763e-01 9.098539749750907957e-01
8.891555465598750541e-01 9.036590579754145702e-01 8.895001962344587509e-01 9.106900264104732523e-01
8.883314779742370604e-01 9.031699832988266952e-01 8.899502752683370321e-01 9.112632324229699154e-01
8.875507814194220080e-01 9.025449257036397555e-01 8.891833405946083513e-01 9.108594970948886704e-01
8.889097717185444614e-01 9.035842802547211505e-01 8.895974133057763522e-01 9.111075427020924877e-01
8.898494990530440019e-01 9.039240481821431139e-01 8.893705734727018752e-01 9.110799222326140256e-01
8.888663996877214091e-01 9.033083529341358053e-01 8.901699138368697195e-01 9.117445551904703738e-01
8.898639563966516119e-01 9.041778907647353147e-01 8.904435618894677162e-01 9.118221880993008233e-01
8.901675606124130891e-01 9.047246637203056885e-01 8.905515808575986680e-01 9.117719125479404330e-01
8.905289942026053396e-01 9.046077694170371331e-01 8.900222879137577037e-01 9.112182524394372152e-01
8.894446934320288101e-01 9.038075691335568651e-01 8.891761393300663396e-01 9.106528963011223388e-01
8.884182220358831650e-01 9.032667201456782147e-01 8.890213121424122011e-01 9.103514433691579644e-01
8.884037646922754439e-01 9.031449120193596469e-01 8.889132931742813604e-01 9.102513960247292646e-01
8.889097717185445724e-01 9.036374528933244221e-01 8.893129633563654490e-01 9.106858803280282189e-01
8.890109731237982871e-01 9.039033404839391661e-01 8.905407789607855396e-01 9.114874450938545980e-01
8.904711648281744552e-01 9.048540391750761192e-01 8.914805439835233880e-01 9.124331467706802146e-01
8.912663187265971176e-01 9.053531918182100569e-01 8.915741604225702055e-01 9.124552707380997330e-01
8.904422501409590129e-01 9.046368243013153121e-01 8.907568168970472211e-01 9.118201552451826730e-01
8.900085298327286010e-01 9.040806645771145567e-01 8.903283416567948638e-01 9.114891128607678361e-01
8.902398473304515836e-01 9.041053311397608816e-01 8.912681066795329343e-01 9.118213400649776146e-01
8.893434920267749844e-01 9.038134397868553549e-01 8.904759675799068797e-01 9.112340524312683154e-01
8.895025228064594724e-01 9.039780390924683218e-01 8.902131214241221224e-01 9.111498607915449188e-01
8.891844612470903852e-01 9.038372867596453641e-01 8.894137810599541671e-01 9.108137523316479633e-01
8.902832193612746359e-01 9.045049656696642071e-01 8.897342373320754616e-01 9.114054575888026477e-01
8.917000390348277516e-01 9.055383376685572916e-01 8.907676187938602386e-01 9.122497064997493466e-01
8.920325579378044489e-01 9.057110048930407942e-01 8.918334059460841790e-01 9.126769620675669881e-01
8.910350012288743571e-01 9.050881878804388769e-01 8.921070539986821757e-01 9.125220213633991051e-01
8.904856221717821763e-01 9.046891415683475657e-01 8.915237515707759020e-01 9.124511311105819589e-01
8.897916696786132285e-01 9.042414676696342024e-01 8.903355429213369865e-01 9.116846803784834918e-01
8.900952738943745945e-01 9.045738701684010730e-01 8.905515808575985570e-01 9.117816837233537752e-01
8.894302360884212000e-01 9.042308194727544102e-01 8.906740023548135321e-01 9.118859186747126921e-01
8.893724067139903156e-01 9.041914611800132562e-01 8.906559991934582809e-01 9.121382899065342276e-01
8.894157787448134789e-01 9.041093185443658253e-01 8.909152447169723654e-01 9.122191866616853329e-01
8.897482976477900651e-01 9.039405624856975408e-01 8.902275239532060347e-01 9.116416360732868540e-01
8.896470962425364615e-01 9.039192863347801365e-01 8.901879169982247486e-01 9.117575274869698099e-01
8.903121340484899671e-01 9.045232916589508454e-01 8.897234354352625552e-01 9.112241539868422002e-01
8.898061270222209496e-01 9.040831397141269044e-01 8.895686082476081946e-01 9.108788211749663244e-01
8.901241885815900368e-01 9.039116134248929013e-01 8.896478221575708778e-01 9.112315155856511861e-01
8.903265913920975771e-01 9.039407368900365114e-01 8.899970834878604409e-01 9.116787322622915690e-01
8.910205438852666360e-01 9.047729563931723451e-01 8.907316124711499583e-01 9.118073902430763322e-01
8.913096907574202810e-01 9.052556416385767468e-01 8.909296472460562777e-01 9.119761448265797377e-01
8.919747285633736755e-01 9.059848013667848310e-01 8.914121319703740554e-01 9.119888275106942110e-01
8.911651173213434030e-01 9.052271463939784990e-01 8.911024775950655563e-01 9.117510415195068108e-01
8.901241885815900368e-01 9.042121927913262525e-01 8.901699138368697195e-01 9.111879312330761760e-01
8.885917101591753742e-01 9.030476744193384198e-01 8.898206525065800454e-01 9.112994724731457996e-01
8.893868640575980367e-01 9.037536259760650115e-01 8.905587821221407907e-01 9.118015037216884444e-01
8.907747690439358212e-01 9.047163120229901878e-01 8.907496156325052095e-01 9.116204685591899892e-01
8.907747690439360433e-01 9.046512434733912089e-01 8.907388137356920810e-01 9.115495938708343404e-01
8.901675606124130891e-01 9.044089189215208657e-01 8.907352131034208531e-01 9.114760429353396809e-01
8.891700039034826641e-01 9.039197918857920788e-01 8.907136093097949292e-01 9.116369448989923852e-01
8.889097717185444614e-01 9.040932052951597964e-01 8.900618948687389898e-01 9.115918760353508565e-01
8.890977171854442807e-01 9.039648783074973881e-01 8.901771151014117311e-01 9.119243755833100762e-01
8.893001199959520431e-01 9.039205688343927569e-01 8.897738442870568587e-01 9.115061057249196352e-01
8.905289942026051175e-01 9.048384196774305055e-01 8.896514227898419946e-01 9.108059380533564120e-01
8.906591102950742744e-01 9.048890987333987335e-01 8.900474923396547444e-01 9.110948508148728475e-01
8.912663187265972287e-01 9.053159083768156368e-01 8.906704017225424153e-01 9.117469595805395288e-01
8.911795746649510130e-01 9.051834652959853678e-01 8.914805439835234990e-01 9.122979022563387774e-01
8.905289942026053396e-01 9.046155403937603534e-01 8.912104965631966191e-01 9.121014923792317708e-01
8.912084893521663442e-01 9.047649975603644368e-01 8.915417547321309311e-01 9.122106051594154330e-01
8.916855816912199195e-01 9.050305269853785584e-01 8.905767852834957088e-01 9.114875594222496824e-01
8.910060865416588038e-01 9.048563292837541461e-01 8.899250708424398804e-01 9.110734696691369372e-01
8.907458543567203790e-01 9.048213319726403636e-01 8.893309665177203671e-01 9.107915134841806371e-01
8.901386459251976468e-01 9.043278090004719383e-01 8.891833405946085733e-01 9.108748280197991321e-01
8.902109326432361414e-01 9.042195887231380125e-01 8.899970834878604409e-01 9.114752503641703196e-01
8.903988781101360717e-01 9.044778876536643253e-01 8.900222879137575926e-01 9.116162824998479408e-01
8.910783732596972984e-01 9.046201222625576133e-01 8.899034670488137344e-01 9.113974654365308847e-01
8.909916291980511938e-01 9.043497260006875260e-01 8.896010139380474691e-01 9.110933187214734774e-01
8.899940724891208799e-01 9.040629402546129789e-01 8.893921772663279102e-01 9.108663147597046983e-01
8.902253899868437514e-01 9.043256202817702150e-01 8.899394733715240147e-01 9.110944915370575714e-01
8.897772123350056184e-01 9.039567214961596875e-01 8.902131214241221224e-01 9.114738252587059053e-01
8.902976767048822460e-01 9.042275328677581436e-01 8.899394733715240147e-01 9.113724444951054604e-01
8.908615131055819258e-01 9.044966993529746091e-01 8.899790803265055228e-01 9.113282658531729474e-01
8.904277927973512918e-01 9.041575697801977896e-01 8.901879169982248596e-01 9.114974073178532255e-01
8.900952738943745945e-01 9.043317892992979168e-01 8.896118158348603755e-01 9.108852817408894520e-01
