5.637496566380892915e-01 5.646036718752985850e-01 5.944625876303879508e-01 5.642898989463837056e-01
5.584004395032456936e-01 5.625802220181523872e-01 5.856356376179656653e-01 5.741405180124152796e-01
5.688241842443869656e-01 5.674885598672296805e-01 5.797954120743602502e-01 5.838518540137151991e-01
5.786407205540053944e-01 5.753932744906793406e-01 5.780094984679309267e-01 5.908463155526801902e-01
5.895415576342002417e-01 5.805664363471179090e-01 5.814336997576774468e-01 6.027072541643585524e-01
5.980858477063424328e-01 5.859334912074224411e-01 5.890994458626934716e-01 6.146671989487286769e-01
6.058638985672771815e-01 5.911220155200119786e-01 5.997645186494748870e-01 6.265672431515960650e-01
6.102300163367981867e-01 5.967952135902871991e-01 6.107032394888541882e-01 6.337644526574224280e-01
6.120805563185820475e-01 6.071404609534243324e-01 6.206193807632620629e-01 6.380964025669955131e-01
6.113576891381977685e-01 6.152858700701386852e-01 6.272841510969326961e-01 6.416906050484915136e-01
6.164177594008877215e-01 6.222664213521840182e-01 6.272481447742224159e-01 6.437627377573360565e-01
6.278101461637438652e-01 6.275645644970248016e-01 6.271725314965308495e-01 6.464134418048664843e-01
6.369471873238010673e-01 6.395478549952335889e-01 6.296893734539785736e-01 6.527930059574720278e-01
6.439589989735285958e-01 6.596474791283124528e-01 6.391590363267789510e-01 6.651904498208538463e-01
6.462288019199352584e-01 6.715585279408263775e-01 6.485890922445980422e-01 6.725157349748387414e-01
6.463733753560121365e-01 6.768307898288633551e-01 6.566004990476327352e-01 6.753492542572908652e-01
6.494961615752722350e-01 6.808050168356425402e-01 6.626531618952288261e-01 6.790636352965839784e-01
6.512599574954098802e-01 6.840990923681622426e-01 6.664626308379750785e-01 6.827629152617774588e-01
6.501611993812257406e-01 6.867998795715719584e-01 6.673051787893954367e-01 6.828240024713512213e-01
6.505226329714178801e-01 6.877911355942772920e-01 6.677372546619186888e-01 6.826619096498811601e-01
6.549176654281542165e-01 6.917837502679212713e-01 6.691415012476190638e-01 6.846247235868888614e-01
6.602090531885671520e-01 6.972986544870614090e-01 6.723928721883563053e-01 6.887978303622412923e-01
6.634474981566886864e-01 7.029677807667065181e-01 6.761015234275138397e-01 6.914200231092374471e-01
6.652257514204340527e-01 7.077604822802952000e-01 6.791908659160548201e-01 6.926339130097503016e-01
6.669317179661409245e-01 7.124280841057273328e-01 6.815240756276801370e-01 6.935776265546373942e-01
6.695774118463473368e-01 7.172196919268355453e-01 6.832757832275346832e-01 6.951864374642440225e-01
6.722520204137691913e-01 7.207518129687155994e-01 6.847286383488939698e-01 6.970142228282222296e-01
6.747675982015064466e-01 7.210507127826921714e-01 6.856215951521087426e-01 6.972255606155508545e-01
6.756784108487906559e-01 7.198488879845809096e-01 6.869034202405941425e-01 6.978318766348895474e-01
6.757362402232214293e-01 7.175495840463395059e-01 6.881888459613508813e-01 6.976360265186415388e-01
6.756784108487906559e-01 7.149189384994518726e-01 6.887541452279020149e-01 6.960772674594304377e-01
6.748543422631525512e-01 7.133053032268485971e-01 6.899243507159857902e-01 6.960687100312615838e-01
6.752736052277753531e-01 7.141699230664457776e-01 6.903276215303407737e-01 6.955761547028105340e-01
6.738712428978298474e-01 7.140860294221783588e-01 6.902088006653968044e-01 6.948428004767026600e-01
6.725267099423151151e-01 7.133984091881127032e-01 6.894778723143784038e-01 6.950200149931069493e-01
6.704159377755931626e-01 7.123036861859544100e-01 6.884012832653412239e-01 6.941730267722828751e-01
6.702569069959085635e-01 7.129171774107587733e-01 6.880808269932199295e-01 6.953331875741268764e-01
6.710231462071158948e-01 7.139013849967756897e-01 6.884804971753040181e-01 6.960077074474738668e-01
6.732784918099148364e-01 7.159607453183596260e-01 6.888657648283038615e-01 6.971419666837732620e-01
6.747531408578988366e-01 7.174240155714981526e-01 6.891250103518178349e-01 6.982461765798343434e-01
6.758518989720828651e-01 7.188448477117275193e-01 6.885417079239114502e-01 6.978086053829768431e-01
6.751579464789139173e-01 7.181379827749798661e-01 6.872022727190894020e-01 6.967575208526024522e-01
6.746374821090372897e-01 7.181114717607107734e-01 6.863309197095011083e-01 6.973073392227436829e-01
6.742615911752374291e-01 7.169878528490873926e-01 6.860356678632768546e-01 6.986814468887068141e-01
6.737122121181453593e-01 7.164611231159769833e-01 6.860536710246318837e-01 7.012448614391761925e-01
6.745218233601757429e-01 7.159745433466468967e-01 6.863705266644822833e-01 7.032735609756035622e-01
6.755916667871444403e-01 7.167435858208646149e-01 6.864281367808188206e-01 7.046330915195824218e-01
6.758229842848675339e-01 7.163849808329055824e-01 6.858664381465384707e-01 7.051608445568343653e-01
6.763289913111365514e-01 7.157276954083673370e-01 6.852363274991088993e-01 7.054225578189436963e-01
6.778903844207664342e-01 7.148552267670116311e-01 6.853119407768004656e-01 7.061418937289183351e-01
6.792638320634967197e-01 7.149234991968579367e-01 6.857620198106787468e-01 7.076482176043392691e-01
6.793216614379272711e-01 7.140081975780504520e-01 6.859384507919590312e-01 7.086925666130784451e-01
6.795674362792580858e-01 7.133425174076100106e-01 6.860392684955478604e-01 7.095621632063229267e-01
6.782518180109586847e-01 7.106306058842356554e-01 6.856179945198377368e-01 7.099894320867776720e-01
6.780349578568433122e-01 7.107390691993479281e-01 6.849770819755949258e-01 7.100951168796874047e-01
6.773120906764591442e-01 7.099160409782072634e-01 6.845630092644269249e-01 7.100799139205047350e-01
6.769361997426592836e-01 7.091868038711449662e-01 6.849014686979033595e-01 7.103722425327876344e-01
6.767482542757592423e-01 7.090634998382271403e-01 6.853515477317817517e-01 7.110826367549759608e-01
6.759386430337289697e-01 7.078298707297883130e-01 6.856395983134638827e-01 7.117440731027548928e-01
6.768928277118362313e-01 7.069998385388959194e-01 6.859816583792115452e-01 7.116067929378683266e-01
6.772976333328514231e-01 7.060213940206940819e-01 6.860608722891738953e-01 7.113751756177812968e-01
6.769506570862670047e-01 7.060443572314255567e-01 6.867125867302299458e-01 7.123507630371677113e-01
6.771964319275975974e-01 7.066171525118316588e-01 6.873931062294538208e-01 7.129130738856106486e-01
6.765747661524671441e-01 7.055929901933961634e-01 6.880952295223040638e-01 7.136906843893597863e-01
6.765458514652518129e-01 7.062212498541857730e-01 6.890349945450420233e-01 7.153160708587671390e-01
6.769217423990516735e-01 7.073089542703936417e-01 6.899675583032380821e-01 7.161891823833501647e-01
6.775867802050052902e-01 7.074613858599647642e-01 6.908641157387237497e-01 7.173915348710282469e-01
6.788011970680507545e-01 7.087305816676630066e-01 6.919947142718261279e-01 7.182807331549083685e-01
6.797842964333732363e-01 7.094464317421136368e-01 6.927328438873866512e-01 7.186773770451602150e-01
6.796252656536887482e-01 7.085885177857054185e-01 6.932297311407884521e-01 7.185696273611309470e-01
6.780783298876664755e-01 7.081757746500814132e-01 6.941298892085450145e-01 7.191797222743921969e-01
6.751145744480908650e-01 7.061270487368060955e-01 6.946087733005915643e-01 7.195167418147664362e-01
6.743338778932759237e-01 7.060166757473606003e-01 6.959446078731423846e-01 7.210936267397237698e-01
6.738134135233992961e-01 7.057830600349455086e-01 6.966467311659928496e-01 7.219518863939138331e-01
6.743049632060604814e-01 7.056646216655196868e-01 6.974100652074504136e-01 7.228536580855897675e-01
6.751724038225217495e-01 7.062456290914830292e-01 6.975000810142261143e-01 7.229084548741009364e-01
6.750278303864448715e-01 7.053623322593948197e-01 6.980473771194221078e-01 7.236271537224840955e-01
6.741314750827682722e-01 7.037917709629165630e-01 6.987206953541040821e-01 7.241437839269022625e-01
6.717026413566771215e-01 7.014874078018034087e-01 6.986018744891602239e-01 7.238745027155272238e-01
6.698521013748933717e-01 7.008411504514000523e-01 6.982094055716184799e-01 7.235117439647121840e-01
6.694906677847012322e-01 7.010229753468681935e-01 6.975576911305625405e-01 7.230701706929424377e-01
6.695629545027397267e-01 7.004236158411903945e-01 6.973344519297588473e-01 7.237691343364847096e-01
6.701557055906548488e-01 6.994716705175463289e-01 6.972516373875252693e-01 7.242300887986758973e-01
6.700255894981856919e-01 6.980955757932407746e-01 6.977701284345532162e-01 7.250805445848059749e-01
6.686665991990632385e-01 6.967042438185638842e-01 6.975504898660205289e-01 7.249788811829179780e-01
6.670618340586100814e-01 6.952891052337902833e-01 6.965819197851141897e-01 7.236933650338369661e-01
6.664546256270872382e-01 6.961366890683061692e-01 6.963082717325161930e-01 7.235782312459861920e-01
6.666425710939871685e-01 6.969073685257640705e-01 6.968807722636095603e-01 7.242035485875818468e-01
6.678425306134250228e-01 6.972640566287172659e-01 6.973704582524691276e-01 7.250650023682720935e-01
6.689557460712167725e-01 6.974358100592570331e-01 6.971724234775626972e-01 7.249590100850300534e-01
6.678136159262098026e-01 6.956323061446461065e-01 6.964414951265441855e-01 7.241320097258591160e-01
6.663823389090488547e-01 6.946375740354328032e-01 6.959158028149743380e-01 7.234680666910127123e-01
6.646040856453037105e-01 6.933398208106911209e-01 6.959194034472453438e-01 7.235201058066417223e-01
6.643438534603651746e-01 6.939203773968334321e-01 6.959194034472452328e-01 7.232688891003976606e-01
6.652691234512569940e-01 6.951019578377404251e-01 6.966431305337217328e-01 7.239407804312429917e-01
6.661943934421490354e-01 6.949100292125810485e-01 6.972228323293570007e-01 7.250414002190501694e-01
6.668883459353178722e-01 6.955570253719332019e-01 6.973668576201982328e-01 7.257325349360981281e-01
6.670618340586100814e-01 6.957647517242886437e-01 6.965675172560301665e-01 7.249751484537338975e-01
6.660642773496796565e-01 6.959026877196109462e-01 6.958365889050117659e-01 7.238326813633364498e-01
6.650378059535341224e-01 6.958317745679090116e-01 6.953325003870678422e-01 7.224970376209006728e-01
6.657751304775261225e-01 6.970612588540791021e-01 6.962074540289275859e-01 7.230599451028124625e-01
6.668594312481024300e-01 6.974584101061092056e-01 6.971112127289551541e-01 7.243857685393757517e-01
6.670184620277870291e-01 6.976174466817185449e-01 6.973056468715905787e-01 7.251921249991428731e-01
6.664690829706949593e-01 6.974090184528450864e-01 6.965639166237590496e-01 7.243954212223162603e-01
6.654787549335685615e-01 6.961527947943935146e-01 6.955449376910585180e-01 7.232005588328762613e-01
6.659197039136030005e-01 6.970393438972115607e-01 6.951056605539933653e-01 7.228177613948809643e-01
6.677557865517789182e-01 6.988780265303734529e-01 6.962290578225536208e-01 7.239490412453029045e-01
6.693605516922320753e-01 7.011380621326979146e-01 6.969635868058431383e-01 7.246818454685117761e-01
6.690569474764707092e-01 7.006451600069836250e-01 6.971112127289551541e-01 7.241694657141239944e-01
6.672786942127253429e-01 6.986440808867651064e-01 6.965171084042357519e-01 7.233312597083365603e-01
6.656450143850569656e-01 6.963765975755955573e-01 6.951524687735166630e-01 7.219920052634442031e-01
6.653558675129032096e-01 6.973995923551850051e-01 6.938130335686947259e-01 7.210070450848696799e-01
6.670907487458255236e-01 6.992732153576061149e-01 6.942343075444047384e-01 7.220352768202803473e-01
6.694039237230551276e-01 7.017862566211383601e-01 6.953685067097782335e-01 7.241264809767382626e-01
6.699822174673626396e-01 7.030303550937926360e-01 6.959194034472452328e-01 7.242694451212896567e-01
6.680160187367173430e-01 7.007622599158112031e-01 6.956457553946473471e-01 7.232260704220109249e-01
6.661076493805027088e-01 6.989493863655678041e-01 6.945583644487972608e-01 7.213507870071657058e-01
6.655004409489799766e-01 6.979811775063895496e-01 6.934853760320313087e-01 7.200126602516474517e-01
6.662666801601873079e-01 6.991192356278249642e-01 6.935177817224704722e-01 7.207794953483850353e-01
6.675822984284868200e-01 7.003513040473436924e-01 6.937194171296480194e-01 7.217204075095751126e-01
6.689702034148246046e-01 7.019645950280613000e-01 6.938454392591338893e-01 7.220943661348426801e-01
6.691436915381168138e-01 7.027360185115165692e-01 6.934313665479658884e-01 7.218133866624163453e-01
6.676834998337406457e-01 7.016890475461827759e-01 6.927040388292182715e-01 7.206222151712726731e-01
6.666570284375948896e-01 7.009411145068542570e-01 6.926824350355922366e-01 7.212143775228856413e-01
6.676401278029174824e-01 7.012505233559762630e-01 6.935285836192834896e-01 7.228597226681933163e-01
6.690858621636860404e-01 7.026164581365372808e-01 6.940794803567505999e-01 7.236558550543232826e-01
6.694762104410936221e-01 7.036639096092339729e-01 6.940290715049564074e-01 7.232453063372803470e-01
6.688979166967861101e-01 7.029670505937387626e-01 6.930641020563210741e-01 7.217659295795104679e-01
6.690714048200783193e-01 7.028452553002872971e-01 6.925456110092932382e-01 7.212950243520594995e-01
6.693027223178014129e-01 7.026756296372729249e-01 6.919191009941345616e-01 7.216818709751451344e-01
6.687678006043170642e-01 7.019402573105708587e-01 6.918614908777981354e-01 7.230262676887164730e-01
6.690424901328630991e-01 7.030342742973646475e-01 6.925276078479380981e-01 7.236658370038470123e-01
6.694472957538781799e-01 7.042130889238329416e-01 6.924699977316016719e-01 7.230802429514315843e-01
6.696352412207781102e-01 7.043524326819208259e-01 6.916598554706205881e-01 7.218106574133642539e-01
6.691147768509013716e-01 7.028970522823017042e-01 6.912601852885367215e-01 7.214803967499763271e-01
6.699388454365395873e-01 7.025354237161118842e-01 6.908029049901162066e-01 7.218094237706729199e-01
6.707773713657851911e-01 7.031401922583786490e-01 6.911989745399291785e-01 7.228262142401029600e-01
6.709074874582545700e-01 7.037100391391158949e-01 6.915410346056767299e-01 7.229820296836960702e-01
6.710231462071158948e-01 7.051042900459912888e-01 6.914474181666300234e-01 7.231484959373688515e-01
6.698231866876780405e-01 7.038311934770258294e-01 6.910981568363403493e-01 7.221573086325833168e-01
6.677847012389943604e-01 7.019532334725511191e-01 6.907236910801536345e-01 7.213429042078371989e-01
6.673798956179790576e-01 7.010548766922199970e-01 6.902124012976679213e-01 7.209109003821964068e-01
6.690280327892552670e-01 7.030942179232942957e-01 6.903744297498641824e-01 7.213013347193815150e-01
6.710231462071158948e-01 7.051321461239707933e-01 6.903492253239669196e-01 7.213299104930083194e-01
6.708207433966084654e-01 7.057930042652864611e-01 6.903276215303407737e-01 7.217864614115310218e-01
6.701990776214777901e-01 7.048919035173477621e-01 6.904392411307425093e-01 7.218849751352700572e-01
6.699966748109701387e-01 7.042098623889971876e-01 6.907164898156115118e-01 7.220153392404830006e-01
6.696930705952088836e-01 7.039317224171334209e-01 6.903528259562379255e-01 7.215685682826236125e-01
6.711821769868004939e-01 7.050462454431205561e-01 6.898559387028362355e-01 7.211424783644591052e-01
6.714134944845233655e-01 7.054197673247107891e-01 6.893554508171634287e-01 7.203253470622570376e-01
6.720207029160462087e-01 7.073550532726775586e-01 6.892978407008271136e-01 7.206312504856684509e-01
6.722664777573768013e-01 7.091999726924218539e-01 6.893770546107896857e-01 7.207786397903339637e-01
6.718616721363617206e-01 7.090573378721634068e-01 6.897731241606025465e-01 7.211379467034011448e-01
6.723821365062383482e-01 7.090351104445722363e-01 6.893482495526214171e-01 7.210321843416561682e-01
6.725556246295305574e-01 7.083787685437273884e-01 6.886029186725188822e-01 7.201069664708298346e-01
6.728013994708611500e-01 7.076418037706724284e-01 6.884660946462198838e-01 7.200654041299536789e-01
6.723387644754152959e-01 7.071535601033172025e-01 6.888729660928459841e-01 7.210179125901329256e-01
6.722953924445923546e-01 7.073821122680445939e-01 6.891862211004252670e-01 7.215847306674583184e-01
6.727146554092151565e-01 7.092180668879224381e-01 6.891970229972382844e-01 7.213134655727306832e-01
6.731628330610534006e-01 7.102740542109879929e-01 6.890061894868739767e-01 7.206928339405485051e-01
6.732784918099148364e-01 7.103109171089833085e-01 6.888081547119673242e-01 7.200623792153306724e-01
6.726857407219997143e-01 7.098537148468243574e-01 6.893302463912662770e-01 7.205117448880117292e-01
6.724833379114920628e-01 7.100299483936670653e-01 6.892690356426587339e-01 7.207318393170538684e-01
6.724399658806691216e-01 7.102597641891463809e-01 6.888765667251169900e-01 7.199929368472349767e-01
6.724977952550998950e-01 7.104657763200761256e-01 6.886029186725187712e-01 7.197552261455488765e-01
6.724977952550998950e-01 7.105071039081274353e-01 6.887217395374627404e-01 7.201130668971479354e-01
6.722953924445922436e-01 7.102990358315659503e-01 6.896651051924718168e-01 7.212181241479174165e-01
6.722375630701613591e-01 7.099617648108809131e-01 6.896254982374905307e-01 7.207987936627286985e-01
6.709074874582545700e-01 7.093458725769021811e-01 6.882608586067713308e-01 7.191830990940608626e-01
6.704448524628083828e-01 7.099368307395815814e-01 6.869682316214728024e-01 7.173967260195794893e-01
6.711532622995849406e-01 7.103236434349056161e-01 6.875767384752762279e-01 7.180838562733808939e-01
6.723821365062383482e-01 7.113448627169483007e-01 6.891826204681541501e-01 7.204968676999011779e-01
6.734519799332070455e-01 7.110515877642484828e-01 6.903312221626118905e-01 7.223054044627141845e-01
6.733941505587763832e-01 7.113505201460443850e-01 6.891826204681542611e-01 7.215297732277210496e-01
6.702424496523008424e-01 7.083266136201318286e-01 6.868710145501549791e-01 7.189587975486002591e-01
6.693460943486244652e-01 7.081274815298752578e-01 6.857188122234264549e-01 7.172516401863735513e-01
6.724255085370614005e-01 7.112733935518167350e-01 6.862697089608935652e-01 7.178502327809225259e-01
6.749410863247986558e-01 7.139040472378315183e-01 6.880556225673228887e-01 7.200905213853463493e-01
6.755049227254983357e-01 7.138213955807408695e-01 6.898739418641913757e-01 7.225780845277929298e-01
6.742182191444144879e-01 7.123216166785322212e-01 6.890349945450420233e-01 7.218528870253155816e-01
6.715580679206002435e-01 7.098875973729015243e-01 6.863669260322112775e-01 7.187718111948074862e-01
6.698087293440703194e-01 7.082622443919479593e-01 6.846494244389315087e-01 7.170838150934244482e-01
6.711821769868004939e-01 7.104543443953351689e-01 6.858376330883704242e-01 7.183486295139352995e-01
6.735820960256764245e-01 7.125482171599892833e-01 6.872814866290519742e-01 7.200926343715577937e-01
6.736110107128916447e-01 7.137882244203194171e-01 6.877459681920146117e-01 7.203625716547110702e-01
6.733363211843454987e-01 7.135973616575308487e-01 6.871518638672950985e-01 7.199063372709144648e-01
6.726712833783921042e-01 7.121608568491857305e-01 6.866909829366036888e-01 7.199100191886722566e-01
6.725700819731381674e-01 7.127121002275045303e-01 6.855711863003143280e-01 7.197664560232872599e-01
6.731050036866226272e-01 7.139193679049468111e-01 6.852219249700246539e-01 7.190292940147622325e-01
6.723098497881998536e-01 7.137155601995714971e-01 6.854127584803891837e-01 7.187811802845827103e-01
6.723098497881998536e-01 7.134110840831341394e-01 6.857548185461367352e-01 7.190894800270286602e-01
6.714279518281311976e-01 7.118048568753021499e-01 6.858268311915572957e-01 7.192896619066931896e-01
6.714568665153464178e-01 7.118120035734721851e-01 6.855855888293985734e-01 7.187003664680762238e-01
6.722953924445922436e-01 7.135910059932837335e-01 6.849302737560716281e-01 7.176266164331732700e-01
6.735965533692839236e-01 7.155342392786301353e-01 6.842857605795578113e-01 7.168143305970620105e-01
6.728447715016843134e-01 7.149747700652870908e-01 6.841237321273616612e-01 7.165944430120849695e-01
6.715725252642079646e-01 7.134702414313397467e-01 6.842497542568475311e-01 7.170865533877672782e-01
6.712833783920542086e-01 7.127084810508441670e-01 6.837564676357169580e-01 7.172925934208056464e-01
6.727869421272536510e-01 7.129863470700942285e-01 6.837672695325298644e-01 7.178966040677209337e-01
6.736832974309300281e-01 7.131447585759814745e-01 6.837564676357168469e-01 7.179880121516826197e-01
6.736832974309300281e-01 7.129283610678613936e-01 6.839328986169972424e-01 7.176940205456034949e-01
6.725845393167459996e-01 7.125976326465082167e-01 6.833207911309224780e-01 7.166825541737806837e-01
6.731917477482688428e-01 7.139455994501061609e-01 6.828167026129787764e-01 7.161349611479208566e-01
6.740591883647298888e-01 7.145358430166672825e-01 6.827626931289134671e-01 7.168987265267472431e-01
6.742182191444143768e-01 7.141372835027710586e-01 6.829751304329041428e-01 7.174754818732005379e-01
6.731194610302302372e-01 7.123611750890272987e-01 6.826546741607826263e-01 7.170469458607394708e-01
6.725122525987075051e-01 7.106137289657648015e-01 6.821217805846706561e-01 7.168760973384122881e-01
6.727724847836459299e-01 7.104973724466172591e-01 6.813476446463999636e-01 7.162036072268963549e-01
6.738278708670069062e-01 7.111124401091107883e-01 6.816428964926241063e-01 7.166175264912101328e-01
6.739290722722608429e-01 7.117794667808645670e-01 6.822802084045959115e-01 7.172693525149194116e-01
6.741603897699834924e-01 7.121287489163672380e-01 6.826906804834929066e-01 7.175984015644463199e-01
6.731483757174456795e-01 7.111383036996465901e-01 6.820101609842686985e-01 7.171620715976234628e-01
6.734953519640302089e-01 7.112162719293481095e-01 6.811388079746802937e-01 7.163969435714313549e-01
6.753314346022061265e-01 7.125515331809395558e-01 6.802638543328208831e-01 7.156164743877602152e-01
6.746230247654296797e-01 7.111731310822384522e-01 6.803250650814283151e-01 7.160429789770410558e-01
6.732495771226993941e-01 7.096146492644315185e-01 6.801018258806246219e-01 7.161394871823388852e-01
6.720929896340845922e-01 7.081078594204455179e-01 6.805879112372132944e-01 7.163197174094825259e-01
6.727435700964305987e-01 7.089828818234743535e-01 6.811712136651195681e-01 7.166024712607091951e-01
6.747675982015064466e-01 7.113533302442145434e-01 6.814556636145306934e-01 7.164901500913218868e-01
6.774855787997513534e-01 7.144726122076801023e-01 6.818337300029885251e-01 7.163396418615444183e-01
6.771096878659513818e-01 7.148894517791678505e-01 6.812864338977924206e-01 7.159828691912507592e-01
6.749266289811910458e-01 7.131084852890713366e-01 6.812900345300634264e-01 7.164853342000873093e-01
6.730471743121919648e-01 7.108414494355461688e-01 6.814736667758858335e-01 7.164700910402056477e-01
6.748543422631525512e-01 7.116763673393213807e-01 6.813548459109419753e-01 7.165501325782323017e-01
6.770663158351285515e-01 7.139182882746891723e-01 6.810091852129234180e-01 7.165032832544937502e-01
6.761121311570212900e-01 7.139142584687621085e-01 6.809695782579421319e-01 7.157147446375817790e-01
6.741459324263759934e-01 7.133353850716234179e-01 6.810703959615309611e-01 7.152988972588127936e-01
6.746230247654296797e-01 7.143008070233795026e-01 6.811928174587458251e-01 7.153494069718278059e-01
6.772253466148129286e-01 7.151891768630560531e-01 6.819201451774932199e-01 7.160994199984007658e-01
6.788879411296968591e-01 7.157632797745092645e-01 6.830255392846984464e-01 7.180616841116583826e-01
6.779048417643742663e-01 7.149242239437186841e-01 6.830831494010348726e-01 7.181873846192795563e-01
6.760398444389827954e-01 7.145542971055766079e-01 6.816969059766895267e-01 7.170248617355614584e-01
6.763000766239211092e-01 7.157942284629674745e-01 6.810559934324467157e-01 7.160197200319895483e-01
6.778903844207664342e-01 7.161689141582996410e-01 6.825934634121751943e-01 7.170163901934838435e-01
6.797264670589424629e-01 7.178194352841757997e-01 6.836880556225672922e-01 7.178496704605846768e-01
6.788879411296968591e-01 7.171081745378374839e-01 6.833820018795300211e-01 7.181389224482194189e-01
6.778325550463358828e-01 7.168349527865920390e-01 6.817149091380446668e-01 7.167239745641120763e-01
6.767337969321516322e-01 7.160724907160180841e-01 6.807931472766617365e-01 7.160874208168030997e-01
6.773265480200667543e-01 7.160177130937365186e-01 6.813764497045681212e-01 7.167926184964366065e-01
6.786999956627969288e-01 7.166072361840032379e-01 6.827374887030162043e-01 7.179716297532221514e-01
6.779771284824125388e-01 7.165350014363530695e-01 6.826690766898668716e-01 7.175897858824769049e-01
6.764591074036057083e-01 7.162129258504001950e-01 6.821577869073808253e-01 7.169574440553871941e-01
6.759964724081596321e-01 7.157368551971809989e-01 6.812864338977924206e-01 7.160163757832140874e-01
6.764735647472133184e-01 7.151097550245815171e-01 6.805339017531478740e-01 7.157713443410749221e-01
6.771964319275977084e-01 7.153903022993007843e-01 6.805050966949796054e-01 7.160558391356983687e-01
6.770952305223436607e-01 7.151473890612927153e-01 6.820173622488108212e-01 7.179976088476616169e-01
6.771819745839899873e-01 7.153502571606576987e-01 6.825358532958387681e-01 7.183163421555447403e-01
6.768783703682285102e-01 7.157288749500851921e-01 6.816933053444185209e-01 7.174157658331919984e-01
6.761555031878443422e-01 7.148896198405210178e-01 6.805627068113160316e-01 7.164598387431230231e-01
6.770084864606977781e-01 7.152092361132827980e-01 6.802062442164844569e-01 7.165896471068926576e-01
6.776301522358282314e-01 7.154053144485448268e-01 6.807499396894094446e-01 7.172174179169679142e-01
6.777313536410820571e-01 7.154740665162695468e-01 6.816536983894371238e-01 7.178627013146611224e-01
6.779337564515894865e-01 7.164081632603302996e-01 6.821397837460257962e-01 7.176240334080322691e-01
6.788734837860891380e-01 7.174326432906297235e-01 6.821541862751099305e-01 7.173495412489138134e-01
6.800589859619194932e-01 7.186413267023101792e-01 6.816356952280820947e-01 7.173419258785120878e-01
6.799577845566655565e-01 7.190909067485331541e-01 6.808687605543533028e-01 7.167733336689081636e-01
6.784253061342508939e-01 7.182807588090854845e-01 6.803574707718675896e-01 7.163463354122282523e-01
6.777313536410820571e-01 7.171797230648037091e-01 6.810703959615307390e-01 7.165954611825089415e-01
6.785698795703277719e-01 7.176358513965797048e-01 6.824926457085862541e-01 7.176587131339695613e-01
6.805505356445806786e-01 7.188787113685144448e-01 6.822586046109696545e-01 7.176507485821699284e-01
6.802469314288193125e-01 7.192267704062318412e-01 6.805951125017553061e-01 7.167806920032704365e-01
6.784253061342508939e-01 7.185621092042379088e-01 6.792088690774099602e-01 7.156799986070209174e-01
6.785554222267200508e-01 7.185773733066421753e-01 6.805339017531478740e-01 7.165487709687384799e-01
6.801891020543885391e-01 7.184251108079185988e-01 6.822874096691379231e-01 7.173866009227545248e-01
6.807384811114804979e-01 7.192549527668252729e-01 6.824530387536051901e-01 7.170699881904620820e-01
6.791770880018506151e-01 7.190509745317066326e-01 6.810631946969888384e-01 7.164399878405350863e-01
6.778325550463357718e-01 7.184221734026470241e-01 6.804258827850170332e-01 7.162472982142111810e-01
6.787867397244430334e-01 7.179103622436681098e-01 6.806779270439888840e-01 7.169172749842626091e-01
6.783096473853893471e-01 7.176394006667790038e-01 6.807787447475777132e-01 7.160237699026978930e-01
6.792060026890659463e-01 7.184224212185179592e-01 6.809695782579421319e-01 7.155562881066424019e-01
6.794084054995734867e-01 7.191245383022962789e-01 6.816825034476052814e-01 7.162072435792815606e-01
6.776156948922205103e-01 7.189676061971489451e-01 6.815816857440166743e-01 7.161842066941779272e-01
6.773699200508898066e-01 7.184616036001330031e-01 6.810775972260728617e-01 7.151428287401917494e-01
6.789746851913430747e-01 7.185101426546093295e-01 6.811784149296615798e-01 7.145634868386793181e-01
6.812444881377495154e-01 7.199687549399150788e-01 6.813116383236895723e-01 7.145881855298115148e-01
6.804493342393269639e-01 7.196234830616820011e-01 6.812108206201008542e-01 7.148544127849019159e-01
6.785409648831123297e-01 7.183062587932660392e-01 6.807751441153067073e-01 7.144330544806375416e-01
6.774566641125359112e-01 7.168263515066686242e-01 6.798497816216528822e-01 7.131002722724620879e-01
6.769361997426592836e-01 7.156906022319027283e-01 6.788488058503072686e-01 7.115802373888959753e-01
6.792638320634967197e-01 7.180877550773331341e-01 6.787011799271952528e-01 7.114187002287635231e-01
6.797698390897657372e-01 7.195047902829306841e-01 6.791044507415501252e-01 7.122370755497244854e-01
6.790903439402045105e-01 7.183589038052151654e-01 6.791152526383632537e-01 7.130702677872794437e-01
6.776735242666511727e-01 7.168060472678834394e-01 6.785715571654382661e-01 7.126823897360705651e-01
6.768783703682286212e-01 7.150291074435701777e-01 6.777362104785600305e-01 7.116295795616256470e-01
6.771675172403822662e-01 7.148791851411155918e-01 6.769872789661864898e-01 7.109655970445361017e-01
6.782951900417817370e-01 7.162260407730537404e-01 6.776533959363264525e-01 7.114510516999745793e-01
6.788156544116583646e-01 7.179243957321488345e-01 6.781430819251861308e-01 7.116375451443367472e-01
6.777458109846896672e-01 7.171899084686319537e-01 6.780278616925130564e-01 7.110826377529967379e-01
6.756494961615753247e-01 7.147761617282019087e-01 6.770952979343172196e-01 7.100430844283658338e-01
6.762856192803133881e-01 7.139384581536605268e-01 6.762995582024202701e-01 7.095949358442371624e-01
6.778325550463357718e-01 7.159624685767246310e-01 6.764219796996352452e-01 7.105628705460178551e-01
6.789023984733044692e-01 7.168598956037729453e-01 6.769836783339154840e-01 7.113522278457895531e-01
6.773410053636744754e-01 7.162954799589796862e-01 6.775849839231768978e-01 7.114656633343332537e-01
6.766615102141133598e-01 7.156241798749295446e-01 6.780746699120365761e-01 7.114851849530277050e-01
6.770518584915206084e-01 7.148460569696135636e-01 6.772429238574293464e-01 7.111245247439619277e-01
6.786855383191892077e-01 7.167051602799158205e-01 6.767892441912799484e-01 7.109859999855183688e-01
6.788590264424814169e-01 7.169664335230222507e-01 6.767568385008407850e-01 7.106717273590065220e-01
6.776301522358282314e-01 7.156296688199637046e-01 6.771421061538406283e-01 7.110097251009852570e-01
6.780060431696282031e-01 7.156483000817522866e-01 6.770520903470649277e-01 7.113475107120138530e-01
6.780638725440586434e-01 7.153060224623342123e-01 6.756010355418411439e-01 7.098502595492889311e-01
