6.834597993362960811e-01 6.848428339860379577e-01 6.136070522883709799e-01 6.116948823007087865e-01
6.866618797182169054e-01 6.872602396960459936e-01 6.153846153846154188e-01 6.119679958624480998e-01
6.903685303421374098e-01 6.900224086670311285e-01 6.167636758845550515e-01 6.125649465409235273e-01
6.938811154883658405e-01 6.929122202039167400e-01 6.185364086462987743e-01 6.124618494043766459e-01
6.965398125327485479e-01 6.955590281386203610e-01 6.200024151672502981e-01 6.130413387617357213e-01
7.000718042267460861e-01 6.989600279278539441e-01 6.214515155174497041e-01 6.140290872936451372e-01
7.033903238952823322e-01 7.023100008617667589e-01 6.226107957976090290e-01 6.147690002318726421e-01
7.073880727357411136e-01 7.066181714653120283e-01 6.241565028378215363e-01 6.165918968617917217e-01
7.096780453725086701e-01 7.088762675130364510e-01 6.260451636275812248e-01 6.175770237594437884e-01
7.122397096780452852e-01 7.114640782645653694e-01 6.277309503683130565e-01 6.188915653951196916e-01
7.151700983911972731e-01 7.147400898664582058e-01 6.296437628305759926e-01 6.204359447848734055e-01
7.170913466203496789e-01 7.168573755605336384e-01 6.313343799058084294e-01 6.219884162902824531e-01
7.199635156901937894e-01 7.204135446109350971e-01 6.328028015940103668e-01 6.231229909018596302e-01
7.219235770148848541e-01 7.230848682904488234e-01 6.342277502717063031e-01 6.244733477871982075e-01
7.237283859574219491e-01 7.256410851547658858e-01 6.356671899529042769e-01 6.257189684355781711e-01
7.253197228744978631e-01 7.282799496961553931e-01 6.368409612365656391e-01 6.268494604959413685e-01
7.259601389508820724e-01 7.295432759061657446e-01 6.381789638932495734e-01 6.280289236590900215e-01
7.277649478934191674e-01 7.327192327677648498e-01 6.392271464798937597e-01 6.301749784009511579e-01
7.285800228997263428e-01 7.336640760676751416e-01 6.406327738195869426e-01 6.317938661901165709e-01
7.289293407595722751e-01 7.343891130081806606e-01 6.414974036952059144e-01 6.333078920894409380e-01
7.294339110015719552e-01 7.355151375926129997e-01 6.427146479893732778e-01 6.347394308561903342e-01
7.302101729123405827e-01 7.371388724756604560e-01 6.433522521434609232e-01 6.358842962042160485e-01
7.303460187467250009e-01 7.374484667514076275e-01 6.442265426880811052e-01 6.370434260451880437e-01
7.309476217275707732e-01 7.389257044342725234e-01 6.450090568771886801e-01 6.389606077545588736e-01
7.311416872052631799e-01 7.398034838645676237e-01 6.461152034778407938e-01 6.408514432168507247e-01
7.321508276892623179e-01 7.418670941368679106e-01 6.469122086704504060e-01 6.425413332419487311e-01
7.330241223388771488e-01 7.433901360441819151e-01 6.476560801835526959e-01 6.440741342982604367e-01
7.336839449630305765e-01 7.449147887145216584e-01 6.486414684216881277e-01 6.460831383743803613e-01
7.341302955617226011e-01 7.462147720554598296e-01 6.497282936843375989e-01 6.476088962197855681e-01
7.339362300840304165e-01 7.467908540438340514e-01 6.507281729259750680e-01 6.493291406281369582e-01
7.338780104407227611e-01 7.476163342424624325e-01 6.514334017630721840e-01 6.513733599926956330e-01
7.344796134215685335e-01 7.492733115535721300e-01 6.520710059171599404e-01 6.525017864878990270e-01
7.347318985425682625e-01 7.500321835101817491e-01 6.526071730467334353e-01 6.536759972648300554e-01
7.344602068737993150e-01 7.507741285454123670e-01 6.532979108803284030e-01 6.554754199064820597e-01
7.342855479438762378e-01 7.512963958184988300e-01 6.536167129573722256e-01 6.565872739496663169e-01
7.350229967591064284e-01 7.517462284403023665e-01 6.540369520589299768e-01 6.583318336248171754e-01
7.353723146189523607e-01 7.537354026353437764e-01 6.541480497524454485e-01 6.592125564043986863e-01
7.351394360457217392e-01 7.543066032496650308e-01 6.546359135370125593e-01 6.602902774369681094e-01
7.346348658037221702e-01 7.540512070545011269e-01 6.549885279555609507e-01 6.612939297362714353e-01
7.349841836635681025e-01 7.550865268546202991e-01 6.554425793986234927e-01 6.627463820836642094e-01
7.351200294979527428e-01 7.554298619935716497e-01 6.555440164231373101e-01 6.637936976248608456e-01
7.350812164024140838e-01 7.555179526627524567e-01 6.557903634826711681e-01 6.649879063168693261e-01
7.344408003260299855e-01 7.550936551618195880e-01 6.557517208066658831e-01 6.660334679539219316e-01
7.342079217527994750e-01 7.550795916773271887e-01 6.557323994686632407e-01 6.664882368117255318e-01
7.338586038929535427e-01 7.551058018547989192e-01 6.557179084651613143e-01 6.670290045623588071e-01
7.338586038929535427e-01 7.549318231869543983e-01 6.553604637121120957e-01 6.674176707591394919e-01
7.332375943643385519e-01 7.551723607219682499e-01 6.552155536770920552e-01 6.682298369939367877e-01
7.326748044790312164e-01 7.557056590163881982e-01 6.548146359135370576e-01 6.684677510001937328e-01
7.324807390013389208e-01 7.550655463304134507e-01 6.545731191885038047e-01 6.687750329675297145e-01
7.320149818548777887e-01 7.552327064341168850e-01 6.542301654389566234e-01 6.689230521676869934e-01
7.317238836383396228e-01 7.547011768756985983e-01 6.537519623233909449e-01 6.691484032642999180e-01
7.306759300588019368e-01 7.546082777171647660e-01 6.533510445598357252e-01 6.691814510416672634e-01
7.306759300588018258e-01 7.556989103643956263e-01 6.530708851587971875e-01 6.695485761000801173e-01
7.303266121989558934e-01 7.557779822294372618e-01 6.527424224127521546e-01 6.697196147071950989e-01
7.292980651671874259e-01 7.550813922950332380e-01 6.525637000362274343e-01 6.696114869686742299e-01
7.285800228997264538e-01 7.547296601792015114e-01 6.521627822726724366e-01 6.696517576787264225e-01
7.278037609889576043e-01 7.544252476991225587e-01 6.516555971501027944e-01 6.695680168052947634e-01
7.272409711036503799e-01 7.545406806174111969e-01 6.509841806545102472e-01 6.693839545996205231e-01
7.261347978808048165e-01 7.532334411561014686e-01 6.504769955319404939e-01 6.692715078336688439e-01
7.250480312057288046e-01 7.525411460122473084e-01 6.501920057964013511e-01 6.692235202601310995e-01
7.242329561994216292e-01 7.521663001355654021e-01 6.495688926458156320e-01 6.690476445862392207e-01
7.234178811931144537e-01 7.517842400212252363e-01 6.492549209032725255e-01 6.694323827874283372e-01
7.226222127345767188e-01 7.515285073909394598e-01 6.489844221712353090e-01 6.694230204139000051e-01
7.211861281996545525e-01 7.503374971105485347e-01 6.487670571187054147e-01 6.696370667661385445e-01
7.202934270022705032e-01 7.500039028802290009e-01 6.484337640381596657e-01 6.698459926257712693e-01
7.187991228240407926e-01 7.491260198920967062e-01 6.481729259751236594e-01 6.699959578329475196e-01
7.172660055502726451e-01 7.483388256605487676e-01 6.477285352010626607e-01 6.696928835965192395e-01
7.169749073337343681e-01 7.483488077277464789e-01 6.475353218210360140e-01 6.697272980046891089e-01
7.156746686331967311e-01 7.476865450215515185e-01 6.471537253954836588e-01 6.697494889730789547e-01
7.147237477925051374e-01 7.473275972227293451e-01 6.467624683009298714e-01 6.699947126167470346e-01
7.139086727861980730e-01 7.471482825140861594e-01 6.464050235478806528e-01 6.697113356796381423e-01
7.132488501620446453e-01 7.467982961889563231e-01 6.461248641468422260e-01 6.700127777469073731e-01
7.125890275378913286e-01 7.467554843327586234e-01 6.459606327738194320e-01 6.701791476489080690e-01
7.116187001494302944e-01 7.464364132900780380e-01 6.457770800627943286e-01 6.703697065509471864e-01
7.113664150284304544e-01 7.466589327079788951e-01 6.460041057843255441e-01 6.708046164406793466e-01
7.109782840730461961e-01 7.463140122633854512e-01 6.459509721048182218e-01 6.709931066859606830e-01
7.102796483533544425e-01 7.463220721257367574e-01 6.461683371573481161e-01 6.715505860745148992e-01
7.101632090667390207e-01 7.465042114090669756e-01 6.461924888298513636e-01 6.718257496050965560e-01
7.097944846591239809e-01 7.465172446802660344e-01 6.461973191643521908e-01 6.722793429712112800e-01
7.091734751305089901e-01 7.462880178184418956e-01 6.462890955198646870e-01 6.726799296470806766e-01
7.086494983407400916e-01 7.465145629799680993e-01 6.463180775268686507e-01 6.730628283215420726e-01
7.082807739331249408e-01 7.464546011774736423e-01 6.466996739524212279e-01 6.733568685541588827e-01
7.079702691688176674e-01 7.465544830275198107e-01 6.469894940224609758e-01 6.738323198239684064e-01
7.074462923790487690e-01 7.468916051203816631e-01 6.473904117860161955e-01 6.743147983965749326e-01
7.071163810669720551e-01 7.466086745611312248e-01 6.474725274725275925e-01 6.746371367468966262e-01
7.069029090415106520e-01 7.466681466735298756e-01 6.479748822605965186e-01 6.751623089786047416e-01
7.067088435638183563e-01 7.465726656236666425e-01 6.482308899891316978e-01 6.756195097393495885e-01
7.062430864173572242e-01 7.465504147141309721e-01 6.485207100591716678e-01 6.759302402644509211e-01
7.060490209396650396e-01 7.463728529976106918e-01 6.489795918367347038e-01 6.763412368272474495e-01
7.060684274874342581e-01 7.467484276562910139e-01 6.494819466248038520e-01 6.768186385648125025e-01
7.058937685575112919e-01 7.466474480768361399e-01 6.500036227508755315e-01 6.774370769140847237e-01
7.057385161753575442e-01 7.468609314902079355e-01 6.503948798454293190e-01 6.779857170067282723e-01
7.060878340352034765e-01 7.475647276489064685e-01 6.510807873445236815e-01 6.787206471151452369e-01
7.059131751052805104e-01 7.475317948739617080e-01 6.517860161816206865e-01 6.794819107968574912e-01
7.058355489142036365e-01 7.474668725499410415e-01 6.524139596667068997e-01 6.801201133275847077e-01
7.060102078441266027e-01 7.477313453680353161e-01 6.530612244897959773e-01 6.808262740913588740e-01
7.064953715383570643e-01 7.483208135001979677e-01 6.538050960028981562e-01 6.817394608526368138e-01
7.069611286848180853e-01 7.489118868267401474e-01 6.543847361429778742e-01 6.824298892946782935e-01
7.073686661879716731e-01 7.494490629555820016e-01 6.550803043110735580e-01 6.831775079005043549e-01
7.076015447612022946e-01 7.496988565750414280e-01 6.558193454896752428e-01 6.838916329182729292e-01
7.080090822643559934e-01 7.502374027969949122e-01 6.565632170027774217e-01 6.846539736142083221e-01
7.083972132197403626e-01 7.506787550745270821e-01 6.575051322304069634e-01 6.856642643519779146e-01
7.089211900095092611e-01 7.511134975452223861e-01 6.582924767540152544e-01 6.863390981750359110e-01
7.089988162005860239e-01 7.512163959214426256e-01 6.592199009781427588e-01 6.873118438574201683e-01
7.095421995381241409e-01 7.518196867730142507e-01 6.603115565752928351e-01 6.883854023704081282e-01
7.105125269265850640e-01 7.528037079312179802e-01 6.612148291269170919e-01 6.893528947162776976e-01
7.109006578819694333e-01 7.531554272217417800e-01 6.622147083685545610e-01 6.901862571710848382e-01
7.117157328882766087e-01 7.540036672912322491e-01 6.633208549692065636e-01 6.912178048251940155e-01
7.125308078945835621e-01 7.552367781899058663e-01 6.643545465523488236e-01 6.921818975844254984e-01
7.130159715888140237e-01 7.556577217800637403e-01 6.654220504769956523e-01 6.930537108796699375e-01
7.139474858817365099e-01 7.565642563550483146e-01 6.668469991546915887e-01 6.945527377357640919e-01
7.148984067224281036e-01 7.575045515259215545e-01 6.680932254558629158e-01 6.955904035779010286e-01
7.157522948242737160e-01 7.583356656723332367e-01 6.695954594855694220e-01 6.967562060717127359e-01
7.171301597158882268e-01 7.596874179733932309e-01 6.710590508392705322e-01 6.981067050547374864e-01
7.180616740088106020e-01 7.604746994782165537e-01 6.723729018234512189e-01 6.992263328462741123e-01
7.189349686584254329e-01 7.615880717437598646e-01 6.738026808356478714e-01 7.001444088631192386e-01
7.200799549768091001e-01 7.627634940961615095e-01 6.751406834923319167e-01 7.013144913059562446e-01
7.212055347474237710e-01 7.638545706973958183e-01 6.766863905325444239e-01 7.025765736347231449e-01
7.225251799957306265e-01 7.648151185128507779e-01 6.783335345972708597e-01 7.040068396969474396e-01
7.235925401230374199e-01 7.656599429905978083e-01 6.800579640140080873e-01 7.054199200611777076e-01
7.247181198936520907e-01 7.665771370739625779e-01 6.815263857022099137e-01 7.068440116382422866e-01
7.262124240718819124e-01 7.677319424547427440e-01 6.829851467214104188e-01 7.081241077734518052e-01
7.274738496768810014e-01 7.690148533327103575e-01 6.843521313850984278e-01 7.090418974493324367e-01
7.285606163519571243e-01 7.701039018637314548e-01 6.856563217002777932e-01 7.102175386412725722e-01
7.294727240971103921e-01 7.711114106831320480e-01 6.871633860644850156e-01 7.115361114259481923e-01
7.306565235110324963e-01 7.720335872071634187e-01 6.883951213621541942e-01 7.125079020060576251e-01
7.321120145937238810e-01 7.731525535293544138e-01 6.899794710783723195e-01 7.138141602821409526e-01
7.332958140076462072e-01 7.741422714548390482e-01 6.911629030310348920e-01 7.147756118031201034e-01
7.347124919947990440e-01 7.755228187863520972e-01 6.925443786982248273e-01 7.159943499538271583e-01
7.356828193832598561e-01 7.764538925950229542e-01 6.940755947349354082e-01 7.171571959580063105e-01
7.373517824914126439e-01 7.775469542309844106e-01 6.956696051201545217e-01 7.184191755908013732e-01
7.388072735741039176e-01 7.788465110011237869e-01 6.971090448013524954e-01 7.194751043565155157e-01
7.403015777523335172e-01 7.799893186867579153e-01 6.986499215070643976e-01 7.206364449400479710e-01
7.416988491917172466e-01 7.809394039658057451e-01 7.001038521917641866e-01 7.218212022143177808e-01
7.428050224145626990e-01 7.817464593062488643e-01 7.018717546190073042e-01 7.230549096969058898e-01
7.440470414717925696e-01 7.830095010485369489e-01 7.034464436662239972e-01 7.236827787153004010e-01
7.453278736245609881e-01 7.838611173167078228e-01 7.051032483999517542e-01 7.250348549923288921e-01
7.469968367327135539e-01 7.850108430591452580e-01 7.067552227991789060e-01 7.259232124187793289e-01
7.481030099555588952e-01 7.855492884750328031e-01 7.084555005434125530e-01 7.269523219797591196e-01
7.497525665159423536e-01 7.867601780535631306e-01 7.101557782876464220e-01 7.281376423792437214e-01
7.517126278406334183e-01 7.880240074940497719e-01 7.121700277744233976e-01 7.296326830954148468e-01
7.533621844010168767e-01 7.890466473889647947e-01 7.139524212051685526e-01 7.311086113732766512e-01
7.552058064390926306e-01 7.903924984905219553e-01 7.158314213259268088e-01 7.325293680317632727e-01
7.566418909740146859e-01 7.914468671919974163e-01 7.177828764641951409e-01 7.340611299794631561e-01
7.584855130120903288e-01 7.927794852358546196e-01 7.193623958459124390e-01 7.352651950637982825e-01
7.597857517126278548e-01 7.937381641035938795e-01 7.212945296461779066e-01 7.368203180103053418e-01
7.617652195850880270e-01 7.952788755308024538e-01 7.233329308054582407e-01 7.383907408758021429e-01
7.640163791263172577e-01 7.965835574404134256e-01 7.257142857142856451e-01 7.402724284515940223e-01
7.665004172407769989e-01 7.981821476540442717e-01 7.281922473131263729e-01 7.421830108703550977e-01
7.681111607056219093e-01 7.992774435955453116e-01 7.306074145634584571e-01 7.441710547655731034e-01
7.696248714316210604e-01 8.001311526322352208e-01 7.331191885038039757e-01 7.460969777603074782e-01
7.717013720429272139e-01 8.014609750477866834e-01 7.358483274966792775e-01 7.482970259773468191e-01
7.738360922975411338e-01 8.028585045904697015e-01 7.381717183914986435e-01 7.501007561533378221e-01
7.759902190999243832e-01 8.042836970332511992e-01 7.404709576138147620e-01 7.519035995906744319e-01
7.783966310233072505e-01 8.059274946533255823e-01 7.432822122932012388e-01 7.541539596074393614e-01
7.811135477109976133e-01 8.079211429213537521e-01 7.463639657046250431e-01 7.565426861972806005e-01
7.826078518892274349e-01 8.086168838108406254e-01 7.491655597150103096e-01 7.589887189609563212e-01
7.842185953540723453e-01 8.101138959871612144e-01 7.522521434609347191e-01 7.614855047820575651e-01
7.866832269207630901e-01 8.118660193524143143e-01 7.553000845308538436e-01 7.638444437218778749e-01
7.891672650352228313e-01 8.136104160924426676e-01 7.587054703538218536e-01 7.665773029732045885e-01
7.909138543344523820e-01 8.150147049306538660e-01 7.616326530612245183e-01 7.688032277881147181e-01
7.926410370859127141e-01 8.163045031786754224e-01 7.643714527231011413e-01 7.711909168475690191e-01
7.950086359137572556e-01 8.181696608678170612e-01 7.671344040574809009e-01 7.733975940377039171e-01
7.970075103339866462e-01 8.196740831851713205e-01 7.699311677333655624e-01 7.757120101408926383e-01
7.983271555822933907e-01 8.205266354135212215e-01 7.724960753532181812e-01 7.780153054814640257e-01
8.001513710725999262e-01 8.219071962565630551e-01 7.751624199975848395e-01 7.799985312964842210e-01
8.020920258495216615e-01 8.235294065239161521e-01 7.775147928994082802e-01 7.819512388298229810e-01
8.040909002697509411e-01 8.252165544255218865e-01 7.795387030551865770e-01 7.836119995396502169e-01
8.061674008810573167e-01 8.266625714902126054e-01 7.815191402004588728e-01 7.853408026047401513e-01
8.077975508936715565e-01 8.281890108713296783e-01 7.835961840357443808e-01 7.870841337438319041e-01
8.093500747152089225e-01 8.293620600970685874e-01 7.855138268325081441e-01 7.887488870870704716e-01
8.111354771099770211e-01 8.307699195128693814e-01 7.870547035382200463e-01 7.901453959335470456e-01
8.123969027149759992e-01 8.317532417992209437e-01 7.887598116169545204e-01 7.915592465396643629e-01
8.143181509441286270e-01 8.332234549041126481e-01 7.909334621422534628e-01 7.935332507512754541e-01
8.165499039375885282e-01 8.348838893865597743e-01 7.930974519985509730e-01 7.957900894882293796e-01
8.179277688292029280e-01 8.359408868520652458e-01 7.945658736867527994e-01 7.972163493202362172e-01
8.192474140775098945e-01 8.369297688291806869e-01 7.964448738075111667e-01 7.989444114034217614e-01
8.207029051602010572e-01 8.376729548059489439e-01 7.982465885762589641e-01 8.010828950246812186e-01
8.221778027906614383e-01 8.386450144747453761e-01 7.994010385219176840e-01 8.022207712736164620e-01
8.234004153001222015e-01 8.394602671619402212e-01 8.006762468300929747e-01 8.032133694608818431e-01
8.243707426885831246e-01 8.402044843033746879e-01 8.018113754377490521e-01 8.042076206728840937e-01
8.256321682935823247e-01 8.408864436765767225e-01 8.028933703658978072e-01 8.051193231722981736e-01
8.267383415164275551e-01 8.413276516146820372e-01 8.037096968965101729e-01 8.057811148111575505e-01
8.283684915290419060e-01 8.423868128971554459e-01 8.045260234271224276e-01 8.064819802876347365e-01
8.297075433251179799e-01 8.433099186827850424e-01 8.052650646057240014e-01 8.071453169855211662e-01
8.301927070193484415e-01 8.433288156932265967e-01 8.058157227387996446e-01 8.075841158328300740e-01
8.309301558345786320e-01 8.434658889934325554e-01 8.063615505373746828e-01 8.083095212987725375e-01
8.317452308408856965e-01 8.435562339164954793e-01 8.071005917159762566e-01 8.084155694117503010e-01
8.321721748918085027e-01 8.436123787805713814e-01 8.075739644970414410e-01 8.086508468148226880e-01
8.330648760891925519e-01 8.441127727844143225e-01 8.082260596546311238e-01 8.090565493371568717e-01
8.341128296687303489e-01 8.447068120371508115e-01 8.089023064847242761e-01 8.094566078522961172e-01
8.352772225348832347e-01 8.454424488355646305e-01 8.097862576983455574e-01 8.102446512105103693e-01
8.361311106367288470e-01 8.458001533789643034e-01 8.104093708489312764e-01 8.107379698589007866e-01
8.369849987385743484e-01 8.460234511558143433e-01 8.111580726965342825e-01 8.112792123302430269e-01
8.379553261270352715e-01 8.463571188085359243e-01 8.118584711991305713e-01 8.121180820154546565e-01
8.387704011333424470e-01 8.466180893160349941e-01 8.130660548242966135e-01 8.129890943083561972e-01
8.394884434008034191e-01 8.465985436643127526e-01 8.138147566718996195e-01 8.136261628797758494e-01
8.400512332861107545e-01 8.467611043145595318e-01 8.144282091534840173e-01 8.142105865170012891e-01
8.404587707892643422e-01 8.469176385963470555e-01 8.151092863180775527e-01 8.147437676103054249e-01
8.408274951968793820e-01 8.469270266724957530e-01 8.155295254196354149e-01 8.151242302685082208e-01
