6.229669360551692847e-01 6.480595814964532630e-01 6.291456779810534750e-01 6.402104271212606390e-01
6.924633867773135609e-01 7.055377414228753974e-01 7.394204422296555279e-01 7.473092027949808092e-01
6.567682054099380773e-01 6.999263075901477338e-01 6.923475762343866968e-01 7.038576369288525036e-01
6.787144530064046499e-01 7.176276721068286513e-01 7.166338409024625156e-01 7.253534883676809875e-01
7.211322991513540170e-01 7.432735245094630461e-01 7.594669623985972340e-01 7.645184860396112558e-01
7.518396969740779312e-01 7.537238174032951932e-01 7.873538593376996353e-01 7.850142135450195457e-01
7.585768190952593137e-01 7.496323293338904570e-01 7.954840870056782975e-01 7.847172447100223547e-01
7.608899940724891398e-01 7.471807608629706943e-01 7.980153314922099339e-01 7.827113303579681380e-01
7.658199482427099358e-01 7.518256671848204675e-01 8.008202240313399001e-01 7.830974124277045867e-01
7.752895083057439463e-01 7.584016212249142797e-01 8.028077730449466598e-01 7.827226489874223869e-01
7.913227023666672411e-01 7.717183746579991954e-01 8.041940164692920057e-01 7.853578379521851671e-01
8.049126053578915529e-01 7.851548080047414668e-01 8.054794421900486334e-01 7.908116063720802558e-01
8.150905752577021213e-01 7.970559593097721329e-01 8.081871176578606653e-01 7.963148022605590626e-01
8.251528864086512538e-01 8.101389327445550625e-01 8.135268553157934956e-01 8.019262908009061608e-01
8.332200841417398696e-01 8.212492170213394616e-01 8.204220661148098337e-01 8.078981299214895717e-01
8.393644551750061300e-01 8.297465517618834996e-01 8.263487068329198326e-01 8.134464312255310636e-01
8.435859995084503682e-01 8.358117507075442099e-01 8.319188849561982568e-01 8.184367511949259821e-01
8.492243635154477222e-01 8.434072416688109808e-01 8.371938112332525384e-01 8.253847879816650357e-01
8.542844337781375641e-01 8.499958405914211923e-01 8.425263476266432461e-01 8.323584290855847723e-01
8.584770634243663601e-01 8.553263641023027830e-01 8.466562728415109040e-01 8.382203836542838626e-01
8.621058566698953651e-01 8.598634729090963713e-01 8.498896406208930054e-01 8.419827668089262529e-01
8.651418988275093591e-01 8.635400716202784599e-01 8.522912623456677661e-01 8.452270325516046956e-01
8.680044528618311439e-01 8.663236183826907855e-01 8.533822539237889693e-01 8.471759388553824488e-01
8.697682487819689001e-01 8.679744464743797128e-01 8.544768461341814003e-01 8.485642656241025872e-01
8.723561132877444280e-01 8.701023702991902420e-01 8.556578535190779711e-01 8.499409970573466033e-01
8.750740938859894458e-01 8.722666564016031687e-01 8.577822265589837292e-01 8.520144343560456246e-01
8.778209891714496838e-01 8.750713263030583944e-01 8.595789420622261812e-01 8.538460373582207330e-01
8.808136592982406254e-01 8.779146846359571210e-01 8.616205005598984723e-01 8.560344429445944092e-01
8.838063294250314561e-01 8.808440159342288966e-01 8.629455332356360531e-01 8.574364381765773313e-01
8.861773337766918335e-01 8.836947571983737593e-01 8.639213045810845149e-01 8.588713903415279294e-01
8.875652387630297291e-01 8.856522155056469892e-01 8.643461791890656443e-01 8.598597717299292231e-01
8.883893073486677228e-01 8.872350254506083944e-01 8.647854563261307970e-01 8.603659005120360970e-01
8.882736485998063980e-01 8.882671150592330589e-01 8.649762898364953267e-01 8.606441427300468572e-01
8.883459353178446705e-01 8.895748884879770557e-01 8.658620453751679769e-01 8.615070819719363726e-01
8.883603926614523916e-01 8.907664662376755249e-01 8.665641686680182199e-01 8.618821236284923692e-01
8.880712457892987466e-01 8.908408090907922183e-01 8.670142477018963900e-01 8.619971252856805100e-01
8.884760514103138274e-01 8.911026831109206681e-01 8.675039336907560683e-01 8.621353756554133163e-01
8.888953143749367403e-01 8.914517668160644170e-01 8.675255374843822143e-01 8.620507875447727120e-01
8.889242290621521825e-01 8.911297232142656455e-01 8.673887134580833269e-01 8.616396805548229842e-01
8.892712053087366009e-01 8.917748537283922694e-01 8.673527071353730467e-01 8.618476150786195111e-01
8.899073284274746642e-01 8.927649695461239432e-01 8.674067166194383560e-01 8.623578734222888675e-01
8.911072879469126296e-01 8.942401129797304948e-01 8.673707102967281868e-01 8.630121114145393735e-01
8.924518209024273618e-01 8.958974275816017352e-01 8.672302856381578495e-01 8.634462973408643105e-01
8.939553846376266932e-01 8.979058413991303222e-01 8.669242318951206894e-01 8.635734900949860737e-01
8.946637944744033621e-01 8.991960243028357391e-01 8.668378167206161056e-01 8.638718697582394856e-01
8.947216238488340245e-01 8.996898363293379663e-01 8.666433825779806810e-01 8.644596632340368902e-01
8.944758490075034318e-01 8.998246838693628735e-01 8.665281623453077176e-01 8.647405765683651158e-01
8.939120126068035299e-01 8.994080730141362778e-01 8.663301275704013982e-01 8.649037677677113845e-01
8.930734866775578151e-01 8.985906199023622198e-01 8.662941212476911179e-01 8.654158990303182364e-01
8.919891859069815077e-01 8.974614867731091072e-01 8.659772656078407183e-01 8.653372479636738390e-01
8.912952334138124488e-01 8.968151944996833880e-01 8.654803783544390283e-01 8.650364748612457966e-01
8.908615131055820369e-01 8.962242717943040837e-01 8.648466670747382290e-01 8.649405232869060711e-01
8.906012809206436120e-01 8.956376609756229179e-01 8.640869336655516708e-01 8.644433869574303930e-01
8.900519018635516533e-01 8.948301839891067422e-01 8.637772792902433938e-01 8.643126268979451909e-01
8.898928710838669431e-01 8.943228665821023604e-01 8.635540400894398116e-01 8.643341645991036160e-01
8.897482976477901762e-01 8.942277596636183379e-01 8.635216343990004262e-01 8.645725937711290499e-01
8.899507004582979386e-01 8.942900793338740550e-01 8.635756438830659576e-01 8.649270435293580084e-01
8.892133759343057164e-01 8.934594803676858543e-01 8.637340717029909909e-01 8.653166252142828752e-01
8.887218262516445311e-01 8.928132011973120008e-01 8.638096849806825572e-01 8.657626360993608827e-01
8.885627954719599320e-01 8.926613481685713447e-01 8.635288356635425489e-01 8.655251277394675480e-01
8.880567884456909145e-01 8.918961521723510755e-01 8.630499515714959990e-01 8.653373079456410100e-01
8.877098121991064961e-01 8.914743690838826673e-01 8.625926712730755952e-01 8.650306382309593811e-01
8.874062079833451300e-01 8.912280805398753447e-01 8.618041328057206574e-01 8.644231922957814618e-01
8.870736890803684327e-01 8.907525101207556251e-01 8.611272139387676772e-01 8.640417385951998375e-01
8.868423715826452280e-01 8.907137213349813898e-01 8.607671507116649856e-01 8.638642073649686060e-01
8.868279142390377290e-01 8.909603713408453807e-01 8.604971032913378837e-01 8.638561195951386384e-01
8.868568289262530602e-01 8.914060612998246924e-01 8.603926849554782708e-01 8.639980681338700341e-01
8.867556275209993455e-01 8.914141448790774414e-01 8.603566786327678795e-01 8.640426395114818581e-01
8.869146583006838336e-01 8.918467381365933200e-01 8.602198546064689921e-01 8.640163855669110715e-01
8.867700848646069556e-01 8.917449240227757201e-01 8.600758293156277601e-01 8.640393886371980914e-01
8.862496204947304390e-01 8.913021725971498332e-01 8.596617566044597591e-01 8.638196633775639954e-01
8.864375659616302583e-01 8.914492429245077787e-01 8.593052940096279624e-01 8.636611987687224934e-01
8.865243100232762519e-01 8.918090182233601171e-01 8.589380295179833702e-01 8.634115808222168065e-01
8.867122554901760711e-01 8.923784686696751844e-01 8.586391770394881107e-01 8.633504725148756220e-01
8.868712862698606703e-01 8.928198285669990408e-01 8.582575100187593842e-01 8.630862649475509185e-01
8.867989995518223978e-01 8.929454973077828317e-01 8.579190505852827275e-01 8.628625069421254068e-01
8.864809379924534216e-01 8.929995811891938695e-01 8.575445848290960127e-01 8.626549343902057965e-01
8.861195044022612821e-01 8.929683112844388759e-01 8.570512982079654396e-01 8.621430501251021727e-01
8.858737295609304674e-01 8.930818149957122642e-01 8.566264235999840881e-01 8.619048149340622356e-01
8.858737295609304674e-01 8.933022600295307258e-01 8.562519578437973733e-01 8.615770522060992587e-01
8.855990400323844325e-01 8.935494206841458897e-01 8.559315015716759678e-01 8.613510682356229076e-01
8.855267533143459380e-01 8.937810014054486940e-01 8.556002434027415449e-01 8.611280579197717611e-01
8.855845826887768224e-01 8.940692659273054010e-01 8.552869883951621510e-01 8.611029702619510395e-01
8.853966372218768921e-01 8.942977719328597530e-01 8.550853529879847148e-01 8.609980825841714314e-01
8.849918316008615893e-01 8.942075554630809497e-01 8.549737333875828682e-01 8.610317699220094712e-01
8.849340022264309269e-01 8.943638460971146120e-01 8.547324910254239239e-01 8.609552325524463257e-01
8.845147392618080140e-01 8.941885487954625011e-01 8.545056511923493359e-01 8.608590665963803401e-01
8.842545070768695892e-01 8.941739822952318173e-01 8.541347860684336268e-01 8.607345234606196271e-01
8.839798175483238873e-01 8.939660186617504056e-01 8.538035278994990929e-01 8.606835895096272004e-01
8.836039266145239157e-01 8.937837852841866715e-01 8.536054931245926625e-01 8.607831373978067635e-01
8.831702063062932817e-01 8.934487855871245943e-01 8.532706343233871227e-01 8.606555676067128013e-01
8.831412916190778395e-01 8.934591739739720095e-01 8.530762001807518091e-01 8.607609980112580494e-01
8.831268342754703404e-01 8.934622689094454673e-01 8.528457597154059933e-01 8.608837723037235934e-01
8.825774552183781596e-01 8.930860635866875175e-01 8.525000990173874360e-01 8.606728239633217870e-01
8.819702467868553164e-01 8.926563917261671754e-01 8.522912623456678771e-01 8.606680858923181354e-01
8.815798985094478457e-01 8.923707689187359016e-01 8.518663877376866367e-01 8.605539686388486986e-01
8.813630383553325842e-01 8.924171753599364765e-01 8.515855384205466283e-01 8.604915098452426969e-01
8.809726900779251135e-01 8.922402780047951065e-01 8.513875036456401979e-01 8.603881238651980290e-01
8.804666830516559850e-01 8.919294400665238598e-01 8.511390600189393529e-01 8.603216598426369766e-01
8.801197068050716776e-01 8.917856234946808236e-01 8.508186037468178364e-01 8.601796600570545959e-01
8.798016452457025904e-01 8.916058223235789892e-01 8.505593582233039740e-01 8.599733930275046401e-01
8.794112969682950087e-01 8.913359554078881253e-01 8.504261348292760925e-01 8.598118132759096088e-01
8.793534675938643463e-01 8.915889815192442613e-01 8.502857101707059773e-01 8.596613731928387514e-01
8.790354060344953702e-01 8.915329564331769818e-01 8.502461032157246912e-01 8.595885323396443845e-01
8.787173444751261719e-01 8.914191583739577984e-01 8.499688545308556886e-01 8.594640836478063539e-01
8.783414535413263113e-01 8.912914662339052052e-01 8.499184456790612741e-01 8.595621314504974242e-01
8.780523066691727774e-01 8.912032203078411596e-01 8.498572349304538420e-01 8.595040801352150650e-01
8.777342451098034681e-01 8.908889468457390493e-01 8.497384140655098728e-01 8.594188409726664091e-01
8.775318422992958167e-01 8.909003843509319953e-01 8.497168102718837268e-01 8.594983923804039305e-01
8.772571527707500039e-01 8.907545789184195817e-01 8.495259767615191970e-01 8.594062931363081193e-01
8.768957191805578644e-01 8.905703900368502346e-01 8.492163223862110311e-01 8.590719132138209257e-01
8.767945177753040387e-01 8.905098313306815117e-01 8.490686964630987932e-01 8.589043994418634753e-01
8.764764562159350625e-01 8.903076513083356680e-01 8.490038850822203553e-01 8.588641605176998706e-01
8.761294799693504221e-01 8.900172083247195332e-01 8.489786806563232036e-01 8.589108012951031101e-01
8.758692477844122193e-01 8.899663359575056276e-01 8.488814635850054913e-01 8.588491574860405153e-01
8.757825037227660037e-01 8.899425829253977405e-01 8.488526585268373337e-01 8.587609348595436343e-01
8.756668449739044569e-01 8.899148367608273880e-01 8.487194351328092301e-01 8.587335408973152395e-01
8.751897526348508816e-01 8.895622127190394579e-01 8.486114161646786114e-01 8.585327480804363365e-01
8.751030085732047770e-01 8.895132481660906754e-01 8.484133813897720700e-01 8.584612811945595556e-01
8.746548309213665329e-01 8.891413464061321825e-01 8.484673908738373793e-01 8.585206615645020189e-01
8.746548309213666439e-01 8.890854302529009878e-01 8.480857238531086528e-01 8.581517774328375481e-01
8.743801413928203869e-01 8.889243080696291877e-01 8.480173118399590981e-01 8.581732030057671601e-01
8.741054518642745741e-01 8.887875817670854994e-01 8.478912897104731172e-01 8.579790015456563168e-01
8.740331651462360796e-01 8.887049337662867865e-01 8.477508650519031130e-01 8.578927033702068439e-01
8.738596770229438704e-01 8.885477001444841427e-01 8.477796701100712706e-01 8.578555276394520535e-01
8.739175063973745328e-01 8.885564155464286129e-01 8.475636321738097001e-01 8.577104155965824539e-01
8.734837860891440098e-01 8.882456363860803394e-01 8.474268081475107017e-01 8.576879807398261057e-01
8.733825846838901841e-01 8.881183765694599108e-01 8.472179714757912539e-01 8.575137538497710210e-01
8.731368098425595914e-01 8.879570114728416730e-01 8.472071695789781254e-01 8.574995605807999022e-01
8.730356084373056547e-01 8.879629469755802029e-01 8.472107702112491312e-01 8.574817437749002735e-01
8.729633217192672712e-01 8.878696843027148455e-01 8.470775468172211387e-01 8.573665553522837879e-01
8.728187482831903932e-01 8.877184159775319827e-01 8.470271379654268351e-01 8.573830623705209764e-01
8.728042909395826721e-01 8.877481218825514775e-01 8.469731284813613037e-01 8.573615474199496322e-01
8.727898335959751730e-01 8.877342771123697407e-01 8.468723107777725856e-01 8.573246368418014907e-01
8.726452601598982950e-01 8.875937641083807561e-01 8.467030810610343128e-01 8.572020288921301523e-01
8.725874307854676326e-01 8.875037713656332983e-01 8.466454709446978866e-01 8.571054688442625302e-01
8.725151440674290271e-01 8.875105320625475969e-01 8.465446532411091685e-01 8.569284957709950579e-01
8.722982839133138766e-01 8.872798292538145448e-01 8.463898260534550300e-01 8.568836908983039624e-01
8.719802223539446784e-01 8.871271285718981270e-01 8.464546374343334678e-01 8.568491605608771211e-01
8.719802223539446784e-01 8.873091020185107647e-01 8.463178134080344694e-01 8.566473184591379963e-01
8.718934782922985738e-01 8.872441836381244062e-01 8.461773887494644653e-01 8.565464564859675001e-01
8.717633621998295279e-01 8.871697091069409291e-01 8.460009577681841808e-01 8.564076983951693922e-01
8.716910754817910334e-01 8.871580610178476656e-01 8.458677343741560772e-01 8.562506136383247757e-01
8.715031300148909921e-01 8.870309678140672061e-01 8.456877027606047870e-01 8.560704660008724431e-01
8.714308432968524976e-01 8.870672313050487201e-01 8.456156901151842264e-01 8.560497451853879003e-01
8.711706111119142948e-01 8.868795957852261269e-01 8.453924509143804222e-01 8.558639303281986299e-01
8.711706111119142948e-01 8.868159316199062392e-01 8.452664287848945524e-01 8.556971501758570131e-01
8.709826656450143645e-01 8.867070169681545710e-01 8.451260041263245482e-01 8.556464706910951179e-01
8.705344879931762314e-01 8.863860088096675582e-01 8.449855794677545440e-01 8.555800770786621268e-01
8.701296823721608176e-01 8.862723874138087599e-01 8.447839440605771077e-01 8.554762361434180562e-01
8.698116208127919524e-01 8.860798600789131507e-01 8.446579219310910158e-01 8.554314493874710656e-01
8.694646445662074230e-01 8.858921095497341858e-01 8.444886922143528540e-01 8.552911347101149753e-01
8.690887536324074514e-01 8.856602564824993529e-01 8.442222454262968689e-01 8.549813768949567905e-01
8.689730948835460156e-01 8.856974643146079407e-01 8.440386131804744618e-01 8.547997481375479989e-01
8.687706920730384752e-01 8.855889537839578551e-01 8.438189746119418855e-01 8.546004182105606528e-01
8.682646850467694577e-01 8.852960375682377148e-01 8.435993360434093091e-01 8.543730324401437315e-01
8.676574766152467255e-01 8.849202622735170554e-01 8.434517101202971823e-01 8.543328483070153911e-01
8.673827870867008016e-01 8.847530578805066215e-01 8.433796974748766218e-01 8.542961949791122445e-01
8.673105003686623071e-01 8.847789804000384395e-01 8.432932823003718159e-01 8.542241760076010326e-01
8.670213534965087732e-01 8.846332228248151575e-01 8.431960652290543257e-01 8.541166207935446675e-01
8.666020905318856382e-01 8.843269376065076015e-01 8.430664424672973389e-01 8.540341698858380237e-01
8.660816261620091216e-01 8.840454523225587113e-01 8.427963950469703480e-01 8.537720307911610407e-01
8.657780219462475335e-01 8.839292769290507668e-01 8.426775741820263788e-01 8.535499613943251518e-01
8.653876736688401738e-01 8.836861467075152188e-01 8.425119450975592228e-01 8.533897506622166729e-01
8.649250386733940976e-01 8.832656823959987857e-01 8.424543349812227966e-01 8.533358572508735751e-01
8.645636050832020691e-01 8.830826809159664226e-01 8.422815046322134069e-01 8.532285450440049157e-01
8.641443421185791562e-01 8.828068605580752237e-01 8.421410799736435138e-01 8.530392520220329011e-01
8.634070175945871561e-01 8.821947829292728915e-01 8.418962369792134526e-01 8.528736464703636777e-01
8.630600413480027377e-01 8.819417876616935104e-01 8.417234066302042850e-01 8.526823385316312232e-01
8.626263210397721037e-01 8.816539324129288868e-01 8.414893655325874633e-01 8.524190669688337385e-01
8.621203140135031973e-01 8.813465772682446131e-01 8.413237364481203073e-01 8.522847244885870532e-01
8.617588804233109467e-01 8.810990807045945283e-01 8.410932959827746025e-01 8.520977811764609555e-01
8.611516719917883256e-01 8.805863517748864222e-01 8.409564719564754931e-01 8.519677802448719639e-01
8.607613237143807439e-01 8.803844654296582029e-01 8.408412517238026407e-01 8.518559812445201107e-01
8.600384565339964649e-01 8.799190363369370216e-01 8.407512359170269400e-01 8.518131469466913019e-01
8.595613641949427786e-01 8.794755655253667648e-01 8.406072106261859300e-01 8.516108226595534569e-01
8.591131865431046455e-01 8.791099887289698378e-01 8.405207954516813462e-01 8.515263575833762477e-01
8.585348927987972445e-01 8.786962645616551715e-01 8.403155594122327932e-01 8.512636989671098497e-01
8.581011724905667215e-01 8.782993060888529824e-01 8.402147417086439640e-01 8.511627805648547263e-01
8.578264829620205756e-01 8.780701706830003062e-01 8.401499303277655262e-01 8.510598687265853446e-01
8.574939640590437673e-01 8.778501358050172509e-01 8.401031221082422284e-01 8.510011445574074962e-01
8.570168717199901920e-01 8.774004818853824439e-01 8.400599145209899365e-01 8.509770661409354897e-01
8.566988101606211048e-01 8.770415028061629981e-01 8.399915025078403819e-01 8.508816031810156888e-01
8.562795471959981919e-01 8.766407088078607135e-01 8.400059050369245162e-01 8.509064256395600934e-01
8.561205164163137038e-01 8.766032806748880191e-01 8.399014867010646812e-01 8.507943055102664687e-01
8.560337723546675992e-01 8.765871232923472256e-01 8.398834835397095411e-01 8.506529791168506716e-01
8.558024548569446166e-01 8.763259437758974535e-01 8.398510778492704887e-01 8.506435218685877153e-01
8.553831918923217037e-01 8.761159164390909249e-01 8.397502601456814375e-01 8.504714174282360650e-01
8.551229597073832789e-01 8.759549362799342598e-01 8.398258734233731149e-01 8.505544177610836476e-01
8.548482701788373550e-01 8.756815792210704830e-01 8.397718639393076945e-01 8.504412052657956966e-01
8.546024953375066513e-01 8.755109543178539733e-01 8.397934677329339515e-01 8.504274511405307546e-01
8.545157512758605467e-01 8.755852904399274994e-01 8.397034519261581398e-01 8.503143364823639860e-01
8.541687750292761283e-01 8.753469756512564093e-01 8.395054171512517094e-01 8.501095657746297052e-01
8.540242015931993613e-01 8.752312774954346120e-01 8.393937975508498628e-01 8.500508031603730696e-01
8.538940855007299824e-01 8.751427015399327880e-01 8.393397880667845534e-01 8.499934251860362666e-01
8.538651708135147622e-01 8.751695086255646405e-01 8.393037817440742732e-01 8.498901077460767617e-01
8.536916826902224420e-01 8.750686029402847677e-01 8.392713760536352208e-01 8.498146057385066454e-01
8.536049386285763374e-01 8.749505898033874685e-01 8.391237501305229829e-01 8.496534385032700198e-01
8.536627680030071108e-01 8.750358590461905228e-01 8.391201494982518660e-01 8.496267421050220925e-01
8.537205973774377732e-01 8.751273944781075009e-01 8.390625393819154398e-01 8.495373742558951502e-01
8.537061400338301631e-01 8.750662556013177884e-01 8.388429008133828635e-01 8.493452329356867558e-01
8.538796281571223723e-01 8.750954767811672808e-01 8.387312812129809059e-01 8.492738469274101476e-01
8.538362561262993200e-01 8.751319920588987999e-01 8.385764540253267674e-01 8.490625742114421559e-01
8.538362561262993200e-01 8.751474683010933564e-01 8.384432306312989969e-01 8.488992585543960745e-01
8.540242015931992503e-01 8.752097392805706644e-01 8.383136078695418991e-01 8.488509113723382571e-01
8.540242015931991393e-01 8.752329777597304128e-01 8.380903686687382059e-01 8.487106141142890525e-01
8.542988911217452852e-01 8.754667467506220824e-01 8.378311231452242325e-01 8.485442011287246400e-01
8.543856351833913898e-01 8.756220604440031474e-01 8.377195035448224969e-01 8.484265114135944863e-01
8.543711778397837797e-01 8.756256109014505240e-01 8.377303054416355144e-01 8.484108371344556421e-01
8.543422631525683375e-01 8.755911723416980319e-01 8.376222864735046736e-01 8.483012954893524027e-01
8.544145498706067210e-01 8.756948136644564507e-01 8.375646763571683584e-01 8.482109934244930205e-01
8.543422631525683375e-01 8.757313195670393124e-01 8.373414371563646652e-01 8.480139420344086076e-01
8.542410617473146228e-01 8.756707247936817984e-01 8.371974118655235442e-01 8.478675583323241893e-01
8.541254029984530760e-01 8.755509257743591123e-01 8.371326004846451063e-01 8.477927103750060311e-01
8.545012939322529366e-01 8.758218665671119174e-01 8.370569872069534290e-01 8.477309693021457537e-01
8.542121470600992916e-01 8.757567758401094693e-01 8.369741726647198510e-01 8.476078424052516658e-01
8.541109456548454659e-01 8.756648785380849453e-01 8.368625530643181154e-01 8.474939601505047104e-01
8.541109456548454659e-01 8.756349966745154978e-01 8.367149271412059885e-01 8.474476248771467546e-01
8.539663722187684769e-01 8.754184307937409315e-01 8.366321125989724106e-01 8.473000957608194383e-01
8.539085428443378145e-01 8.755078881705464777e-01 8.365709018503649785e-01 8.472580108248775055e-01
8.539519148751607558e-01 8.755615937995884224e-01 8.364124740304397232e-01 8.471586011421100570e-01
8.539663722187683659e-01 8.755796061664221641e-01 8.362900525332249702e-01 8.469827714332289759e-01
8.539519148751608668e-01 8.757256417243091118e-01 8.361460272423837381e-01 8.469608113885223055e-01
8.539808295623760870e-01 8.758326536429381637e-01 8.360128038483557456e-01 8.468533204325020547e-01
8.540386589368069714e-01 8.759836775237709316e-01 8.359227880415801559e-01 8.468491107540230267e-01
8.537928840954762677e-01 8.758537561501760216e-01 8.358327722348044553e-01 8.467757802114328491e-01
8.536772253466147209e-01 8.758022483983696205e-01 8.357787627507391459e-01 8.467400708343880700e-01
8.535326519105379539e-01 8.757657639643845471e-01 8.356311368276269080e-01 8.466615862504853762e-01
8.533013344128149713e-01 8.755946650077288673e-01 8.354943128013279097e-01 8.465615888759531193e-01
8.530266448842689364e-01 8.753401649656982197e-01 8.353574887750289113e-01 8.465184769649526375e-01
8.530121875406612153e-01 8.753205558014186538e-01 8.352134634841877903e-01 8.464136944139599716e-01
8.528820714481920584e-01 8.752601850809056394e-01 8.351270483096830954e-01 8.463578286120283511e-01
8.527519553557230125e-01 8.752210382948981682e-01 8.350550356642626459e-01 8.464094023343382567e-01
8.525495525452153611e-01 8.751459180417145989e-01 8.349074097411505191e-01 8.463205024963759149e-01
8.523616070783153198e-01 8.750714335871854210e-01 8.348894065797953790e-01 8.463587586179872613e-01
8.523182350474923785e-01 8.750558405045576471e-01 8.347273781275992288e-01 8.462750249442845263e-01
8.522314909858462739e-01 8.750600662634566707e-01 8.346517648499075515e-01 8.462931432498137507e-01
8.521013748933772280e-01 8.749936604253771844e-01 8.345941547335711252e-01 8.462737173698304805e-01
8.519134294264771867e-01 8.748686752927362642e-01 8.345257427204217926e-01 8.462523931221122009e-01
8.517833133340080298e-01 8.747972995046310318e-01 8.344321262813750861e-01 8.462507591402654850e-01
8.515519958362849362e-01 8.747642172757977841e-01 8.342412927710106674e-01 8.461666717059019849e-01
8.516098252107158206e-01 8.749494269153138548e-01 8.341224719060666981e-01 8.461897628302704755e-01
8.515809105235003784e-01 8.748604724068519412e-01 8.339496415570574195e-01 8.461708033203880763e-01
8.514941664618543848e-01 8.749056766629975668e-01 8.339064339698051276e-01 8.462100943408690235e-01
8.511761049024852976e-01 8.746887522849422503e-01 8.337336036207957379e-01 8.461385921910939967e-01
8.511327328716621343e-01 8.747057165824607683e-01 8.335679745363285820e-01 8.460772065996013946e-01
8.509592447483699251e-01 8.746393098369338315e-01 8.333447353355249998e-01 8.459488403084119978e-01
8.506411831890008379e-01 8.744173973761446561e-01 8.331142948701791839e-01 8.458987477573214342e-01
8.503954083476701342e-01 8.742618309915992647e-01 8.328838544048334791e-01 8.458258076621951727e-01
8.501351761627319314e-01 8.740639678685551139e-01 8.327182253203662121e-01 8.457815317369843378e-01
8.500339747574779947e-01 8.738733728459161521e-01 8.327218259526373290e-01 8.458449137151738961e-01
8.497881999161472910e-01 8.736680784323814786e-01 8.325922031908803422e-01 8.457764992658198810e-01
8.496002544492475828e-01 8.736012875948802048e-01 8.324085709450579351e-01 8.457079337943116393e-01
8.491954488282322799e-01 8.732942524619635716e-01 8.323257564028242461e-01 8.457146980781563572e-01
8.488629299252555827e-01 8.730842761584257650e-01 8.320449070856842377e-01 8.455364607371189667e-01
8.485304110222788854e-01 8.728330710894913747e-01 8.319044824271141225e-01 8.454699074927872759e-01
8.480677760268329202e-01 8.724154123974119379e-01 8.317244508135628323e-01 8.454179927690788077e-01
8.478942879035407110e-01 8.723623417401683566e-01 8.315228154063853960e-01 8.453499819337471077e-01
8.477497144674637219e-01 8.723500822757135342e-01 8.313139787346657261e-01 8.452365639549599408e-01
8.475039396261330182e-01 8.722790593246300128e-01 8.311195445920304126e-01 8.451439756900895883e-01
8.473015368156255889e-01 8.721545620273905008e-01 8.309143085525818595e-01 8.450884548867700907e-01
8.471425060359408787e-01 8.719766249377225442e-01 8.306802674549651488e-01 8.449780589379463080e-01
8.468244444765720136e-01 8.717807636343612998e-01 8.304822326800587184e-01 8.449198357846130492e-01
8.466075843224565300e-01 8.716516765590880400e-01 8.303742137119277666e-01 8.449459071193302639e-01
8.463907241683412686e-01 8.714983138207590407e-01 8.301833802015634589e-01 8.448508236874063826e-01
8.461883213578338392e-01 8.713492545743106721e-01 8.299313359425914971e-01 8.446685343213875541e-01
8.458991744856800832e-01 8.711117210450829429e-01 8.297693074903953470e-01 8.446428098736100676e-01
8.454943688646650024e-01 8.708746515618148720e-01 8.295532695541337764e-01 8.445054302850522054e-01
8.452775087105496299e-01 8.707388544093472849e-01 8.294272474246477955e-01 8.444410079748017051e-01
8.450172765256113161e-01 8.706013312304936580e-01 8.291499987397787930e-01 8.442953195947352496e-01
8.447136723098498390e-01 8.704141408618557563e-01 8.289447627003301289e-01 8.440940303035647796e-01
8.443377813760499784e-01 8.702069507730028075e-01 8.286639133831901205e-01 8.438629612906531907e-01
8.441642932527577692e-01 8.701099974461486974e-01 8.285702969441435251e-01 8.437928687718987408e-01
8.439618904422502288e-01 8.699774101224315714e-01 8.284262716533024040e-01 8.437343241453816312e-01
8.436872009137041939e-01 8.697614126064708850e-01 8.282246362461247458e-01 8.435553363496073320e-01
8.435426274776274269e-01 8.696669847078042359e-01 8.280518058971155781e-01 8.434625847069037174e-01
8.431233645130045140e-01 8.693904612812469734e-01 8.278717742835642879e-01 8.433754040584008349e-01
8.429787910769274140e-01 8.691585542137759690e-01 8.277241483604520500e-01 8.432919492616448576e-01
8.426896442047737690e-01 8.688716997307356360e-01 8.274793053660223219e-01 8.430688419229511732e-01
8.425450707686971130e-01 8.687425040200014159e-01 8.273820882947046096e-01 8.430433262337343470e-01
8.423282106145817405e-01 8.686197293512616380e-01 8.271804528875270623e-01 8.429344861912324571e-01
8.420968931168587579e-01 8.682592207016499586e-01 8.270400282289569471e-01 8.428826796188662041e-01
8.416920874958435661e-01 8.679542042701640092e-01 8.269032042026579488e-01 8.428094360202279534e-01
8.414752273417281936e-01 8.677502093519948723e-01 8.268023864990692307e-01 8.428461086859413420e-01
8.412872818748284853e-01 8.676516594496322954e-01 8.266295561500598410e-01 8.428398501157341460e-01
8.411860804695746596e-01 8.674595022353140950e-01 8.264675276978636909e-01 8.427092250732819423e-01
8.410125923462823394e-01 8.672732726528739056e-01 8.263090998779385465e-01 8.426141913125975158e-01
8.407523601613440256e-01 8.669577732742506093e-01 8.261938796452656941e-01 8.425557152354095081e-01
8.406511587560901999e-01 8.668215593694714727e-01 8.260138480317142928e-01 8.424844783068251575e-01
8.404198412583672173e-01 8.666385724484315656e-01 8.258770240054152945e-01 8.424440851802884600e-01
8.402029811042519558e-01 8.663541296896302146e-01 8.257365993468452903e-01 8.423749853671366195e-01
8.399861209501366943e-01 8.661138230858820286e-01 8.255925740560042803e-01 8.423036434095457770e-01
8.398993768884903677e-01 8.660191757965061132e-01 8.254233443392660075e-01 8.423281800229890370e-01
8.397837181396290429e-01 8.658068086695600574e-01 8.253261272679481841e-01 8.422801364247924916e-01
8.395090286110831190e-01 8.655925408967320989e-01 8.252001051384623143e-01 8.421564029383155070e-01
8.392054243953217529e-01 8.653274713259943018e-01 8.250992874348734851e-01 8.421301917820491756e-01
8.389018201795601648e-01 8.651730526238549102e-01 8.249912684667426443e-01 8.420486203069650344e-01
8.386705026818372932e-01 8.649335015554037165e-01 8.248544444404436460e-01 8.419397289300174503e-01
8.383090690916450427e-01 8.646384758628185008e-01 8.247284223109577761e-01 8.418274481621426109e-01
8.381789529991759968e-01 8.645339599882382320e-01 8.246096014460140289e-01 8.418350130754098659e-01
