5.657881420867729716e-01 5.478256427702614673e-01 5.655585120747204098e-01 5.828618039427165831e-01
5.827321487949803647e-01 5.599669810642440293e-01 5.931069495803462654e-01 5.951386129977213058e-01
6.096661799360985068e-01 5.828616045086728592e-01 6.076463026907524823e-01 6.054956909719282354e-01
6.334629675143490513e-01 6.040843532229819290e-01 6.257142754267649432e-01 6.266807232991119525e-01
6.508117798435715251e-01 6.320208554831117098e-01 6.606476097202668152e-01 6.582136767361684848e-01
6.633173820642195295e-01 6.455632558855850522e-01 6.844909966190062534e-01 6.778834966851412513e-01
6.689991181020399358e-01 6.497470948159353998e-01 6.943531284093488187e-01 6.884102184581535333e-01
6.728881435325073657e-01 6.575621925326526895e-01 7.031854793701775019e-01 6.972911051644602454e-01
6.766904249013285799e-01 6.673138170618423404e-01 7.082011601237178100e-01 7.039732376743070841e-01
6.776879816102590048e-01 6.765366488391526545e-01 7.066384857180921797e-01 7.065871047728975451e-01
6.761988752186673945e-01 6.828867064875726589e-01 7.055402928754290759e-01 7.095666986869905157e-01
6.747242261706833943e-01 6.828922997869497635e-01 7.078915057484094220e-01 7.172865749213295228e-01
6.714857812025618600e-01 6.781765701936057766e-01 7.084604056472316724e-01 7.219987210370731878e-01
6.675244690540560466e-01 6.736574474588414851e-01 7.050758113124664384e-01 7.193471723724114142e-01
6.650956353279648958e-01 6.703439282973937541e-01 7.002653665983746833e-01 7.141265803853746874e-01
6.625656001966199193e-01 6.704638053756584171e-01 6.961354413835069144e-01 7.080995729868835298e-01
6.602379678757824832e-01 6.720488816920661135e-01 6.897911273219576866e-01 6.994718773486354735e-01
6.571296390001301058e-01 6.731324296489298309e-01 6.853875540544920320e-01 6.933650823573571653e-01
6.538911940320085714e-01 6.721178632431551447e-01 6.823054128304930632e-01 6.895032375449698936e-01
6.509708106232561242e-01 6.695799670571646045e-01 6.804870935336244653e-01 6.874573110367057094e-01
6.493515881391953570e-01 6.690520907319217336e-01 6.793096867809986783e-01 6.855075614488344016e-01
6.487877517384956771e-01 6.718786350539056595e-01 6.784563369327653026e-01 6.846038780737416785e-01
6.488166664257108973e-01 6.731878996448728003e-01 6.783375160678215554e-01 6.840237086401667055e-01
6.499443392271103681e-01 6.763156495170683513e-01 6.780854718088495936e-01 6.831750462330495877e-01
6.514623603059173096e-01 6.765874264843615427e-01 6.778694338725880231e-01 6.835308544098210870e-01
6.531538695080165713e-01 6.804788207488389196e-01 6.776065877168030438e-01 6.828079767876964468e-01
6.535297604418164319e-01 6.822846906339588013e-01 6.770916973020461027e-01 6.829429024962835326e-01
6.546429758996081816e-01 6.839773939421033289e-01 6.770340871857096765e-01 6.836919897008366664e-01
6.558429354190460359e-01 6.865016095916844918e-01 6.772933327092237610e-01 6.848598282752615951e-01
6.558284780754384258e-01 6.855779371992358762e-01 6.776209902458871781e-01 6.854615436291819908e-01
6.563923144761381057e-01 6.854218539279053335e-01 6.775381757036536001e-01 6.859143478070693911e-01
6.572597550925993737e-01 6.856376156490240348e-01 6.775057700132142147e-01 6.863257431313436463e-01
6.580404516474143151e-01 6.850343638881180031e-01 6.771637099474667743e-01 6.858640306286529764e-01
6.589657216383062455e-01 6.851915204549272609e-01 6.767820429267379367e-01 6.856397167742974696e-01
6.592982405412829428e-01 6.847163309561938860e-01 6.764219796996353562e-01 6.856178555649539152e-01
6.597897902239442391e-01 6.846565397767151451e-01 6.763823727446539591e-01 6.862627765447569805e-01
6.604837427171131869e-01 6.857453174956522624e-01 6.768576562044295031e-01 6.866458586660241226e-01
6.607728895892668319e-01 6.866928046155275078e-01 6.777362104785600305e-01 6.875628845222879759e-01
6.610186644305975356e-01 6.873233900964843546e-01 6.786939786626531301e-01 6.890536013057380060e-01
6.615825008312973265e-01 6.872928099932391621e-01 6.797237594921667903e-01 6.900928989388209756e-01
6.619873064523124073e-01 6.876399947601727902e-01 6.806347194567365921e-01 6.912856720087893203e-01
6.627101736326966863e-01 6.881684511463431742e-01 6.810307890065495640e-01 6.918074585903772888e-01
6.628981190995966166e-01 6.882575308967771033e-01 6.813728490722971154e-01 6.928854326262960939e-01
6.626957162890889652e-01 6.874754491985848315e-01 6.813152389559606892e-01 6.929300126753393796e-01
6.624788561349737037e-01 6.861977267772416678e-01 6.813584465432129811e-01 6.930459292821102846e-01
6.621463372319968954e-01 6.858420397460582851e-01 6.811748142973905740e-01 6.934024656455122226e-01
6.617126169237663724e-01 6.853002781453275682e-01 6.812216225169139827e-01 6.933716243887370068e-01
6.611054084922436402e-01 6.840966529730112544e-01 6.812360250459982280e-01 6.937462651348274001e-01
6.605271147479362392e-01 6.832463924620246765e-01 6.813332421173157183e-01 6.939703760441575664e-01
6.600933944397057163e-01 6.818422965301877969e-01 6.813980534981942672e-01 6.941569467109169889e-01
6.600066503780595006e-01 6.816566084315882623e-01 6.811964180910167199e-01 6.941574265489521833e-01
6.605415720915437383e-01 6.809748102024766325e-01 6.810631946969887274e-01 6.945656569606373232e-01
6.608885483381283787e-01 6.807466188122385242e-01 6.808759618188953144e-01 6.954569730491085844e-01
6.610475791178128668e-01 6.803157379262984028e-01 6.809587763611290034e-01 6.959801045593762003e-01
6.611921525538896338e-01 6.786828813913983183e-01 6.812252231491849885e-01 6.968970233498996691e-01
6.608596336509129365e-01 6.781374023167738851e-01 6.814412610854465591e-01 6.973820477584224964e-01
6.607439749020515007e-01 6.779996192755658457e-01 6.817329122993996959e-01 6.976442232264271626e-01
6.606427734967975640e-01 6.776896198604857036e-01 6.821649881719229480e-01 6.979761902987970945e-01
6.609752923997744833e-01 6.773688188081073980e-01 6.824314349599789331e-01 6.986292336759437616e-01
6.613945553643973962e-01 6.778359992434804804e-01 6.824242336954368104e-01 6.992207000073116241e-01
6.616692448929433201e-01 6.780775472629880785e-01 6.824386362245210558e-01 7.000367769959305875e-01
6.621607945756047275e-01 6.778273132084189356e-01 6.820245635133530548e-01 6.998967079900664245e-01
6.627101736326967973e-01 6.783662831902469437e-01 6.819453496033904827e-01 7.002145523858736009e-01
6.631149792537119891e-01 6.786993290893570396e-01 6.818193274739043908e-01 7.004884105284885365e-01
6.637221876852348323e-01 6.793989601951674340e-01 6.817077078735025442e-01 7.005171243188355046e-01
6.643438534603651746e-01 6.800137964206717234e-01 6.818193274739043908e-01 7.007896367169370588e-01
6.649076898610649655e-01 6.796938112145276545e-01 6.815780851117456685e-01 7.009028209341153781e-01
6.654426115745493142e-01 6.804970696027731192e-01 6.817689186221099762e-01 7.014387219092703685e-01
6.660353626624643253e-01 6.823898168171871337e-01 6.818481325320726594e-01 7.017558706433607574e-01
6.670329193713947502e-01 6.833682759759888148e-01 6.817869217834651163e-01 7.019405994631702228e-01
6.681461348291864999e-01 6.845636428917726279e-01 6.819237458097642257e-01 7.022515590358895388e-01
6.692015209125474762e-01 6.858808951703165846e-01 6.818445318998015425e-01 7.023779835738503952e-01
6.700545041854010231e-01 6.865575056054196157e-01 6.816032895376428202e-01 7.021674790458554138e-01
6.707195419913545287e-01 6.870991485828056300e-01 6.815348775244932655e-01 7.019964537926504100e-01
6.717315560438925637e-01 6.884048614052380444e-01 6.815312768922223707e-01 7.019234848293708362e-01
6.724977952550997840e-01 6.887993637317935125e-01 6.815204749954091312e-01 7.021417741005466784e-01
6.735387239948532612e-01 6.898001258968141647e-01 6.814844686726988510e-01 7.021564277980015811e-01
6.743338778932759237e-01 6.904635374589116470e-01 6.814628648790727050e-01 7.021454341546951028e-01
6.751001171044832549e-01 6.908855854107117667e-01 6.812072199878298484e-01 7.019290064118394179e-01
6.759675577209443009e-01 6.920722400838512645e-01 6.809479744643158750e-01 7.015234024593250961e-01
6.763868206855672138e-01 6.931237913295464903e-01 6.807715434830355905e-01 7.013337965809749441e-01
6.770518584915208304e-01 6.937495879590527270e-01 6.805771093404001659e-01 7.011391536182769446e-01
6.778470123899433819e-01 6.946840149937087983e-01 6.806707257794468724e-01 7.013578347142608305e-01
6.788011970680506435e-01 6.954473236866287600e-01 6.805122979595217281e-01 7.009549180186670503e-01
6.795096069048274234e-01 6.962620060590991589e-01 6.804978954304377048e-01 7.011820380889173254e-01
6.803192181468576960e-01 6.973217657275352366e-01 6.802890587587180349e-01 7.008061168108681294e-01
6.806517370498342823e-01 6.976501922606661577e-01 6.802278480101104918e-01 7.008742798294547161e-01
6.809842559528112016e-01 6.981830329699876270e-01 6.800550176611013242e-01 7.007015477983713492e-01
6.816926657895878705e-01 6.985535841845100791e-01 6.798677847830079113e-01 7.007024206310878967e-01
6.819962700053492366e-01 6.983249908895730051e-01 6.795833348335967861e-01 7.004092139401628669e-01
6.825456490624414174e-01 6.985062071140855089e-01 6.792232716064940945e-01 7.002948398896581272e-01
6.830082840578872716e-01 6.986024469128446768e-01 6.789640260829801210e-01 6.999330504007263976e-01
6.833263456172563588e-01 6.990116876299860005e-01 6.787695919403446965e-01 6.999517077753818484e-01
6.836877792074483873e-01 6.990137778433526128e-01 6.785679565331672602e-01 6.999848042388500113e-01
6.838468099871329864e-01 6.993578867736324201e-01 6.783375160678215554e-01 7.000901461316977326e-01
6.842371582645403461e-01 6.999605630430695280e-01 6.780566667506814360e-01 6.999171149387384272e-01
6.847576226344171957e-01 7.003865097785257898e-01 6.778874370339431632e-01 6.998266153843992754e-01
6.851913429426477187e-01 7.004220833426426651e-01 6.777506130076440538e-01 6.998855262718219894e-01
6.854660324711936426e-01 7.002278346975355783e-01 6.775741820263637694e-01 6.996038945307712087e-01
6.857985513741704509e-01 7.009775447438704177e-01 6.774229554709805257e-01 6.994942461051919524e-01
6.862033569951857537e-01 7.014812717933093245e-01 6.773005339737657726e-01 6.995660145138322683e-01
6.869262241755700327e-01 7.016428303466216709e-01 6.772537257542424749e-01 6.996745893018062601e-01
6.873599444838005557e-01 7.020348243064890026e-01 6.769512726434762095e-01 6.994808092093580676e-01
6.874033165146236080e-01 7.019148836248454426e-01 6.769152663207660403e-01 6.994672860817766624e-01
6.874322312018390502e-01 7.016023010847755037e-01 6.767028290167752536e-01 6.992259744323046089e-01
6.874466885454466603e-01 7.014809171682946376e-01 6.764867910805136830e-01 6.991357616223424776e-01
6.878370368228542420e-01 7.016979754823104987e-01 6.763643695832989300e-01 6.990628298605837676e-01
6.878081221356389108e-01 7.011871927722375109e-01 6.763679702155698248e-01 6.989908037341974190e-01
6.882129277566538805e-01 7.015210263516068467e-01 6.761447310147661316e-01 6.987511179575591758e-01
6.882562997874770439e-01 7.017485411411330531e-01 6.759755012980279698e-01 6.986814406711734371e-01
6.882996718183000961e-01 7.016554462427566641e-01 6.759322937107756779e-01 6.986507641061850959e-01
6.882996718183000961e-01 7.017630071191416352e-01 6.759142905494204268e-01 6.987507169008611019e-01
6.883285865055155384e-01 7.015660075934745388e-01 6.757702652585795278e-01 6.984363685651111542e-01
6.883141291619078173e-01 7.014219600720690284e-01 6.756190387031962841e-01 6.981518620144715470e-01
6.881840130694386604e-01 7.010459963917058390e-01 6.754678121478131514e-01 6.979695322180761163e-01
6.880394396333618934e-01 7.007459542796841134e-01 6.753417900183271705e-01 6.978961620529280374e-01
6.880972690077924447e-01 7.006983318568933417e-01 6.752733780051777268e-01 6.978591060729324447e-01
6.878659515100695732e-01 7.009318437624616482e-01 6.752445729470095692e-01 6.977705088156556101e-01
6.874322312018390502e-01 7.003726722124257176e-01 6.750285350107478877e-01 6.976779297540629532e-01
6.872732004221544511e-01 7.000452052329820818e-01 6.748701071908227433e-01 6.974094040983185305e-01
6.870274255808237474e-01 6.999332279336011320e-01 6.748232989712994456e-01 6.974788060573055004e-01
6.868828521447468693e-01 6.997395316484636973e-01 6.749709248944113504e-01 6.975676287502954320e-01
6.863768451184780739e-01 6.995384669104897091e-01 6.747980945454021828e-01 6.973294606983395649e-01
6.864346744929087363e-01 6.993789417602520597e-01 6.747152800031684938e-01 6.972393135349875815e-01
6.860154115282858234e-01 6.990341787096041593e-01 6.747188806354396107e-01 6.971642540288515155e-01
6.856106059072705206e-01 6.987036507879214042e-01 6.746432673577480443e-01 6.970838936386288820e-01
6.853792884095475380e-01 6.986799739528508635e-01 6.747008774740845816e-01 6.971202290475653207e-01
6.851190562246093352e-01 6.985172533377201898e-01 6.748088964422152003e-01 6.972128757399562726e-01
6.846997932599864223e-01 6.980169201940369383e-01 6.747764907517759259e-01 6.971124389028682256e-01
6.844540184186557186e-01 6.976856779841098533e-01 6.747476856936077683e-01 6.969837314878835066e-01
6.845552198239095443e-01 6.978112989375651054e-01 6.748124970744863171e-01 6.968348604805265634e-01
6.843961890442251672e-01 6.977131989388181132e-01 6.746864749450003362e-01 6.968771175502768145e-01
6.841504142028944635e-01 6.973232265387059314e-01 6.748521040294676032e-01 6.969683209816275316e-01
6.840636701412481369e-01 6.973172018435155328e-01 6.748377015003833579e-01 6.968433995399438974e-01
6.834275470225099625e-01 6.968910943758971355e-01 6.748845097199068777e-01 6.967985297003019829e-01
6.831239428067485964e-01 6.967740161566943202e-01 6.749025128812620178e-01 6.967405841380078790e-01
6.826757651549103523e-01 6.963728958878628861e-01 6.750429375398319110e-01 6.966483137893323407e-01
6.824010756263643174e-01 6.962086945181706898e-01 6.750861451270843139e-01 6.967443548453188251e-01
6.821408434414260036e-01 6.960154808348287814e-01 6.751581577725048744e-01 6.968669589229169459e-01
6.819673553181337944e-01 6.958693061856175976e-01 6.751257520820654889e-01 6.966112027170721088e-01
6.818950686000954109e-01 6.959266408847122332e-01 6.751617584047759912e-01 6.963659649732971690e-01
6.815480923535108815e-01 6.956719593323830164e-01 6.751941640952150436e-01 6.963157709625078517e-01
6.812589454813571255e-01 6.954035264395097560e-01 6.753129849601589019e-01 6.963340461875574539e-01
6.810276279836343649e-01 6.955237450957564294e-01 6.753453906505981763e-01 6.963003615993245132e-01
6.809408839219881493e-01 6.955367507877640021e-01 6.754174032960188478e-01 6.961586434092210673e-01
6.805649929881882887e-01 6.953722247933684653e-01 6.754210039282898537e-01 6.960669183610755928e-01
6.801891020543886501e-01 6.953668970094568635e-01 6.754750134123551630e-01 6.959573651925584636e-01
6.799288698694501143e-01 6.954320084587383155e-01 6.755758311159441032e-01 6.960239132669419071e-01
6.798132111205885675e-01 6.953842897428589298e-01 6.757702652585793057e-01 6.959858626859655173e-01
6.798854978386271730e-01 6.956042863451862290e-01 6.759322937107755669e-01 6.959920881766686884e-01
6.795674362792580858e-01 6.954847879152066259e-01 6.760115076207381390e-01 6.959799371457480177e-01
6.791626306582430050e-01 6.952437631443868504e-01 6.761483316470371374e-01 6.960091428725676543e-01
6.793216614379274931e-01 6.954703333872530591e-01 6.763175613637754102e-01 6.961335584305690105e-01
6.789313131605199114e-01 6.951359902072873354e-01 6.762023411311026688e-01 6.958239594734141331e-01
6.788734837860891380e-01 6.953312784470684349e-01 6.764651872868875371e-01 6.959470618626253380e-01
6.786566236319739875e-01 6.954410830409535338e-01 6.767460366040276565e-01 6.960871331948699225e-01
6.786132516011508242e-01 6.954435718299439850e-01 6.768396530430743629e-01 6.959328014612000679e-01
6.786132516011508242e-01 6.956746277415322144e-01 6.768432536753452577e-01 6.957467498967511155e-01
6.782951900417817370e-01 6.954861716635547531e-01 6.769044644239528008e-01 6.956408554363823216e-01
6.782951900417819591e-01 6.955041439310181151e-01 6.769908795984573846e-01 6.957815518504320007e-01
6.780060431696279810e-01 6.946947438044942524e-01 6.771241029924854882e-01 6.957810572766334190e-01
6.780783298876664755e-01 6.948943180822505505e-01 6.771024991988592312e-01 6.957628696262255774e-01
6.782373606673510746e-01 6.951192532799577162e-01 6.771961156379060487e-01 6.957744268506849128e-01
6.778470123899436039e-01 6.950289378377484395e-01 6.773797478837282338e-01 6.957572529595993371e-01
6.777458109846897782e-01 6.949257794508734154e-01 6.775705813940927635e-01 6.958471801677783564e-01
6.777024389538666149e-01 6.945495372145465973e-01 6.776822009944944991e-01 6.957866592840458164e-01
6.774422067689283011e-01 6.943351636120345116e-01 6.778622326080461225e-01 6.958555996993074366e-01
6.772687186456360919e-01 6.941131292964330957e-01 6.779558490470927179e-01 6.956816880205954901e-01
6.771819745839899873e-01 6.940783766042781799e-01 6.779558490470926069e-01 6.956415823160930767e-01
6.770663158351284405e-01 6.938422665430480363e-01 6.780458648538683075e-01 6.956680326620237054e-01
6.772108892712053185e-01 6.937649182231866440e-01 6.781214781315599849e-01 6.957437078946797637e-01
6.768060836501901267e-01 6.933656109769641418e-01 6.782042926737934518e-01 6.958322027367840334e-01
6.767048822449363010e-01 6.928880120976300683e-01 6.783447173323635671e-01 6.959668692029155057e-01
6.769651144298747258e-01 6.930817809301674792e-01 6.784815413586626764e-01 6.960449274127291641e-01
6.768060836501901267e-01 6.926789007996650982e-01 6.784671388295785421e-01 6.959529316534140975e-01
6.765603088088595340e-01 6.922941055394222776e-01 6.787227837208213987e-01 6.963817844304848181e-01
6.762711619367058891e-01 6.919481007975276654e-01 6.788308026889521285e-01 6.964936485467188021e-01
6.759097283465136385e-01 6.913844510310487301e-01 6.790288374638586699e-01 6.965897590824217112e-01
6.758085269412598128e-01 6.909222924152527145e-01 6.790756456833819676e-01 6.966561402793477464e-01
6.756205814743598825e-01 6.906214486216866177e-01 6.790144349347746466e-01 6.966461115405332416e-01
6.753314346022061265e-01 6.902680757253827348e-01 6.790324380961295647e-01 6.965095460396835136e-01
6.752013185097371917e-01 6.900108501633205327e-01 6.791512589610735340e-01 6.967419113122546026e-01
6.750422877300524815e-01 6.900562030534409530e-01 6.793672968973352155e-01 6.969448622257974346e-01
6.748543422631525512e-01 6.898685577364803700e-01 6.793204886778118068e-01 6.968622263033570352e-01
6.746374821090372897e-01 6.896757086747761223e-01 6.792484760323913573e-01 6.967161019633951735e-01
6.746519394526448998e-01 6.893917763802609455e-01 6.791476583288024171e-01 6.966252922489595267e-01
6.746230247654295686e-01 6.892486257632910451e-01 6.791152526383632537e-01 6.966460282777986457e-01
6.743627925804913659e-01 6.891085931527121122e-01 6.791944665483259369e-01 6.968014540194835682e-01
6.741748471135914356e-01 6.886811197222308945e-01 6.791080513738212421e-01 6.966698430167902467e-01
6.741893044571990457e-01 6.885977394915989702e-01 6.791692621224287851e-01 6.966243275167174342e-01
6.743627925804912548e-01 6.886708809832819966e-01 6.792232716064940945e-01 6.965833221727847357e-01
6.743772499240988649e-01 6.888769253955064897e-01 6.791836646515128084e-01 6.964443345682169717e-01
6.739724443030836731e-01 6.886046265044714065e-01 6.793060861487277835e-01 6.967617748634595820e-01
6.740736457083376099e-01 6.881903022983651974e-01 6.791872652837838142e-01 6.966553174416781902e-01
6.740881030519452199e-01 6.883297920238072853e-01 6.793168880455406899e-01 6.968474526492233201e-01
6.740447310211221676e-01 6.883372442449048334e-01 6.792268722387651003e-01 6.967446903926690638e-01
6.739724443030836731e-01 6.885394988807114203e-01 6.793060861487276725e-01 6.967795180933379351e-01
6.740881030519452199e-01 6.883046852042724595e-01 6.793024855164566667e-01 6.967351949274288581e-01
6.739435296158683419e-01 6.881725797718999393e-01 6.792988848841856608e-01 6.965265552328847587e-01
6.737844988361837428e-01 6.877909682065909136e-01 6.791440576965315223e-01 6.964283822698519311e-01
6.737555841489684116e-01 6.876738766312722184e-01 6.792412747678492346e-01 6.963593236059831826e-01
6.737555841489685227e-01 6.878228985466838807e-01 6.791404570642605165e-01 6.960905962311503270e-01
6.735098093076378190e-01 6.876690801280257448e-01 6.790684444188399560e-01 6.958226018313471428e-01
6.737555841489684116e-01 6.877203331692205435e-01 6.790900482124662130e-01 6.956906110384500908e-01
6.737989561797915750e-01 6.877193864270402246e-01 6.791008501092792304e-01 6.954293402831971393e-01
6.736977547745377493e-01 6.876024340040318705e-01 6.790108343025035298e-01 6.952534012028064314e-01
6.737411268053608016e-01 6.876074655195824059e-01 6.788380039534943622e-01 6.948945731342309751e-01
6.738567855542222373e-01 6.875922360927645416e-01 6.789028153343725780e-01 6.949812266062677102e-01
6.738712428978298474e-01 6.875185120451225984e-01 6.788920134375595605e-01 6.950068596976995972e-01
6.738567855542221263e-01 6.874485488620285523e-01 6.788344033212232453e-01 6.948401143888902620e-01
6.737555841489684116e-01 6.872871757010314830e-01 6.788200007921390000e-01 6.948136282271466513e-01
6.736832974309300281e-01 6.871299905417731502e-01 6.788812115407465431e-01 6.947427528835247168e-01
6.736688400873224181e-01 6.869722109235881780e-01 6.787479881467186615e-01 6.944645009404610825e-01
6.734808946204223767e-01 6.868657552462014149e-01 6.787083811917372644e-01 6.942562425378132618e-01
6.733796932151687731e-01 6.865682843435485516e-01 6.786111641204195521e-01 6.941074542061685948e-01
6.732640344663072263e-01 6.865348130017412398e-01 6.785895603267935172e-01 6.938945482686760258e-01
6.730327169685841326e-01 6.861162354852765599e-01 6.785139470491018399e-01 6.936044051032247415e-01
6.728303141580765923e-01 6.860063691083655435e-01 6.785571546363540207e-01 6.935745688816854493e-01
6.728158568144688711e-01 6.859109819612149161e-01 6.785355508427279858e-01 6.935705433103944717e-01
6.726279113475690519e-01 6.857250093443905126e-01 6.784635381973074253e-01 6.934545027664367201e-01
6.724833379114921739e-01 6.856952868603857221e-01 6.784239312423261392e-01 6.932933435156339863e-01
6.723387644754154069e-01 6.856996185402597366e-01 6.783987268164289874e-01 6.932632806984682095e-01
6.720207029160460976e-01 6.854389669612670488e-01 6.784059280809708881e-01 6.932016768095725645e-01
6.718327574491462784e-01 6.852276388098768045e-01 6.783807236550738473e-01 6.930521919853946944e-01
6.716158972950310169e-01 6.849349451827273505e-01 6.782438996287747379e-01 6.928475049390937501e-01
6.715002385461694701e-01 6.847919980200197765e-01 6.782150945706065803e-01 6.927295674013506099e-01
6.713267504228772609e-01 6.845033314905303312e-01 6.781250787638308797e-01 6.926361536053740053e-01
6.711821769868004939e-01 6.843273533854350443e-01 6.781430819251861308e-01 6.925759849149739633e-01
6.709942315199005636e-01 6.839430856343370335e-01 6.781430819251860198e-01 6.924320806960846397e-01
6.707195419913545287e-01 6.836773531662407866e-01 6.780134591634291441e-01 6.922792337587772016e-01
6.706472552733161452e-01 6.835410767550590405e-01 6.779306446211955661e-01 6.921520215022878286e-01
6.706327979297084241e-01 6.835719174011356536e-01 6.778802357694011516e-01 6.921823399611199967e-01
6.704303951192007727e-01 6.833538070429708844e-01 6.778118237562515969e-01 6.921712350633326682e-01
6.703002790267316158e-01 6.833683059993957976e-01 6.777650155367282991e-01 6.921816815992200000e-01
6.700545041854010231e-01 6.830087260903021651e-01 6.777434117431022642e-01 6.921314727513102616e-01
6.698231866876780405e-01 6.826294685079401514e-01 6.776353927749712014e-01 6.919963648661404676e-01
6.697653573132473781e-01 6.824455231448608439e-01 6.776029870845321490e-01 6.919402783174883886e-01
6.696786132516011625e-01 6.822253972315897030e-01 6.775309744391115885e-01 6.918660555001980850e-01
6.695051251283089533e-01 6.820876104314064214e-01 6.774913674841301914e-01 6.917906815844074853e-01
6.694617530974857900e-01 6.819748280009532149e-01 6.775129712777563373e-01 6.918257664758803438e-01
6.692593502869783606e-01 6.818847739255172735e-01 6.774697636905040454e-01 6.917500238457297002e-01
6.691726062253321450e-01 6.819124229250125291e-01 6.774229554709806367e-01 6.916963837105778445e-01
6.691147768509014826e-01 6.819322491001846842e-01 6.773869491482704674e-01 6.917091018726517770e-01
6.690280327892554890e-01 6.813163407621689593e-01 6.772897320769526441e-01 6.916517934351704699e-01
6.689702034148246046e-01 6.814124149395685004e-01 6.772501251219713581e-01 6.915488556698636824e-01
6.687822579479246743e-01 6.812458173089042113e-01 6.771853137410929202e-01 6.914886671404633089e-01
6.685943124810246330e-01 6.810040624250919272e-01 6.771781124765509086e-01 6.915503034982102282e-01
6.685364831065939706e-01 6.809440644124857833e-01 6.770772947729621905e-01 6.913374668563552206e-01
6.684208243577325348e-01 6.809955224740145141e-01 6.770556909793359335e-01 6.912717135386570178e-01
6.684063670141248137e-01 6.809151097203776093e-01 6.770808954052331963e-01 6.912299414008173937e-01
6.682328788908327155e-01 6.806070358266360643e-01 6.769800777016444782e-01 6.911995965035993006e-01
6.680593907675402843e-01 6.805431440873370708e-01 6.769404707466630811e-01 6.911047796898938111e-01
6.681316774855787788e-01 6.807623679451961785e-01 6.768828606303267659e-01 6.909681073531978024e-01
6.679871040495019008e-01 6.806037179418339411e-01 6.768360524108032461e-01 6.909220372617246309e-01
6.678859026442480751e-01 6.805610318354057275e-01 6.767100302813173762e-01 6.908113664656461150e-01
6.677413292081713081e-01 6.803950677045945694e-01 6.766416182681679325e-01 6.907829666966757154e-01
6.676112131157021512e-01 6.801611759366799070e-01 6.765480018291211151e-01 6.906403528715396867e-01
6.674232676488022209e-01 6.799994209905861897e-01 6.764507847578035138e-01 6.905651309728672027e-01
6.672497795255100117e-01 6.798657744652123469e-01 6.763967752737380934e-01 6.904182195539991795e-01
6.671919501510792383e-01 6.796855979062677022e-01 6.763895740091959707e-01 6.904510120013263030e-01
6.670618340586100814e-01 6.794802965751229884e-01 6.763895740091960818e-01 6.905432810367571062e-01
6.669461753097486456e-01 6.793878464439840892e-01 6.763463664219436788e-01 6.904629397592479956e-01
6.669028032789254823e-01 6.789272179939591645e-01 6.763031588346913869e-01 6.903963889783895080e-01
6.666425710939871685e-01 6.784519816689529303e-01 6.762347468215419433e-01 6.903337079014590927e-01
6.666425710939872795e-01 6.784353934106199802e-01 6.761123253243268572e-01 6.901552418991978577e-01
6.664257109398720180e-01 6.781434200044502703e-01 6.760187088852802617e-01 6.900325340125967877e-01
6.662088507857566455e-01 6.780492153369749309e-01 6.760079069884671332e-01 6.900862395883431422e-01
6.660787346932874886e-01 6.779415460403375171e-01 6.759863031948409873e-01 6.899809316130277592e-01
6.660353626624644363e-01 6.779120977852740593e-01 6.758314760071868488e-01 6.898181554868726417e-01
6.658907892263875583e-01 6.778745095995081238e-01 6.757810671553925452e-01 6.895452799198102944e-01
6.657317584467029592e-01 6.777522382162847192e-01 6.758242747426448371e-01 6.894555271454283485e-01
6.656305570414492445e-01 6.776831973546468824e-01 6.757774665231215394e-01 6.894815167070381667e-01
6.656016423542339133e-01 6.774637870886827118e-01 6.757054538777009789e-01 6.893261347790836657e-01
6.655293556361954188e-01 6.772221696116623724e-01 6.756622462904486870e-01 6.891578875299759765e-01
6.653992395437262619e-01 6.768320733770610831e-01 6.755362241609627061e-01 6.889794986477713046e-01
6.654426115745493142e-01 6.767179792902537905e-01 6.754714127800842682e-01 6.888180359710793788e-01
6.652980381384724362e-01 6.765948876262222189e-01 6.754174032960187368e-01 6.887170264440414247e-01
6.651100926715725059e-01 6.765185669156018600e-01 6.753129849601589019e-01 6.885873932802615283e-01
6.649799765791033490e-01 6.762365453544689764e-01 6.752049659920281721e-01 6.884370362986429459e-01
6.647197443941650352e-01 6.761157781367419517e-01 6.751797615661310203e-01 6.885003298380003578e-01
6.645751709580881572e-01 6.759758595777172197e-01 6.751689596693178919e-01 6.884144460932704046e-01
6.644016828347960590e-01 6.756239022129602034e-01 6.751437552434207401e-01 6.882172597027063077e-01
6.642281947115037388e-01 6.755240206554500304e-01 6.751113495529814656e-01 6.881371079015590198e-01
6.640113345573883663e-01 6.753210209199257408e-01 6.750789438625423022e-01 6.880722024807977011e-01
6.640113345573883663e-01 6.750439423703604724e-01 6.750429375398320220e-01 6.879957537404304269e-01
6.638812184649192094e-01 6.748911290194559154e-01 6.750753432302711854e-01 6.880503862780560365e-01
6.637077303416270002e-01 6.747406487476691472e-01 6.749673242621404556e-01 6.879007569592483495e-01
6.635342422183347910e-01 6.745355216418339461e-01 6.748196983390284398e-01 6.877453068509378209e-01
6.634764128439041286e-01 6.743071525967363478e-01 6.746684717836451961e-01 6.876099741987323766e-01
6.633173820642195295e-01 6.741766124503183466e-01 6.745820566091405013e-01 6.875376307011894506e-01
6.629993205048505533e-01 6.737892636411567659e-01 6.745604528155144664e-01 6.876522873825684501e-01
6.628113750379505120e-01 6.734733328156735643e-01 6.744164275246733453e-01 6.874007882973811601e-01
6.628258323815581221e-01 6.733769896464557592e-01 6.742904053951874754e-01 6.872997223010688383e-01
6.625656001966198083e-01 6.731211266244847558e-01 6.742507984402061894e-01 6.872144740006780328e-01
6.624643987913660936e-01 6.728470191344437801e-01 6.742255940143089266e-01 6.871823585366201304e-01
6.623921120733275991e-01 6.728246405792605023e-01 6.741427794720753486e-01 6.871248316143929724e-01
6.622909106680737734e-01 6.727395271534951648e-01 6.739987541812341165e-01 6.869242428472421835e-01
6.622041666064277798e-01 6.726321445986199743e-01 6.739267415358136670e-01 6.869159114596489202e-01
6.619439344214893550e-01 6.723281302939700943e-01 6.738151219354118204e-01 6.868922581831797824e-01
6.617559889545894247e-01 6.722146995376683254e-01 6.737287067609072366e-01 6.867058385239582785e-01
