5.958015874163282710e-01 6.194699683706803572e-01 6.258222943948956729e-01 6.367987301000916922e-01
6.147985369168268432e-01 6.402330974591170509e-01 6.308199719870808408e-01 6.571417283347107396e-01
6.201622113952782733e-01 6.447096751425263061e-01 6.396091153606573432e-01 6.687975270742771983e-01
6.285619280313434754e-01 6.531982796735706920e-01 6.520781049152231112e-01 6.798804979729471398e-01
6.333183940782720622e-01 6.560719537349796182e-01 6.722416456329732837e-01 6.964480822132723681e-01
6.334629675143489402e-01 6.541651980796466814e-01 6.946591821523858679e-01 7.138351101591104975e-01
6.358050571787938754e-01 6.552797577993847433e-01 7.086224340994279336e-01 7.204207538655655885e-01
6.448553542772050839e-01 6.612619232459917562e-01 7.205009199615453053e-01 7.248986505824739357e-01
6.627535456635197386e-01 6.764708286601595066e-01 7.342373320755124499e-01 7.376734324626283978e-01
6.795240642484350335e-01 6.945268335013576877e-01 7.472824227934424801e-01 7.543814555219329199e-01
6.916248608480677351e-01 7.078714037506517176e-01 7.551101973506548770e-01 7.586807208577818207e-01
6.975957437580418974e-01 7.118788598421885716e-01 7.604247305826903336e-01 7.568714591302834194e-01
7.023088377741473209e-01 7.132303664861977532e-01 7.592905314173168385e-01 7.550350363213792493e-01
7.061978632046147508e-01 7.093602607930818982e-01 7.520136535975716630e-01 7.501340445778991173e-01
7.099134005117899715e-01 7.089567552354593127e-01 7.514195492728522607e-01 7.520254214643409263e-01
7.171565296592403715e-01 7.197632793984876098e-01 7.594597611340551113e-01 7.609582458733776811e-01
7.233009006925068540e-01 7.312954191823055616e-01 7.693398960857527058e-01 7.712511052697668124e-01
7.272188408101896151e-01 7.373831537720085816e-01 7.751225115130215837e-01 7.768913468473295225e-01
7.306452312452109688e-01 7.394512134314104035e-01 7.790940089079642084e-01 7.831908327844090412e-01
7.310789515534414917e-01 7.350712951829799779e-01 7.796485062777023245e-01 7.862729334498026468e-01
7.301103095317265090e-01 7.334022473496450978e-01 7.788707697071605152e-01 7.870015066210240828e-01
7.290549234483655328e-01 7.327908980499667768e-01 7.787591501067587796e-01 7.881473078905756324e-01
7.296765892234960971e-01 7.354250226241858535e-01 7.791048108047773368e-01 7.897356723655177824e-01
7.305729445271726963e-01 7.391672430010675088e-01 7.787339456808615168e-01 7.908847042994832099e-01
7.309922074917954982e-01 7.412047471985654390e-01 7.766239751700398930e-01 7.900192314279497197e-01
7.304572857783111495e-01 7.420370612473385918e-01 7.720907791408171406e-01 7.859095197880560102e-01
7.292428689152654631e-01 7.412157577452639368e-01 7.669058686705385597e-01 7.813890684237886353e-01
7.288958926686810447e-01 7.434476288928033583e-01 7.631684123732127567e-01 7.791161323206217126e-01
7.310500368662262716e-01 7.475915764657092843e-01 7.610368380687648759e-01 7.787705435129583798e-01
7.342451098035246426e-01 7.526212056974388442e-01 7.601654850591763601e-01 7.792273813215694345e-01
7.374980121152538981e-01 7.558698013401565774e-01 7.589700751451956551e-01 7.786519689619199047e-01
7.393919241278607002e-01 7.570207260933818905e-01 7.580357110708639823e-01 7.783584658221389674e-01
7.396232416255836828e-01 7.568712006541017390e-01 7.568853090602709610e-01 7.780510908560824834e-01
7.393196374098222057e-01 7.554994478556451565e-01 7.556682953526638880e-01 7.778607311045926398e-01
7.397533577180529507e-01 7.556955558699935960e-01 7.551173986151968887e-01 7.780636107735858786e-01
7.415894403562288684e-01 7.575074244203872098e-01 7.565252458331682694e-01 7.806450018693149584e-01
7.432231201838974677e-01 7.581277361269940229e-01 7.588980624997749835e-01 7.838296930144266206e-01
7.463025343723345140e-01 7.613428482898392247e-01 7.617317600970729963e-01 7.872356623403018450e-01
7.495265219968483272e-01 7.643486030753919858e-01 7.639785546341937295e-01 7.896319254908108487e-01
7.517529529124319376e-01 7.669659673924572596e-01 7.653936031167072329e-01 7.909943061077324700e-01
7.534878341453541406e-01 7.691258126893457669e-01 7.667546421151554270e-01 7.920188448277769577e-01
7.556708930301146987e-01 7.710512603530469411e-01 7.684469392825379330e-01 7.933561904161849920e-01
7.568274805187293897e-01 7.720502494424809070e-01 7.685549582506688848e-01 7.929439266374559425e-01
7.580418973817750761e-01 7.724549019442350506e-01 7.688970183164163252e-01 7.925565632735611654e-01
7.601092975176741984e-01 7.747779981328144494e-01 7.689906347554631427e-01 7.922928271068487849e-01
7.615984039092656976e-01 7.768465095446740465e-01 7.695343302283880194e-01 7.926112827614354428e-01
7.619453801558502271e-01 7.775999357154952385e-01 7.701464377144626727e-01 7.928213443409486416e-01
7.627839060850958308e-01 7.782111547798524764e-01 7.701320351853785384e-01 7.927939660702345570e-01
7.635790599835187153e-01 7.788923873832078737e-01 7.698439846036964074e-01 7.927445737949414539e-01
7.646055313796643604e-01 7.806940663802262037e-01 7.693254935566685715e-01 7.923292621067534736e-01
7.649380502826410577e-01 7.810988283601199011e-01 7.686953829092388890e-01 7.920406496002581065e-01
7.659789790223945349e-01 7.826381675552764872e-01 7.686449740574444744e-01 7.924101710600836013e-01
7.671933958854399993e-01 7.833455941354696694e-01 7.692390783821638767e-01 7.937494663769143477e-01
7.682487819688010866e-01 7.839363375390011601e-01 7.697827738550890864e-01 7.948258605536455690e-01
7.689427344619699234e-01 7.841325616903365159e-01 7.699556042040982540e-01 7.953392726765742271e-01
7.695499428934928776e-01 7.846438019627048899e-01 7.695523333897433815e-01 7.955222823471338467e-01
7.698246324220388015e-01 7.848787089465711908e-01 7.691706663690143220e-01 7.954186954243729346e-01
7.692174239905159583e-01 7.837424938313951595e-01 7.691526632076592929e-01 7.958908770578634329e-01
7.688415330567162087e-01 7.838966239814080250e-01 7.690662480331545980e-01 7.959485950098323936e-01
7.690728505544390803e-01 7.835582482456175946e-01 7.689114208455003485e-01 7.958752022600932285e-01
7.698101750784311914e-01 7.840531537678645524e-01 7.688250056709957647e-01 7.961308940035913828e-01
7.704752128843846970e-01 7.832636032931581394e-01 7.692534809112480110e-01 7.968160316649230968e-01
7.707643597565384530e-01 7.824222906610740491e-01 7.698151795455282498e-01 7.976469393834924038e-01
7.707788171001459521e-01 7.817722565003583091e-01 7.697899751196310980e-01 7.975909313266165146e-01
7.702583527302693245e-01 7.811851565333742808e-01 7.694659182152385757e-01 7.972537267780697157e-01
7.697378883603926969e-01 7.805991829298890572e-01 7.685549582506687738e-01 7.961888304043798215e-01
7.696656016423543134e-01 7.804881373408387724e-01 7.685585588829397796e-01 7.960264167421411408e-01
7.702583527302692135e-01 7.810513898152358081e-01 7.694011068343601378e-01 7.964110784142444111e-01
7.719064899015455339e-01 7.821518105274518629e-01 7.713310457316304714e-01 7.977243722794098435e-01
7.722390088045222312e-01 7.832154546815724983e-01 7.719287506886208794e-01 7.979434413684547422e-01
7.721233500556607954e-01 7.835978629770425918e-01 7.715902912551444448e-01 7.975317016538024939e-01
7.710245919414766558e-01 7.829057315856760013e-01 7.707261395100979406e-01 7.966102317914688369e-01
7.703595541355231502e-01 7.817030811256701073e-01 7.701536389790046844e-01 7.958639209823014093e-01
7.705330422588154704e-01 7.822032928777757910e-01 7.698223808100702614e-01 7.952682247798624759e-01
7.717185444346454926e-01 7.840380109869966585e-01 7.709313755495466047e-01 7.961770601055260244e-01
7.726582717691451441e-01 7.851106274194359358e-01 7.715290805065369018e-01 7.971190981246031315e-01
7.729185039540835689e-01 7.847460427914980663e-01 7.717739235009668519e-01 7.974247852988870511e-01
7.726148997383219807e-01 7.851319169898144379e-01 7.717379171782565717e-01 7.969358909407807667e-01
7.711691653775534228e-01 7.848318710821851063e-01 7.711726179117052160e-01 7.957611425835795504e-01
7.698246324220388015e-01 7.844997395058352918e-01 7.704848971479392183e-01 7.946194176891723249e-01
7.690150211800084179e-01 7.838025533114792998e-01 7.705857148515278254e-01 7.945749223735025790e-01
7.685957582153855050e-01 7.834500472148889783e-01 7.710069888272381711e-01 7.951380173879046831e-01
7.682343246251933655e-01 7.834609837305891444e-01 7.713778539511537691e-01 7.958586101753946096e-01
7.680897511891164875e-01 7.833452199269953509e-01 7.712086242344154963e-01 7.958168758382430097e-01
7.672078532290477204e-01 7.827139099959250501e-01 7.712086242344154963e-01 7.958426180480722145e-01
7.648079341901719008e-01 7.804843806693856356e-01 7.711582153826211927e-01 7.955188053999201481e-01
7.624803018693345757e-01 7.788699272987926747e-01 7.710681995758456031e-01 7.948131359018152375e-01
7.616417759400888610e-01 7.790430376749877261e-01 7.707333407746400633e-01 7.948201325839938658e-01
7.623935578076883601e-01 7.787783796628791055e-01 7.715362817710789134e-01 7.961125127564621096e-01
7.626537899926267849e-01 7.785636178748287506e-01 7.726524777750971573e-01 7.972215659479464644e-01
7.616273185964811399e-01 7.772739160117478896e-01 7.730773523830785088e-01 7.977258828862545670e-01
7.604996457950815580e-01 7.760765924552330830e-01 7.733257960097793537e-01 7.974277765925285033e-01
7.590539114343131111e-01 7.744604992083305994e-01 7.731529656607700751e-01 7.967000542629030235e-01
7.590105394034899478e-01 7.754136815785573900e-01 7.726560784073683852e-01 7.963893240580316446e-01
7.585912764388672569e-01 7.758798201397607563e-01 7.737470699854895884e-01 7.974388417169134824e-01
7.584322456591827688e-01 7.753920704162331479e-01 7.746508286855171566e-01 7.984452479150992987e-01
7.585479044080440936e-01 7.751372690725839565e-01 7.752449330102366698e-01 7.992101404874538684e-01
7.585334470644363725e-01 7.764939759122357898e-01 7.742691616647883190e-01 7.983977763623421042e-01
7.582009281614596752e-01 7.765339167069864601e-01 7.740891300512370288e-01 7.976586289789900919e-01
7.578539519148753678e-01 7.761682788024905078e-01 7.752305304811525355e-01 7.986568648178459240e-01
7.583744162847518844e-01 7.763477369289777386e-01 7.754141627269748316e-01 7.993103420974452256e-01
7.588370512801978496e-01 7.781840453066789509e-01 7.749676843253674452e-01 7.991987842668544229e-01
7.583165869103209999e-01 7.774666599918362841e-01 7.757994303799746749e-01 7.998986897011015618e-01
7.573913169194292916e-01 7.762250863053858918e-01 7.759650594644419419e-01 7.999724525010034615e-01
7.572467434833524136e-01 7.763261644546782803e-01 7.753025431265729850e-01 7.993395667746348021e-01
7.575503476991138907e-01 7.770079856964602349e-01 7.746400267887040281e-01 7.986115621969366307e-01
7.577527505096213201e-01 7.770537567136011070e-01 7.759398550385447901e-01 8.002454608678707393e-01
7.592273995576052092e-01 7.772497987678279596e-01 7.766995884477314593e-01 8.015553172289404671e-01
7.586346484696901982e-01 7.767681299975245368e-01 7.765663650537034668e-01 8.013422088999859749e-01
7.584756176900054880e-01 7.776572314498566563e-01 7.760982828584699345e-01 8.001713780434269729e-01
7.577382931660137100e-01 7.768365436169953897e-01 7.757382196313672429e-01 7.997589873555892570e-01
7.581575561306366229e-01 7.768772088051442148e-01 7.761666948716194891e-01 8.005618160774526926e-01
7.579840680073444137e-01 7.756786454036537215e-01 7.767571985640677745e-01 8.015576439990407254e-01
7.583888736283594945e-01 7.770178239264857734e-01 7.761918992975167519e-01 8.006742334535363881e-01
7.588515086238054597e-01 7.779993972841858785e-01 7.756049962373392503e-01 8.000730701549879642e-01
7.583455015975365532e-01 7.772956082178119619e-01 7.759254525094605448e-01 8.009616560057496448e-01
7.574780609810753962e-01 7.769014930314110945e-01 7.758390373349559610e-01 8.012726397644200915e-01
7.575214330118983375e-01 7.757899776467495068e-01 7.756662069859467934e-01 8.007347480015079011e-01
7.586635631569056404e-01 7.776268712595086896e-01 7.757202164700121028e-01 8.005328695401671135e-01
7.587936792493747973e-01 7.776231381974171297e-01 7.762855157365633474e-01 8.014076076737679522e-01
7.571455420780985879e-01 7.771036883843192022e-01 7.755473861210029352e-01 8.010583822724053338e-01
7.560612413075220584e-01 7.770510023700976099e-01 7.747120394341246996e-01 8.000749528631735386e-01
7.573045728577832980e-01 7.775037603544617815e-01 7.750360963385171109e-01 8.006133574174914003e-01
7.586635631569056404e-01 7.778423796258092660e-01 7.751585178357319750e-01 8.005900588939708351e-01
7.589237953418439542e-01 7.773196156952688618e-01 7.755113797982924329e-01 8.009296713018985159e-01
7.582732148794980587e-01 7.764859716065697359e-01 7.748668666217788381e-01 8.005997289025533759e-01
7.576804637915829366e-01 7.771389299012901875e-01 7.748560647249657096e-01 8.005749970530783299e-01
7.584900750336134312e-01 7.779159663669199531e-01 7.743843818974611715e-01 8.000631509306405098e-01
7.588804233110209019e-01 7.781386947630322126e-01 7.740171174058164683e-01 7.996049472524606738e-01
7.598779800199512158e-01 7.784425857500686385e-01 7.747156400663955944e-01 8.003649124454663699e-01
7.594153450245051395e-01 7.773721992726302377e-01 7.744455926460686035e-01 8.007846099069593215e-01
7.586635631569056404e-01 7.783386722957401638e-01 7.730809530153494036e-01 7.992879399956843711e-01
7.592996862756437038e-01 7.790483560910057559e-01 7.727316916850598405e-01 7.984375861956041209e-01
7.602683282973586865e-01 7.792720341074155233e-01 7.735058276233306440e-01 7.993737408356402785e-01
7.609622807905276343e-01 7.786011387120023164e-01 7.734410162424522062e-01 8.000611152703256401e-01
7.605430178259046103e-01 7.782616892428163569e-01 7.725264556456112874e-01 7.998098407102955942e-01
7.608899940724891398e-01 7.798358203922129972e-01 7.718567380432004299e-01 7.988614145579479020e-01
7.604996457950816691e-01 7.799598452437777052e-01 7.713778539511537691e-01 7.975705107105618419e-01
7.606731339183738783e-01 7.792396753144896770e-01 7.718567380432004299e-01 7.980279788700113119e-01
7.611357689138198435e-01 7.792230705136160562e-01 7.721087823021722807e-01 7.993416074508976621e-01
7.621044109355346041e-01 7.802438882112792129e-01 7.715722880937891937e-01 7.992986500626098056e-01
7.628561928031345474e-01 7.811144899021481569e-01 7.715470836678920419e-01 7.988587817233011590e-01
7.628417354595267152e-01 7.815249528540954005e-01 7.715110773451817616e-01 7.981083454330247795e-01
7.625815032745881794e-01 7.800162712465859016e-01 7.713778539511537691e-01 7.975527760132450350e-01
7.633332851421879006e-01 7.803480550267081206e-01 7.719143481595369671e-01 7.988597753863461159e-01
7.645621593488411971e-01 7.822735529437441215e-01 7.729945378408449308e-01 8.010931805011088924e-01
7.637814627940262557e-01 7.826580149235964345e-01 7.731925726157513612e-01 8.011739963429457267e-01
7.622778990588270354e-01 7.816985022044630194e-01 7.717595209718827176e-01 7.989520241014028690e-01
7.628272781159189941e-01 7.809052199896709956e-01 7.720655747149200998e-01 7.988133688077989625e-01
7.650537090315026045e-01 7.825650595633029116e-01 7.738442870568071896e-01 8.010392561843120429e-01
7.665139007358788836e-01 7.843551018578576173e-01 7.734950257265174045e-01 8.011668369198463591e-01
7.656464601194176156e-01 7.845346792232377187e-01 7.727929024336673836e-01 8.004116404715811983e-01
7.645621593488411971e-01 7.840532923536848164e-01 7.721411879926114441e-01 7.995699365322735952e-01
7.649525076262486678e-01 7.844038831338751017e-01 7.728433112854617981e-01 8.002640623845662660e-01
7.663837846434096157e-01 7.862127937245808607e-01 7.742151521807230097e-01 8.015389832186103902e-01
7.670632797929709534e-01 7.874206429262499141e-01 7.739811110831060770e-01 8.010247233242075993e-01
7.659645216787868138e-01 7.863595192049150917e-01 7.733437991711344939e-01 8.004583799431070901e-01
7.652705691856179770e-01 7.851547423381954882e-01 7.728901195049850958e-01 8.000796928531890284e-01
7.671644811982247791e-01 7.863929458591591981e-01 7.739523060249380304e-01 8.009550587388508669e-01
7.691451372724775748e-01 7.886478685185978055e-01 7.750252944417039824e-01 8.016895872388635214e-01
7.691306799288698537e-01 7.886297050910943129e-01 7.743303724133958621e-01 8.012333422639117408e-01
7.680174644710779930e-01 7.883466358911623839e-01 7.733329972743212544e-01 8.003549336887290089e-01
7.661090951148634698e-01 7.872061743026108616e-01 7.741323376384893207e-01 8.015510600312273359e-01
7.669331637005016855e-01 7.873493441106593771e-01 7.749748855899095679e-01 8.019571712828260646e-01
7.688559904003238188e-01 7.890181722914434426e-01 7.746904356404985537e-01 8.013287963359406740e-01
7.689571918055777555e-01 7.892725383256947724e-01 7.746940362727694485e-01 8.013633694044293154e-01
7.675982015064553021e-01 7.889547966864023376e-01 7.749244767381151533e-01 8.020381703952499386e-01
7.671211091674015048e-01 7.884733558086045591e-01 7.742295547098069219e-01 8.014664885090881929e-01
7.691740519596930170e-01 7.900844663781169119e-01 7.744779983365077669e-01 8.020587300743570180e-01
7.709233905362228301e-01 7.914056933691102635e-01 7.768544156353854868e-01 8.045777402504022957e-01
7.708366464745767255e-01 7.914031391486515687e-01 7.770488497780211334e-01 8.043707387979259771e-01
7.684367274357010169e-01 7.897408545460449236e-01 7.743951837942742999e-01 8.014912926558812600e-01
7.682776966560164178e-01 7.898385635223252876e-01 7.751225115130216947e-01 8.023730277946238276e-01
7.695788575807080978e-01 7.908901918323566482e-01 7.774233155342078483e-01 8.049464022560290921e-01
7.721233500556607954e-01 7.922526547596989710e-01 7.775889446186750043e-01 8.046920558076235963e-01
7.714293975624918476e-01 7.908970453049355420e-01 7.768616168999276095e-01 8.037917286669244987e-01
7.696077722679235400e-01 7.905717376608899505e-01 7.769408308098901816e-01 8.043081766030225621e-01
7.685379288409548426e-01 7.902668681931906969e-01 7.768328118417593409e-01 8.045302507030679395e-01
7.691885093033007381e-01 7.904904129871124230e-01 7.768400131063013525e-01 8.039062811179376045e-01
7.702583527302693245e-01 7.901583736057093965e-01 7.777041648513478567e-01 8.041774080211666620e-01
7.704318408535614227e-01 7.908485901783112171e-01 7.786079235513756469e-01 8.052787603928859284e-01
7.693041680521621739e-01 7.906562239969465722e-01 7.788275621199082233e-01 8.059183017857092235e-01
7.684222700920932958e-01 7.897832365157821943e-01 7.773477022565161709e-01 8.040676163921065545e-01
7.686102155589932261e-01 7.896369814638271034e-01 7.769516327067033101e-01 8.036315213538898217e-01
7.686969596206393307e-01 7.904209810768938471e-01 7.784098887764691055e-01 8.056878849789604891e-01
7.683210686868395811e-01 7.903091825515147217e-01 7.793568550637491876e-01 8.064819126470940125e-01
7.679162630658242783e-01 7.895620203051129105e-01 7.784566969959925142e-01 8.050054261666235167e-01
7.675259147884168076e-01 7.892308802200270756e-01 7.782982691760673699e-01 8.048869380838417076e-01
7.669476210441092956e-01 7.898479449620741111e-01 7.785791184932073783e-01 8.052432300634475570e-01
7.671500238546169470e-01 7.905495447343526827e-01 7.786223260804596702e-01 8.053482192510473814e-01
7.674825427575935333e-01 7.906288538692274326e-01 7.782838666469833466e-01 8.047439541671437269e-01
7.668753343260710231e-01 7.894567259392952785e-01 7.786655336677120731e-01 8.048622112895179592e-01
7.656175454322022844e-01 7.890070313643207101e-01 7.796665094390574646e-01 8.061062830941685409e-01
7.666295594847403194e-01 7.905662953723989750e-01 7.788635684426186145e-01 8.053388197124565773e-01
7.673379693215169883e-01 7.921503901929545233e-01 7.786763355645252016e-01 8.049437993174699546e-01
7.682487819688009756e-01 7.919937289807991165e-01 7.801093872083937342e-01 8.064975440303092658e-01
7.682054099379780343e-01 7.911846783106757375e-01 7.812327844769542118e-01 8.083141230976284008e-01
7.683066113432317490e-01 7.921613707923051972e-01 7.806530826813189439e-01 8.073020223882401147e-01
7.677716896297475113e-01 7.931439660657679802e-01 7.797025157617677449e-01 8.057732717185370763e-01
7.681186658763317077e-01 7.914297256387003987e-01 7.804802523323095542e-01 8.069278434468267758e-01
7.690439358672238601e-01 7.920218845982718303e-01 7.815028318972810917e-01 8.086062731756701316e-01
7.692752533649469537e-01 7.932986896593345882e-01 7.812147813155989606e-01 8.084935169929492460e-01
7.689861064927929757e-01 7.929971729935069158e-01 7.805522649777302258e-01 8.079704698220446790e-01
7.693041680521620629e-01 7.931180367507363327e-01 7.808079098689730824e-01 8.083074449601932443e-01
7.688126183695007665e-01 7.924554952975272348e-01 7.812543882705803577e-01 8.088375529417216603e-01
7.688126183695007665e-01 7.925282968454689936e-01 7.808223123980569946e-01 8.079708008659897134e-01
7.693475400829852262e-01 7.933499934660406261e-01 7.800301732984311620e-01 8.070216340536893185e-01
7.694053694574158886e-01 7.936076890000615114e-01 7.801633966924592656e-01 8.077277034187078097e-01
7.694053694574157776e-01 7.940531097513371384e-01 7.806314788876926869e-01 8.082502575593326632e-01
7.685234714973470105e-01 7.920581174081827713e-01 7.806314788876926869e-01 8.077207569139367438e-01
7.690728505544390803e-01 7.927840810702603269e-01 7.800841827824966934e-01 8.069425632786517699e-01
7.693619974265928363e-01 7.941945909871928055e-01 7.794756759286930459e-01 8.068030123044499513e-01
7.681475805635471499e-01 7.937003105974611561e-01 7.796052986904501436e-01 8.071608823447522507e-01
7.666729315155633717e-01 7.927068401925589924e-01 7.803794346287209471e-01 8.072957062922827554e-01
7.676849455681014067e-01 7.918811585730887170e-01 7.808151111335150940e-01 8.075177061537479606e-01
7.698101750784309694e-01 7.938675481017444246e-01 7.803434283060105559e-01 8.081317616935950188e-01
7.689861064927930867e-01 7.940774449393183110e-01 7.796052986904500326e-01 8.074543193302570199e-01
7.668464196388555809e-01 7.928098824218223761e-01 7.793712575928333219e-01 8.059962749116851288e-01
7.662392112073328487e-01 7.916950219155800550e-01 7.804082396868889937e-01 8.072229471854766025e-01
7.683644407176625224e-01 7.932386703772784653e-01 7.812291838446830949e-01 8.090268718191373498e-01
7.693909121138082785e-01 7.944733270503527844e-01 7.809375326307300691e-01 8.094491667321213058e-01
7.674102560395553718e-01 7.929551580339024852e-01 7.800769815179545708e-01 8.076397997938760120e-01
7.658344055863176569e-01 7.922260919367998255e-01 7.797205189231228850e-01 8.064164277001292236e-01
7.656898321502407789e-01 7.923824611605101431e-01 7.811751743606176746e-01 8.086706976131099456e-01
7.682198672815857554e-01 7.936492671390049658e-01 7.816612597172063470e-01 8.097937057713542330e-01
7.678295190041781737e-01 7.937022371160948886e-01 7.807358972235525219e-01 8.089170473480972179e-01
7.653139412164409183e-01 7.924248027852780485e-01 7.794360689737117598e-01 8.068390185979894547e-01
7.643742138819413778e-01 7.914740976958174468e-01 7.805198592872907293e-01 8.077663732658315610e-01
7.654295999653023541e-01 7.927867672250950015e-01 7.819673134602436182e-01 8.095929980487359678e-01
7.671066518237938947e-01 7.946899482634288692e-01 7.818124862725894797e-01 8.096280938441542396e-01
7.666295594847403194e-01 7.937476823230713574e-01 7.813948129291503619e-01 8.088187246864827484e-01
7.645043299744105347e-01 7.915673892618289020e-01 7.807647022817207905e-01 8.075759753416837938e-01
7.633911145166186740e-01 7.905184339606772248e-01 7.803650320996368128e-01 8.072732161968301234e-01
7.650537090315026045e-01 7.923932271497506896e-01 7.803182238801134041e-01 8.073648766576757563e-01
7.667163035463865350e-01 7.932667640039847701e-01 7.806566833135897276e-01 8.077455747755168947e-01
7.655741734013792321e-01 7.922648480715878128e-01 7.818700963889259059e-01 8.083432282711758843e-01
7.643452991947259356e-01 7.910258472316954448e-01 7.809303313661878354e-01 8.073025043903333531e-01
7.631453396752880813e-01 7.899229970149630464e-01 7.792596379924313643e-01 8.060789313110596765e-01
7.643597565383336567e-01 7.914754741244145464e-01 7.798969499044032805e-01 8.073068340924276498e-01
7.648946782518180054e-01 7.909550392489980153e-01 7.809915421147952674e-01 8.082512420995262570e-01
7.642730124766876632e-01 7.908930933529827456e-01 7.803974377900757542e-01 8.069236392372045596e-01
7.622200696843961509e-01 7.890148584336817983e-01 7.788563671780763809e-01 8.053150611823456373e-01
7.624947592129420748e-01 7.899242599966407319e-01 7.793028455796837672e-01 8.061731507758124193e-01
7.644898726308029246e-01 7.915304240819185377e-01 7.800661796211414423e-01 8.078808863228792436e-01
7.660078937096098661e-01 7.913728388532625946e-01 7.806602839458609555e-01 8.083923121311390458e-01
7.646922754413104650e-01 7.900990907529330531e-01 7.801021859438517225e-01 8.072584132116247257e-01
7.631019676444650290e-01 7.896961045511576849e-01 7.796809119681417100e-01 8.069534005539086285e-01
7.628851074903496565e-01 7.903603889936234861e-01 7.802822175574030128e-01 8.081174425711797893e-01
7.643452991947259356e-01 7.900804476434416523e-01 7.812255832124120891e-01 8.094874567241112651e-01
7.653428559036563605e-01 7.901816013389302285e-01 7.805198592872908403e-01 8.085878114098600244e-01
7.646778180977026329e-01 7.901317772367696390e-01 7.802570131315058610e-01 8.079809949778460343e-01
7.638537495120646392e-01 7.905479275886051482e-01 7.814200173550475137e-01 8.095811328163401432e-01
7.636802613887724300e-01 7.897154218629111044e-01 7.820429267379351845e-01 8.103537152765392104e-01
7.622634417152192032e-01 7.888710508432498214e-01 7.812471870060383461e-01 8.089036725188238908e-01
7.628851074903497675e-01 7.895845634241840383e-01 7.805630668745431322e-01 8.074632177604872396e-01
7.645621593488413081e-01 7.903899269476830636e-01 7.805846706681693892e-01 8.081583324400014590e-01
7.650392516878948834e-01 7.913851036920215298e-01 7.819097033439073030e-01 8.104955619645881626e-01
7.644320432563721512e-01 7.908200836181666915e-01 7.826622354885517385e-01 8.111830425669448452e-01
7.630152235828189244e-01 7.896587114132515017e-01 7.811247655088233710e-01 8.088419535515676273e-01
7.626248753054113427e-01 7.902100372147687901e-01 7.791948266115529265e-01 8.065791102118489153e-01
7.634778585782650007e-01 7.912219272447538199e-01 7.785827191254784951e-01 8.064620380272429223e-01
7.643597565383335457e-01 7.915562385441606841e-01 7.812831933287485153e-01 8.096820881788413526e-01
7.643163845075104934e-01 7.906400726469284823e-01 7.828782734248134201e-01 8.109701546844672038e-01
7.643163845075106044e-01 7.907256461998560804e-01 7.808295136625991173e-01 8.086655635566464273e-01
7.642151831022567787e-01 7.915746733832912385e-01 7.786655336677119621e-01 8.064779911294730486e-01
7.632176263933264648e-01 7.910374244033061553e-01 7.793316506378520359e-01 8.077268623952634785e-01
7.629863088956035932e-01 7.902886165018531139e-01 7.807394978558235277e-01 8.094673368500698851e-01
7.628851074903495455e-01 7.900585221360627575e-01 7.803650320996367018e-01 8.085458727591431360e-01
7.629718515519958721e-01 7.910778613469073850e-01 7.789067760298709064e-01 8.070557340223006859e-01
7.634634012346571685e-01 7.907705608653008422e-01 7.789499836171230873e-01 8.072411558474248405e-01
7.631742543625035236e-01 7.894445240120193663e-01 7.795224841482164546e-01 8.080461611824826251e-01
7.628272781159188831e-01 7.901293099050074042e-01 7.790904082756933136e-01 8.075239428345423187e-01
7.625525885873729592e-01 7.903625984459414777e-01 7.787591501067587796e-01 8.074601347865754120e-01
7.627549913978806106e-01 7.901796799313753894e-01 7.791336158629456055e-01 8.078705363789824290e-01
7.627694487414881097e-01 7.896914280085036708e-01 7.790508013207119165e-01 8.077020552022263766e-01
7.640995243533952319e-01 7.908628345948731653e-01 7.791228139661323659e-01 8.076560425803395171e-01
7.645477020052335870e-01 7.921042977324237455e-01 7.792596379924314753e-01 8.076579567971717832e-01
7.640127802917492383e-01 7.912840398273530695e-01 7.796953144972257332e-01 8.086278316743141792e-01
7.634200292038340052e-01 7.901243403596587278e-01 7.791516190243006346e-01 8.084454997822876354e-01
7.637959201376339768e-01 7.905603032595999169e-01 7.782226558983755815e-01 8.068604619006756185e-01
7.640706096661799007e-01 7.910844346053744758e-01 7.783198729696936269e-01 8.066690398738970424e-01
7.642730124766875521e-01 7.905873002242191916e-01 7.800301732984312730e-01 8.089064853029515056e-01
7.644175859127644301e-01 7.901917778597205011e-01 7.806638845781319613e-01 8.101711463920786560e-01
7.644609579435874824e-01 7.912833832180434790e-01 7.783882849828429595e-01 8.078771015161485547e-01
7.647067327849181861e-01 7.915884988985979476e-01 7.772072775979461667e-01 8.062021113026214270e-01
7.645043299744105347e-01 7.907507403957603209e-01 7.781542438852262489e-01 8.073114636464004956e-01
7.647501048157412384e-01 7.912046153442308105e-01 7.798861480075901520e-01 8.093574086129771139e-01
7.650537090315024935e-01 7.919458596027733055e-01 7.792488360956183469e-01 8.088105283143814939e-01
7.647645621593488485e-01 7.915357115634834573e-01 7.788563671780764919e-01 8.079208753004212262e-01
7.641428963842183952e-01 7.905974592773377108e-01 7.784891026864316776e-01 8.067784194281117927e-01
7.643886712255489879e-01 7.906022279809177267e-01 7.782478603242729553e-01 8.069982870164347233e-01
7.649235929390334476e-01 7.919619748452428887e-01 7.783810837183009479e-01 8.080181740741241292e-01
7.639694082609260750e-01 7.909651443768300760e-01 7.796737107035995873e-01 8.088541395046788818e-01
7.640995243533953429e-01 7.906433316805743239e-01 7.804010384223469821e-01 8.087071514807971928e-01
7.649380502826410577e-01 7.918511414420309480e-01 7.788419646489923576e-01 8.067821803876242814e-01
7.664705287050557203e-01 7.932052434374486927e-01 7.786691342999829679e-01 8.072300906524690900e-01
7.655018866833407376e-01 7.912181681014476275e-01 7.800337739307020568e-01 8.095018079527654953e-01
7.652705691856178660e-01 7.910377349675216108e-01 7.805270605518328519e-01 8.097761021321634445e-01
7.654874293397332385e-01 7.918079403717649400e-01 7.799005505366742863e-01 8.084048313697973498e-01
7.651549104367563192e-01 7.919688286523167697e-01 7.791912259792820317e-01 8.072546200075867429e-01
