5.892410099167458837e-01 5.781325729650574896e-01 6.264798937326410133e-01 6.427810488914718068e-01
5.902113373052066958e-01 5.787209320107128407e-01 6.272092742422412659e-01 6.431445694004649383e-01
5.912398843369752743e-01 5.799312915033826288e-01 6.280062794348508781e-01 6.428240370799388481e-01
5.920355527955132313e-01 5.811519183058312388e-01 6.285424465644245950e-01 6.427203547795196092e-01
5.918026742222826098e-01 5.802712210558607087e-01 6.294360584470475306e-01 6.426402539314312046e-01
5.921325855343593236e-01 5.805924916173773598e-01 6.304214466851829624e-01 6.418668239228363381e-01
5.920161462477439018e-01 5.806140364981284829e-01 6.309624441492573954e-01 6.410680635281668094e-01
5.927730016107435329e-01 5.810780248950946358e-01 6.315179326168337548e-01 6.402488255700176101e-01
5.938985813813580927e-01 5.814688688373080838e-01 6.323173529766936696e-01 6.400064792363213684e-01
5.948592054959342956e-01 5.819713139527766810e-01 6.337109044801352287e-01 6.401739949120032191e-01
5.959750819926643572e-01 5.823332713242428404e-01 6.347590870667794150e-01 6.406796771305796057e-01
5.971006617632789171e-01 5.839820212066246796e-01 6.357686269774182053e-01 6.404598877485482289e-01
5.983038677249703507e-01 5.841524176007254487e-01 6.372128969931167841e-01 6.406070344421188612e-01
5.995652933299695508e-01 5.842762331774729034e-01 6.386330153363120044e-01 6.411757259961682331e-01
6.013506957247375384e-01 5.841587536032892825e-01 6.401883830455259439e-01 6.420913065564086697e-01
6.031943177628131814e-01 5.858004333831375865e-01 6.418306967757516635e-01 6.424055267380828216e-01
6.053872576607346456e-01 5.876005737793823513e-01 6.431976814394396724e-01 6.432559751590556374e-01
6.074443517242718027e-01 5.889459386736867197e-01 6.448206738316628606e-01 6.435127686676113123e-01
6.088804362591938579e-01 5.899257455153613661e-01 6.462359618403574757e-01 6.435749557392977938e-01
6.108016844883464858e-01 5.903527526411891380e-01 6.474000724550175168e-01 6.437229756972723260e-01
6.128199654563449839e-01 5.917580785036659075e-01 6.486801110976936346e-01 6.439543211718380400e-01
6.151875642841895253e-01 5.938392568200261401e-01 6.495350803043110632e-01 6.434674135383339211e-01
6.180985464495720727e-01 5.957490546505879170e-01 6.502403091414080682e-01 6.436073595866982355e-01
6.205631780162627065e-01 5.973333376984738541e-01 6.512401883830455374e-01 6.438565064130387094e-01
6.224456131498767864e-01 5.986392304092622574e-01 6.518053375196232180e-01 6.437321598796341693e-01
6.254148149585669891e-01 6.004162633466931798e-01 6.526506460572394364e-01 6.433745082264983317e-01
6.271419977100274323e-01 6.025020792011726023e-01 6.528776717787706518e-01 6.430547184056168986e-01
6.293931572512565520e-01 6.057579403971347087e-01 6.535925612848689781e-01 6.433048747831797698e-01
6.321294804867161332e-01 6.088299669479049214e-01 6.540876705711871075e-01 6.432207692163709467e-01
6.337014108560228287e-01 6.110226313540456644e-01 6.547615022340296242e-01 6.439561569971544719e-01
6.348852102699450439e-01 6.117644150762503452e-01 6.553459727086100584e-01 6.448194761797186869e-01
6.366706126647131425e-01 6.133450787241314650e-01 6.559352735176910976e-01 6.463586070160352026e-01
6.380096644607891054e-01 6.147789425508706218e-01 6.564762709817656416e-01 6.467245489122892543e-01
6.395233751867880345e-01 6.151325218597503142e-01 6.576113995894214970e-01 6.475348030034886460e-01
6.403384501930950989e-01 6.160793173715581883e-01 6.582296824055066109e-01 6.480212265851186260e-01
6.419491936579402314e-01 6.179506511703789506e-01 6.589735539186090119e-01 6.488311814783249698e-01
6.436957829571696710e-01 6.196283008582883500e-01 6.591232942881294354e-01 6.492104385887780271e-01
6.457140639251683911e-01 6.219185340007985507e-01 6.596401400797005099e-01 6.499698234691353438e-01
6.470143026257058061e-01 6.233324509890073584e-01 6.600652095157589772e-01 6.506131959244363383e-01
6.482563216829357877e-01 6.249385928675285085e-01 6.607269653423499811e-01 6.514075865125092957e-01
6.496535931223195171e-01 6.261496865702955716e-01 6.613597391619370214e-01 6.520704464746996942e-01
6.507791728929340769e-01 6.273308644983208726e-01 6.618041299359981311e-01 6.532781633153759149e-01
6.511284907527800092e-01 6.273818855175110620e-01 6.621229320130419538e-01 6.543595249132029279e-01
6.518853461157796403e-01 6.277950471838900093e-01 6.624513947590870977e-01 6.551105699192394383e-01
6.531467717207786183e-01 6.293146619779581563e-01 6.627315541601257465e-01 6.560429261851998817e-01
6.544470104213161443e-01 6.309561141482856739e-01 6.628957855331483184e-01 6.571977834359582493e-01
6.558248753129306552e-01 6.332249435420433947e-01 6.633981403212173555e-01 6.586709904041936348e-01
6.567175765103145935e-01 6.343637943365474374e-01 6.634754256732280364e-01 6.595351831798539344e-01
6.572415533000833809e-01 6.355469786446543701e-01 6.635672020287404216e-01 6.599414705412512960e-01
6.580566283063905564e-01 6.364872046431305774e-01 6.639536287887936039e-01 6.615024152472743779e-01
6.583671330706980518e-01 6.370821522026882677e-01 6.642096365173287831e-01 6.628342689857980030e-01
6.588911098604668393e-01 6.377315227648197027e-01 6.645236082598720007e-01 6.637317774729779574e-01
6.595121193890818301e-01 6.387886393608696034e-01 6.646830092983939675e-01 6.649964706482449639e-01
6.602495682043121317e-01 6.402280697782074537e-01 6.648907136819224295e-01 6.661955124684831864e-01
6.606765122552349379e-01 6.409369581976790409e-01 6.651370607414563985e-01 6.678153077311683727e-01
6.617826854780802792e-01 6.431710222222232209e-01 6.655379785050115071e-01 6.692549391580578932e-01
6.623066622678490667e-01 6.440248745642364048e-01 6.658422895785532925e-01 6.703914370730337247e-01
6.630247045353101498e-01 6.456688620453754357e-01 6.659437266030672209e-01 6.709102497748276051e-01
6.632575831085407714e-01 6.466696961475597583e-01 6.659920299480739381e-01 6.722631772911171755e-01
6.636263075161559222e-01 6.477414615640584294e-01 6.659074990943122385e-01 6.734132071069219849e-01
6.640726581148479468e-01 6.488621774674424580e-01 6.664267600531337266e-01 6.749870822368266854e-01
6.645772283568475158e-01 6.499208521373768255e-01 6.669725878517087647e-01 6.766326850384094538e-01
6.646354480001552822e-01 6.508929733278538965e-01 6.671464798937325469e-01 6.776446040812216243e-01
6.651012051466164143e-01 6.526681348091032397e-01 6.672624079217486237e-01 6.787498620610787903e-01
6.650041724077704330e-01 6.537577888606274090e-01 6.672237652457433388e-01 6.800251197991542540e-01
6.649653593122319961e-01 6.544692943210885794e-01 6.674846033087791231e-01 6.813070342928823075e-01
6.648683265733859038e-01 6.555002236991218645e-01 6.677840840478204143e-01 6.821907030419736007e-01
6.645772283568476269e-01 6.566423377301637831e-01 6.678178963893250941e-01 6.834731883333469149e-01
6.644996021657707530e-01 6.576513204815304103e-01 6.677551020408163396e-01 6.844902888248841633e-01
6.643637563313862238e-01 6.605134887041423930e-01 6.675618886607899150e-01 6.850379613121855282e-01
6.638009664460789994e-01 6.604816399344785038e-01 6.675522279917884827e-01 6.861405919189050850e-01
6.634516485862329560e-01 6.615140754815598267e-01 6.676536650163024111e-01 6.865397157657914251e-01
6.629082652486950611e-01 6.615347928941690547e-01 6.676681560198043375e-01 6.875039742583430868e-01
6.628112325098488578e-01 6.618156012202807137e-01 6.677357807028135861e-01 6.885373865708703800e-01
6.626947932232334360e-01 6.623480935909351608e-01 6.678227267238255882e-01 6.897609003318617704e-01
6.626365735799258916e-01 6.629770514891548672e-01 6.679652215915952151e-01 6.907824463524561143e-01
6.623842884589260516e-01 6.625759752345076192e-01 6.677454413718150183e-01 6.912476365946153001e-01
6.623260688156185072e-01 6.627157400561487499e-01 6.676391740128003738e-01 6.915836947570529469e-01
6.620931902423877746e-01 6.627929288105582906e-01 6.674990943122811604e-01 6.919873526227440230e-01
6.614333676182344579e-01 6.630466960590221115e-01 6.674411302982731220e-01 6.928468148746411703e-01
6.610743464845039163e-01 6.634858015714881763e-01 6.674701123052770857e-01 6.936206633685658707e-01
6.601525354654660394e-01 6.633323730471766266e-01 6.673638449462624411e-01 6.937990774438232977e-01
6.594150866502357378e-01 6.634711722793669164e-01 6.670450428692187295e-01 6.936856018629241616e-01
6.592210211725435531e-01 6.638698893290074787e-01 6.670740248762225821e-01 6.942942665097368016e-01
6.584641658095440331e-01 6.637906327678182450e-01 6.668373384856901565e-01 6.944724265788475570e-01
6.585806050961595659e-01 6.644486755509031450e-01 6.664557420601376903e-01 6.945098584668129016e-01
6.583865396184673813e-01 6.653895247764027854e-01 6.661997343316024001e-01 6.946863030641794445e-01
6.579984086630829010e-01 6.668414100975909031e-01 6.659775389445719007e-01 6.950629822783442879e-01
6.573385860389295843e-01 6.687180091454903996e-01 6.657746648955440438e-01 6.953026126374779459e-01
6.567757961536222489e-01 6.690434406064361683e-01 6.653206134524816129e-01 6.953732484283564608e-01
6.564846979370839719e-01 6.696732232819211372e-01 6.648858833474218244e-01 6.954759368171782308e-01
6.563294455549302242e-01 6.700288021617299972e-01 6.644366622388599986e-01 6.954653878783815246e-01
6.555919967396999226e-01 6.697240627673795021e-01 6.639391377852915666e-01 6.953859921977889602e-01
6.550292068543926982e-01 6.699169006437225571e-01 6.633933099867166394e-01 6.952553821533020706e-01
6.548157348289312951e-01 6.715610167389699514e-01 6.629392585436542085e-01 6.949506991613727536e-01
6.546798889945467659e-01 6.718340371971447400e-01 6.624417340900856654e-01 6.947255512893866225e-01
6.539424401793165753e-01 6.713298395057643031e-01 6.619442096365173445e-01 6.944763350631659726e-01
6.534572764850861137e-01 6.715007693467457406e-01 6.617268445839874502e-01 6.946690988636061714e-01
6.528556735042403414e-01 6.718964872487273032e-01 6.616157468904722005e-01 6.945591085713576085e-01
6.528168604087019045e-01 6.719955998446601741e-01 6.614032121724429114e-01 6.946387300583471980e-01
6.527198276698558121e-01 6.725809599712166964e-01 6.610699190918971624e-01 6.944518560718185851e-01
6.521570377845484767e-01 6.721113677742475145e-01 6.607752686873566983e-01 6.942105042695684292e-01
6.517106871858565631e-01 6.720816042231817500e-01 6.605192609588215191e-01 6.940300721041212650e-01
6.516136544470103598e-01 6.724239225396826392e-01 6.602922352372901926e-01 6.940559857087852391e-01
6.512061169438568831e-01 6.725072942542198451e-01 6.600603791812582610e-01 6.941113644850289699e-01
6.510896776572416833e-01 6.728348499596863430e-01 6.597633136094673834e-01 6.940289815945067664e-01
6.508373925362417323e-01 6.729819975250923569e-01 6.595676850621905452e-01 6.940011931542090506e-01
6.506627336063188771e-01 6.735039610088326967e-01 6.594131143581692944e-01 6.939209569083417684e-01
6.503910419375497076e-01 6.740678524130930827e-01 6.592392223161454012e-01 6.940075144624771042e-01
6.502746026509345079e-01 6.745696367652143088e-01 6.590604999396207919e-01 6.938175471715566367e-01
6.502163830076267415e-01 6.751939704920923990e-01 6.589010989010989361e-01 6.937854080409506796e-01
6.500611306254729937e-01 6.748842197706215185e-01 6.587610192005796117e-01 6.936699735787181798e-01
6.500999437210113197e-01 6.751178648320605991e-01 6.587803405385822542e-01 6.937746635568342590e-01
6.504104484853190371e-01 6.758808182891025140e-01 6.586789035140683257e-01 6.937524724625485639e-01
6.508373925362417323e-01 6.765791143637895910e-01 6.587610192005797227e-01 6.939915002892516060e-01
6.513031496827029754e-01 6.768940713471855997e-01 6.588383045525902926e-01 6.939942781500090252e-01
6.516524675425487967e-01 6.773004422501093247e-01 6.589252505736022947e-01 6.940950681497056740e-01
6.517300937336257816e-01 6.775535592618738834e-01 6.589397415771042210e-01 6.943749103731171601e-01
6.518853461157795293e-01 6.778172198072730525e-01 6.592875256611521184e-01 6.947309060346830156e-01
6.522928836189330060e-01 6.782580833389281194e-01 6.596787827557057948e-01 6.949888103657542171e-01
6.526033883832405014e-01 6.788560789572338772e-01 6.600652095157589772e-01 6.954801027476500419e-01
6.526422014787789383e-01 6.789810492631995764e-01 6.604129935998066525e-01 6.958619822784291031e-01
6.530691455297017445e-01 6.793301000777893783e-01 6.608911967153725531e-01 6.963388949841691211e-01
6.533602437462399104e-01 6.801869696028481904e-01 6.615626132109648783e-01 6.968600997304712497e-01
6.538842205360089199e-01 6.805857312912202417e-01 6.623547880690738854e-01 6.976801446027747211e-01
6.541559122047777564e-01 6.820101548694116333e-01 6.628716338606448488e-01 6.980337073913849277e-01
6.543887907780086000e-01 6.823047807931562625e-01 6.634995773457312840e-01 6.984358964771002487e-01
6.547381086378543102e-01 6.826207529116310457e-01 6.642048061828282890e-01 6.989351898103919325e-01
6.551844592365463349e-01 6.832883515430780985e-01 6.649341866924284306e-01 6.994991574193151207e-01
6.553979312620077380e-01 6.837205549512460623e-01 6.657939862335466863e-01 7.001169088811649566e-01
6.560771604339303842e-01 6.844968319331470319e-01 6.668759811616954414e-01 7.010789240632026020e-01
6.565429175803916273e-01 6.858539065655044897e-01 6.676729863543050536e-01 7.017099569631635170e-01
6.574356187777756766e-01 6.865428936951767369e-01 6.688612486414684533e-01 7.025568591053560352e-01
6.583089134273903964e-01 6.869488224963270495e-01 6.698031638690978840e-01 7.032558127311161478e-01
6.591433949814667903e-01 6.880324117478462398e-01 6.710300688322665685e-01 7.041684171939279757e-01
6.597061848667740147e-01 6.884980575895771615e-01 6.722811254679387227e-01 7.051322359831023734e-01
6.604630402297735348e-01 6.897301666529889186e-01 6.734838787586040487e-01 7.061186398629735184e-01
6.611034563061577440e-01 6.904139414967764843e-01 6.744402849897356278e-01 7.067919060112453078e-01
6.618020920258494977e-01 6.911052532368695545e-01 6.756816809564062387e-01 7.077172764819765760e-01
6.624425081022337070e-01 6.924621897852151209e-01 6.770100229440888517e-01 7.086515109604045737e-01
6.628888587009257316e-01 6.929812404524723357e-01 6.780920178722376068e-01 7.094405324107539990e-01
6.634710551340021745e-01 6.932210523035848837e-01 6.791402004588817931e-01 7.100077430624857078e-01
6.639174057326941991e-01 6.933213719201116731e-01 6.804685424465644061e-01 7.108480936157458574e-01
6.648295134778473559e-01 6.942162002985929892e-01 6.816133317232219158e-01 7.115836602886336237e-01
6.657610277707699531e-01 6.948964168373272798e-01 6.828450670208912054e-01 7.120800565330576148e-01
6.667119486114614357e-01 6.962279943978499919e-01 6.838594372660306009e-01 7.126413889979208438e-01
6.676628694521531404e-01 6.970640987624955320e-01 6.846564424586403241e-01 7.130536077310916099e-01
6.684779444584602048e-01 6.973955757693662827e-01 6.859026687598116512e-01 7.136130736527594998e-01
6.700110617322284634e-01 6.987489403427491474e-01 6.870716097089724084e-01 7.143371235753064319e-01
6.707485105474587650e-01 6.991080395534132741e-01 6.880763192851104826e-01 7.148780351421020196e-01
6.715441790059966110e-01 6.997782037355085860e-01 6.893998309382924905e-01 7.155054342411830692e-01
6.723980671078422233e-01 7.001773385017601159e-01 6.908344402849897481e-01 7.163967319687818414e-01
6.732325486619185062e-01 7.011010615584921668e-01 6.922159159521796834e-01 7.171628986124336524e-01
6.742999087892254106e-01 7.017949038609399004e-01 6.936360342953749036e-01 7.179544976010947543e-01
6.748626986745327461e-01 7.020533819617553739e-01 6.949305639415529479e-01 7.187386138778469880e-01
6.755613343942246107e-01 7.025740599128179609e-01 6.960801835527109516e-01 7.193267239368719146e-01
6.765704748782239708e-01 7.034092062785040067e-01 6.975486052409130000e-01 7.201469702024884123e-01
6.775602088144540014e-01 7.045936908490499917e-01 6.985726361550537167e-01 7.205902382958506713e-01
6.788798540627607458e-01 7.055138574615927860e-01 7.000410578432556541e-01 7.214276579784117960e-01
6.796949290690678103e-01 7.060323980982345926e-01 7.011761864509118425e-01 7.220574387557885387e-01
6.806846630052980629e-01 7.068187039130191529e-01 7.026784204806183487e-01 7.229941384683477024e-01
6.817908362281432932e-01 7.074009219587540365e-01 7.041033691583141740e-01 7.238563536201009230e-01
6.827417570688349979e-01 7.083110116571060821e-01 7.057988165680473269e-01 7.249586388693365357e-01
6.836344582662190472e-01 7.092322376403482620e-01 7.075087549812824061e-01 7.260602970854482807e-01
6.843913136292184562e-01 7.096773797320343746e-01 7.088998913174737737e-01 7.269909395051760148e-01
6.854586737565253607e-01 7.105299177365749230e-01 7.103248399951695990e-01 7.279029352828465527e-01
6.862155291195248807e-01 7.113712685716906403e-01 7.117256370003622878e-01 7.285741494006404695e-01
6.871858565079858039e-01 7.129252738931803890e-01 7.128607656080184762e-01 7.293199830672473238e-01
6.881367773486773975e-01 7.135820692944405685e-01 7.140973312401884820e-01 7.302563631455503135e-01
6.893982029536764866e-01 7.146693119346851919e-01 7.154353338968724163e-01 7.311519335608747117e-01
6.906014089153680313e-01 7.157158348819945282e-01 7.168554522400676365e-01 7.319842270579909327e-01
6.921733392846745048e-01 7.166347629119660390e-01 7.184253109527833914e-01 7.329218863588484734e-01
6.930854470298277725e-01 7.175012301820162808e-01 7.196425552469507547e-01 7.336714452335771908e-01
6.941722137049041175e-01 7.184225410261843026e-01 7.208549692066175130e-01 7.344661669940378834e-01
6.947155970424421234e-01 7.187437754772701970e-01 7.220673831662842712e-01 7.351789230776332174e-01
6.954336393099030955e-01 7.192139237019050668e-01 7.235213138509841713e-01 7.359608739065027772e-01
6.959770226474412125e-01 7.195556427056873927e-01 7.244970414201183928e-01 7.366468452069261375e-01
6.969085369403636987e-01 7.203815353565679036e-01 7.254582779857505770e-01 7.373657934885786691e-01
6.978982708765938403e-01 7.212395994215327066e-01 7.265161212413959735e-01 7.380994671073766167e-01
6.984222476663626278e-01 7.216119264682284706e-01 7.275594734935394436e-01 7.389155521707904128e-01
6.995672339847464061e-01 7.222467893318340604e-01 7.287235841081994847e-01 7.398642613675030510e-01
7.000912107745151935e-01 7.225457245986175447e-01 7.298732037193575994e-01 7.406732009889034352e-01
7.008092530419763877e-01 7.230794330030551054e-01 7.310373143340176405e-01 7.415537573858679288e-01
7.015855149527450152e-01 7.237920773546888675e-01 7.321048182586644693e-01 7.424784115048255195e-01
7.025946554367443753e-01 7.246246608702250347e-01 7.336312039608743341e-01 7.438482253628532215e-01
7.039531137805894456e-01 7.255356773417531713e-01 7.348725999275449450e-01 7.449342849592024418e-01
7.047487822391274026e-01 7.261909198744416205e-01 7.357082477961598421e-01 7.458227954369099910e-01
7.058743620097420735e-01 7.269662634896674192e-01 7.370848931288491723e-01 7.469105286835471258e-01
7.067476566593569043e-01 7.275450451264495744e-01 7.385581451515518259e-01 7.483402482248604493e-01
7.074462923790487690e-01 7.281654461634119446e-01 7.397657287767178680e-01 7.494253906816708000e-01
7.083389935764325962e-01 7.288473229606322601e-01 7.413887211689409451e-01 7.510794657835934141e-01
7.089794096528168055e-01 7.292763065782286169e-01 7.425238497765969115e-01 7.522261802312819601e-01
7.101049894234313653e-01 7.302266710938440930e-01 7.435382200217365289e-01 7.531169151017926833e-01
7.108230316908923374e-01 7.307326453697909896e-01 7.444318319043594645e-01 7.540622658073952156e-01
7.115022608628152057e-01 7.312891042549940490e-01 7.453399347904842154e-01 7.550654435431671807e-01
7.118709852704301344e-01 7.316488920686290420e-01 7.461466006520951488e-01 7.559702376691574965e-01
7.127054668245065283e-01 7.322031967876416747e-01 7.472044439077405453e-01 7.571035489360180559e-01
7.132682567098138637e-01 7.327643699190423687e-01 7.482912691703902386e-01 7.582333583637450580e-01
7.138116400473519807e-01 7.336723631467505502e-01 7.493587730950368453e-01 7.595418722818114698e-01
7.145879019581207192e-01 7.342819705268021080e-01 7.502717063156623123e-01 7.606438055482931393e-01
