6.203885190863397403e-01 6.451187028689336911e-01 6.459847844463229016e-01 6.576411762130204286e-01
6.119272642589609346e-01 6.191559201698556558e-01 6.605047699553194818e-01 6.742326612582276724e-01
5.777329270896000013e-01 5.978139884782088798e-01 6.340441975606810887e-01 6.490899905158864502e-01
6.119660773544993715e-01 6.197993401622696741e-01 6.465064605723945812e-01 6.573694506886416100e-01
6.450154282054765265e-01 6.458754925044662976e-01 6.557517208066658831e-01 6.564355806459934994e-01
6.402608240020182251e-01 6.449992489298356224e-01 6.338751358531578006e-01 6.285905344076012646e-01
6.376603466009431731e-01 6.398529309916647367e-01 6.240115928028016068e-01 6.200469557925426534e-01
6.612004890450038364e-01 6.572166083651540536e-01 6.456466610312764365e-01 6.359556634164014177e-01
6.992179161249005848e-01 6.889077849695044442e-01 6.834391981644728498e-01 6.695481911025633615e-01
7.289875604028799305e-01 7.202565107912197728e-01 7.235358048544862086e-01 7.111714019549058019e-01
7.509363659298646798e-01 7.489190811229986533e-01 7.538075111701485476e-01 7.504404537734173930e-01
7.647344213937781188e-01 7.724731100910485759e-01 7.753411423741093378e-01 7.812540117012785057e-01
7.733315220555415648e-01 7.883435532390757894e-01 7.907257577587246677e-01 8.024142980656865376e-01
7.792311125773836444e-01 7.999337928399560260e-01 8.016809564062310489e-01 8.159046644264296155e-01
7.818315899784588074e-01 8.063460298178669605e-01 8.095447409733125266e-01 8.241672216484822178e-01
7.844708804750722964e-01 8.080301232577170589e-01 8.138147566718996195e-01 8.271753490209871051e-01
7.872072037105319886e-01 8.090655782211970681e-01 8.177949523004467425e-01 8.300018801844681882e-01
7.909914805255293668e-01 8.114895556179870795e-01 8.224272430865837702e-01 8.336069305155933140e-01
7.935337382832967634e-01 8.130708210723026630e-01 8.271754619007365417e-01 8.379826461198766063e-01
7.965223466397562957e-01 8.155253520061851447e-01 8.317497886728656420e-01 8.427339339208782532e-01
7.988511323720622892e-01 8.170351145201687482e-01 8.349523004468059062e-01 8.463162975121996112e-01
8.015098294164451076e-01 8.182915844218289214e-01 8.383818379422773859e-01 8.499777909435402012e-01
8.055463913524423258e-01 8.215556115057708331e-01 8.421108561767901568e-01 8.535317625304639222e-01
8.109414116322847255e-01 8.258803769622888868e-01 8.461200338123415765e-01 8.567718382546019029e-01
8.150167866638203806e-01 8.276616384435917517e-01 8.484627460451635850e-01 8.581589576071922965e-01
8.189563158609716176e-01 8.303773767364470704e-01 8.501630237893975650e-01 8.590882405030491054e-01
8.215373867142773401e-01 8.312136051498969502e-01 8.506895302499698497e-01 8.587425106173754985e-01
8.236721069688913710e-01 8.316620577750315491e-01 8.516266151430986753e-01 8.584796180834814994e-01
8.273399444972733274e-01 8.342008539699614644e-01 8.537857746648955803e-01 8.598129928547413314e-01
8.314541326243474195e-01 8.376162988776292284e-01 8.566115203477840945e-01 8.623306260794603162e-01
8.357235731335753703e-01 8.417655936498089631e-01 8.590556696051200314e-01 8.648733254724353392e-01
8.377612606493430869e-01 8.439028706776653399e-01 8.613162661514310869e-01 8.672961302880988210e-01
8.400706398338798619e-01 8.464941223963504680e-01 8.621905566960511580e-01 8.683674861656383026e-01
8.414679112732637023e-01 8.482330733132640299e-01 8.632242482791931959e-01 8.699123435301121532e-01
8.430398416425702868e-01 8.502859952637158436e-01 8.637121120637603067e-01 8.709526415546821054e-01
8.445341458207998864e-01 8.514878393026108494e-01 8.640888781548121678e-01 8.715427424708473980e-01
8.451357488016456587e-01 8.522129672541755019e-01 8.641420118343194900e-01 8.712234697471926692e-01
8.458149779735683049e-01 8.526873998850859060e-01 8.643400555488467418e-01 8.713764253862601450e-01
8.463389547633370924e-01 8.530221934556674324e-01 8.639971017992995606e-01 8.705910766152712421e-01
8.464748005977218437e-01 8.534820845574397907e-01 8.635140683492331659e-01 8.693583990773254833e-01
8.465136136932600586e-01 8.535163821570982412e-01 8.633305156382078405e-01 8.685315937931137320e-01
8.470181839352598496e-01 8.539792193939250708e-01 8.625769834561043403e-01 8.670145111406064586e-01
8.474839410817209817e-01 8.545085560939770231e-01 8.621084410095398720e-01 8.656867925691982268e-01
8.479691047759513323e-01 8.544786169587206270e-01 8.617606569254920856e-01 8.648263471329589169e-01
8.478720720371053510e-01 8.540218412932991665e-01 8.614515155174496952e-01 8.643856975538868337e-01
8.477168196549516033e-01 8.522689935305831632e-01 8.608477237048666186e-01 8.629259881994096881e-01
8.482407964447205018e-01 8.519543844547441402e-01 8.610071247433883634e-01 8.631056198882973707e-01
8.487259601389508523e-01 8.512973206272202997e-01 8.611037314334017978e-01 8.627648635411648836e-01
8.494634089541811539e-01 8.503249099664816901e-01 8.617799782634946171e-01 8.637292856792100348e-01
8.506278018203341507e-01 8.515710002165153281e-01 8.625093587730949807e-01 8.649969428047890041e-01
8.520056667119486615e-01 8.533674739412659971e-01 8.636589783842530954e-01 8.667631030715470253e-01
8.534417512468706057e-01 8.547705487837643501e-01 8.644414925733606703e-01 8.683398208515022976e-01
8.547419899474082428e-01 8.564449264106994697e-01 8.653302741214827787e-01 8.701267194898081314e-01
8.557123173358691659e-01 8.576235966122291998e-01 8.659437266030671765e-01 8.714859521680271559e-01
8.567796774631761814e-01 8.592924877263007355e-01 8.666875981161696885e-01 8.728680336450014288e-01
8.574006869917909501e-01 8.596037404236163137e-01 8.666972587851708987e-01 8.732146810064163045e-01
8.579634768770983966e-01 8.601103349108673024e-01 8.668518294891921494e-01 8.737870189357871409e-01
8.579440703293291781e-01 8.605198774243061344e-01 8.669291148412027193e-01 8.740481217059015151e-01
8.586038929534824948e-01 8.615938766543589367e-01 8.670498732037194012e-01 8.744630814548235431e-01
8.594965941508664331e-01 8.634158815109429508e-01 8.671802922352372933e-01 8.749856706319262267e-01
8.601758233227891903e-01 8.648624138693534746e-01 8.673976572877671876e-01 8.751794660111649193e-01
8.613596227367114055e-01 8.670922540204927254e-01 8.676778166888057253e-01 8.755903867571181998e-01
8.630285858448640823e-01 8.696572529136664675e-01 8.681511894698707987e-01 8.760309225368733133e-01
8.640183197810941129e-01 8.711508808715467955e-01 8.686390532544379095e-01 8.764770679491032945e-01
8.655514370548622605e-01 8.734905799269150339e-01 8.690158193454897706e-01 8.768576734809201412e-01
8.665799840866308390e-01 8.749482518628679539e-01 8.694650404540514854e-01 8.774798663775054131e-01
8.676279376661685250e-01 8.765775054080813256e-01 8.697645211930925546e-01 8.779233624771685118e-01
8.685788585068602297e-01 8.772970968951627757e-01 8.700495109286316975e-01 8.783012668730590944e-01
8.691222418443982356e-01 8.780856719243406161e-01 8.702572153121606036e-01 8.784921681162216611e-01
8.698402841118593187e-01 8.793353438262661026e-01 8.704745803646902758e-01 8.786615261965532442e-01
8.704224805449358726e-01 8.802563109406598141e-01 8.706146600652096001e-01 8.786680002522555544e-01
8.705971394748588388e-01 8.808299858088410872e-01 8.706726240792175275e-01 8.788285206172981034e-01
8.711017097168584078e-01 8.814109406049720485e-01 8.705711870547037101e-01 8.786762211955496671e-01
8.717227192454733986e-01 8.822614203679846057e-01 8.703924646781789898e-01 8.785325268393286979e-01
8.721302567486268753e-01 8.826835582789068768e-01 8.702475546431590603e-01 8.783486880198507762e-01
8.718003454365501614e-01 8.823486058621875516e-01 8.699335829006157317e-01 8.779906682131017881e-01
8.713151817423199219e-01 8.818910257078501624e-01 8.696630841685787372e-01 8.776008734050217974e-01
8.716062799588580878e-01 8.820350226089143097e-01 8.693442820915349145e-01 8.773385864812486279e-01
8.717033126977041801e-01 8.820096370399678198e-01 8.688032846274603704e-01 8.767862851557968185e-01
8.713345882900889183e-01 8.814778466961882275e-01 8.687259992754499116e-01 8.767892092992737307e-01
8.713734013856274663e-01 8.810983379999931531e-01 8.686052409129332297e-01 8.768636088830056297e-01
8.712957751945504814e-01 8.806580055424636511e-01 8.683927061949039405e-01 8.766804646770283149e-01
8.711405228123967337e-01 8.802895877361153198e-01 8.682381354908828008e-01 8.767960828451231148e-01
8.708106115003202419e-01 8.797060513664691772e-01 8.681318681318680452e-01 8.767514924273900334e-01
8.707329853092433680e-01 8.793644518836258861e-01 8.680062794348506472e-01 8.768517830845565797e-01
8.709464573347046601e-01 8.793463977359194939e-01 8.676343436782997243e-01 8.768309451855968994e-01
8.707717984047818049e-01 8.791286063118004535e-01 8.675039246467817211e-01 8.769396980136164865e-01
8.706165460226279462e-01 8.787400584210338650e-01 8.673735056152639400e-01 8.770157647954951452e-01
8.704030739971666542e-01 8.781334697541977041e-01 8.671319888902306872e-01 8.770306200379388573e-01
8.704807001882435280e-01 8.781302811724042146e-01 8.669725878517087203e-01 8.769031416643983112e-01
8.704612936404741985e-01 8.778685161777142199e-01 8.667600531336794312e-01 8.767260590117820218e-01
8.704807001882435280e-01 8.777678258997457794e-01 8.665088757396448571e-01 8.766067703872866268e-01
8.704224805449357616e-01 8.778482058170967717e-01 8.661610916555970707e-01 8.764287234459203768e-01
8.701701954239359216e-01 8.772442330993315274e-01 8.657215312160367882e-01 8.759331158978204135e-01
8.700731626850899403e-01 8.770192970762067386e-01 8.651032483999515632e-01 8.753591069471770014e-01
8.704224805449358726e-01 8.770709560543525907e-01 8.647071609708971707e-01 8.750214835232437149e-01
8.702672281627822359e-01 8.764704035012491623e-01 8.644221712353579168e-01 8.747426097051140825e-01
8.700343495895515034e-01 8.758246630655152076e-01 8.639053254437869533e-01 8.742293942352400427e-01
8.700343495895515034e-01 8.755673241993546796e-01 8.635768626977419204e-01 8.739261455742441953e-01
8.700149430417822849e-01 8.755551379130820377e-01 8.631083202511773411e-01 8.733928937302279927e-01
8.697820644685516633e-01 8.753721545766337542e-01 8.626832508151190959e-01 8.730129167843863058e-01
8.695685924430902602e-01 8.751928331917082637e-01 8.622291993720566650e-01 8.726144029781559563e-01
8.697820644685516633e-01 8.751785579260570325e-01 8.617848085979953332e-01 8.720832594556959805e-01
8.697238448252441190e-01 8.750137983110820583e-01 8.615094795314576226e-01 8.718176541532326462e-01
8.698402841118594297e-01 8.749461043005052341e-01 8.612679628064241477e-01 8.714273176457468795e-01
8.696850317297056820e-01 8.747534594748186398e-01 8.610747494263977231e-01 8.711624527567711773e-01
8.692386811310135464e-01 8.739617483891617411e-01 8.608187416978626549e-01 8.707684087906316650e-01
8.686564846979369925e-01 8.735402850531480690e-01 8.605965463108319335e-01 8.704602769989218114e-01
8.685012323157833558e-01 8.733288230231436300e-01 8.603260475787949391e-01 8.699778172297736312e-01
8.684818257680141373e-01 8.731953912572145704e-01 8.602052892162782571e-01 8.698511121142833424e-01
8.682101340992450789e-01 8.722828217816993579e-01 8.599830938292475357e-01 8.696455496392575535e-01
8.678025965960916022e-01 8.717783990965375374e-01 8.598333534597271122e-01 8.695512304611059395e-01
8.678608162393992576e-01 8.718286977156854967e-01 8.596353097451998604e-01 8.694966390729546024e-01
8.675891245706300881e-01 8.715270788244734446e-01 8.594759087066781156e-01 8.693241778264555464e-01
8.677249704050145063e-01 8.716788724083234241e-01 8.592971863301532842e-01 8.691690411011775419e-01
8.678220031438608206e-01 8.716399107091308274e-01 8.591184639536286749e-01 8.689970255805563593e-01
8.679772555260143463e-01 8.716615544621819645e-01 8.589590629151067080e-01 8.688072806707161089e-01
8.679578489782452388e-01 8.715275494841850934e-01 8.588962685665981756e-01 8.687892302968436287e-01
8.680742882648605496e-01 8.718245139611705552e-01 8.589445719116048927e-01 8.688540495105308015e-01
8.678996293349375835e-01 8.716069253696288044e-01 8.587658495350802834e-01 8.686862668252290920e-01
8.680160686215527832e-01 8.715544627481284223e-01 8.585484844825505002e-01 8.684877827479162704e-01
8.679772555260144573e-01 8.713869628513463139e-01 8.583407800990219272e-01 8.683335503583040627e-01
8.677637835005530542e-01 8.712401948549770569e-01 8.582586644125105302e-01 8.682117967929963154e-01
8.678025965960914911e-01 8.712942070337257316e-01 8.580074870184760671e-01 8.679350557714419212e-01
8.675503114750916511e-01 8.710786811199655588e-01 8.578674073179567428e-01 8.678038973002716316e-01
8.673950590929380144e-01 8.710404899041296334e-01 8.575486052409129201e-01 8.674305491885259123e-01
8.671815870674766114e-01 8.706867205553469047e-01 8.573795435333896320e-01 8.672063909613290100e-01
8.670651477808613006e-01 8.705581115861830144e-01 8.571380268083566012e-01 8.669315834864126380e-01
8.670651477808611896e-01 8.705910768470913608e-01 8.569689651008332021e-01 8.667113221264002298e-01
8.666964233732460388e-01 8.702563969264911492e-01 8.566163506822846996e-01 8.663636886496224321e-01
8.664829513477846357e-01 8.698576091441896363e-01 8.563458519502474831e-01 8.660112487911794110e-01
8.665411709910924021e-01 8.699813657127840605e-01 8.560367105422050926e-01 8.656989267904510177e-01
8.664829513477847467e-01 8.700589059806291825e-01 8.558724791691824096e-01 8.653175561477925992e-01
8.660754138446312700e-01 8.696520384080524968e-01 8.555778287646420566e-01 8.649285201449661287e-01
8.658813483669389743e-01 8.691439055458705099e-01 8.553363120396086927e-01 8.645037180709966851e-01
8.654544043160161682e-01 8.685694133763537383e-01 8.550899649800749458e-01 8.641728488371290817e-01
8.652991519338624204e-01 8.686289728639217111e-01 8.549015819345489042e-01 8.639604098413226074e-01
8.651827126472472207e-01 8.685928507345770377e-01 8.547663325685304070e-01 8.637595919351657159e-01
8.648722078829396143e-01 8.683178327244650552e-01 8.547276898925249000e-01 8.637061490570845379e-01
8.646587358574783222e-01 8.679681778555669025e-01 8.546069315300084401e-01 8.634804267726259308e-01
8.646393293097092148e-01 8.679689973768641709e-01 8.546648955440163675e-01 8.633662722653806521e-01
8.644452638320168081e-01 8.678811115275228971e-01 8.545731191885039824e-01 8.633884719787037199e-01
8.640959459721710978e-01 8.677558151080977389e-01 8.546214225335103665e-01 8.634108133766152937e-01
8.638242543034019283e-01 8.675516663103228776e-01 8.545731191885037603e-01 8.633353358014470569e-01
8.634555298957867775e-01 8.673113198104185351e-01 8.546021011955078350e-01 8.633024935948451217e-01
8.633196840614022483e-01 8.672482453585901307e-01 8.544475304914865843e-01 8.632403138326576464e-01
8.632032447747870485e-01 8.671725666904351870e-01 8.545344765124985864e-01 8.634004163357111850e-01
8.631644316792485006e-01 8.672619906020540004e-01 8.545103248399951168e-01 8.634597125863019418e-01
8.633390906091714667e-01 8.674242969519887492e-01 8.544716821639898319e-01 8.635338811148096649e-01
8.629703662015563159e-01 8.674289538448252124e-01 8.545876101920057977e-01 8.637705603303624802e-01
8.628151138194026792e-01 8.674156659412197712e-01 8.545248158434971542e-01 8.637433250748159930e-01
8.628733334627103346e-01 8.677384284690983218e-01 8.546214225335106995e-01 8.638393871748354380e-01
8.627568941760950239e-01 8.676187667142984949e-01 8.546600652095158734e-01 8.639217359910658089e-01
8.627568941760950239e-01 8.676573891581813580e-01 8.545296461779978703e-01 8.638995223170173876e-01
8.625434221506336208e-01 8.679875061586254104e-01 8.546165921990097614e-01 8.639974649013482111e-01
8.621358846474800330e-01 8.677509462210203361e-01 8.545972708610072299e-01 8.641573531723145685e-01
8.618835995264801930e-01 8.675665217822448039e-01 8.544813428329911531e-01 8.642113769356081221e-01
8.617865667876341007e-01 8.675016714713211785e-01 8.544523608259871894e-01 8.642363826885163247e-01
8.616895340487881194e-01 8.675797618643307230e-01 8.544910035019924743e-01 8.643396842804359492e-01
8.615730947621726976e-01 8.675841010353122496e-01 8.544475304914865843e-01 8.643941293447440222e-01
8.615148751188650422e-01 8.673146394655484315e-01 8.544813428329911531e-01 8.645300301011881183e-01
8.613984358322498425e-01 8.670502458083311215e-01 8.545296461779978703e-01 8.645753098239168377e-01
8.615342816666342607e-01 8.672827434418290959e-01 8.543605844704746932e-01 8.644553076596110941e-01
8.613208096411728576e-01 8.670444651354645149e-01 8.543992271464798671e-01 8.647029166241538833e-01
8.611849638067883284e-01 8.668111085348790823e-01 8.543219417944694083e-01 8.646711799058179881e-01
8.609326786857884883e-01 8.665838360169219046e-01 8.542639777804613699e-01 8.647366118361677900e-01
8.606221739214811040e-01 8.666491100214488430e-01 8.541528800869460092e-01 8.647006233726683977e-01
8.604281084437888083e-01 8.665967267216598824e-01 8.542325806062069926e-01 8.648178465422424743e-01
8.600011643928662242e-01 8.663451092249616625e-01 8.541577104214466143e-01 8.648602490780916696e-01
8.599041316540200208e-01 8.662347046269157635e-01 8.542253351044559739e-01 8.648833768609301975e-01
8.594383745075587777e-01 8.659869405087939898e-01 8.541480497524452931e-01 8.649178843006484207e-01
8.593801548642511223e-01 8.658890481013243878e-01 8.540659340659340071e-01 8.648615661533902710e-01
8.590308370044053010e-01 8.657286316591501496e-01 8.540128003864266848e-01 8.649231654033042727e-01
8.588561780744824459e-01 8.656462254714641924e-01 8.540417823934307595e-01 8.651105199094177856e-01
8.586427060490210428e-01 8.654625096857263555e-01 8.540224610554280060e-01 8.651534704492471750e-01
8.584098274757903102e-01 8.652427927389441109e-01 8.538195870064001491e-01 8.651216790716839133e-01
8.579052572337906302e-01 8.648751647009798038e-01 8.539017026929115461e-01 8.653488945755856143e-01
8.576335655650215717e-01 8.647911076300933697e-01 8.539596667069193625e-01 8.654031398364558925e-01
8.573812804440217317e-01 8.646785953129881852e-01 8.539451757034175472e-01 8.654697075944194351e-01
8.569349298453298180e-01 8.643614096402787439e-01 8.538920420239102249e-01 8.655470971457788210e-01
8.567796774631759593e-01 8.641592663050352563e-01 8.538389083444029026e-01 8.655770916411418270e-01
8.565856119854838857e-01 8.639957640468518552e-01 8.536601859678782933e-01 8.655117931030642531e-01
8.564691726988684639e-01 8.635590989393748806e-01 8.536746769713803307e-01 8.656123320795137133e-01
8.564109530555608085e-01 8.634182624504305181e-01 8.535973916193697608e-01 8.656914558233614887e-01
8.561586679345611905e-01 8.631888325688418240e-01 8.535539186088636487e-01 8.657001126945391700e-01
8.556152845970229626e-01 8.624493625141635977e-01 8.535780702813668963e-01 8.657507187968414009e-01
8.554794387626386554e-01 8.621147564530821095e-01 8.535539186088636487e-01 8.657665099216140803e-01
8.552853732849463597e-01 8.619732178591775762e-01 8.534669725878516466e-01 8.658057103229152007e-01
8.550136816161773012e-01 8.617719037115197933e-01 8.533945175703417929e-01 8.657850222592510248e-01
8.546449572085621504e-01 8.614713429502373065e-01 8.533655355633377182e-01 8.656849055555803085e-01
8.545091113741776212e-01 8.612617036037161222e-01 8.533896872358410768e-01 8.657726442268467437e-01
8.543926720875623104e-01 8.612487153557923936e-01 8.534911242603550052e-01 8.659359073935262163e-01
8.540627607754855966e-01 8.606967192426867586e-01 8.533365535563337545e-01 8.659296117547402583e-01
8.534417512468707168e-01 8.601775076882736126e-01 8.532351165318198261e-01 8.660237217646988839e-01
8.530342137437171290e-01 8.594832949987565307e-01 8.530708851587973651e-01 8.659851092614053725e-01
8.525490500494867785e-01 8.589968581473961251e-01 8.530225818137906479e-01 8.659459251127101798e-01
8.524132042151022493e-01 8.586786037381748393e-01 8.528680111097692862e-01 8.659257090261979206e-01
8.522191387374099536e-01 8.585436015323330006e-01 8.528535201062674709e-01 8.660019252239756771e-01
8.520832929030254244e-01 8.583006296650048661e-01 8.526603067262407132e-01 8.658665201273645362e-01
8.517533815909488215e-01 8.582658624939980552e-01 8.525492090327254635e-01 8.658380996460590673e-01
