6.407848007917871236e-01 6.531805937336212509e-01 6.754739765728777767e-01 6.779300054185539715e-01
6.518659395680101998e-01 6.756997900590369088e-01 6.862939258543654386e-01 6.993741570614095959e-01
6.704962254264590360e-01 6.964699458163964296e-01 7.042965825383408207e-01 7.208836419020405728e-01
6.884278755652156745e-01 7.143075115316662727e-01 7.213718149981886985e-01 7.405760959639674512e-01
7.159269537541967932e-01 7.442386201049595584e-01 7.556430382804009138e-01 7.730596496567792020e-01
7.147237477925052485e-01 7.500006377321267736e-01 7.640333293080545651e-01 7.800204879375656208e-01
7.147237477925051374e-01 7.495558517149882860e-01 7.740466127279315156e-01 7.911303441878305698e-01
7.215354460595004848e-01 7.535589387827975605e-01 7.880932254558629113e-01 8.035006769824712958e-01
7.315298181606473271e-01 7.589776123998177582e-01 7.915952179688442447e-01 8.078851368678520162e-01
7.358768848609521518e-01 7.593925005602848444e-01 7.868663204926940047e-01 8.035339545071475964e-01
7.416794426439479171e-01 7.660454223355155357e-01 7.906774544137180616e-01 8.070581854449426773e-01
7.513050903374798306e-01 7.763778004438813829e-01 8.039367226180413883e-01 8.196952483982203885e-01
7.553610588212462673e-01 7.816539014078295322e-01 8.106895302499698142e-01 8.253084903440953690e-01
7.563507927574764089e-01 7.829983961654213287e-01 8.120806665861610707e-01 8.276175523855210381e-01
7.574375594325525318e-01 7.830662076351913026e-01 8.127617437507546061e-01 8.298762772507832786e-01
7.593976207572434856e-01 7.825965269521180101e-01 8.133655355633376827e-01 8.318965087410024051e-01
7.588542374197053686e-01 7.799777950412376537e-01 8.126651370607415048e-01 8.316065956556244476e-01
7.576704380057830424e-01 7.766666786644673692e-01 8.093032242482791627e-01 8.284422193283647040e-01
7.535950629742474982e-01 7.702918345559939262e-01 8.057384373867889638e-01 8.250065234951957649e-01
7.543713248850161257e-01 7.698222412360155031e-01 8.045501750996256751e-01 8.256174899906786324e-01
7.551863998913233011e-01 7.692535649537489695e-01 8.029175220384011658e-01 8.257184752288950769e-01
7.547012361970928396e-01 7.672697073447910521e-01 8.015891800507186638e-01 8.249837765710846815e-01
7.527411748724018858e-01 7.650314629924439558e-01 7.997295012679628279e-01 8.229078498394080121e-01
7.514409361718643598e-01 7.641532919176943217e-01 7.974640743871513893e-01 8.196503150712672880e-01
7.520231326049408027e-01 7.650722507443954434e-01 7.962951334379905211e-01 8.171913788075884089e-01
7.557491897766306366e-01 7.714275008260316202e-01 7.973143340176308547e-01 8.184343116912992100e-01
7.580197558656289747e-01 7.733884425690346065e-01 7.974833957251540317e-01 8.193803569309556778e-01
7.596499058782433256e-01 7.764982821847186134e-01 7.968844342470716713e-01 8.188407268229312974e-01
7.585049195598596583e-01 7.779196692813051817e-01 7.975993237531699975e-01 8.193611487470324750e-01
7.592229618273206304e-01 7.809126530975802893e-01 7.987247916918247537e-01 8.199381318955973885e-01
7.600768499291660207e-01 7.836815589844479124e-01 8.007631928511049768e-01 8.223549285069969850e-01
7.601738826680121131e-01 7.855086988115911328e-01 8.028740490278953867e-01 8.258479916663086229e-01
7.603873546934736272e-01 7.872377705050480623e-01 8.044342470716095983e-01 8.281810187246850807e-01
7.596693124260125440e-01 7.872305251044663388e-01 8.048013524936601382e-01 8.288511180317967852e-01
7.592811814706281748e-01 7.875449539623730066e-01 8.050863422291993921e-01 8.287620306395948599e-01
7.597469386170894179e-01 7.884805606767548714e-01 8.059316507668156104e-01 8.296733332790724447e-01
7.599604106425507100e-01 7.888073897410297075e-01 8.074532061345247591e-01 8.310236393270116206e-01
7.608725183877038667e-01 7.894965549745813771e-01 8.082647023306364087e-01 8.321301240373113473e-01
7.616875933940110421e-01 7.898457538816111567e-01 8.091969568892646292e-01 8.334502974607775894e-01
7.631042713811639899e-01 7.912065040890682299e-01 8.090278951817412301e-01 8.338617694463424934e-01
7.645597624638552636e-01 7.923020975311855230e-01 8.089602704987319814e-01 8.333794969734491520e-01
7.658794077121620081e-01 7.926767630039892598e-01 8.088346818017146944e-01 8.330532515650652670e-01
7.679559083234681616e-01 7.937433698948741512e-01 8.097041420118342714e-01 8.344395313405503778e-01
7.696830910749287158e-01 7.941619682894824894e-01 8.118439801956285340e-01 8.373557209383137856e-01
7.727105125269265740e-01 7.969829905390310998e-01 8.139065330274121157e-01 8.397825319304192959e-01
7.750004851636942416e-01 7.990806624121341573e-01 8.153169907016060147e-01 8.412964892819201346e-01
7.772128316093849243e-01 8.009578868030908794e-01 8.161284868977176643e-01 8.421052652980371978e-01
7.796774631760756691e-01 8.037024424099503683e-01 8.172732761743750629e-01 8.432511709254151278e-01
7.816181179529975154e-01 8.054393597311531039e-01 8.180606206979833539e-01 8.447626524760114552e-01
7.844902870228416258e-01 8.071137851789238482e-01 8.192826953266514334e-01 8.458197216994425283e-01
7.855576471501484193e-01 8.076773411684368131e-01 8.206351889868372940e-01 8.467414840556646283e-01
7.856546798889945116e-01 8.064769631211501366e-01 8.207704383528559022e-01 8.466032708714512633e-01
7.859651846533020070e-01 8.068525704866055248e-01 8.201014370245139906e-01 8.464221010280689184e-01
7.866832269207630901e-01 8.079080049236111449e-01 8.194517570341744994e-01 8.460269052944473511e-01
7.874206757359933917e-01 8.083247498106159723e-01 8.195338727206858964e-01 8.455801149742188105e-01
7.865667876341477793e-01 8.075508557183788128e-01 8.201328341987683679e-01 8.460324534377274830e-01
7.853053620291485792e-01 8.069354869775161587e-01 8.205965463108320090e-01 8.464999742954575357e-01
7.848201983349182287e-01 8.064198848091679306e-01 8.211423741094070472e-01 8.470600102935359477e-01
7.846261328572259330e-01 8.071647418604699364e-01 8.214225335104455850e-01 8.469186052687019961e-01
7.849172310737642100e-01 8.071651024569993504e-01 8.205530733003260080e-01 8.455626623964601629e-01
7.848590114304566656e-01 8.067490750098091912e-01 8.195725153966911813e-01 8.445314286719143304e-01
7.845679132139182776e-01 8.063811554727334796e-01 8.193406593406593608e-01 8.446131280336230951e-01
7.840051233286110532e-01 8.059081578767002263e-01 8.196353097451999359e-01 8.454409124961816957e-01
7.837916513031496502e-01 8.058276889390928455e-01 8.199879241637484384e-01 8.458030687521722601e-01
7.835587727299191396e-01 8.059149835987925448e-01 8.204757879483154381e-01 8.460329086177142965e-01
7.829183566535349303e-01 8.049789023309454894e-01 8.206158676488347625e-01 8.456863127340239483e-01
7.828019173669196196e-01 8.042063147556137714e-01 8.202535925612848278e-01 8.452818554448224830e-01
7.829377632013041488e-01 8.042348622408613812e-01 8.206786619973432950e-01 8.460236487047465559e-01
7.842574084496107822e-01 8.051452367137714727e-01 8.213693998309383737e-01 8.468383616721482099e-01
7.841215626152263640e-01 8.048803150568789588e-01 8.209926337398865126e-01 8.462032322197348133e-01
7.822779405771506100e-01 8.029214627059491072e-01 8.196401400797004300e-01 8.446200570543298536e-01
7.816763375963050597e-01 8.017136160910687259e-01 8.186016181620576759e-01 8.441323601008836608e-01
7.811523608065362723e-01 8.013663043128090857e-01 8.175824175824175644e-01 8.440660960714556627e-01
7.819868423606124441e-01 8.024235166409081632e-01 8.172684458398744578e-01 8.441723678561934285e-01
7.826660715325349793e-01 8.025529350958340302e-01 8.174133558748942763e-01 8.440447919059789195e-01
7.830736090356886780e-01 8.028183125369642292e-01 8.174133558748943873e-01 8.436406437857131291e-01
7.822779405771507211e-01 8.015321957225117755e-01 8.166646540272912702e-01 8.427052086553284971e-01
7.819868423606124441e-01 8.013029657884227497e-01 8.170365897838425262e-01 8.433346647579953448e-01
7.816181179529972933e-01 8.007610968265010953e-01 8.170559111218451687e-01 8.439639072470261905e-01
7.826466649847658719e-01 8.019395180233934717e-01 8.168240550658132371e-01 8.437884753192400611e-01
7.834035203477653919e-01 8.024724544635462031e-01 8.164086462987562021e-01 8.432364748886602701e-01
7.835393661821498101e-01 8.024465743157581654e-01 8.163217002777443110e-01 8.429799146738296001e-01
7.833647072522269550e-01 8.029798977467198506e-01 8.165149136577707356e-01 8.433281938928601784e-01
7.831318286789962224e-01 8.014982487020443358e-01 8.167081270377973823e-01 8.433471534278469406e-01
7.844902870228415148e-01 8.013120772253432555e-01 8.165245743267720568e-01 8.432385615338648943e-01
7.849948572648410838e-01 8.019848900299103578e-01 8.163603429537495959e-01 8.433476469432585887e-01
7.851112965514563946e-01 8.037466047366849109e-01 8.166260113512860963e-01 8.436232071468495741e-01
7.847619786916104623e-01 8.035044636368073867e-01 8.165149136577707356e-01 8.433079983123965562e-01
7.845291001183798407e-01 8.031200474305904002e-01 8.166356720202874175e-01 8.430701406171470236e-01
7.848978245259949915e-01 8.028778938081504446e-01 8.158918005071852386e-01 8.425071935153393143e-01
7.850918900036872872e-01 8.029670217154037948e-01 8.154570704021253391e-01 8.424884577337066194e-01
7.861980632265325175e-01 8.043762781261232231e-01 8.154232580606206593e-01 8.427117106688988279e-01
7.866832269207630901e-01 8.053464069151879956e-01 8.162637362637363836e-01 8.434314455275959688e-01
7.880222787168390530e-01 8.073866592937550823e-01 8.173698828643883862e-01 8.440985718253108949e-01
7.874594888315318286e-01 8.074991764337264843e-01 8.179688443424707467e-01 8.444500382608919331e-01
7.866250072774554347e-01 8.068496460562246675e-01 8.174713198889023147e-01 8.442502023677856959e-01
7.868384793029168378e-01 8.068708187639959117e-01 8.167902427243086683e-01 8.437776210015947020e-01
7.878282132391467574e-01 8.076129137551758541e-01 8.163893249607536706e-01 8.433605418173188983e-01
7.887209144365308067e-01 8.073798585170852693e-01 8.169786257698345988e-01 8.438075216347709073e-01
7.880610918123774900e-01 8.073035315098089360e-01 8.178094433039488909e-01 8.443151400597296297e-01
7.874594888315318286e-01 8.085186131983550517e-01 8.187948315420843226e-01 8.453097969190035421e-01
7.872266102583012071e-01 8.079990444229736557e-01 8.191667672986354676e-01 8.458604722214519978e-01
7.876341477614546838e-01 8.087155302165964788e-01 8.182876464195144584e-01 8.454535758419482461e-01
7.881969376467619082e-01 8.093367173318096741e-01 8.171621784808600353e-01 8.444955336820952896e-01
7.881193114556851453e-01 8.092339062314078957e-01 8.169158314213258443e-01 8.440912218509100118e-01
7.875177084748393730e-01 8.084367185406365897e-01 8.180219780219779580e-01 8.451541888448967921e-01
7.871877971627627701e-01 8.081474758094147059e-01 8.188721168940948925e-01 8.451921903903094613e-01
7.864503483475324686e-01 8.084228454107139639e-01 8.180026566839753155e-01 8.444013762675841583e-01
7.864309417997632501e-01 8.086628198222656216e-01 8.165873686752807004e-01 8.433103269971559124e-01
7.875177084748393730e-01 8.095612070317724784e-01 8.167081270377973823e-01 8.438137416893448650e-01
7.873818626404548437e-01 8.093401104133014501e-01 8.181040937084892439e-01 8.444687164570479077e-01
7.867802596596091824e-01 8.090136720964721251e-01 8.192778649921508283e-01 8.455518045916317060e-01
7.862950959653787208e-01 8.095322981108414861e-01 8.189494022461055733e-01 8.452127200643122507e-01
7.859845912010712254e-01 8.093579899962546342e-01 8.181475667189953560e-01 8.451103645773738737e-01
7.865085679908401239e-01 8.096041265368808526e-01 8.189445719116048572e-01 8.454656291460620476e-01
7.870713578761474594e-01 8.108686282923120991e-01 8.196304794106992198e-01 8.451879678357299142e-01
7.872848299016088625e-01 8.108279052818569976e-01 8.203501992512980401e-01 8.450631065632410177e-01
7.870713578761473483e-01 8.114190593553951558e-01 8.209829730708850803e-01 8.462816761715535874e-01
7.855964602456870782e-01 8.097194371643197108e-01 8.206062069798333303e-01 8.469554683563557118e-01
7.860039977488403329e-01 8.106506770464418921e-01 8.200410578432556497e-01 8.459026877132413968e-01
7.865861941819168868e-01 8.115585099615286735e-01 8.204323149378094371e-01 8.453962166574749970e-01
7.862756894176095024e-01 8.115271855531749345e-01 8.220697983335345516e-01 8.468349900397863506e-01
7.858875584622252441e-01 8.109190575222448016e-01 8.228812945296460901e-01 8.479281869010312223e-01
7.864309417997631391e-01 8.117352376708927286e-01 8.217944692669967299e-01 8.476024202422223208e-01
7.869549185895321486e-01 8.119904362198595571e-01 8.208332327013645457e-01 8.467461772812113763e-01
7.863921287042248132e-01 8.116065499642342029e-01 8.216592199009781217e-01 8.466545711592535772e-01
7.855382406023793118e-01 8.113777002477406963e-01 8.226107957976089846e-01 8.472106952550673142e-01
7.859457781055327885e-01 8.115114788604884666e-01 8.237266030672623085e-01 8.488846280513842046e-01
7.868772923984552747e-01 8.124924351010380796e-01 8.231276415891801701e-01 8.495290618681735628e-01
7.879640590735313976e-01 8.129160841158209472e-01 8.223789397415771640e-01 8.485961180519204783e-01
7.887791340798384621e-01 8.132401002707987381e-01 8.225866441251055150e-01 8.483946067029459748e-01
7.880028721690699456e-01 8.126990647569197757e-01 8.234657650042265242e-01 8.489349476435673614e-01
7.882939703856080005e-01 8.134535191229449458e-01 8.244994565873686732e-01 8.501870349886392342e-01
7.883133769333773300e-01 8.131525378113262370e-01 8.243545465523487437e-01 8.505134018145263930e-01
7.893225174173765790e-01 8.136794843004517830e-01 8.240260838063037108e-01 8.504906240950488305e-01
7.897494614682993852e-01 8.139144583519744014e-01 8.237555850742663832e-01 8.498242604283132717e-01
7.908362281433756191e-01 8.144778465353085251e-01 8.242192971863300244e-01 8.493370131972850512e-01
7.912437656465292068e-01 8.148553041557704546e-01 8.258133075715492488e-01 8.502219848764556165e-01
7.901958120669914098e-01 8.142504167596926745e-01 8.257891558990460013e-01 8.509484865054974811e-01
7.897494614682993852e-01 8.143112072149749636e-01 8.250839270619489962e-01 8.511601876189431870e-01
7.897494614682993852e-01 8.136201955953701326e-01 8.236299963772492072e-01 8.494041283127167219e-01
7.907974150478370712e-01 8.148292891968784701e-01 8.240647264823088847e-01 8.484607964991737195e-01
7.910885132643752371e-01 8.154592077340234724e-01 8.251708730829609983e-01 8.486600167270530459e-01
7.906033495701448865e-01 8.149878534197347868e-01 8.264364207221350789e-01 8.504980013874821054e-01
7.914960507675288248e-01 8.160919853769068588e-01 8.256925492090327889e-01 8.508382581961921876e-01
7.912825787420674217e-01 8.143314002678652130e-01 8.251805337519624306e-01 8.500459354371696641e-01
7.907391954045295268e-01 8.146265333613759152e-01 8.257022098780341102e-01 8.501043753874911735e-01
7.915736769586058097e-01 8.151037645994692049e-01 8.262963410216157545e-01 8.504704494285454386e-01
7.927574763725280249e-01 8.162657535889479288e-01 8.274894336432797592e-01 8.518446484075792302e-01
7.927574763725282470e-01 8.167791358994331841e-01 8.279628064243449437e-01 8.521998857188911591e-01
7.908168215956064007e-01 8.151443436321770264e-01 8.282960995048906927e-01 8.525929468651118892e-01
7.913213918376060807e-01 8.152852629464406586e-01 8.285134645574205869e-01 8.527357661066985450e-01
7.926798501814512621e-01 8.157739980270869440e-01 8.286632049269412326e-01 8.532254782600448006e-01
7.939800888819885660e-01 8.161488749205358939e-01 8.289964980074869816e-01 8.540232902371327484e-01
7.939218692386810217e-01 8.155608277225518954e-01 8.294457191160486964e-01 8.541146981597617094e-01
7.942323740029886281e-01 8.158740987442840709e-01 8.295519864750635630e-01 8.537861327254170352e-01
7.940771216208349914e-01 8.160634443369840785e-01 8.299046008936118435e-01 8.536397585432937696e-01
7.943294067418346094e-01 8.160711315210442685e-01 8.300784929356358477e-01 8.541407244343399707e-01
7.948727900793727263e-01 8.165465185971403361e-01 8.294505494505495236e-01 8.539264341753511900e-01
7.946593180539113233e-01 8.163713691306998532e-01 8.294747011230526601e-01 8.540874412531886950e-01
7.940189019775272250e-01 8.153132122851686203e-01 8.297162178480859129e-01 8.542372805096950517e-01
7.940383085252964435e-01 8.151798441036833820e-01 8.305228837096968464e-01 8.542269051018850368e-01
7.951056686526034589e-01 8.172822762200316893e-01 8.305035623716943149e-01 8.541659676421902159e-01
7.964835335442177477e-01 8.182895395401192928e-01 8.296292718270740219e-01 8.539260577472831404e-01
7.956102388946030279e-01 8.176744564244282643e-01 8.292090327255161597e-01 8.537123644977079318e-01
7.941159347163733173e-01 8.173154576888235212e-01 8.291655597150102697e-01 8.536708436009807777e-01
7.945234722195267940e-01 8.161907235306284925e-01 8.298611278831059535e-01 8.538097333999742355e-01
7.956296454423723574e-01 8.173976893725458659e-01 8.296051201545706633e-01 8.539052827990663008e-01
7.965611597352946216e-01 8.179687884215144367e-01 8.289192126554763007e-01 8.537482443837980384e-01
7.967940383085252432e-01 8.190236317502694874e-01 8.278227267238257303e-01 8.524115231270064097e-01
7.955520192512954836e-01 8.187474252566573352e-01 8.280932254558628358e-01 8.528352707915509701e-01
7.957460847289876682e-01 8.180466379138908728e-01 8.282429658253835925e-01 8.531999932342290149e-01
7.969298841429097724e-01 8.179979918311347520e-01 8.285714285714286254e-01 8.536209806375310016e-01
7.971239496206019570e-01 8.189858874596791516e-01 8.277840840478203344e-01 8.525059269479180468e-01
7.973568281938325786e-01 8.182425228567244968e-01 8.275522279917884028e-01 8.527250205663541305e-01
7.975897067670632001e-01 8.185922317171747675e-01 8.280111097693514388e-01 8.538449581003317856e-01
7.968522579518328985e-01 8.182843103089059156e-01 8.283250815118946564e-01 8.536569860454110703e-01
7.966775990219099324e-01 8.185012525632695546e-01 8.284120275329065475e-01 8.532238585434857026e-01
7.976673329581400740e-01 8.184171886282831654e-01 8.280449221108562297e-01 8.528455282894218392e-01
7.982883424867550648e-01 8.189481599643633203e-01 8.280159401038520439e-01 8.534799530971977077e-01
7.975897067670632001e-01 8.185791731508385016e-01 8.276391740128002938e-01 8.537511025527169117e-01
7.964447204486794218e-01 8.186682458931836548e-01 8.274314696292717208e-01 8.535746261870442719e-01
7.974150478371402340e-01 8.188294685479022839e-01 8.277599323753168647e-01 8.532003635358704763e-01
7.990840109452929108e-01 8.190440354038424076e-01 8.279483154208429063e-01 8.527939603828724735e-01
7.982495293912166279e-01 8.190095494178899482e-01 8.278468783963289779e-01 8.527807873111823422e-01
7.979584311746782399e-01 8.195113733307539672e-01 8.271319888902305406e-01 8.527450433164104338e-01
7.982689359389857353e-01 8.200257591457423834e-01 8.268904721651973988e-01 8.528535301289834614e-01
7.994139222573695136e-01 8.204750412070421772e-01 8.270885158797246506e-01 8.528588592688959302e-01
7.985794407032933417e-01 8.200804777894340480e-01 8.269484361792054372e-01 8.525091213465385565e-01
7.980942770090628802e-01 8.206124344524130532e-01 8.268373384856900765e-01 8.525389580831197467e-01
7.987346930854470894e-01 8.209497715144411512e-01 8.264412510566355730e-01 8.523248057289104507e-01
7.998796794038307567e-01 8.213937419089726300e-01 8.264943847361430063e-01 8.525607880932739580e-01
8.001319645248308188e-01 8.215431656985707765e-01 8.268518294891920029e-01 8.522252982993716586e-01
8.002289972636766890e-01 8.213546676562438753e-01 8.263156623596183969e-01 8.517059962779328641e-01
8.005200954802150770e-01 8.215557703467826212e-01 8.258664412510566821e-01 8.514021922571834988e-01
7.990451978497545849e-01 8.203332353641806796e-01 8.263108320251176808e-01 8.518056144272704300e-01
7.982301228434474094e-01 8.203917697626889050e-01 8.267407317956768642e-01 8.522688946350667205e-01
7.984630014166780310e-01 8.206359447415602082e-01 8.263784567081270405e-01 8.511996473084819659e-01
8.000737448815229413e-01 8.212465863701388091e-01 8.257650042265427537e-01 8.504394048960480790e-01
7.994333288051388431e-01 8.213147637260425071e-01 8.254631083202510489e-01 8.505441721657766019e-01
