6.344316095360638119e-01 6.194012560052649663e-01 5.667215162982619514e-01 5.410450686635566164e-01
6.350966473420173175e-01 6.215273681680033580e-01 5.677909040827568976e-01 5.426108967730868260e-01
6.351111046856249276e-01 6.214817118192500489e-01 5.688566912349808380e-01 5.444725246949777553e-01
6.346340123465714633e-01 6.212060373730641238e-01 5.698288619481580719e-01 5.461829443552532748e-01
6.340990906330871146e-01 6.222848001309772004e-01 5.705705921959896010e-01 5.481156219351960290e-01
6.338388584481488008e-01 6.226833347119158368e-01 5.713483287665312993e-01 5.499518713487098198e-01
6.334918822015642714e-01 6.233326473730244066e-01 5.724213171832973623e-01 5.520610903452218832e-01
6.337087423556796439e-01 6.242521267814220565e-01 5.734438967482688998e-01 5.542213844658491206e-01
6.332027353294105154e-01 6.244650703080688592e-01 5.745168851650349628e-01 5.565551144097551362e-01
6.334774248579566613e-01 6.258180247269806706e-01 5.754062413359786188e-01 5.588568193327076994e-01
6.339689745406179577e-01 6.275199202768055873e-01 5.762487892873988660e-01 5.609692170084759066e-01
6.339400598534026265e-01 6.283057508984812856e-01 5.771597492519686678e-01 5.632452311268334455e-01
6.328991311136491493e-01 6.278389190117200647e-01 5.779734921452207574e-01 5.662686409473773885e-01
6.323931240873801318e-01 6.273200430844191322e-01 5.789168578002297227e-01 5.682748201636623753e-01
6.322196359640879226e-01 6.276509139611050614e-01 5.797594057516499699e-01 5.709144644979599059e-01
6.317570009686420685e-01 6.281572644895170310e-01 5.808828030202103365e-01 5.738897429861986588e-01
6.316847142506035739e-01 6.290872833687785048e-01 5.819755949144669316e-01 5.767764040604874687e-01
6.318871170611111143e-01 6.300606835092508184e-01 5.831367988218730813e-01 5.786564734613157679e-01
6.314823114400960336e-01 6.309537961210357482e-01 5.843718156908352945e-01 5.807610768573828741e-01
6.316413422197806327e-01 6.326461257216243750e-01 5.855420211789189588e-01 5.833244832929765922e-01
6.319304890919341666e-01 6.337930931953130731e-01 5.869102614419091646e-01 5.863950112310348795e-01
6.324220387745955740e-01 6.355539986648364170e-01 5.884801371120769176e-01 5.890839111860979305e-01
6.328557590828262081e-01 6.366035068841355837e-01 5.900032045627212618e-01 5.917843198129358884e-01
6.337521143865025852e-01 6.376371101362321436e-01 5.917279074205430422e-01 5.944498259231898452e-01
6.348075004698636725e-01 6.391952216834698719e-01 5.935894343046639321e-01 5.977588912201649007e-01
6.357472278043632130e-01 6.406347616047033400e-01 5.952205207234390061e-01 5.998909390016131660e-01
6.368170712313319104e-01 6.421802957449842530e-01 5.970748463430177733e-01 6.025958683429331053e-01
6.382628055921005794e-01 6.443140899504455898e-01 5.989291719625966515e-01 6.048548480130792049e-01
6.396507105784383640e-01 6.459737178659363810e-01 6.009599285634557031e-01 6.072807578656762573e-01
6.414289638421835082e-01 6.477892481484071041e-01 6.029762826352307314e-01 6.096964428229911803e-01
6.430771010134598287e-01 6.492997027120082087e-01 6.051114575719496180e-01 6.116924749623415813e-01
6.452312452110049446e-01 6.516256732463927559e-01 6.073294470509020826e-01 6.141511913219128704e-01
6.469805837875348686e-01 6.529528274226912288e-01 6.096914618206956682e-01 6.166502741257040565e-01
6.490768986106492111e-01 6.550919791872666931e-01 6.121362911327229428e-01 6.194941809534652011e-01
6.514912749931327518e-01 6.583439028258861736e-01 6.145307115929556918e-01 6.222140556411770440e-01
6.536165045034624255e-01 6.608994066416875590e-01 6.169539371113568205e-01 6.248639061348171264e-01
6.561754543220228442e-01 6.631618125322129575e-01 6.197192226955052785e-01 6.279379881797201302e-01
6.586187453917217161e-01 6.662764326177549323e-01 6.222972754015605457e-01 6.305198403777181326e-01
6.609391490407551251e-01 6.683255839634423268e-01 6.250949666761482781e-01 6.334056506290597355e-01
6.633318394078272506e-01 6.706614988555414936e-01 6.277414313953529890e-01 6.362281407780445708e-01
6.656160996978415234e-01 6.727053988944355911e-01 6.301538550169409891e-01 6.389712105131547526e-01
6.681316774855788898e-01 6.758920460292276999e-01 6.329011374397344181e-01 6.419481227867440687e-01
6.704448524628084938e-01 6.794940741498923797e-01 6.355800078493782923e-01 6.445183563430377793e-01
6.729170582197228079e-01 6.821229668918270539e-01 6.383921016530502701e-01 6.473774709521736836e-01
6.747965128887218889e-01 6.838220473512102160e-01 6.410133619463577181e-01 6.502601902799851619e-01
6.773410053636744754e-01 6.862423588102536387e-01 6.437786475305062872e-01 6.533753548355543117e-01
6.800011565874886088e-01 6.885713806276112514e-01 6.461874705198232816e-01 6.557832871079801729e-01
6.822420448466799403e-01 6.909077378989070262e-01 6.488699415617382726e-01 6.589140263722843560e-01
6.845985918547325966e-01 6.931418297756957170e-01 6.513723809901018624e-01 6.614477375062550735e-01
6.868105654267084859e-01 6.955030680909675134e-01 6.540080438124934448e-01 6.644200254367474967e-01
6.886321907212769045e-01 6.974691931990739668e-01 6.564528731245207194e-01 6.667591335023390631e-01
6.902947852361608350e-01 6.992696678684217071e-01 6.591929542827721367e-01 6.698126510388355825e-01
6.922465266231981884e-01 7.018141551879621964e-01 6.617277994015748899e-01 6.727709076574177605e-01
6.940536945741589969e-01 7.036349517012467913e-01 6.641006160681814929e-01 6.751549324248242723e-01
6.963524122077811018e-01 7.066409102676254328e-01 6.666030554965451937e-01 6.781952786466970418e-01
6.980583787534878626e-01 7.085091404211317778e-01 6.688246456077686641e-01 6.806773129507540654e-01
6.999089187352716124e-01 7.104057217123040946e-01 6.709814243381138077e-01 6.831559692412954021e-01
7.020630629328167283e-01 7.127523219286873157e-01 6.732858289915708561e-01 6.858607897067169334e-01
7.033208518266853559e-01 7.143688294934479321e-01 6.756442431290934358e-01 6.882680895331467763e-01
7.052870505573305415e-01 7.168890750534275824e-01 6.778730345048591399e-01 6.904604514027095075e-01
7.069785597594298032e-01 7.193707061897577359e-01 6.800730208224563533e-01 6.927593984872637556e-01
7.089158438028596576e-01 7.213559425258053714e-01 6.821469850105678079e-01 6.950967486932904116e-01
7.105495236305281459e-01 7.233744721897962249e-01 6.843937795476885411e-01 6.974394278937298131e-01
7.123277768942735122e-01 7.255093511204713241e-01 6.866189702911831283e-01 6.997451215928047752e-01
7.143228903121341400e-01 7.277003092151836938e-01 6.888333591378644760e-01 7.023102888686953982e-01
7.162529456837599673e-01 7.297057142232039606e-01 6.909325277518731934e-01 7.043764423125737917e-01
7.178793968396246505e-01 7.314076532050211021e-01 6.931397153340126405e-01 7.067674480129335635e-01
7.198600529138776682e-01 7.335094314743800803e-01 6.955341357942455005e-01 7.094192829259579058e-01
7.214503607107231042e-01 7.352679006902965719e-01 6.978313391831606483e-01 7.119792951370811362e-01
7.231996992872529173e-01 7.372673671175365984e-01 6.999485109585242837e-01 7.139671584174827057e-01
7.249345805201752313e-01 7.391132437283994827e-01 7.020656827338880301e-01 7.161897573578095422e-01
7.268718645636051967e-01 7.411552783873009975e-01 7.041036405992892044e-01 7.179698440760664546e-01
7.287946912634273300e-01 7.432932204821366406e-01 7.062388155360082020e-01 7.200442817197518774e-01
7.307319753068571844e-01 7.454580859336201737e-01 7.084784088085868126e-01 7.222184692377836557e-01
7.326837166938946488e-01 7.471240718915059809e-01 7.104443540285674263e-01 7.239512049819073480e-01
7.344330552704246839e-01 7.488664708994307029e-01 7.123310853385854680e-01 7.256873072412798331e-01
7.361968511905623291e-01 7.505339540914419683e-01 7.144338545848650801e-01 7.275174738518449535e-01
7.380618485159538000e-01 7.525177075520326220e-01 7.165582276247709492e-01 7.293791895196239938e-01
7.395654122511529094e-01 7.542435628475749887e-01 7.184989684188543002e-01 7.306754165805557921e-01
7.413002934840753344e-01 7.559412445137778658e-01 7.204505111097507797e-01 7.324039712741569064e-01
7.429628879989591539e-01 7.574879339766293906e-01 7.223516449488529556e-01 7.342704873900776086e-01
7.446543972010583046e-01 7.591213534665925966e-01 7.241699642457214425e-01 7.360934203697748757e-01
7.465193945264497755e-01 7.609155698858398598e-01 7.260891012461788696e-01 7.377164708109671398e-01
7.481386170105105426e-01 7.624774175832356171e-01 7.278930180139632222e-01 7.392985575592294634e-01
7.499602423050788502e-01 7.644272368277196250e-01 7.298679648146213506e-01 7.410010769826425037e-01
7.520710144718010248e-01 7.667844850761461606e-01 7.317168894857937200e-01 7.427444866799169931e-01
7.535456635197848030e-01 7.685423431601121624e-01 7.336684321766901995e-01 7.443115676995754049e-01
7.553672888143532216e-01 7.704662611460977306e-01 7.353823331376989625e-01 7.463380299635222759e-01
7.570587980164523723e-01 7.722593450399938275e-01 7.370458252469133109e-01 7.480068893421737419e-01
7.586780205005132505e-01 7.739067140464208627e-01 7.388173363242585001e-01 7.496312365476752726e-01
7.603984443898278434e-01 7.753673811598840171e-01 7.405564417111645259e-01 7.512185009797172075e-01
7.618586360942040114e-01 7.767795965584225470e-01 7.420291003100143445e-01 7.524433180583445235e-01
7.633043704549724584e-01 7.782334630836862388e-01 7.434855560636447480e-01 7.538795026206848160e-01
7.650247943442871623e-01 7.801493389571100279e-01 7.448483953782283340e-01 7.550180951816232167e-01
7.662536685509404588e-01 7.815171148899416886e-01 7.462130350089475339e-01 7.563438174021093197e-01
7.678150616605705636e-01 7.831923264063460621e-01 7.477325018273208723e-01 7.578597279387828678e-01
7.696800589859618125e-01 7.852495913813940520e-01 7.491151446193951013e-01 7.592827818340612822e-01
7.708221891309690044e-01 7.866495578652523690e-01 7.505121899405535757e-01 7.604942951278804708e-01
7.722823808353453945e-01 7.879640441417329333e-01 7.519740466425903769e-01 7.618196021950549568e-01
7.736413711344678479e-01 7.895856717430000948e-01 7.533386862733095768e-01 7.630501087401989624e-01
7.751593922132747894e-01 7.912114702989754278e-01 7.546817221104027418e-01 7.642965666345927778e-01
7.762726076710665390e-01 7.923303347234798011e-01 7.558015187466918805e-01 7.653847093028091075e-01
7.777183420318350970e-01 7.939898149996751364e-01 7.568312995762054296e-01 7.668276706680346999e-01
7.789761309257038358e-01 7.949923501244593460e-01 7.579582974770370241e-01 7.679958824578952958e-01
7.800604316962801432e-01 7.961392742656476784e-01 7.590960972746815250e-01 7.691821253417370219e-01
7.809134149691334681e-01 7.972576651074928522e-01 7.602266958077839032e-01 7.703925219458256368e-01
7.818531423036331196e-01 7.981348185283133612e-01 7.612024671532320319e-01 7.713858890409457381e-01
7.828506990125634335e-01 7.992864285669631919e-01 7.620486157369235070e-01 7.722350415918910471e-01
7.839783718139629043e-01 8.004826772890174524e-01 7.630783965664371671e-01 7.733360957204655772e-01
7.851060446153623751e-01 8.013304685852783438e-01 7.641117780282218330e-01 7.744770444285564714e-01
7.856409663288468348e-01 8.018639581432792651e-01 7.651127537995672245e-01 7.755515041206126892e-01
7.865228642889156019e-01 8.027447356614176854e-01 7.659625030155294834e-01 7.762912850015257771e-01
7.872746461565152121e-01 8.035113749982764064e-01 7.670408923807020551e-01 7.773011552945522373e-01
7.883589469270916306e-01 8.046336504448100557e-01 7.680544703649960780e-01 7.781567643718974026e-01
7.891830155127297353e-01 8.054971321437749410e-01 7.689078202132295647e-01 7.791548030807520231e-01
7.898769680058985720e-01 8.060686396413960786e-01 7.696351479319767375e-01 7.799473734762807364e-01
7.906721219043212345e-01 8.069891897966081640e-01 7.704812965156682125e-01 7.808316820333751629e-01
7.916985933004669906e-01 8.079457860677605741e-01 7.714714703902005866e-01 7.819589186919432278e-01
7.925082045424972632e-01 8.089038153291543409e-01 7.723284208707048570e-01 7.827973538600826453e-01
7.933756451589584202e-01 8.099853146248776614e-01 7.731277612348729233e-01 7.835564635339429262e-01
7.942141710882043570e-01 8.106870659492768638e-01 7.737902775727418803e-01 7.841424374223930904e-01
7.948792088941578626e-01 8.114267711546273576e-01 7.746400267887041391e-01 7.849500762273318166e-01
7.957466495106189086e-01 8.122460162662443750e-01 7.755041785337505322e-01 7.857969971653508967e-01
7.964984313782186298e-01 8.129468835558141260e-01 7.760190689485073623e-01 7.863642954686538289e-01
7.973080426202489024e-01 8.138034032479328772e-01 7.767716010931519088e-01 7.872135937712667619e-01
7.978863363645565254e-01 8.144830243615439613e-01 7.775241332377964554e-01 7.878479375935769635e-01
7.985224594832945888e-01 8.151811716431195398e-01 7.783126717051513932e-01 7.885975332056577303e-01
7.987537769810175714e-01 8.156662998228921824e-01 7.790147949980016362e-01 7.894662672633456779e-01
7.992019546328559265e-01 8.160511887014505472e-01 7.794936790900481860e-01 7.900481449477818607e-01
7.998380777515938789e-01 8.164995192227149090e-01 7.799797644466368585e-01 7.906406689338602023e-01
8.003007127470398441e-01 8.168213897381413346e-01 7.806854883717579963e-01 7.912295113651849343e-01
8.009368358657780185e-01 8.175103295012017268e-01 7.813155990191877898e-01 7.919743664744944844e-01
8.015729589845163039e-01 8.181067951020752904e-01 7.818340900662155146e-01 7.925014254442713790e-01
8.019633072619237746e-01 8.184712485878924415e-01 7.824353956554772616e-01 7.930321910899592597e-01
8.024114849137620187e-01 8.188983055592492510e-01 7.830439025092805760e-01 7.937052403230446807e-01
8.027006317859155526e-01 8.193370131661508182e-01 7.835335884981403654e-01 7.941835300738925296e-01
8.027729185039540472e-01 8.195063974894118974e-01 7.840052713256447925e-01 7.948116700878830043e-01
8.031343520941461867e-01 8.199105028663044026e-01 7.845165611081306167e-01 7.954589224809360815e-01
8.035825297459845418e-01 8.201219670730988121e-01 7.851538730201024219e-01 7.961689537364384783e-01
8.037993899000996922e-01 8.203110727827849225e-01 7.855319394085602536e-01 7.966005179738219200e-01
8.043921409880148143e-01 8.207808976122333844e-01 7.861620500559898250e-01 7.972753151727903775e-01
8.047680319218146749e-01 8.211261534243136095e-01 7.866553366771206202e-01 7.979388910489046971e-01
8.048692333270686117e-01 8.211742410695294092e-01 7.872458403695687945e-01 7.985286259175035095e-01
8.053029536352991347e-01 8.213985207008096534e-01 7.877499288875127181e-01 7.991250100400580925e-01
8.055776431638449475e-01 8.216308270854769669e-01 7.883368319476899977e-01 7.998697745857745733e-01
8.058812473796065357e-01 8.219522073509799576e-01 7.888337192010916876e-01 8.004799851999445659e-01
8.064450837803063266e-01 8.223298098703418768e-01 7.892189868540915310e-01 8.009803172226191981e-01
8.068065173704982440e-01 8.227541010428442991e-01 7.897410785333904837e-01 8.015585694757703106e-01
8.070956642426520000e-01 8.229958128280604468e-01 7.902559689481473137e-01 8.020395218373813639e-01
8.071968656479058257e-01 8.229704185339742351e-01 7.908284694792404590e-01 8.026744291782148544e-01
8.076161286125287386e-01 8.233662946866283638e-01 7.913649636876235460e-01 8.033097288984808459e-01
8.080787636079744818e-01 8.236946243881867469e-01 7.920706876127449059e-01 8.042212044446104269e-01
8.083389957929129066e-01 8.238326393650516888e-01 7.926287856147540278e-01 8.048898396189577698e-01
8.085269412598129479e-01 8.239289882313405311e-01 7.930968678099874491e-01 8.053556500141809682e-01
8.087438014139282094e-01 8.241116067555080971e-01 7.935433462115947245e-01 8.058981277677755850e-01
8.091341496913356801e-01 8.243427912687535386e-01 7.940978435813327296e-01 8.065062720753759518e-01
8.095534126559584820e-01 8.247686083122984790e-01 7.945047150279589410e-01 8.069368286107536647e-01
8.097124434356430811e-01 8.248687466717841144e-01 7.950448098686129228e-01 8.076292434527269082e-01
8.099293035897583426e-01 8.250268148926238609e-01 7.954516813152390231e-01 8.082736168663214871e-01
8.102618224927352619e-01 8.252269628662799450e-01 7.957829394841733350e-01 8.087943386965081860e-01
8.104642253032429133e-01 8.254015920931759842e-01 7.962294178857807214e-01 8.094057224202457768e-01
8.106087987393196803e-01 8.256628665881445839e-01 7.967983177846029719e-01 8.100491928503628092e-01
8.109268602986886565e-01 8.259616005269219130e-01 7.971439784826215291e-01 8.104506177400450095e-01
8.110280617039424822e-01 8.258117263625379678e-01 7.975544505615186353e-01 8.111068259992583185e-01
8.113027512324886281e-01 8.261380813544383361e-01 7.979541207436025019e-01 8.116235173221933996e-01
8.113605806069192905e-01 8.261898534403924188e-01 7.983465896611445789e-01 8.122822365010480272e-01
8.115340687302113887e-01 8.263272110361880030e-01 7.987642630045835856e-01 8.127149616401443399e-01
8.115196113866036676e-01 8.262321069600685464e-01 7.992467477289012523e-01 8.133311998793488762e-01
8.116930995098959878e-01 8.266020808149747712e-01 7.995888077946488037e-01 8.138487041962731983e-01
8.117220141971114300e-01 8.265497938472265993e-01 7.999956792412749040e-01 8.144158235758108821e-01
8.118955023204035282e-01 8.267287942720169536e-01 8.005033683914896114e-01 8.152052506006290944e-01
8.119533316948344126e-01 8.268869847304417542e-01 8.008814347799473321e-01 8.156394213046676001e-01
8.121268198181265108e-01 8.269215047844702404e-01 8.012270954779660004e-01 8.160768511490930077e-01
8.122569359105956677e-01 8.271329065490492516e-01 8.015007435305639971e-01 8.165505054568252818e-01
8.124882534083186503e-01 8.274048950255578072e-01 8.018320016994984201e-01 8.170315418149989295e-01
8.125605401263572558e-01 8.275710374390738977e-01 8.021020491198254110e-01 8.175282309305162975e-01
8.127051135624341338e-01 8.276819383621800696e-01 8.024909174050962601e-01 8.181098680456626582e-01
8.127774002804724063e-01 8.277682863554791659e-01 8.027825686190495080e-01 8.185745201415910444e-01
8.129219737165493953e-01 8.278654735729682468e-01 8.030670185684606333e-01 8.189241388293910795e-01
8.128641443421186219e-01 8.279124125489758512e-01 8.033694716792270096e-01 8.192840059343922121e-01
8.129653457473724476e-01 8.280841726569494465e-01 8.036791260545352866e-01 8.197103779772819676e-01
8.129798030909800577e-01 8.281567261801516810e-01 8.039419722103202659e-01 8.201395373108917308e-01
8.130376324654107201e-01 8.280811369819836010e-01 8.042336234242732917e-01 8.205105366270188938e-01
8.130376324654109421e-01 8.279429702003987535e-01 8.044820670509741367e-01 8.208759680917363522e-01
8.131388338706646568e-01 8.280896961243222609e-01 8.048025233230955422e-01 8.213489326208334163e-01
8.130087177781953889e-01 8.279553748699781668e-01 8.050221618916281185e-01 8.216701097897167738e-01
8.132689499631337027e-01 8.281010831864604738e-01 8.052490017247028176e-01 8.219562710182412024e-01
8.132544926195260926e-01 8.281388522506207828e-01 8.055370523063849486e-01 8.224011163100894972e-01
8.132689499631338137e-01 8.281911270828210547e-01 8.056630744358708185e-01 8.226235769233345430e-01
8.132111205887029293e-01 8.283330073795394100e-01 8.058431060494223308e-01 8.229776176230578777e-01
8.131532912142722669e-01 8.283510520476450312e-01 8.059331218561979204e-01 8.231852382474218466e-01
8.132689499631338137e-01 8.281633980757112656e-01 8.062139711733380398e-01 8.236012014276123949e-01
8.132255779323107614e-01 8.281713403358359482e-01 8.063687983609921783e-01 8.238323633588555683e-01
8.132689499631338137e-01 8.282729028620303691e-01 8.065704337681697256e-01 8.241505129597822554e-01
8.130810044962337724e-01 8.281651888117720350e-01 8.068188773948705705e-01 8.246085603442827594e-01
8.130810044962337724e-01 8.282330549680954057e-01 8.069917077438799602e-01 8.248594074841987256e-01
8.131243765270568247e-01 8.284482245146389534e-01 8.072185475769545482e-01 8.252145426006806117e-01
8.133701513683875284e-01 8.288831723157839004e-01 8.074237836164031012e-01 8.256316083686581209e-01
8.132544926195262036e-01 8.289128332422606160e-01 8.076002145976833857e-01 8.259208764614618392e-01
8.133846087119953605e-01 8.289058796274753060e-01 8.077730449466926643e-01 8.263022096131924510e-01
8.135580968352873477e-01 8.291729785603456637e-01 8.079674790893278669e-01 8.266813576708564870e-01
8.134424380864259119e-01 8.291300617127757011e-01 8.081043031156270873e-01 8.269408560631362759e-01
8.134424380864259119e-01 8.292060913431031910e-01 8.083347435809727921e-01 8.273116132854432259e-01
8.134713527736413541e-01 8.293105826033400074e-01 8.083851524327672067e-01 8.274424612631315901e-01
8.135291821480722385e-01 8.293653021137479264e-01 8.085291777236083277e-01 8.277439161958426439e-01
8.135291821480721275e-01 8.294386623175171724e-01 8.086119922658419057e-01 8.279408450708982681e-01
8.135580968352875697e-01 8.294780424771792671e-01 8.086840049112623552e-01 8.280899653491844425e-01
8.135002674608566853e-01 8.295469635901675520e-01 8.087992251439353186e-01 8.283106468341733253e-01
8.137171276149719468e-01 8.299651011059852035e-01 8.089072441120661594e-01 8.284598219355296944e-01
8.136448408969335633e-01 8.300234891308142515e-01 8.090116624479257723e-01 8.285578482701292380e-01
8.135580968352874587e-01 8.299518810290863469e-01 8.091448858419538759e-01 8.288685170048197826e-01
8.135147248044644064e-01 8.300698818765326337e-01 8.091736909001221445e-01 8.289477924976014211e-01
8.136014688661106220e-01 8.302248255901150120e-01 8.091880934292062788e-01 8.291061107278907549e-01
8.134279807428183018e-01 8.301362372093789022e-01 8.092745086037108626e-01 8.293219744550681671e-01
8.135580968352874587e-01 8.301529098684319319e-01 8.092997130296080144e-01 8.294352321869948863e-01
8.135291821480721275e-01 8.302216561072685019e-01 8.094221345268228784e-01 8.296783519571272469e-01
8.134279807428181908e-01 8.301775912713977856e-01 8.094437383204490244e-01 8.298197600867778245e-01
8.132111205887029293e-01 8.299142102688039646e-01 8.094581408495331587e-01 8.299589709633062862e-01
8.131099191834492146e-01 8.299229459407474474e-01 8.095193515981405907e-01 8.301493604642100621e-01
8.129075163729416742e-01 8.298019796227020795e-01 8.095049490690564564e-01 8.302502771158347672e-01
8.128063149676878485e-01 8.298199418419365259e-01 8.095841629790191396e-01 8.304335223184782233e-01
8.126617415316110815e-01 8.297762806571460370e-01 8.095913642435611512e-01 8.306094935593946182e-01
8.124882534083188723e-01 8.296917075613209347e-01 8.097029838439628868e-01 8.308668737576944130e-01
8.124304240338879879e-01 8.297186484581180466e-01 8.097101851085050095e-01 8.309825119952987116e-01
8.123003079414187200e-01 8.296948171272806594e-01 8.097173863730471322e-01 8.310178168507162955e-01
8.123292226286342732e-01 8.300387674868586751e-01 8.098254053411779729e-01 8.311501460984127565e-01
8.123147652850266631e-01 8.300138897859222764e-01 8.098182040766358503e-01 8.312517159321975990e-01
8.122135638797727264e-01 8.300437819697936703e-01 8.097929996507386985e-01 8.313044417173710565e-01
8.121557345053420640e-01 8.300630405177324977e-01 8.098146034443649555e-01 8.314235279110944177e-01
8.119677890384420227e-01 8.298643183568843451e-01 8.098398078702619962e-01 8.315318655052691410e-01
8.119244170076188594e-01 8.300559900486951248e-01 8.098866160897852939e-01 8.317022035974350747e-01
8.118665876331881970e-01 8.301716636319018683e-01 8.099046192511405451e-01 8.318316370577578667e-01
8.119533316948344126e-01 8.302874492595152534e-01 8.100054369547293742e-01 8.319918639032604091e-01
8.119677890384420227e-01 8.303987129736367656e-01 8.100414432774394324e-01 8.320354527675272172e-01
8.119533316948343016e-01 8.306270830278237316e-01 8.100774496001497127e-01 8.321561188366988215e-01
8.120545331000882383e-01 8.310800337919115321e-01 8.100630470710656894e-01 8.322359408643342782e-01
8.120400757564805172e-01 8.311013654362747749e-01 8.100522451742525609e-01 8.323388337883801391e-01
8.120834477873035695e-01 8.311195165452547329e-01 8.100270407483554091e-01 8.323347019547060466e-01
8.120400757564805172e-01 8.311988425543026526e-01 8.100378426451685376e-01 8.324593901566815779e-01
8.120400757564805172e-01 8.312804069466681600e-01 8.100450439097105493e-01 8.325504630786966231e-01
8.118521302895806979e-01 8.312939744284696397e-01 8.101206571874020046e-01 8.326941988581952891e-01
8.117943009151498135e-01 8.314031333800815382e-01 8.101422609810282616e-01 8.327823747294962331e-01
8.117509288843267612e-01 8.313612030151726895e-01 8.101026540260468645e-01 8.327530739405982763e-01
8.116208127918574933e-01 8.313040429362654749e-01 8.100918521292339580e-01 8.327748685988143329e-01
8.116352701354653254e-01 8.313696492686928341e-01 8.101350597164862499e-01 8.328768095762993928e-01
8.114906966993884474e-01 8.313476929620443601e-01 8.101314590842151331e-01 8.329305920108525108e-01
8.112160071708423015e-01 8.311145612547632400e-01 8.100882514969629522e-01 8.329372067649583045e-01
8.111870924836270813e-01 8.314170697343814531e-01 8.100054369547291522e-01 8.328777399454707631e-01
8.111581777964116391e-01 8.315231691271072201e-01 8.098794148252432823e-01 8.328384517688798283e-01
8.110569763911580354e-01 8.316714224694461421e-01 8.098362072379909904e-01 8.328970054210560470e-01
8.109413176422963776e-01 8.316759230534909175e-01 8.098290059734488677e-01 8.329796217856855201e-01
8.108690309242578831e-01 8.317742704593642511e-01 8.098182040766358503e-01 8.330426458005751877e-01
8.108834882678657152e-01 8.318557248937968884e-01 8.097749964893835584e-01 8.331189928487876539e-01
8.108256588934349418e-01 8.318361165566280357e-01 8.097966002830097043e-01 8.331424078830935720e-01
8.104063959288119179e-01 8.316529130766571187e-01 8.096957825794209862e-01 8.331409037434633902e-01
8.103485665543812555e-01 8.316879947838836662e-01 8.096993832116918810e-01 8.331792159859434665e-01
8.103774812415966977e-01 8.317367731565741273e-01 8.096057667726452856e-01 8.331321877249812102e-01
8.102762798363429830e-01 8.318094209783151172e-01 8.095445560240378535e-01 8.331019866529412177e-01
8.102184504619122096e-01 8.319357574210822781e-01 8.095913642435611512e-01 8.332018071799607295e-01
8.101317064002661050e-01 8.319897251408316929e-01 8.094905465399724331e-01 8.331995817260335890e-01
8.100015903077968371e-01 8.318874133049997122e-01 8.093969301009258377e-01 8.331442988522166360e-01
8.098281021845046279e-01 8.317367700384045159e-01 8.093681250427574581e-01 8.331594569015440266e-01
8.097702728100738545e-01 8.317395408392960210e-01 8.093465212491313121e-01 8.332091816290648767e-01
8.095823273431739242e-01 8.316818486472745686e-01 8.092637067068977341e-01 8.331570987396617056e-01
8.096835287484277499e-01 8.316846511736841752e-01 8.092349016487294655e-01 8.331387807656526201e-01
8.094232965634894361e-01 8.313904205683139148e-01 8.091268826805986247e-01 8.330990701384990427e-01
8.093510098454510526e-01 8.314037715471072065e-01 8.090692725642623095e-01 8.331132439327211259e-01
8.094088392198817150e-01 8.316116163801205996e-01 8.090044611833837607e-01 8.331243193731148189e-01
8.092642657838048370e-01 8.316422636693199255e-01 8.089684548606735914e-01 8.331883498587432380e-01
8.091919790657664535e-01 8.316439815810972025e-01 8.089324485379632002e-01 8.331587081390148253e-01
8.090618629732972966e-01 8.317266638171749715e-01 8.089432504347762176e-01 8.331745606669348492e-01
8.090184909424742443e-01 8.317086131039764796e-01 8.089576529638604629e-01 8.331493012337933823e-01
8.090184909424742443e-01 8.317561991340263194e-01 8.089144453766081710e-01 8.331070264450977092e-01
8.089028321936126975e-01 8.317027839790104293e-01 8.087848226148512953e-01 8.330381943538870404e-01
8.088305454755742030e-01 8.317261064833078033e-01 8.087452156598697872e-01 8.330222055570923878e-01
8.087582587575359305e-01 8.318218822729046558e-01 8.087524169244119099e-01 8.329936760212228730e-01
8.086570573522821048e-01 8.318349706798380261e-01 8.086912061758044779e-01 8.330087900069849116e-01
8.085413986034206690e-01 8.317664868081056095e-01 8.086371966917390575e-01 8.329881295282663967e-01
8.084835692289898956e-01 8.318089770470616928e-01 8.085471808849633568e-01 8.329278182533395025e-01
8.083823678237361809e-01 8.317638602294239458e-01 8.084895707686269306e-01 8.328875360272880446e-01
8.082522517312669130e-01 8.317912952328961884e-01 8.084391619168325160e-01 8.329099653146934124e-01
8.082667090748745231e-01 8.318430775174591174e-01 8.083995549618513410e-01 8.329288307140920722e-01
8.081510503260129763e-01 8.317506309190784153e-01 8.083995549618513410e-01 8.330172302702518738e-01
8.082088797004437497e-01 8.317687963173280297e-01 8.083383442132437979e-01 8.330538363861151874e-01
8.081799650132284185e-01 8.317357601524879573e-01 8.083023378905336287e-01 8.330427301751839320e-01
8.081221356387977561e-01 8.317091077951106470e-01 8.082087214514869222e-01 8.329369545597420377e-01
8.080064768899363203e-01 8.316637769360095689e-01 8.081583125996925077e-01 8.329218172230370421e-01
8.079197328282901047e-01 8.316284878056805496e-01 8.081583125996923966e-01 8.329960612403918274e-01
8.078474461102518323e-01 8.314891739384970837e-01 8.081547119674215018e-01 8.330077077423369003e-01
8.078329887666441111e-01 8.316332754936448524e-01 8.080862999542719471e-01 8.330146403381194498e-01
8.078329887666440001e-01 8.316908300618064409e-01 8.079314727666178086e-01 8.328647533520985302e-01
8.077607020486057277e-01 8.316682832175827933e-01 8.078666613857393708e-01 8.328403011331656502e-01
8.075149272072750239e-01 8.314581303030905701e-01 8.077982493725898161e-01 8.328024877809911963e-01
8.073414390839827037e-01 8.313077911597177572e-01 8.077982493725899271e-01 8.328281325884456798e-01
8.071968656479060478e-01 8.312180856717226174e-01 8.077154348303561271e-01 8.328050776102364772e-01
8.070089201810060064e-01 8.311450065803437370e-01 8.076650259785618235e-01 8.327514966451203815e-01
8.069510908065752330e-01 8.310940543694051996e-01 8.076290196558515433e-01 8.327349067457154863e-01
8.068788040885368495e-01 8.310923142534332175e-01 8.076110164944964032e-01 8.327890450536810096e-01
8.067197733088522504e-01 8.310194353121675981e-01 8.074741924681975158e-01 8.326561651057562408e-01
8.066908586216368082e-01 8.310116582764834892e-01 8.074201829841319844e-01 8.326023155028248190e-01
