6.082927322933684433e-01 6.279603504234174682e-01 6.449884599735713486e-01 6.824898653891916522e-01
6.045338229553702813e-01 6.458948891187180630e-01 6.591245422696224709e-01 7.006493263446785802e-01
6.070783154303227569e-01 6.575082436157762000e-01 6.618538215310608708e-01 7.052184713995997001e-01
6.128612528733969889e-01 6.647618705327695832e-01 6.638269680155834962e-01 7.064722366982005841e-01
6.252656536887912786e-01 6.752414861923463629e-01 6.707185781823287174e-01 7.109502809724672634e-01
6.475444201882345485e-01 6.876651462059160114e-01 6.872454803063418050e-01 7.222789289703221982e-01
6.752446905405601330e-01 7.039804251535144441e-01 7.091589283078107986e-01 7.351216492837744365e-01
6.920152091254753168e-01 7.147768013326752934e-01 7.206953541041807298e-01 7.388150796765111661e-01
7.041738350995387918e-01 7.234004822194550766e-01 7.313316218327938767e-01 7.430818640249630125e-01
7.192383871387472150e-01 7.331478786186037544e-01 7.467315260559753698e-01 7.520073317480711061e-01
7.323801124781332827e-01 7.429851066963967243e-01 7.624338833899232393e-01 7.648149042563747724e-01
7.398111870924836131e-01 7.523432148674286113e-01 7.720043639663124457e-01 7.769353416049310512e-01
7.426159117523747355e-01 7.556963173011814749e-01 7.767499972995257629e-01 7.804708204123028681e-01
7.477338113894953509e-01 7.564571603254762744e-01 7.799473587561975840e-01 7.803432399961769406e-01
7.603984443898277323e-01 7.659783055756071990e-01 7.857227729189245613e-01 7.869284277893451307e-01
7.679162630658243893e-01 7.693530966690454997e-01 7.858757997904431969e-01 7.893517280628058463e-01
7.712125374083764751e-01 7.715678845786070328e-01 7.846749889280557611e-01 7.880682891662907918e-01
7.794243085775419688e-01 7.821237194536738713e-01 7.877427276229705955e-01 7.915219088276963522e-01
7.885179777067761187e-01 7.920003764116818612e-01 7.922831249167354706e-01 7.961857994680880957e-01
7.961225404444188802e-01 8.000057892606891041e-01 7.953976718311736027e-01 8.005802029253703544e-01
7.996356749410863385e-01 8.041260899379736315e-01 7.964238520284161460e-01 8.032223612094460119e-01
8.061703942517601806e-01 8.132430030951993682e-01 7.994519837683496943e-01 8.073489880141908603e-01
8.169266578958781500e-01 8.270683204773346953e-01 8.051445833888430936e-01 8.141418895260850164e-01
8.245890500079515739e-01 8.365904725602796299e-01 8.114096835404296382e-01 8.202578889050298194e-01
8.276540068527808991e-01 8.400025115699711886e-01 8.153703790385591343e-01 8.242645420598145867e-01
8.323671008688864337e-01 8.435556869692317772e-01 8.177900039246891462e-01 8.264631048398131119e-01
8.386126733074066308e-01 8.483502125167329266e-01 8.205948964638190013e-01 8.302638289448025510e-01
8.459570038601105235e-01 8.550551112887126992e-01 8.228200872073134775e-01 8.345662579084378585e-01
8.500195174138704957e-01 8.584030060607538148e-01 8.243935635097523473e-01 8.384796531876891335e-01
8.530555595714843786e-01 8.617229326587686478e-01 8.252721177838828748e-01 8.416887724414577887e-01
8.544579219014297733e-01 8.642151066360791445e-01 8.258158132568078624e-01 8.436092725913645340e-01
8.553109051742833202e-01 8.638784318906016502e-01 8.266295561500598410e-01 8.452058211023342205e-01
8.567277248478365470e-01 8.631874267695434089e-01 8.271768522552560565e-01 8.469817511671463572e-01
8.583035753010741509e-01 8.650646988341603727e-01 8.269536130544523633e-01 8.478936825720025938e-01
8.582168312394280463e-01 8.660910639349113094e-01 8.258482189472472479e-01 8.470737662512191068e-01
8.566698954734057736e-01 8.662283664204746270e-01 8.254917563524154511e-01 8.466771456575898913e-01
8.551807890818141633e-01 8.653967896819846350e-01 8.268239902926954876e-01 8.481246496231177323e-01
8.543856351833915008e-01 8.648901236960637728e-01 8.286063032668536943e-01 8.502925026307859291e-01
8.549639289276989018e-01 8.662909584589997269e-01 8.297729081226663528e-01 8.521398367485650827e-01
8.561205164163137038e-01 8.687445728689158209e-01 8.301365719820399391e-01 8.530240580881839341e-01
8.570602437508132443e-01 8.702954831022912119e-01 8.306586636613388919e-01 8.539999101635019629e-01
8.559470282930214946e-01 8.698379697900369134e-01 8.325778006617963189e-01 8.567251866677616512e-01
8.546892393991527559e-01 8.692624884571753530e-01 8.339352390279732852e-01 8.593495979555775266e-01
8.534603651924994594e-01 8.693050015823911014e-01 8.342736984614499418e-01 8.609307260715581833e-01
8.540242015931992503e-01 8.700063698232965992e-01 8.338164181630294269e-01 8.613871346488379821e-01
8.542555190909222329e-01 8.712152251802501857e-01 8.342881009905339651e-01 8.620352525783442355e-01
8.533157917564226924e-01 8.715994062151299904e-01 8.354259007881784660e-01 8.632690965771220304e-01
8.512339342769158490e-01 8.703335512220051751e-01 8.363332601204772621e-01 8.645313881246170507e-01
8.486749844583556524e-01 8.687666686843502628e-01 8.360128038483558566e-01 8.644063236649148774e-01
8.491954488282322799e-01 8.703331184634689466e-01 8.345185414558797810e-01 8.634839608076246842e-01
8.493689369515244891e-01 8.710380324681479269e-01 8.332259144705810305e-01 8.623675302091362571e-01
8.482557214937328505e-01 8.703592131586714853e-01 8.335895783299547279e-01 8.628597379034281811e-01
8.467377004149259090e-01 8.693373851110482997e-01 8.345437458817768217e-01 8.637426209000340638e-01
8.461015772961875125e-01 8.699676231015081029e-01 8.350730388256177861e-01 8.642671959123430225e-01
8.467377004149257980e-01 8.711187795196457806e-01 8.347885888762066608e-01 8.641884725492939845e-01
8.467232430713180769e-01 8.713951434226754333e-01 8.340972674801695463e-01 8.637524077971622249e-01
8.473159941592334210e-01 8.723364423275247193e-01 8.344213243845619576e-01 8.641973396776672089e-01
8.475328543133484605e-01 8.728244955903875502e-01 8.352566710714401932e-01 8.649148254982957917e-01
8.473738235336639724e-01 8.733060248395627667e-01 8.357535583248418831e-01 8.651839404821357604e-01
8.470846766615103274e-01 8.732331053992862246e-01 8.358471747638884786e-01 8.653995218309178394e-01
8.473304515028408090e-01 8.735256769717825165e-01 8.356599418857950656e-01 8.654129474554994594e-01
8.480388613396175890e-01 8.741901845189672393e-01 8.356671431503372993e-01 8.655146733986013308e-01
8.479376599343636522e-01 8.744273246185759740e-01 8.358759798220567472e-01 8.655171813939110947e-01
8.482557214937327394e-01 8.745778749767451066e-01 8.367077258766639769e-01 8.660486237353823835e-01
8.486171550839249900e-01 8.745795977546195754e-01 8.375250694021869613e-01 8.668392349767963800e-01
8.499183160086165589e-01 8.753311403998652596e-01 8.378635288356635069e-01 8.671860933821731177e-01
8.509303300611545939e-01 8.763320709171281697e-01 8.377735130288878063e-01 8.672151319376080192e-01
8.505110670965316810e-01 8.764661542198750599e-01 8.382487964886633502e-01 8.678361768478159988e-01
8.494267663259553736e-01 8.757686936002300193e-01 8.381335762559904978e-01 8.680112055619060296e-01
8.501351761627318204e-01 8.761222034868043629e-01 8.387744888002333088e-01 8.685544472077302292e-01
8.516242825543234307e-01 8.773159846127944750e-01 8.389365172524294589e-01 8.685275328568523578e-01
8.513785077129927270e-01 8.771854618258073666e-01 8.390733412787285683e-01 8.685964048713419317e-01
8.502797495988089205e-01 8.767342289988948600e-01 8.393829956540368453e-01 8.690181381975599084e-01
8.496580838236783562e-01 8.762140188086784409e-01 8.396170367516535560e-01 8.692559413075265917e-01
8.501640908499472626e-01 8.766517566471183631e-01 8.397394582488685311e-01 8.693459236792081546e-01
8.510893608408391930e-01 8.770720986280697851e-01 8.400563138887189307e-01 8.694893839104596012e-01
8.509447874047624261e-01 8.769752204603721291e-01 8.409312675305784524e-01 8.703432604046870136e-01
8.506990125634316113e-01 8.771731980054944255e-01 8.408556542528867750e-01 8.702520129833373197e-01
8.512050195897006288e-01 8.780472936312985199e-01 8.403119587799617873e-01 8.696945117999204111e-01
8.516242825543234307e-01 8.784547408605027918e-01 8.407980441365504598e-01 8.700424538195751234e-01
8.509737020919776462e-01 8.779499528575014367e-01 8.414821642680454516e-01 8.706417915364028648e-01
8.506700978762162801e-01 8.780673703044575840e-01 8.419358439341948497e-01 8.708744281581397573e-01
8.508725006867238205e-01 8.786275059289232470e-01 8.422995077935685471e-01 8.710164587230719846e-01
8.510315314664083086e-01 8.792173233066645777e-01 8.422346964126901092e-01 8.710287793200635065e-01
8.507134699070393324e-01 8.790133872371397317e-01 8.426343665947739758e-01 8.713906809026117362e-01
8.508291286559007682e-01 8.790927764205734851e-01 8.428540051633065522e-01 8.714983288013210538e-01
8.502942069424164195e-01 8.793128164185117779e-01 8.426883760788393962e-01 8.710659675466873031e-01
8.493544796079168790e-01 8.793526547466790078e-01 8.424111273939702826e-01 8.708668954624820824e-01
8.486316124275324890e-01 8.787221314908616465e-01 8.427747912533439800e-01 8.711755627444063288e-01
8.487472711763939248e-01 8.786533414939265985e-01 8.434949177075494742e-01 8.715448932383691449e-01
8.483424655553788440e-01 8.779384232170077684e-01 8.435237227657176318e-01 8.714902639293891085e-01
8.475906836877792339e-01 8.777515756850022832e-01 8.431384551127177884e-01 8.711359265623680459e-01
8.466364990096719723e-01 8.776381885088599955e-01 8.429440209700823639e-01 8.711125679987458126e-01
8.465786696352411989e-01 8.778776884129987357e-01 8.427729909372085881e-01 8.708061934301153384e-01
8.469834752562563907e-01 8.776189703145091947e-01 8.433688955780634933e-01 8.710870163282069534e-01
8.464485535427721530e-01 8.769375331486994885e-01 8.439269935800727263e-01 8.714385901725630879e-01
8.452919660541573510e-01 8.763033656382757108e-01 8.439774024318670298e-01 8.711178869671041269e-01
8.450172765256112051e-01 8.762878696812747004e-01 8.432320715517644949e-01 8.703865575720821646e-01
8.457690583932108153e-01 8.770332286049702386e-01 8.425047438330171001e-01 8.697917037732015855e-01
8.461738640142260071e-01 8.774520345463667770e-01 8.428828102214749318e-01 8.697343439375901930e-01
8.445980135609882922e-01 8.764027113525824086e-01 8.435957354111383033e-01 8.701846499696077597e-01
8.438173170061732398e-01 8.758276378663044648e-01 8.433220873585400845e-01 8.696318819662348654e-01
8.440486345038962224e-01 8.759807353051676237e-01 8.426883760788393962e-01 8.688412707584796113e-01
8.441353785655423270e-01 8.760191823441427772e-01 8.427819925178861027e-01 8.686852665917731420e-01
8.451907646489034143e-01 8.769305155668700724e-01 8.437793676569604884e-01 8.691703444178437987e-01
8.459859185473260768e-01 8.777351756912398217e-01 8.436101379402223266e-01 8.688233893078032288e-01
8.452052219925110244e-01 8.774070139222098774e-01 8.435057196043624916e-01 8.685807354049955853e-01
8.445546415301652399e-01 8.771005781044614036e-01 8.440134087545773101e-01 8.689090850694598522e-01
8.450461912128265363e-01 8.773856274925485588e-01 8.443770726139508964e-01 8.690917848693678893e-01
8.455521982390955538e-01 8.775220606855244077e-01 8.441934403681286003e-01 8.687970419971109415e-01
8.469256458818257283e-01 8.786753563844045267e-01 8.443158618653436864e-01 8.689594469548869160e-01
8.469401032254333384e-01 8.787078687427944956e-01 8.443374656589697214e-01 8.688757807988556348e-01
8.462461507322645016e-01 8.779096798253567258e-01 8.443626700848669842e-01 8.686485321040966490e-01
8.448582457459266060e-01 8.767759310751768176e-01 8.446507206665488932e-01 8.689861944974133223e-01
8.447570443406727803e-01 8.769444752305982638e-01 8.455940863215581915e-01 8.700755909874769989e-01
8.465063829172028154e-01 8.783690367286389744e-01 8.465014456538566545e-01 8.710258097597600724e-01
8.478364585291098265e-01 8.792562944877689857e-01 8.456264920119973549e-01 8.702914986366367955e-01
8.481689774320865238e-01 8.794104103190836241e-01 8.447083307828854304e-01 8.694186219042341346e-01
8.474461102517024669e-01 8.786227749328221481e-01 8.449063655577919718e-01 8.698362478036503198e-01
8.475328543133484605e-01 8.784013295336929872e-01 8.462313982335298856e-01 8.712473180661124417e-01
8.474027382208794146e-01 8.787667818995308355e-01 8.472215721080621487e-01 8.722354337008273450e-01
8.477497144674637219e-01 8.791986831496518828e-01 8.464258323761653102e-01 8.719417839569005846e-01
8.484870389914557220e-01 8.798027942241637422e-01 8.456120894829132206e-01 8.712698616401525209e-01
8.501207188191240993e-01 8.806821863302121134e-01 8.454896679856982455e-01 8.709861369096134620e-01
8.503954083476702452e-01 8.802366308704857589e-01 8.463862254211840241e-01 8.717695343337230618e-01
8.497448278853243497e-01 8.800867668718560521e-01 8.469551253200061636e-01 8.723360633365437877e-01
8.492532782026629423e-01 8.805261473433541042e-01 8.467894962355390076e-01 8.725753395560205128e-01
8.491665341410168377e-01 8.805810013722661367e-01 8.460153602972683151e-01 8.719967093453371287e-01
8.500628894446935480e-01 8.807044446554347372e-01 8.458353286837168028e-01 8.718566654342052580e-01
8.514797091182466637e-01 8.814093495869914641e-01 8.464294330084363160e-01 8.720437369080484835e-01
8.509592447483700361e-01 8.809537602156649605e-01 8.467210842223893419e-01 8.720442499376301893e-01
8.503520363168470819e-01 8.811297282497352334e-01 8.463898260534549189e-01 8.716137950913900312e-01
8.508725006867238205e-01 8.818036228161991730e-01 8.457381116123990905e-01 8.714176242900508740e-01
8.501930055371624828e-01 8.810253848547909827e-01 8.454500610307169595e-01 8.714837480483883514e-01
8.499183160086165589e-01 8.804410088554884828e-01 8.455580799988478002e-01 8.715891062417773227e-01
8.502652922552009773e-01 8.805603506354229282e-01 8.456012875861000921e-01 8.712536039409191080e-01
8.503375789732394718e-01 8.806167506727573535e-01 8.457021052896888103e-01 8.709250612595809127e-01
8.497159131981089075e-01 8.799810640062153411e-01 8.460153602972682041e-01 8.714192429073083224e-01
8.498894013214012277e-01 8.804443961086033665e-01 8.450359883195489585e-01 8.709637114362744903e-01
8.509014153739392627e-01 8.813542861897347702e-01 8.447371358410536990e-01 8.709793574302950869e-01
8.497448278853243497e-01 8.800718095758963688e-01 8.443770726139510074e-01 8.705127457847573469e-01
8.483713802425941752e-01 8.786591823065506013e-01 8.439666005350539013e-01 8.698754248852307303e-01
8.496147117928551928e-01 8.791681402538782386e-01 8.448055478542032537e-01 8.706008929703301646e-01
8.498460292905781754e-01 8.797564255980181436e-01 8.454140547080067902e-01 8.710878204812689818e-01
8.480099466524020357e-01 8.784533817745603379e-01 8.443734719816800016e-01 8.702071394116148717e-01
8.481834347756944670e-01 8.784035441824611379e-01 8.446759250924462670e-01 8.704824108785117476e-01
8.492099061718398900e-01 8.790682899031321273e-01 8.438153739796707686e-01 8.696668643233849139e-01
8.483135508681636239e-01 8.778949446725330397e-01 8.430808449963813622e-01 8.687697442335725606e-01
8.488195578944325304e-01 8.784190039373999115e-01 8.436749493211008755e-01 8.694761404940107852e-01
8.491087047665861753e-01 8.790336444162447638e-01 8.448559567059976683e-01 8.703794325483465988e-01
8.471425060359411008e-01 8.774857261270905262e-01 8.439810030641380356e-01 8.695399602233830905e-01
8.463039801066951640e-01 8.766196395002474606e-01 8.432428734485776234e-01 8.688567680220272704e-01
8.480244039960098679e-01 8.778094799864045727e-01 8.430736437318393506e-01 8.690078911571046394e-01
8.492388208590553322e-01 8.786432091513536324e-01 8.429512222346244865e-01 8.686963646618274248e-01
8.490797900793707331e-01 8.782908648637031135e-01 8.435885341465961806e-01 8.692758943255580739e-01
8.471135913487255475e-01 8.766615047920419679e-01 8.445282991693341401e-01 8.699509868017982761e-01
8.455955702699187171e-01 8.751866649029429457e-01 8.441610346776894369e-01 8.695754410343694563e-01
8.476774277494252274e-01 8.770939019295471706e-01 8.432680778744747752e-01 8.690922453687380811e-01
8.487906432072170881e-01 8.781299315606085898e-01 8.422923065290265354e-01 8.684458573059422593e-01
8.486171550839247679e-01 8.774362362284671146e-01 8.434769145461944451e-01 8.692831427496081620e-01
8.472003354103715411e-01 8.758166862829340760e-01 8.443806732462220133e-01 8.699609141956918812e-01
8.456389423007417694e-01 8.745736724828587771e-01 8.440206100191193217e-01 8.695242623544056082e-01
8.466075843224566411e-01 8.758991163716739470e-01 8.430124329832318075e-01 8.685638341288849373e-01
8.483424655553789551e-01 8.774756121143592047e-01 8.438441790378390372e-01 8.695664653644663566e-01
8.472292500975870944e-01 8.761590686095779290e-01 8.444382833625585505e-01 8.698538496890459992e-01
8.466943283841027457e-01 8.752908468922095953e-01 8.447011295183434187e-01 8.696974082099977466e-01
8.465642122916335888e-01 8.749828166805391216e-01 8.450503908486330928e-01 8.702561934522320408e-01
8.466220416660641401e-01 8.753780334301516364e-01 8.435777322497830522e-01 8.689720318824722955e-01
8.466943283841026346e-01 8.757810517122412985e-01 8.429908291896056616e-01 8.686252320582175113e-01
8.465931269788489200e-01 8.755304632135707532e-01 8.438657828314651832e-01 8.693177269345437885e-01
8.465931269788489200e-01 8.753443434169521087e-01 8.433832981071476276e-01 8.687757198031730299e-01
8.467810724457488503e-01 8.753065079514721347e-01 8.430484393059421988e-01 8.684267770056285363e-01
8.464340961991643209e-01 8.752696095791566711e-01 8.433688955780636043e-01 8.687165836688228726e-01
8.461594066706181749e-01 8.755320783085651648e-01 8.434265056943999195e-01 8.691076046790907617e-01
8.464630108863798741e-01 8.752547387698752512e-01 8.426703729174842561e-01 8.682931098227268940e-01
8.456244849571339373e-01 8.741596266267791515e-01 8.422707027354003895e-01 8.677345256925419470e-01
8.456244849571339373e-01 8.740160865565681503e-01 8.428143982083253771e-01 8.681643480293589343e-01
8.459859185473261878e-01 8.745598088211431476e-01 8.431996658613252205e-01 8.686197329444206305e-01
8.451040205872573097e-01 8.742208580520497430e-01 8.421122749154752452e-01 8.677012150293467174e-01
8.452485940233341877e-01 8.744801018232331025e-01 8.420330610055126730e-01 8.677123809215103734e-01
8.450895632436495886e-01 8.738410754362120336e-01 8.423211115871946930e-01 8.678063825696727962e-01
8.450028191820035950e-01 8.736924415638136487e-01 8.423067090581106697e-01 8.676889089656276699e-01
8.459714612037184667e-01 8.745096568279320248e-01 8.429980304541477842e-01 8.682657089802521266e-01
8.459280891728954144e-01 8.744930001874744452e-01 8.435993360434091981e-01 8.689939523438109381e-01
8.448871604331420482e-01 8.738941757780938069e-01 8.427963950469703480e-01 8.682102300579019882e-01
8.437305729445272462e-01 8.730110793449168405e-01 8.414929661648584691e-01 8.666452716666395162e-01
8.445401841865576298e-01 8.737979959845157962e-01 8.422599008385871500e-01 8.674882011277351701e-01
8.454943688646647804e-01 8.740524047995711365e-01 8.430052317186897959e-01 8.683220817346506415e-01
8.449883618383957629e-01 8.734785477209892068e-01 8.419322433019237328e-01 8.675298472840872188e-01
8.440486345038962224e-01 8.732351597924189468e-01 8.406468175811672161e-01 8.663024403395489514e-01
8.440486345038962224e-01 8.733475116920607073e-01 8.421734856640826772e-01 8.677502177079372547e-01
8.447425869970650592e-01 8.733472699147905027e-01 8.427603887242598457e-01 8.682698119871319342e-01
8.440486345038962224e-01 8.725579172594953858e-01 8.421374793413723969e-01 8.675508778247480457e-01
8.440341771602887233e-01 8.732547895599116483e-01 8.414137522548960080e-01 8.669081767284191331e-01
8.449016177767497693e-01 8.743288449366741766e-01 8.417234066302042850e-01 8.673501004126572544e-01
8.449883618383957629e-01 8.737609211560237732e-01 8.411797111572792973e-01 8.670380178215132405e-01
8.441787505963653793e-01 8.729909218392294390e-01 8.409888776469147675e-01 8.669799422731456762e-01
8.427185588919892112e-01 8.721235207936776090e-01 8.413633434031015934e-01 8.671594899267861534e-01
8.443522387196575885e-01 8.740651443544116272e-01 8.414065509903539963e-01 8.669602318942510877e-01
8.452919660541570179e-01 8.745165145021946973e-01 8.410104814405410245e-01 8.668405987516785149e-01
8.440775491911115536e-01 8.731871009303100450e-01 8.401535309600365320e-01 8.663096531007318246e-01
8.436004568520579783e-01 8.726011860146763999e-01 8.404739872321580485e-01 8.668234372356348194e-01
8.442221226271884316e-01 8.734728459388142463e-01 8.407980441365503488e-01 8.669938098896228240e-01
8.447281296534574491e-01 8.737688096098705781e-01 8.408952612078681721e-01 8.668520945669697664e-01
8.435426274776272049e-01 8.727712387638786318e-01 8.411040978795877310e-01 8.669790989694432515e-01
8.428631323280660892e-01 8.717805792022473854e-01 8.402903549863356414e-01 8.664929886491530286e-01
8.437305729445272462e-01 8.727870048894272870e-01 8.398042696297469689e-01 8.661284897128255222e-01
8.435570848212348150e-01 8.724281370552140480e-01 8.401823360182048006e-01 8.663851936512637630e-01
8.425739854559123332e-01 8.716012241032671248e-01 8.399158892301489265e-01 8.663520964123890833e-01
8.426896442047739910e-01 8.714309605365329059e-01 8.399158892301488155e-01 8.665583690071201328e-01
8.432101085746506186e-01 8.725578324819968090e-01 8.389113128265324182e-01 8.655311123751485702e-01
8.423426679581893506e-01 8.721301167841134516e-01 8.391417532918781230e-01 8.654230377035054822e-01
8.423137532709741304e-01 8.718360955074586638e-01 8.396602443389058479e-01 8.657908414228474570e-01
8.434558834159811003e-01 8.720167704814298926e-01 8.404379809094476572e-01 8.665635010493626389e-01
8.427185588919889891e-01 8.716583345046073905e-01 8.394262032412891372e-01 8.659163100471538588e-01
8.425884427995200543e-01 8.723723216267575964e-01 8.382704002822896072e-01 8.649961501690734966e-01
8.425161560814814488e-01 8.720932285130214012e-01 8.389833254719528677e-01 8.655451377491314435e-01
8.429209617024968626e-01 8.717863069423223976e-01 8.401283265341394912e-01 8.663234016942812366e-01
8.426607295175584378e-01 8.718691893316150576e-01 8.397790652038498171e-01 8.657581802852092334e-01
8.423860399890124029e-01 8.720719989225214075e-01 8.391597564532331521e-01 8.653732424705959936e-01
8.432245659182582287e-01 8.730639735789008649e-01 8.389869261042239845e-01 8.655372826374565509e-01
8.426029001431277754e-01 8.719822651412798553e-01 8.391489545564201347e-01 8.656394931320082753e-01
8.421980945221123616e-01 8.711799517747152999e-01 8.392245678341117010e-01 8.655121599022304046e-01
8.426318148303431066e-01 8.722101279224836468e-01 8.393253855377005301e-01 8.655917124119986150e-01
8.431233645130042920e-01 8.730875284083885468e-01 8.389653223105977276e-01 8.654162027785244904e-01
8.425306134250892809e-01 8.726914327387709225e-01 8.385944571866819075e-01 8.651126188801652184e-01
8.419089476499589386e-01 8.715824066217148225e-01 8.391201494982518660e-01 8.653791355192662627e-01
8.424149546762278451e-01 8.718875549213664922e-01 8.394946152544386919e-01 8.658128790855976753e-01
8.437594876317424664e-01 8.731330867273242591e-01 8.388573033424669978e-01 8.653471505376355566e-01
8.427908456100275947e-01 8.722261121483922963e-01 8.385764540253268784e-01 8.650873164322940845e-01
8.418222035883127230e-01 8.717297017130680725e-01 8.385728533930558726e-01 8.650713138475423225e-01
8.420101490552125423e-01 8.720129197838599744e-01 8.385224445412613470e-01 8.650105142423166749e-01
8.431089071693966819e-01 8.728748030326227703e-01 8.387960925938594547e-01 8.652607647181380646e-01
8.434125113851580480e-01 8.725778179149799030e-01 8.383028059727287706e-01 8.648980268516954784e-01
8.420535210860355946e-01 8.713118646076862817e-01 8.382559977532054729e-01 8.648324654113379584e-01
8.418366609319203331e-01 8.716050161114545780e-01 8.375610757248971305e-01 8.642955900411399828e-01
8.418800329627434964e-01 8.718779302292229971e-01 8.378851326292896529e-01 8.645920885040285775e-01
8.427619309228122635e-01 8.720596749954037108e-01 8.384432306312987748e-01 8.652295025868985689e-01
8.429354190461044727e-01 8.722428625773359645e-01 8.374242516985982432e-01 8.642344223037805584e-01
8.420535210860355946e-01 8.718125158255540796e-01 8.365637005858228559e-01 8.635117982688608196e-01
8.419956917116047102e-01 8.716525499171727809e-01 8.373198333627385193e-01 8.644827574133260306e-01
8.415185993725512459e-01 8.713854513347202291e-01 8.374494561244955060e-01 8.645679727959380001e-01
8.418366609319203331e-01 8.716182011953186315e-01 8.363692664431874313e-01 8.636918641783295492e-01
8.414896846853360257e-01 8.711152045667037713e-01 8.359479924674771967e-01 8.631704619888940222e-01
8.416487154650205138e-01 8.713441208595028575e-01 8.369597701356358277e-01 8.638667413218450442e-01
8.416342581214127927e-01 8.713756063000953622e-01 8.375646763571682474e-01 8.645185521190115185e-01
8.412149951567898798e-01 8.714453453488141266e-01 8.362216405200753044e-01 8.637857927945180592e-01
8.407668175049516357e-01 8.712100759788581339e-01 8.346445635853656508e-01 8.623694692118651917e-01
8.406077867252670366e-01 8.706402878332357709e-01 8.365853043794490018e-01 8.637942719636223510e-01
8.411571657823591064e-01 8.710299744484704121e-01 8.378347237774952383e-01 8.646269623115258041e-01
8.417210021830587863e-01 8.716607496316808312e-01 8.373414371563646652e-01 8.642524175759532801e-01
8.401885237606442347e-01 8.707297242230003231e-01 8.356995488407764627e-01 8.632501503836597090e-01
8.396246873599444438e-01 8.704254734571906793e-01 8.351558533678513641e-01 8.627772191396162471e-01
8.396102300163366117e-01 8.706968950388426220e-01 8.359767975256455763e-01 8.633952035657811441e-01
8.400728650117827989e-01 8.707415564955804932e-01 8.355087153304120440e-01 8.629218787178863925e-01
8.399138342320980888e-01 8.703231076791628773e-01 8.357355551634866320e-01 8.632358907198873776e-01
8.399282915757059209e-01 8.706576646917967288e-01 8.363692664431874313e-01 8.637980634521691403e-01
8.395379432982985612e-01 8.709134676631872241e-01 8.359263886738511617e-01 8.631874798357643819e-01
8.397114314215906594e-01 8.708040065148290321e-01 8.345473465140478275e-01 8.623387052424671406e-01
8.397403461088059906e-01 8.701688659067339238e-01 8.342772990937208366e-01 8.622851177327237604e-01
8.393789125186138511e-01 8.696457124812588813e-01 8.357247532666736145e-01 8.635081138770442921e-01
8.401451517298211824e-01 8.707280391880578563e-01 8.362828512686828475e-01 8.637310009075152006e-01
8.409692203154592871e-01 8.716382242911235867e-01 8.353826932009260631e-01 8.629104982806319324e-01
8.393789125186139621e-01 8.701509581778872349e-01 8.349218122702345424e-01 8.627492059322374729e-01
8.381500383119605546e-01 8.688968699262729078e-01 8.347993907730197893e-01 8.627752920407991688e-01
8.399427489193136420e-01 8.710203902670879961e-01 8.355087153304119330e-01 8.633546320580091082e-01
8.406222440688747577e-01 8.714731555723979062e-01 8.364268765595237465e-01 8.641678790045845826e-01
8.395957726727292236e-01 8.706627334376429994e-01 8.357427564280287546e-01 8.635871252743090309e-01
8.387717040870910079e-01 8.702075712307056898e-01 8.347885888762067719e-01 8.626570949947605094e-01
8.402608104786826182e-01 8.715647879977580503e-01 8.345581484108610670e-01 8.624720262648996050e-01
8.397692607960213218e-01 8.710057682027549930e-01 8.352494698068981815e-01 8.631054965139972612e-01
8.393210831441830777e-01 8.706617626058701376e-01 8.357391557957578598e-01 8.635099312307987773e-01
8.388873628359524437e-01 8.701155928017509922e-01 8.355879292403746161e-01 8.634880096350112666e-01
8.398849195448827576e-01 8.712865971755571204e-01 8.345257427204215706e-01 8.625389045989969583e-01
8.399138342320980888e-01 8.712321878662451224e-01 8.349974255479262197e-01 8.628013012134079229e-01
8.388584481487371125e-01 8.703549680400356481e-01 8.355555235499352307e-01 8.631664090643950127e-01
8.386560453382295721e-01 8.700697018802838745e-01 8.352926773941502514e-01 8.630070613374063448e-01
8.387933901025026451e-01 8.703167141343071123e-01 8.347885888762065498e-01 8.629212920953690524e-01
8.383668984660759271e-01 8.704323392908899226e-01 8.338884308084499875e-01 8.621023908535415670e-01
8.376584886292992582e-01 8.701555145992960760e-01 8.333951441873193033e-01 8.615842930235725339e-01
8.376440312856916481e-01 8.694630432101460027e-01 8.343817174295806716e-01 8.623707680312913126e-01
8.385259292457604152e-01 8.701659998847123267e-01 8.355555235499353417e-01 8.634253534977740507e-01
8.383524411224682060e-01 8.706981336428469831e-01 8.345689503076740845e-01 8.624533537285976603e-01
8.379187208142375720e-01 8.705261353202077279e-01 8.335355688458893075e-01 8.617172295032162754e-01
8.389162775231677749e-01 8.707195531600109284e-01 8.341548775965060836e-01 8.621908821694210801e-01
8.387427893998756767e-01 8.706410708223919492e-01 8.345149408236086641e-01 8.624810255417347804e-01
8.378319767525913564e-01 8.700722912413947352e-01 8.352098628519168955e-01 8.629696164483865450e-01
8.380777515939221711e-01 8.705852258590265347e-01 8.340216542024779800e-01 8.619793112059996876e-01
8.385259292457604152e-01 8.706548900326755991e-01 8.333087290128148306e-01 8.615499611387351653e-01
8.392343390825369731e-01 8.713188651802832307e-01 8.336147827558518797e-01 8.618273634818303108e-01
8.375139151932223802e-01 8.706163335342236298e-01 8.340792643188144062e-01 8.621438209804646036e-01
8.378464340961990775e-01 8.703673335357385854e-01 8.349848233349776994e-01 8.627586890930762920e-01
8.389018201795601648e-01 8.704228326912075708e-01 8.353250830845895258e-01 8.631432393241074141e-01
8.385114719021528051e-01 8.703120638234548290e-01 8.335859776976837221e-01 8.617610148605699960e-01
8.382223250299988271e-01 8.708066598789891977e-01 8.331827068833286276e-01 8.613592330173779343e-01
8.386126733074064088e-01 8.715089233966216709e-01 8.344825351331692787e-01 8.624646306897849612e-01
8.383958131532911473e-01 8.704274592734317917e-01 8.343349092100572628e-01 8.626323124637305106e-01
8.372970550391072297e-01 8.691641704086426889e-01 8.336831947690014344e-01 8.620779961453650664e-01
8.379910075322760665e-01 8.701972715714976214e-01 8.341080693769825638e-01 8.620289497252893174e-01
8.397114314215905484e-01 8.719402928397249619e-01 8.345761515722160961e-01 8.624464653999956987e-01
