6.566690601408915473e-01 6.519067392824373641e-01 6.120227025721531877e-01 6.121848944200203313e-01
6.565526208542762365e-01 6.514543826205791976e-01 6.118198285231252198e-01 6.113979522564814140e-01
6.574065089561217379e-01 6.509350269225154806e-01 6.112401883830456129e-01 6.101093120221869892e-01
6.579887053891984028e-01 6.513384911377891884e-01 6.104769955319406805e-01 6.090186510137209908e-01
6.582603970579673502e-01 6.507114850228316039e-01 6.095254196353098175e-01 6.075115908522490393e-01
6.591919113508897254e-01 6.506308306000907482e-01 6.096848206738316733e-01 6.067563330784415676e-01
6.589008131343515595e-01 6.509579898488759842e-01 6.096944813428329946e-01 6.064738190192455747e-01
6.601428321915813191e-01 6.515941448628290722e-01 6.097910880328463179e-01 6.062545403861543392e-01
6.595994488540433132e-01 6.506755952543550325e-01 6.097959183673470340e-01 6.059280285558719115e-01
6.597741077839663904e-01 6.506476048661917755e-01 6.101920057964014266e-01 6.061793745825536650e-01
6.595606357585048762e-01 6.506819872056621712e-01 6.103175944934187136e-01 6.067165223870147894e-01
6.603951173125812701e-01 6.511882448702424053e-01 6.108537616229923195e-01 6.067765408838270424e-01
6.612490054144268825e-01 6.509999781051718504e-01 6.114044197560681848e-01 6.059818646853671886e-01
6.624328048283489867e-01 6.524190558616210778e-01 6.120758362516605100e-01 6.061687941363698151e-01
6.633255060257331470e-01 6.541933247752372838e-01 6.128341987682648373e-01 6.071648824363352626e-01
6.640047351976556822e-01 6.556834441684121773e-01 6.132254558628185137e-01 6.079596941789496833e-01
6.650915018727319161e-01 6.571492009187240857e-01 6.136698466368795124e-01 6.087394810120763111e-01
6.660230161656542913e-01 6.595281434833152323e-01 6.145972708610071278e-01 6.098455714048700571e-01
6.670709697451920883e-01 6.615408446887016680e-01 6.151914020045888831e-01 6.104060304491807365e-01
6.682935822546526294e-01 6.641928102551468704e-01 6.157613814756671688e-01 6.119246553612091022e-01
6.683518018979603958e-01 6.634862612364260670e-01 6.167805820553073914e-01 6.136154017497574831e-01
6.691086572609598049e-01 6.642742236701822955e-01 6.170800627943485717e-01 6.143319014610627571e-01
6.694385685730365187e-01 6.659418528352281097e-01 6.177756309624442554e-01 6.152015090461291358e-01
6.694579751208056262e-01 6.664213937347862604e-01 6.188962685665982955e-01 6.171464959805934569e-01
6.701177977449590539e-01 6.681677109252306401e-01 6.195435333896872621e-01 6.175995365696324013e-01
6.705835548914204081e-01 6.703517772784390871e-01 6.204033329308055178e-01 6.195694852416815390e-01
6.700013584583438542e-01 6.720009672339402051e-01 6.207076440043474141e-01 6.199863388291352306e-01
6.702730501271128016e-01 6.750494271807720992e-01 6.213210964859317009e-01 6.206974627273431633e-01
6.700401715538822911e-01 6.775699085016152479e-01 6.219103972950127401e-01 6.222300546874943716e-01
6.700013584583437432e-01 6.812026620239797214e-01 6.224175824175823823e-01 6.227322010107319006e-01
6.692056899998058972e-01 6.817428505651077497e-01 6.226011351286077078e-01 6.244078204641358987e-01
6.685458673756525805e-01 6.826479135732910208e-01 6.229295978746528517e-01 6.260486600194477003e-01
6.683129888024219589e-01 6.843407080242592810e-01 6.231469629271827460e-01 6.263569293941608773e-01
6.678084185604223899e-01 6.851778432906394656e-01 6.230745079096727812e-01 6.275140917041682753e-01
6.671485959362688511e-01 6.869768930599196022e-01 6.234078009902186412e-01 6.297826604318029764e-01
6.674785072483455650e-01 6.893588132657912926e-01 6.237362637362637852e-01 6.307808454588821334e-01
6.675561334394224389e-01 6.915168264909475893e-01 6.239777804612970380e-01 6.321724736524340083e-01
6.674591007005763466e-01 6.922755454500726380e-01 6.242192971863300688e-01 6.329189457280455233e-01
6.673038483184225989e-01 6.935387555951911809e-01 6.246298756188866097e-01 6.340371829121262959e-01
6.675367268916532204e-01 6.950224010624104221e-01 6.249824900374350012e-01 6.349681585825688312e-01
6.667410584331152634e-01 6.962167411853619203e-01 6.250790967274484355e-01 6.354507155124774487e-01
6.661006423567311652e-01 6.975826231665727128e-01 6.251708730829610428e-01 6.360020420661246510e-01
6.651497215160395715e-01 6.974473077100785678e-01 6.258567805820552943e-01 6.375357653092563748e-01
6.646839643695783284e-01 6.986400323268810997e-01 6.261610916555971906e-01 6.390115782542973299e-01
6.652467542548854418e-01 7.000656437608541172e-01 6.267624683009298536e-01 6.398897834963793718e-01
6.650138756816550423e-01 7.006006537243764098e-01 6.273783359497645540e-01 6.415597753400947845e-01
6.655572590191931592e-01 7.016616939824990018e-01 6.276391740128003383e-01 6.426216200874532714e-01
6.663723340255001126e-01 7.027103169071149402e-01 6.281632653061225424e-01 6.436477864312548647e-01
6.669157173630382296e-01 7.038371547811765883e-01 6.287308296099505256e-01 6.447800702904027403e-01
6.674591007005763466e-01 7.051071817162204436e-01 6.286728655959425982e-01 6.450115288271149883e-01
6.682353626113450851e-01 7.063868561543155122e-01 6.291848810530129565e-01 6.457194928692738811e-01
6.683518018979603958e-01 7.071155729214677610e-01 6.295713078130660278e-01 6.465232737496464654e-01
6.692445030953443341e-01 7.083737610462921275e-01 6.297693515275932796e-01 6.472436220790692696e-01
6.696326340507288144e-01 7.091368121729640928e-01 6.302910276536650702e-01 6.482703170865793396e-01
6.699625453628054172e-01 7.102253693429918524e-01 6.305711870547034970e-01 6.489269720046765277e-01
6.701372042927282724e-01 7.104848170112360028e-01 6.311121845187779300e-01 6.502842937428572334e-01
6.703312697704204570e-01 7.108894792119302419e-01 6.318898683733847887e-01 6.519154929354298300e-01
6.706999941780356078e-01 7.112623567816962478e-01 6.325033208549691865e-01 6.531780757260072789e-01
6.716509150187273125e-01 7.127146086745186349e-01 6.328559352735176891e-01 6.542453920389075250e-01
6.719226066874963710e-01 7.130666692318872180e-01 6.332954957130780826e-01 6.551962866457079482e-01
6.721942983562654295e-01 7.134823330347288550e-01 6.336094674556214112e-01 6.561131640997456271e-01
6.724077703817267215e-01 7.138690659985165166e-01 6.340635188986836202e-01 6.572902700117209118e-01
6.727764947893418723e-01 7.139877307133425388e-01 6.344499456587369135e-01 6.578817429039954812e-01
6.730481864581110418e-01 7.143826986284093072e-01 6.348267117497887746e-01 6.587270547036807589e-01
6.728735275281879646e-01 7.147510447213875073e-01 6.354449945658736665e-01 6.593894627286183141e-01
6.731840322924954600e-01 7.151680605530826851e-01 6.358120999879240953e-01 6.603314674184739275e-01
6.730481864581110418e-01 7.152654986805395687e-01 6.361792054099746352e-01 6.609039555509290675e-01
6.729899668148033864e-01 7.153973730430447375e-01 6.367105422050476360e-01 6.622236983782410213e-01
6.730287799103416013e-01 7.153079968952481549e-01 6.374640743871512472e-01 6.629878993602806858e-01
6.731452191969570231e-01 7.160884017138360313e-01 6.379954111822243590e-01 6.639419204962846432e-01
6.733392846746493188e-01 7.164028871078486072e-01 6.382514189107596492e-01 6.650621348531317034e-01
6.733780977701877557e-01 7.166416390595570229e-01 6.384253109527835424e-01 6.657413500085733737e-01
6.730869995536494788e-01 7.162653781844221523e-01 6.388020770438352924e-01 6.662614634465884311e-01
6.734169108657261926e-01 7.165205536576717549e-01 6.391063881173770778e-01 6.671694728754750114e-01
6.735721632478798293e-01 7.167080549646283050e-01 6.393768868494142943e-01 6.681367717844343135e-01
6.737662287255719029e-01 7.169906625737036965e-01 6.398526747977297813e-01 6.688776396636210153e-01
6.737080090822643585e-01 7.171763383925198188e-01 6.402318560560318339e-01 6.695476214973907769e-01
6.740961400376486168e-01 7.174809110485219632e-01 6.406376041540876587e-01 6.702949336466934582e-01
6.737274156300336880e-01 7.172717690425642889e-01 6.409370848931288389e-01 6.708863932268344099e-01
6.735333501523412814e-01 7.171204311916274943e-01 6.412800386426760202e-01 6.719045622237753701e-01
6.732228453880338970e-01 7.170405002860211763e-01 6.415191402004588594e-01 6.724220654731745128e-01
6.730093733625723829e-01 7.168101054165094688e-01 6.418548484482550220e-01 6.732049047355799232e-01
6.729899668148033864e-01 7.169896923447808268e-01 6.422557662118102417e-01 6.738781902928383527e-01
6.730287799103418234e-01 7.170729627580820775e-01 6.426760053133678818e-01 6.748394299181699196e-01
6.729511537192648385e-01 7.171177013265366273e-01 6.430576017389204591e-01 6.754347040247533629e-01
6.729511537192649495e-01 7.169662078902336866e-01 6.433908948194662081e-01 6.759249154596504994e-01
6.726406489549574541e-01 7.169045937716874706e-01 6.438546069315300713e-01 6.767732795338061713e-01
6.726988685982649985e-01 7.172280187638521154e-01 6.441830696775751042e-01 6.773658237847725028e-01
6.724659900250344879e-01 7.173737055174456145e-01 6.447337278106508585e-01 6.780852326721720225e-01
6.727376816938034354e-01 7.177510490675453880e-01 6.451298152397053620e-01 6.788130472415713212e-01
6.724659900250343769e-01 7.174549997183558014e-01 6.454486173167491847e-01 6.795040986920140025e-01
6.725242096683420323e-01 7.176104347584788545e-01 6.460765608018355088e-01 6.803735645747919225e-01
6.723495507384191772e-01 7.177233681473986771e-01 6.464146842168820850e-01 6.809751398403248723e-01
6.723301441906499587e-01 7.177943991441790850e-01 6.469460210119550858e-01 6.816743746345246269e-01
6.723883638339576141e-01 7.182058963065940382e-01 6.473952421205169117e-01 6.820870239755393305e-01
6.726212424071882356e-01 7.183698698535627702e-01 6.478154812220746628e-01 6.828021615351131945e-01
6.727376816938034354e-01 7.182817612062950552e-01 6.482743629996376988e-01 6.834581350573514236e-01
6.727959013371112018e-01 7.184750393722718620e-01 6.488805699794710780e-01 6.843667865990832322e-01
6.728735275281879646e-01 7.185524305056508743e-01 6.493466972587851327e-01 6.852131613992396009e-01
6.729317471714956200e-01 7.183386854244276920e-01 6.498780340538582445e-01 6.859804603454602301e-01
6.732616584835723339e-01 7.186938215851776945e-01 6.503224248279193542e-01 6.866850439401983586e-01
6.730675930058802603e-01 7.187768195998515131e-01 6.507957976089844276e-01 6.872106510312407934e-01
6.730093733625724939e-01 7.191439804881835096e-01 6.512643400555488959e-01 6.877341951089115391e-01
6.730675930058801493e-01 7.193416173981646011e-01 6.515928028015940399e-01 6.881938590888159180e-01
6.732034388402646785e-01 7.192724118906328457e-01 6.520420239101557547e-01 6.890524581455378383e-01
6.733780977701876447e-01 7.192149470644455533e-01 6.522497282936843277e-01 6.895342498745189452e-01
6.733586912224184262e-01 7.190760313573616447e-01 6.523898079942035411e-01 6.898962832014547963e-01
6.734169108657259706e-01 7.194574088995657757e-01 6.526409853882382262e-01 6.903771398389817460e-01
6.734945370568029555e-01 7.197158802067231687e-01 6.528969931167734053e-01 6.907718252857435459e-01
6.736303828911874847e-01 7.200538450703480864e-01 6.531481705108078684e-01 6.915554324442700906e-01
6.739797007510334170e-01 7.202959379088198499e-01 6.533413838908344040e-01 6.919728154546476162e-01
6.741155465854178352e-01 7.203456767581818410e-01 6.535345972708610507e-01 6.923859346244205515e-01
6.746589299229559522e-01 7.210647203683671069e-01 6.538147566718994774e-01 6.926472362315774234e-01
6.752993459993401615e-01 7.215308694100189824e-01 6.540224610554280504e-01 6.929595382355021593e-01
6.756292573114168754e-01 7.217820404617629748e-01 6.542688081149619084e-01 6.934473331134494156e-01
6.762308602922626477e-01 7.225123080562813049e-01 6.544185484844825540e-01 6.937592742546667690e-01
6.764249257699547213e-01 7.228272415072979351e-01 6.547421808960269818e-01 6.941164919077119633e-01
6.769489025597237308e-01 7.232771033022628027e-01 6.551962323390894127e-01 6.947994407942783557e-01
6.776669448271847029e-01 7.237575590141772652e-01 6.556019804371453485e-01 6.952639887680076569e-01
6.781132954258766166e-01 7.241216940669070734e-01 6.560463712112063472e-01 6.959136569244021020e-01
6.785014263812609858e-01 7.243854769353598178e-01 6.565438956647746682e-01 6.964225120869962371e-01
6.792000621009528505e-01 7.249510632511618757e-01 6.571863301533631407e-01 6.969670804335077463e-01
6.798016650817986228e-01 7.254189917413349509e-01 6.575486052409129645e-01 6.973985295668310158e-01
6.802092025849520995e-01 7.259258446026511935e-01 6.579929960149739632e-01 6.979095297850249624e-01
6.805779269925673614e-01 7.263101136563906435e-01 6.584470474580363941e-01 6.983918979287911943e-01
6.810048710434899455e-01 7.267597183748891743e-01 6.590411786016181495e-01 6.990631999891169235e-01
6.817617264064895766e-01 7.272717837212735459e-01 6.595000603791811855e-01 6.996765523731547365e-01
6.823633293873353489e-01 7.276490444393817203e-01 6.599927544982490124e-01 7.002834745224899571e-01
6.828290865337964810e-01 7.282653014581923490e-01 6.604226542688080848e-01 7.008403885009760748e-01
6.836053484445652195e-01 7.285931886621772602e-01 6.608332327013646257e-01 7.011918346961441006e-01
6.843816103553339580e-01 7.290250140636709286e-01 6.613790604999396638e-01 7.017344785035516397e-01
6.848861805973335271e-01 7.291888612735555331e-01 6.617799782634947725e-01 7.021681450738200825e-01
6.851578722661026966e-01 7.298599993946355280e-01 6.622485207100591298e-01 7.027205230246725831e-01
6.857982883424866838e-01 7.303469371962127976e-01 6.626735901461177081e-01 7.032060561664316145e-01
6.864192978711016746e-01 7.310046311332886182e-01 6.634126313247192819e-01 7.039895236694124758e-01
6.872343728774088500e-01 7.316577174534278916e-01 6.641854848448254245e-01 7.047195903513951976e-01
6.878941955015621668e-01 7.322063221992791693e-01 6.650452843859437912e-01 7.055049345180655074e-01
6.886898639601001237e-01 7.327671628043997964e-01 6.655234875015094698e-01 7.058751037986841226e-01
6.891944342020998038e-01 7.331487191290853023e-01 6.659437266030672209e-01 7.062669200316871176e-01
6.902229812338682713e-01 7.341277407265953681e-01 6.666054824296582249e-01 7.070089904972987060e-01
6.909216169535601360e-01 7.348582994924892642e-01 6.673445236082599097e-01 7.076649212427936764e-01
6.918531312464825112e-01 7.358287042164927128e-01 6.681463591353701270e-01 7.084381781179545090e-01
6.926293931572512497e-01 7.363328434489708751e-01 6.688902306484724170e-01 7.092417255910828944e-01
6.934444681635583141e-01 7.369395795194366716e-01 6.695471561405627048e-01 7.099544611370480762e-01
6.942401366220961600e-01 7.376953098977876433e-01 6.703489916676730331e-01 7.107557072229574446e-01
6.949387723417881357e-01 7.382611572753563500e-01 6.708706677937446017e-01 7.111495751600471760e-01
6.956568146092489968e-01 7.389306298925788496e-01 6.715807269653423228e-01 7.117166801634882134e-01
6.960061324690951512e-01 7.393083854005491062e-01 6.722956164714406491e-01 7.124421980757353889e-01
6.969958664053251818e-01 7.405419036686321510e-01 6.730974519985508664e-01 7.132114432150858940e-01
6.978109414116322462e-01 7.412105125389704119e-01 6.738075111701484765e-01 7.138094342562901762e-01
6.985095771313241109e-01 7.417969977168823448e-01 6.744402849897355168e-01 7.143925271461945004e-01
6.992858390420927384e-01 7.424780871789954384e-01 6.750440768023187044e-01 7.149975928757288379e-01
6.998874420229383997e-01 7.431153810961674822e-01 6.758217606569254521e-01 7.158648360572452685e-01
7.003531991693996428e-01 7.433025912656140433e-01 6.763748339572515089e-01 7.164390432640892481e-01
7.007219235770147936e-01 7.434047132968581995e-01 6.771839149861127449e-01 7.171614678738167381e-01
7.012653069145529106e-01 7.438711603819240237e-01 6.779277864992150349e-01 7.179272364065999446e-01
7.020415688253216491e-01 7.441300007572905217e-01 6.784591232942881467e-01 7.183608610634182323e-01
7.025267325195521106e-01 7.442395555306824395e-01 6.792174858108924740e-01 7.188484399686010384e-01
7.027013914494750768e-01 7.439542977537954016e-01 6.797584832749667960e-01 7.193263422435337562e-01
7.030507093093210091e-01 7.441335371145777478e-01 6.805361671295737658e-01 7.201535070944420358e-01
7.035358730035514707e-01 7.442794528130053378e-01 6.812607173046734133e-01 7.207590706071536069e-01
7.039240039589357290e-01 7.444857412692933440e-01 6.816568047337278058e-01 7.209742028134207281e-01
7.046808593219352490e-01 7.450462356365288308e-01 6.826180412993599900e-01 7.217530193917718329e-01
7.054183081371655506e-01 7.457147005767732484e-01 6.835116531819829255e-01 7.225075853273787985e-01
7.061169438568573042e-01 7.462575137546005877e-01 6.845308537616229261e-01 7.230730242614409331e-01
7.065244813600108920e-01 7.464529984332044510e-01 6.852892162782271424e-01 7.237401197711095246e-01
7.073783694618563933e-01 7.469643216556463017e-01 6.862021494988528314e-01 7.244623721467433608e-01
7.080964117293173654e-01 7.474277564709961297e-01 6.873082960995048341e-01 7.253830859526195773e-01
7.085815754235479380e-01 7.472908045332979921e-01 6.881246226301170887e-01 7.258721379567358856e-01
7.088920801878553224e-01 7.475618625239772719e-01 6.890617075232459143e-01 7.264592816010075893e-01
7.092608045954705842e-01 7.478375753128055914e-01 6.898635430503561317e-01 7.269604521287587051e-01
7.099788468629315563e-01 7.479547606204712817e-01 6.906943605844705347e-01 7.274970077500463317e-01
7.106968891303926394e-01 7.484204624718641119e-01 6.915928028015939644e-01 7.282614721866185192e-01
7.111238331813153346e-01 7.484644735123435755e-01 6.926168337157347921e-01 7.290050012080649955e-01
7.120941605697761467e-01 7.490020111112438705e-01 6.936553556333776571e-01 7.296239586505957053e-01
7.125211046206989529e-01 7.490073873213739519e-01 6.946214225335104464e-01 7.302222032217766667e-01
7.132197403403908176e-01 7.495974386250954247e-01 6.956889264581572752e-01 7.309871564063841198e-01
7.133167730792369099e-01 7.492413070437559108e-01 6.967032967032966706e-01 7.315556790116172214e-01
7.136272778435444053e-01 7.490520157790765410e-01 6.977514792899408569e-01 7.321718381001818265e-01
7.141706611810825223e-01 7.492423701321377916e-01 6.989687235841082202e-01 7.331881299646869632e-01
7.149469230918511498e-01 7.495574285397750280e-01 7.000458881777562592e-01 7.340055613675380286e-01
7.154708998816201593e-01 7.497706052077605099e-01 7.009105180533752311e-01 7.344369003158440767e-01
7.157814046459275437e-01 7.498184075107571234e-01 7.019973433160245913e-01 7.351016138871434569e-01
7.167711385821576853e-01 7.506921656635088258e-01 7.032725516241999930e-01 7.357109316483890771e-01
7.177414659706183864e-01 7.507049411010575657e-01 7.043545465523487481e-01 7.364858829476036428e-01
7.184595082380795805e-01 7.511718309570037944e-01 7.056345851950247550e-01 7.374401874703293558e-01
7.198567796774630878e-01 7.519826599444165982e-01 7.068325081511895869e-01 7.383265811264337897e-01
7.204583826583088602e-01 7.521022012900863141e-01 7.079434850863421946e-01 7.388969322242745497e-01
7.216033689766927495e-01 7.526613958290477857e-01 7.089530249969810960e-01 7.393882095360891915e-01
7.229230142249994939e-01 7.538068353842175551e-01 7.100205289216278137e-01 7.400566484061119610e-01
7.239321547089987430e-01 7.540955704123526449e-01 7.111508271947831750e-01 7.406590700751498613e-01
7.242426594733062384e-01 7.540292378652397876e-01 7.123052771404420058e-01 7.413494737466328477e-01
7.249801082885365400e-01 7.541296113210981256e-01 7.135128607656079369e-01 7.421288276600056522e-01
7.253876457916901277e-01 7.542894556855521682e-01 7.143388479652216239e-01 7.425865874118239285e-01
7.258728094859204782e-01 7.542180888733769351e-01 7.151986475063397686e-01 7.431007571125929356e-01
7.270760154476120229e-01 7.550170638770050680e-01 7.163337761139958459e-01 7.437956179377683830e-01
7.284732868869956413e-01 7.557663814786150791e-01 7.174689047216519233e-01 7.444469824495894006e-01
7.300064041607637888e-01 7.565123590812143917e-01 7.187392826953267200e-01 7.453440419638932557e-01
7.313842690523781886e-01 7.572689994851575790e-01 7.198985629754860449e-01 7.461058755904219630e-01
7.326845077529158257e-01 7.585495570315230474e-01 7.211979229561645832e-01 7.469248060000941436e-01
