5.622270954219954486e-01 5.810255698228747878e-01 6.213114358169303797e-01 6.323237257484551899e-01
6.051155659919656982e-01 5.990972197978541303e-01 6.614804975244534813e-01 6.632534253010129444e-01
5.626346329251489253e-01 5.755362984622554023e-01 6.293249607535321699e-01 6.444040890392118692e-01
5.977410778396631263e-01 6.149708968741857129e-01 6.726917039004950416e-01 6.840940415222396265e-01
6.458110966640144834e-01 6.725206059435979711e-01 7.120782514189107903e-01 7.177521340912225156e-01
6.644413825224630976e-01 6.894986290021565267e-01 7.158362516604274139e-01 7.192740733383142793e-01
6.766675076170699521e-01 7.022885243195630123e-01 7.176041540876705316e-01 7.264844265468354267e-01
6.913970773739059883e-01 7.128790194492008458e-01 7.214829126917039481e-01 7.311495239846694805e-01
7.058161423664344181e-01 7.226344299662471604e-01 7.305204685424464550e-01 7.362211277246685226e-01
7.174988841235032666e-01 7.352916179202999558e-01 7.447119913053978912e-01 7.509602408728773826e-01
7.271827514603427245e-01 7.478798811237413746e-01 7.576911001086824582e-01 7.647205447784831689e-01
7.365367074851054685e-01 7.586990666071554701e-01 7.674242241275208709e-01 7.767536085584397787e-01
7.465698926817908587e-01 7.690047265331507731e-01 7.756792657891559140e-01 7.880636386725450304e-01
7.566224844262454674e-01 7.775927378938347623e-01 7.830213742301654900e-01 7.968070578422937755e-01
7.644239166294706234e-01 7.840139695994788882e-01 7.895278348025601689e-01 8.041256402008341020e-01
7.719342506161579465e-01 7.908963719796815450e-01 7.947011230527714076e-01 8.099317323673576041e-01
7.777368083991538228e-01 7.971190863850809993e-01 7.990677454413717129e-01 8.153785099866264208e-01
7.820838750994585364e-01 8.037478615986732855e-01 8.029609950489071668e-01 8.197914854171195476e-01
7.830153893923810227e-01 8.061116269481645169e-01 8.061007124743388985e-01 8.224835381086827990e-01
7.849948572648411949e-01 8.089349862213595088e-01 8.075787948315420461e-01 8.233722067826825253e-01
7.866444138252246532e-01 8.092476394468832712e-01 8.077864992150707302e-01 8.225399134568391890e-01
7.879640590735312866e-01 8.098136490623190076e-01 8.076947228595580119e-01 8.214707198044194358e-01
7.897300549205301667e-01 8.101506173419824597e-01 8.073517691100108307e-01 8.204842949049819811e-01
7.910885132643754591e-01 8.101632287572461122e-01 8.082936843376402614e-01 8.209064696462917698e-01
7.936307710221428557e-01 8.118265639289977686e-01 8.092742422412750880e-01 8.214297304339122086e-01
7.960954025888333785e-01 8.116923204238698508e-01 8.113198889023065519e-01 8.238622291701160893e-01
7.985406276077547938e-01 8.120447214452910512e-01 8.140611037314333664e-01 8.271201585479367457e-01
8.000155252382152860e-01 8.113674025330865902e-01 8.159932375316990560e-01 8.288267154909895185e-01
8.010440722699838645e-01 8.097412108213878357e-01 8.177321579519380990e-01 8.301733935782844576e-01
8.023054978749830646e-01 8.097044918962198468e-01 8.193358290061587557e-01 8.307291829361420632e-01
8.036251431232896980e-01 8.098573713277468222e-01 8.204612969448134008e-01 8.308260356228337473e-01
8.057598633779037289e-01 8.105086006814933297e-01 8.212341504649197654e-01 8.311966382543809484e-01
8.074288264860564057e-01 8.126175904214907320e-01 8.221181016785412687e-01 8.318402090265389903e-01
8.081662753012867073e-01 8.125018710313761661e-01 8.229295978746528073e-01 8.326134073190312179e-01
8.086320324477478394e-01 8.139151547321943347e-01 8.242627701968361364e-01 8.338888321674791104e-01
8.094859205495934518e-01 8.164287122567491783e-01 8.256297548605240344e-01 8.362758077565956016e-01
8.103398086514389531e-01 8.185126693629534156e-01 8.273348629392586195e-01 8.388038528229013746e-01
8.110384443711307068e-01 8.202308721273710024e-01 8.292186933945175920e-01 8.414307254341863995e-01
8.122416503328223625e-01 8.215074360454229785e-01 8.308320251177393478e-01 8.433477352440315045e-01
8.131343515302063008e-01 8.227678191829858045e-01 8.325854365414806502e-01 8.455649979548007789e-01
8.138135807021289470e-01 8.241577638362227454e-01 8.338799661876584723e-01 8.475009484953709427e-01
8.145898426128976855e-01 8.254055099331466527e-01 8.347156140562734805e-01 8.485998659609311767e-01
8.151332259504356914e-01 8.273247247936699189e-01 8.354449945658737331e-01 8.501173909434545095e-01
8.157930485745891191e-01 8.291456036221496184e-01 8.360149740369520188e-01 8.507620930429438122e-01
8.157736420268197897e-01 8.298187741821235752e-01 8.357010022944088012e-01 8.502425411398831789e-01
8.156960158357429158e-01 8.307288932265366466e-01 8.356382079459001577e-01 8.499279718934825700e-01
8.149585670205127252e-01 8.305079980269765016e-01 8.349716217848086597e-01 8.493588699942138387e-01
8.139882396320518021e-01 8.300112707601847717e-01 8.346431590387635158e-01 8.486815992279341803e-01
8.136583283199751992e-01 8.298991137169148269e-01 8.341939379302015789e-01 8.480382626953941738e-01
8.136001086766675439e-01 8.300791109200973406e-01 8.339041178601618309e-01 8.477552123731237899e-01
8.133866366512060297e-01 8.300415006297288123e-01 8.339910638811737220e-01 8.479897015532222859e-01
8.132701973645908300e-01 8.306281255854351953e-01 8.337157348146359004e-01 8.477363486567838224e-01
8.137553610588212916e-01 8.326963525134218891e-01 8.333534597270860766e-01 8.474146543231718676e-01
8.142987443963591865e-01 8.332919004975498645e-01 8.331940586885641098e-01 8.473955017191732164e-01
8.145898426128976855e-01 8.338944507079287805e-01 8.329960149740369690e-01 8.472619412623241253e-01
8.146092491606666819e-01 8.337433786007412140e-01 8.325516241999759703e-01 8.469388983384582570e-01
8.146480622562053409e-01 8.338432186162024751e-01 8.322762951334381487e-01 8.466898617699842866e-01
8.148421277338973034e-01 8.339484756784363295e-01 8.319430020528921776e-01 8.465960582234799414e-01
8.148809408294358514e-01 8.336230269185085362e-01 8.318174133558747796e-01 8.467294643924261344e-01
8.146868753517436668e-01 8.336259811479097559e-01 8.318174133558750016e-01 8.468442496868153757e-01
8.148033146383589775e-01 8.337695172394665732e-01 8.320927424224127122e-01 8.475070135169735508e-01
8.146868753517436668e-01 8.334266312116649367e-01 8.321893491124261466e-01 8.475869270704086134e-01
8.146674688039744483e-01 8.332310319392258746e-01 8.321265547639173921e-01 8.473694482856368726e-01
8.143957771352053898e-01 8.329825332311859842e-01 8.320057964014008212e-01 8.473456956399419981e-01
8.145122164218207006e-01 8.327686098487458999e-01 8.318850380388842503e-01 8.470951652505923635e-01
8.143763705874362824e-01 8.326831087315830215e-01 8.315420842893370690e-01 8.467814918064252572e-01
8.142793378485901901e-01 8.321726966533542491e-01 8.312087912087913200e-01 8.464992953467098680e-01
8.145316229695899191e-01 8.326683345620017329e-01 8.310010868252626359e-01 8.463033582174308567e-01
8.146092491606666819e-01 8.330640214116478148e-01 8.306001690617076383e-01 8.459002574606155900e-01
8.146092491606666819e-01 8.331610241854929821e-01 8.303200096606689895e-01 8.457476797877968577e-01
8.146286557084360114e-01 8.331734517603548440e-01 8.301847602946503812e-01 8.457958687400595199e-01
8.146092491606667929e-01 8.330146172090306944e-01 8.302958579881657419e-01 8.461474885742644725e-01
8.151138194026664729e-01 8.333077972264001376e-01 8.305083927061949201e-01 8.465626581151517449e-01
8.153855110714354204e-01 8.334593850184858210e-01 8.303876343436784602e-01 8.465901098221844112e-01
8.153466979758972055e-01 8.329477469195120110e-01 8.304311073541842392e-01 8.468432217944013018e-01
8.155407634535892791e-01 8.328285137881001887e-01 8.302861973191644207e-01 8.468652450448832525e-01
8.154631372625122943e-01 8.321479424403869229e-01 8.301895906291510974e-01 8.468060039091136471e-01
8.150555997593587065e-01 8.316609976285019856e-01 8.299818862456225244e-01 8.465313066306003886e-01
8.152496652370508912e-01 8.316187030237932598e-01 8.295809684820674157e-01 8.461809204847082766e-01
8.153078848803586576e-01 8.318090003327980320e-01 8.294891921265548085e-01 8.459091615393992125e-01
8.158124551223583376e-01 8.322218448742993990e-01 8.290592923559957361e-01 8.453708385786571355e-01
8.156766092879736973e-01 8.321832962679833745e-01 8.286342229199371578e-01 8.448049706727465136e-01
8.156572027402044789e-01 8.319941699415277503e-01 8.284265185364085848e-01 8.444151845546323809e-01
8.157348289312813527e-01 8.326424984948128660e-01 8.282960995048908037e-01 8.443190944875496040e-01
8.162005860777425958e-01 8.329524833960536556e-01 8.280690737833594772e-01 8.440998851381473767e-01
8.161811795299733774e-01 8.328404332146516209e-01 8.279193334138389426e-01 8.438633087187213944e-01
8.163752450076655620e-01 8.328158015631795807e-01 8.276101920057963302e-01 8.436283107036495199e-01
8.160841467911272851e-01 8.326104825218481054e-01 8.273300326047579034e-01 8.433851269237956361e-01
8.156377961924353714e-01 8.324449866931769026e-01 8.271126675522280092e-01 8.431336640166051666e-01
8.156183896446660420e-01 8.323659453199941938e-01 8.267600531336793956e-01 8.427894493086288685e-01
8.154631372625124053e-01 8.323226636532478073e-01 8.263977780461295719e-01 8.424085146058063467e-01
8.151526324982050209e-01 8.320963532761436188e-01 8.262818500181137171e-01 8.423831719281585917e-01
8.150750063071280360e-01 8.322224444562683621e-01 8.259920299480738581e-01 8.420294583006314726e-01
8.149779735682818327e-01 8.318252929124353434e-01 8.258036469025480386e-01 8.417624493460780233e-01
8.152496652370510022e-01 8.319873895754970050e-01 8.256394155295254667e-01 8.416943276841770682e-01
8.154243241669738573e-01 8.324551823498984593e-01 8.254462021494988200e-01 8.416349858163043596e-01
8.155601700013584976e-01 8.327343985276520755e-01 8.254317111459970047e-01 8.416250447326365514e-01
8.155795765491276050e-01 8.332563605727395517e-01 8.253592561284869289e-01 8.416713507305860764e-01
8.153466979758969835e-01 8.331278373796640047e-01 8.251805337519623196e-01 8.415264825416062244e-01
8.153855110714355314e-01 8.329711827276596869e-01 8.250066417099384264e-01 8.415255203012212970e-01
8.152690717848201096e-01 8.330676346344623173e-01 8.249196956889264243e-01 8.415112628017280549e-01
8.152496652370508912e-01 8.332173950680661356e-01 8.246540272913900349e-01 8.414505284185260781e-01
8.151332259504355804e-01 8.329626207406446436e-01 8.242869218693393840e-01 8.411973645397248234e-01
8.148421277338975255e-01 8.329073400053212950e-01 8.241516725033208868e-01 8.411637396463373939e-01
8.147645015428205406e-01 8.327865979656854378e-01 8.238811737712836702e-01 8.409709373387126430e-01
8.146480622562053409e-01 8.327865705387967887e-01 8.236734693877550972e-01 8.407963154795301541e-01
8.146286557084361224e-01 8.328473931893265458e-01 8.233884796522159544e-01 8.406283186048535416e-01
8.149391604727435068e-01 8.332626037634761618e-01 8.233063639657045574e-01 8.406018186560851868e-01
8.145510295173591375e-01 8.328679288528746394e-01 8.230406955681681680e-01 8.404677466016392540e-01
8.143375574918977344e-01 8.325165833335812504e-01 8.230696775751721317e-01 8.405364967999716663e-01
8.142211182052823126e-01 8.324043723485933244e-01 8.228281608501388789e-01 8.404330604835147378e-01
8.139688330842825836e-01 8.320421399746827928e-01 8.226880811496195545e-01 8.403463844478301636e-01
8.139494265365134762e-01 8.319033128336463800e-01 8.225286801110975876e-01 8.402049626957206474e-01
8.136777348677443067e-01 8.317638255989470153e-01 8.223499577345732003e-01 8.401043619711976440e-01
8.137165479632828546e-01 8.315785151098569195e-01 8.221712353580485910e-01 8.399308973565302594e-01
8.134836693900522331e-01 8.314751477226083320e-01 8.220456466610311930e-01 8.398249324033959518e-01
8.130179122435909900e-01 8.308831789897456188e-01 8.220166646540273403e-01 8.399150805785614571e-01
8.127268140270526020e-01 8.306638453280460466e-01 8.218862456225094482e-01 8.398965062062139220e-01
8.127268140270527130e-01 8.305926912035059839e-01 8.217365052529888025e-01 8.398057328013273093e-01
8.123386830716683438e-01 8.303275308553398348e-01 8.217654872599926552e-01 8.398628371872650655e-01
8.120087717595916299e-01 8.297670254153531877e-01 8.217413355874894076e-01 8.398094483819260603e-01
8.118923324729763191e-01 8.299303271563149842e-01 8.216543895664775166e-01 8.397741523500694694e-01
8.117758931863612304e-01 8.298706780326007282e-01 8.216254075594735529e-01 8.397743156576703560e-01
8.115624211608997163e-01 8.297664169112193289e-01 8.214949885279556607e-01 8.397414650059130681e-01
8.114071687787459686e-01 8.297556909671126579e-01 8.213645694964375465e-01 8.396193362822658157e-01
8.112907294921305468e-01 8.298057066783609548e-01 8.211858471199130483e-01 8.395044881798493508e-01
8.112519163965921098e-01 8.293516102486280239e-01 8.210264460813911924e-01 8.395276199267789341e-01
8.111354771099767991e-01 8.294284994778914344e-01 8.208718753773698307e-01 8.394655789619251962e-01
8.109608181800538329e-01 8.293678857924301484e-01 8.207559473493538649e-01 8.394541154147192596e-01
8.107667527023618703e-01 8.291700549264084952e-01 8.205434126313246868e-01 8.392276955511190906e-01
8.107085330590542149e-01 8.290474763077403386e-01 8.203453689167973240e-01 8.390202380122818715e-01
8.107085330590541039e-01 8.285773678031128631e-01 8.202294408887815802e-01 8.389124772066629543e-01
8.103398086514390641e-01 8.283611833266648627e-01 8.200555488467576870e-01 8.387412998496390770e-01
8.099322711482852544e-01 8.281761037345894971e-01 8.198671658012317565e-01 8.386025975779239916e-01
8.094471074540550148e-01 8.278887544375496121e-01 8.197560681077163958e-01 8.385149327940657482e-01
8.088843175687477904e-01 8.273855117439289364e-01 8.194952300446806115e-01 8.382345121437193569e-01
8.089231306642860053e-01 8.274760461263628297e-01 8.193696413476633245e-01 8.380068430294034254e-01
8.083603407789787809e-01 8.267441215835630297e-01 8.191571066296341463e-01 8.377750103548383676e-01
8.082050883968250332e-01 8.265831426821894645e-01 8.191136336191281453e-01 8.377292603008621441e-01
8.077781443459022270e-01 8.261901433220570912e-01 8.189832145876101421e-01 8.375982368353973584e-01
8.078363639892101045e-01 8.262107186747420506e-01 8.188576258905928551e-01 8.374426609638514485e-01
8.075258592249023870e-01 8.259338687370003651e-01 8.187658495350803589e-01 8.374098745746856309e-01
8.071183217217490213e-01 8.257184309055098925e-01 8.185774664895544284e-01 8.373158406587121183e-01
8.069242562440567257e-01 8.255869541478680906e-01 8.183407800990218917e-01 8.370538769124360456e-01
8.069436627918258331e-01 8.255435979288052728e-01 8.180026566839753155e-01 8.367225653288385967e-01
8.065555318364415749e-01 8.251129310154338148e-01 8.179108803284628193e-01 8.365670756058514179e-01
8.062062139765956426e-01 8.247571931382421395e-01 8.175389445719115633e-01 8.362710750676276561e-01
8.057210502823652920e-01 8.244153252281996025e-01 8.174181862093949924e-01 8.362043346833762936e-01
8.052552931359040489e-01 8.241552275569854480e-01 8.169979471078372413e-01 8.358972452133699438e-01
8.049836014671349904e-01 8.239735216139079110e-01 8.165535563337761316e-01 8.355312219863871848e-01
8.046342836072890581e-01 8.236214506514015765e-01 8.163555126192488798e-01 8.354445444154480205e-01
8.043625919385199996e-01 8.233255820349616450e-01 8.160850138872117743e-01 8.352042802813761657e-01
8.042849657474431257e-01 8.232893419162674586e-01 8.158096848206738416e-01 8.350092583430525073e-01
8.041879330085970334e-01 8.231877451393566636e-01 8.155440164231373412e-01 8.347552699336444615e-01
8.040714937219818337e-01 8.232661924756145000e-01 8.153508030431106945e-01 8.344579732670251992e-01
8.036639562188283570e-01 8.228886943856721370e-01 8.151286076560801952e-01 8.342571249374248765e-01
8.031205728812902400e-01 8.222476262813230852e-01 8.147518415650284451e-01 8.339666781377190752e-01
8.029653204991364923e-01 8.221023315586017954e-01 8.144427001569860547e-01 8.336121672750773648e-01
8.026548157348289969e-01 8.219053095912980389e-01 8.141190677454415159e-01 8.332207975890117968e-01
8.020726193017524430e-01 8.216165710901359720e-01 8.139161936964135480e-01 8.329048023232731301e-01
8.019173669195986953e-01 8.216629231141753253e-01 8.136118826228715406e-01 8.324957888384418858e-01
8.015680490597527630e-01 8.214278699127788297e-01 8.131578311798092207e-01 8.320980432567510743e-01
8.015292359642143261e-01 8.211182370940830477e-01 8.128921627822727203e-01 8.318772048897672411e-01
8.008500067922917909e-01 8.202476805318474895e-01 8.126941190677454685e-01 8.315873023949504894e-01
8.008500067922916799e-01 8.202892829336728697e-01 8.123318439801956448e-01 8.312515063543640670e-01
8.006365347668302768e-01 8.199761334022388493e-01 8.119599082236446108e-01 8.309246053588056347e-01
7.999767121426769600e-01 8.195102814111085987e-01 8.116072938050959973e-01 8.306843389027857016e-01
7.996273942828309167e-01 8.190981995833161999e-01 8.111677333655356037e-01 8.303823521340589764e-01
7.992974829707543138e-01 8.188467896316174999e-01 8.107330032604758152e-01 8.300587327001234250e-01
7.989675716586777110e-01 8.186200568409773837e-01 8.102548001449101367e-01 8.296680444283568434e-01
7.984435948689088125e-01 8.180446652441296651e-01 8.098055790363481998e-01 8.292739932206958375e-01
7.982689359389857353e-01 8.178105274227660537e-01 8.091389928752567018e-01 8.286598999333698590e-01
7.979196180791399140e-01 8.170990026204814072e-01 8.086221470836855163e-01 8.281723533759817180e-01
7.973956412893710155e-01 8.168074606965223250e-01 8.081391136336191217e-01 8.276439889054894028e-01
7.968522579518330096e-01 8.162738866938032967e-01 8.078348025600773363e-01 8.273991555848494439e-01
7.962312484232180188e-01 8.156822795386093894e-01 8.072938050960030143e-01 8.268657771517124999e-01
7.957266781812183387e-01 8.147498918064990381e-01 8.067962806424345823e-01 8.264618234651993633e-01
7.954937996079878282e-01 8.138438867470476623e-01 8.062407921748581119e-01 8.258964667996120390e-01
7.949892293659881481e-01 8.135762215382806861e-01 8.057674193937929275e-01 8.253907576794690115e-01
7.945622853150653420e-01 8.130635765053924047e-01 8.053471802922351763e-01 8.250405958460390599e-01
7.939800888819887881e-01 8.125605763302317097e-01 8.048496558386668553e-01 8.246524401594130804e-01
7.940965281686040989e-01 8.125465261868609623e-01 8.044487380751117467e-01 8.243339150861095366e-01
7.938248364998350404e-01 8.122012965179405963e-01 8.039415529525418824e-01 8.238508542204179275e-01
7.937083972132196186e-01 8.120687056269075832e-01 8.034536891679748827e-01 8.234791080021202081e-01
7.934270022705660619e-01 8.119598079816292557e-01 8.031300567564304549e-01 8.231549351778313373e-01
7.935143317355275450e-01 8.120570578840080600e-01 8.028015940103853110e-01 8.228583676795701018e-01
7.933008597100661419e-01 8.118274416355537593e-01 8.025359256128486996e-01 8.224951167167673383e-01
7.931844204234508311e-01 8.118017358640505776e-01 8.021494988527955172e-01 8.221439838910968856e-01
7.931262007801431757e-01 8.116037733100796014e-01 8.018838304552590168e-01 8.218156697730779614e-01
7.930291680412969724e-01 8.114363305634642032e-01 8.014539306846999445e-01 8.214682043949028678e-01
7.928545091113741172e-01 8.112648736919096937e-01 8.012027532906653704e-01 8.211580979284780479e-01
7.927962894680664618e-01 8.113916461395609403e-01 8.010964859316508369e-01 8.210650939391477277e-01
7.926022239903744993e-01 8.111403147589959506e-01 8.008114961961114719e-01 8.208205471113265705e-01
7.926022239903742772e-01 8.109742098313463821e-01 8.006569254920903322e-01 8.205968768797577972e-01
7.925828174426051698e-01 8.109115595221549899e-01 8.004347301050596108e-01 8.203441104854480859e-01
7.926022239903742772e-01 8.109022972445683042e-01 8.001497403695205790e-01 8.201014327578651786e-01
7.927962894680664618e-01 8.109900515062165027e-01 7.997922956164713604e-01 8.198432261109463992e-01
7.926410370859127141e-01 8.112915891410478197e-01 7.995604395604394288e-01 8.195775616057356938e-01
7.926604436336819326e-01 8.112176557380470499e-01 7.993382441734089294e-01 8.193333888533785858e-01
7.926022239903742772e-01 8.116718139886138772e-01 7.992512981523969273e-01 8.192055103253346182e-01
