6.403880351024302531e-01 6.713689131735910420e-01 6.427884736559740242e-01 6.723079013846255947e-01
6.615102141132588320e-01 6.633047356342323120e-01 6.765696056227472610e-01 6.921742817005185344e-01
6.383495496537466840e-01 6.539585993278962395e-01 6.585556423708003315e-01 6.843318263302877735e-01
6.281715797539360047e-01 6.569138412695159079e-01 6.426192439392357514e-01 6.795608618026933723e-01
6.336653703248565916e-01 6.662999015442085948e-01 6.436922323560015924e-01 6.835844083572963914e-01
6.456360508320201363e-01 6.757859727889602430e-01 6.527298193562789397e-01 6.911252875075177826e-01
6.576790180572221756e-01 6.916431074625493114e-01 6.673807920670868921e-01 7.031263676238760363e-01
6.670762914022178025e-01 6.987586330893744702e-01 6.832199734273337599e-01 7.177892520908086826e-01
6.752591478841678541e-01 7.038635058998519156e-01 7.013599588087667813e-01 7.303198330430169527e-01
6.831239428067485964e-01 7.081321869656658219e-01 7.164322054952849683e-01 7.395649741765473184e-01
6.925790455261751077e-01 7.156585316409042052e-01 7.286635533199630199e-01 7.466557564698097504e-01
7.022799230869318787e-01 7.236141053685208879e-01 7.368873974269881666e-01 7.516892237499221974e-01
7.103904928508436578e-01 7.310589890555856396e-01 7.432101076949112484e-01 7.552582272932224505e-01
7.207419508739463243e-01 7.371887606440448160e-01 7.486650655855167091e-01 7.583685610038717329e-01
7.307753473376801256e-01 7.407850370572603982e-01 7.544476810127858091e-01 7.604228739910243728e-01
7.386618282756727272e-01 7.398557701106398543e-01 7.608171995002322996e-01 7.621230552117768120e-01
7.438737006462431411e-01 7.355818885169788102e-01 7.657212606533707611e-01 7.632409902611440033e-01
7.480952449796874903e-01 7.318210931845230416e-01 7.678168286351083616e-01 7.618327775023405746e-01
7.517674102560396587e-01 7.308717036720312477e-01 7.689582290650238683e-01 7.605059988883218214e-01
7.573479448886061283e-01 7.352818195603980644e-01 7.698187801777992556e-01 7.611228933759599524e-01
7.617863493761656279e-01 7.423762301929188734e-01 7.710177907240511885e-01 7.638447625839268618e-01
7.668464196388555809e-01 7.505573769726041622e-01 7.712302280280417532e-01 7.660138411394452618e-01
7.702149806994462722e-01 7.573656056394777458e-01 7.715542849324341645e-01 7.677781643282990398e-01
7.727594731743988588e-01 7.602862618845004361e-01 7.709997875626960484e-01 7.687422053647514630e-01
7.736992005088983992e-01 7.607441836627910625e-01 7.690770499299677265e-01 7.667398897373733924e-01
7.738293166013676672e-01 7.616443520556892555e-01 7.672587306330991286e-01 7.654981533555645923e-01
7.753473376801747197e-01 7.640849746627433881e-01 7.648967158633056540e-01 7.644204801269605110e-01
7.771400482875275850e-01 7.700585018307962715e-01 7.645654576943712311e-01 7.667331997477035976e-01
7.805086093481183873e-01 7.783096383102128257e-01 7.655988391561558970e-01 7.712928073959816055e-01
7.839783718139629043e-01 7.846327262902377253e-01 7.666322206179403409e-01 7.752200987394795018e-01
7.882288308346223626e-01 7.916518806975554323e-01 7.673451458076038234e-01 7.765545333793464344e-01
7.930720409431969431e-01 7.971089854606334679e-01 7.682993133594259172e-01 7.777046690460664990e-01
7.973224999638567345e-01 8.007391421422779265e-01 7.693290941889395773e-01 7.783804424586807658e-01
8.018187338258468966e-01 8.060294162957304387e-01 7.703912807088925119e-01 7.804845480612849773e-01
8.053607830097297970e-01 8.114646465182235868e-01 7.722636094898263082e-01 7.841018536839063913e-01
8.086136853214591635e-01 8.181930736063114384e-01 7.748164577699843125e-01 7.894597163752813396e-01
8.119967037256574649e-01 8.238876747586534321e-01 7.775889446186750043e-01 7.944542223211467080e-01
8.157556130636556269e-01 8.287236806854718640e-01 7.804154409514310053e-01 7.988119133690263496e-01
8.193121195911462484e-01 8.334210451371697470e-01 7.826586348562808437e-01 8.017064597903362788e-01
8.228975408058523122e-01 8.372209797587574220e-01 7.837100194794205388e-01 8.025542671476397771e-01
8.265263340513813173e-01 8.413801087602386097e-01 7.843473313913923439e-01 8.031383584910399831e-01
8.282756726279113524e-01 8.428244490403917766e-01 7.843905389786445248e-01 8.033452971012096100e-01
8.302852433893797013e-01 8.449641625103554432e-01 7.850566559487845986e-01 8.042648887652477097e-01
8.308057077592563289e-01 8.457601881656242604e-01 7.867417518516250929e-01 8.062469815511993376e-01
8.307912504156487188e-01 8.464547802400022025e-01 7.882684199345404430e-01 8.078504157747201653e-01
8.306322196359641197e-01 8.467838020917801689e-01 7.893666127772036578e-01 8.088456955257279368e-01
8.305599329179256252e-01 8.462587109092594151e-01 7.902667708449603312e-01 8.093342158240139916e-01
8.308924518209024335e-01 8.460288138024538718e-01 7.911849320740722558e-01 8.102076991662828798e-01
8.315719469704636602e-01 8.462427587345964231e-01 7.920022755995952402e-01 8.106638052495998004e-01
8.317598924373634794e-01 8.459270472449506029e-01 7.929888488418566084e-01 8.112790597780983326e-01
8.325405889921786429e-01 8.470212983930496264e-01 7.943858941630149717e-01 8.126778946394366265e-01
8.335815177319321201e-01 8.485126483518194984e-01 7.966578931260328567e-01 8.149844978023703668e-01
8.352874842776387698e-01 8.504130844886260698e-01 7.992287445675462232e-01 8.177773486113724122e-01
8.370079081669534737e-01 8.522012133968910330e-01 8.013855232978910337e-01 8.203542242692800635e-01
8.378608914398069096e-01 8.532415793916265923e-01 8.034306824278342196e-01 8.228597290493122607e-01
8.387717040870911189e-01 8.536399441607182004e-01 8.051265802274879535e-01 8.253900374199546475e-01
8.387717040870911189e-01 8.534835567415260948e-01 8.063615970964500557e-01 8.271252623167604234e-01
8.388150761179141712e-01 8.532022879054436126e-01 8.079854822506832290e-01 8.291520212525861355e-01
8.385548439329757464e-01 8.536010664123677705e-01 8.094905465399725442e-01 8.305839560208660988e-01
8.382078676863913280e-01 8.534218785918191719e-01 8.103510976527477094e-01 8.315026332481874061e-01
8.378175194089837463e-01 8.527547605777192619e-01 8.114276867017847783e-01 8.322738808859355686e-01
8.375139151932224912e-01 8.521209125453735878e-01 8.122018226400555818e-01 8.327872309793861172e-01
8.364729864534690140e-01 8.507842365739923807e-01 8.128499364488405154e-01 8.336922595534086433e-01
8.349260506874466303e-01 8.495828042587980633e-01 8.133000154827187966e-01 8.341278063082031569e-01
8.337550058552241072e-01 8.489820002732882953e-01 8.136132704902980795e-01 8.346948036654457947e-01
8.324972169613555906e-01 8.477731065233412577e-01 8.140021387755689286e-01 8.352937948680295710e-01
8.318321791554019740e-01 8.473913397196042308e-01 8.142469817699988788e-01 8.355975145743165244e-01
8.310948546314099739e-01 8.470187738263244004e-01 8.146970608038770489e-01 8.360953444429392034e-01
8.302418713585566490e-01 8.468622870683170101e-01 8.148194823010921350e-01 8.365340174271604923e-01
8.291575705879802305e-01 8.467026603883240909e-01 8.149166993724097363e-01 8.368565986245091182e-01
8.281166418482268643e-01 8.466936079449722818e-01 8.149311019014938706e-01 8.372578015437641685e-01
8.264685046769506549e-01 8.457934902545116707e-01 8.148518879915312985e-01 8.375200701884195631e-01
8.255721493732741667e-01 8.458263178722205122e-01 8.149995139146434253e-01 8.378166828649593612e-01
8.252251731266896373e-01 8.454837990829482397e-01 8.149743094887462735e-01 8.378996166129857315e-01
8.239095548583903472e-01 8.450064706832870476e-01 8.152515581736152761e-01 8.384484380698975503e-01
8.230999436163599636e-01 8.449218856163507319e-01 8.155360081230262903e-01 8.388021233711342450e-01
8.223626190923678525e-01 8.450616839773833489e-01 8.155396087552974071e-01 8.389069902911677756e-01
8.218276973788836148e-01 8.451094230181062095e-01 8.159212757760262447e-01 8.394221757776870740e-01
8.210903728548915037e-01 8.452394963922242876e-01 8.162021250931661420e-01 8.397364635630730767e-01
8.208445980135610220e-01 8.452025041887059054e-01 8.164109617648859230e-01 8.398758068182021752e-01
8.205554511414073771e-01 8.452837812545659357e-01 8.170158679864184537e-01 8.403896667077490612e-01
8.203675056745074468e-01 8.454692770840899207e-01 8.174443432266704779e-01 8.407984066448787042e-01
8.205120791105841027e-01 8.458078161273205886e-01 8.179268279509880335e-01 8.413805532741063242e-01
8.203241336436842834e-01 8.457476608410426921e-01 8.182472842231096610e-01 8.415778157588471586e-01
8.202373895820382899e-01 8.456033557129540856e-01 8.184957278498105060e-01 8.418351908717711662e-01
8.200639014587460807e-01 8.454152096847837861e-01 8.189818132063990674e-01 8.420797770350114675e-01
8.197169252121615513e-01 8.450387617784647087e-01 8.194354928725484655e-01 8.424694337439806446e-01
8.194277783400079063e-01 8.450983793164250635e-01 8.197631504092118826e-01 8.427382377617747000e-01
8.192976622475386383e-01 8.450066138874687827e-01 8.201700218558378719e-01 8.431208589546940191e-01
8.187049111596236273e-01 8.445167937716219209e-01 8.207173179610339764e-01 8.435007465132592364e-01
8.177507264815163657e-01 8.437452306870882879e-01 8.211097868785758314e-01 8.439469602053182307e-01
8.172880914860704005e-01 8.432670015721323020e-01 8.214194412538842194e-01 8.441914570270612206e-01
8.169266578958782610e-01 8.425688826604771364e-01 8.216750861451271870e-01 8.443663848537075189e-01
8.167820844598012719e-01 8.422343821061215596e-01 8.221899765598839060e-01 8.450088581836230350e-01
8.167531697725860518e-01 8.421476700903248735e-01 8.226220524324070471e-01 8.455707509684787793e-01
8.163339068079630279e-01 8.417179686320939158e-01 8.230793327308275620e-01 8.459550009744625232e-01
8.162616200899246444e-01 8.414028112268254755e-01 8.231837510666872859e-01 8.462513638780180258e-01
8.159869305613784984e-01 8.413642777745118373e-01 8.233817858415937163e-01 8.466490466032148277e-01
8.156833263456172434e-01 8.409821166776079160e-01 8.235078079710796972e-01 8.469761332626902783e-01
8.155965822839711388e-01 8.408224420907436381e-01 8.236446319973788066e-01 8.472281150665716964e-01
8.154664661915018709e-01 8.407308363015253416e-01 8.238750724627244004e-01 8.475642316787681541e-01
8.155676675967558076e-01 8.405561023637320162e-01 8.243107489675187693e-01 8.481466067277918519e-01
8.157845277508709581e-01 8.407485346015063365e-01 8.244115666711073764e-01 8.484396609060270711e-01
8.159435585305556682e-01 8.409938166428869710e-01 8.245195856392383282e-01 8.486291165071582210e-01
8.161893333718861498e-01 8.411427585171504795e-01 8.248364412790885059e-01 8.489520913669430513e-01
8.166953403981552784e-01 8.417356527786503673e-01 8.250272747894530356e-01 8.491962658381124740e-01
8.169700299267013133e-01 8.420718151035957444e-01 8.252145076675464486e-01 8.495606042228045496e-01
8.171435180499935225e-01 8.421569448675703118e-01 8.252937215775089097e-01 8.497063371483049021e-01
8.178085558559470281e-01 8.426390266749983482e-01 8.253981399133688557e-01 8.499497586647294378e-01
8.182856481950006033e-01 8.429432501291957980e-01 8.255853727914621576e-01 8.499903522078244844e-01
8.187049111596235162e-01 8.431775157605025939e-01 8.257365993468452903e-01 8.501373055422776215e-01
8.190952594370310980e-01 8.434776804199766165e-01 8.257582031404714362e-01 8.502485486814685967e-01
8.193699489655770218e-01 8.436722029782721677e-01 8.256933917595928873e-01 8.502600322922525544e-01
8.197458398993768824e-01 8.441570705444736422e-01 8.258158132568078624e-01 8.504833695485030098e-01
8.202518469256457889e-01 8.445899143752917393e-01 8.258050113599948450e-01 8.505319311117884862e-01
8.206711098902688128e-01 8.452617740605256058e-01 8.257365993468454013e-01 8.505366114737548111e-01
8.207578539519149174e-01 8.453399560079772890e-01 8.255493664687519884e-01 8.504669153845509921e-01
8.212060316037531615e-01 8.456720088569837923e-01 8.254737531910604220e-01 8.503365148850519084e-01
8.214807211322991964e-01 8.460408191310843096e-01 8.252253095643594660e-01 8.501628457987938647e-01
8.218132400352760047e-01 8.463369846014491271e-01 8.249804665699297379e-01 8.501317739096696524e-01
8.218710694097066671e-01 8.463770593797450559e-01 8.247104191496026360e-01 8.499322757057099498e-01
8.221746736254680332e-01 8.467549369094571343e-01 8.245663938587617370e-01 8.498810415792761308e-01
8.227818820569907654e-01 8.473824296720826599e-01 8.244259692001915107e-01 8.498543320957052671e-01
8.228975408058523122e-01 8.476378243658511114e-01 8.243827616129393299e-01 8.498232076769067778e-01
8.231144009599675737e-01 8.476734941610954976e-01 8.241991293671168117e-01 8.496881976328312103e-01
8.232589743960445627e-01 8.479205910033896787e-01 8.239758901663132296e-01 8.494983734278516163e-01
8.235336639245904866e-01 8.480447540779567639e-01 8.238678711981823888e-01 8.495265493874355478e-01
8.237071520478829179e-01 8.481498600324728354e-01 8.238786730949955173e-01 8.495372828495099116e-01
8.236926947042748637e-01 8.482618852032590695e-01 8.239686889017712179e-01 8.495661723754588390e-01
8.236204079862367022e-01 8.483331142469208164e-01 8.238822737272665231e-01 8.495632428124302304e-01
8.238083534531364105e-01 8.484777471036035745e-01 8.240226983858365273e-01 8.496158238567045329e-01
8.238083534531366325e-01 8.483021932455847569e-01 8.240839091344440703e-01 8.496149413922666760e-01
8.240975003252901665e-01 8.484219203544330901e-01 8.242135318962009460e-01 8.497392342658185438e-01
8.241987017305439922e-01 8.485867393432864336e-01 8.242207331607431797e-01 8.497454583734160849e-01
8.241987017305439922e-01 8.487911706656688926e-01 8.243647584515840787e-01 8.498312983635580853e-01
8.242420737613671555e-01 8.490833193625018094e-01 8.245735951233036376e-01 8.499765339612126436e-01
8.245456779771286326e-01 8.493786109144133567e-01 8.246708121946213499e-01 8.500727453220506824e-01
8.248203675056746675e-01 8.498592069054423659e-01 8.248400419113597337e-01 8.501738305271678842e-01
8.249649409417514345e-01 8.498529878489965439e-01 8.250236741571819188e-01 8.502114462533146844e-01
8.252540878139051905e-01 8.502174726674692762e-01 8.251388943898547712e-01 8.502003614915567553e-01
8.253842039063743474e-01 8.502541004579128314e-01 8.253693348552005871e-01 8.502992272380386352e-01
8.253697465627665153e-01 8.504901446264327980e-01 8.254917563524155621e-01 8.502029494773584162e-01
8.255576920296665566e-01 8.508402155922910604e-01 8.255277626751256204e-01 8.499762518266564815e-01
8.255287773424510034e-01 8.507657483524196929e-01 8.255889734237331634e-01 8.498332849602059369e-01
8.257456374965663759e-01 8.511248716395496405e-01 8.257618037727425531e-01 8.497608355318170270e-01
8.259046682762508640e-01 8.515808617300558714e-01 8.258734233731441776e-01 8.495776100621629245e-01
8.261938151484047310e-01 8.518179277170517816e-01 8.258950271667704346e-01 8.493673445779070796e-01
8.264685046769506549e-01 8.520500614921786564e-01 8.260534549866956899e-01 8.492974380213946795e-01
8.265263340513814283e-01 8.521678899375855210e-01 8.260318511930695440e-01 8.490746030464204619e-01
8.269022249851811779e-01 8.525109570497185763e-01 8.259634391799201003e-01 8.489251626657006167e-01
8.271046277956888293e-01 8.528846574562678473e-01 8.260858606771348533e-01 8.488491899177105227e-01
8.273793173242348642e-01 8.532007392987988048e-01 8.259094296958545689e-01 8.486495932853838076e-01
8.275383481039194633e-01 8.534829686345990485e-01 8.260246499285275323e-01 8.485813070492069787e-01
8.274805187294886899e-01 8.536719069456693010e-01 8.261434707934713906e-01 8.487754676836722911e-01
8.275094334167040211e-01 8.538142894347501288e-01 8.261290682643872563e-01 8.487278874488024538e-01
8.274949760730963000e-01 8.537275326818675181e-01 8.260822600448638475e-01 8.486624241062291629e-01
8.274082320114503064e-01 8.538555852586525718e-01 8.261146657353031220e-01 8.486575092367467654e-01
8.275383481039193523e-01 8.540799551455284799e-01 8.260858606771349644e-01 8.486621690650938410e-01
8.272925732625886486e-01 8.538890729274849489e-01 8.261290682643871452e-01 8.487594978314958460e-01
8.270901704520811082e-01 8.539012997154011853e-01 8.260930619416768650e-01 8.487716571498635787e-01
8.269745117032196724e-01 8.537207428421884625e-01 8.260930619416769760e-01 8.489504700933654391e-01
8.267721088927119100e-01 8.535764044500140368e-01 8.260534549866955789e-01 8.490133695417111381e-01
8.265697060822045916e-01 8.534406101105760367e-01 8.261254676321161394e-01 8.491305964727939859e-01
8.263673032716968292e-01 8.532654397418345527e-01 8.261794771161815598e-01 8.492387969972142736e-01
8.262371871792276723e-01 8.534076415168776464e-01 8.262370872325180970e-01 8.493485406012519778e-01
8.260347843687200209e-01 8.534980362887989447e-01 8.262514897616022314e-01 8.494166049228462079e-01
8.255576920296666676e-01 8.533766311688566475e-01 8.263343043038356983e-01 8.495855335397508590e-01
8.254998626552357832e-01 8.534423575904148684e-01 8.264315213751534106e-01 8.497666003689881009e-01
8.253263745319435740e-01 8.533913249826476921e-01 8.264099175815273757e-01 8.497781935064827596e-01
8.250516850033976501e-01 8.534084243578247131e-01 8.265143359173870996e-01 8.499187816294958564e-01
8.252107157830820272e-01 8.537941963870361306e-01 8.265683454014525200e-01 8.500317014868425947e-01
8.250372276597897070e-01 8.538172626985467417e-01 8.266079523564338061e-01 8.501756646700528997e-01
8.247625381312436721e-01 8.535521636878484752e-01 8.265863485628077711e-01 8.502517970893401777e-01
8.247191661004207308e-01 8.536592127311903866e-01 8.266475593114149811e-01 8.503069336551853930e-01
8.243432751666208702e-01 8.535581108643117698e-01 8.266979681632093957e-01 8.504451858802933861e-01
8.243721898538363124e-01 8.537411230756656311e-01 8.267951852345272190e-01 8.506028134209173697e-01
8.240396709508595041e-01 8.535618288789463826e-01 8.268023864990693417e-01 8.507420537338862276e-01
8.239095548583903472e-01 8.534860110418536205e-01 8.268960029381159371e-01 8.508506037101111197e-01
8.239818415764289528e-01 8.536232243509445095e-01 8.268707985122187853e-01 8.509150463397081587e-01
8.239095548583903472e-01 8.536230102948875187e-01 8.269968206417046552e-01 8.511598891891781760e-01
8.237071520478826958e-01 8.535863017232080407e-01 8.270508301257701866e-01 8.513851398243386104e-01
8.236782373606674756e-01 8.537787869829889242e-01 8.270292263321439297e-01 8.514129069294855690e-01
8.234758345501598242e-01 8.538741752469169999e-01 8.269860187448916378e-01 8.514749893321180707e-01
8.235047492373750444e-01 8.539713627435648879e-01 8.269212073640130889e-01 8.514991317408799887e-01
8.232734317396521728e-01 8.539377280201962961e-01 8.268527953508636452e-01 8.514373296840958005e-01
8.230710289291446324e-01 8.540321683093341498e-01 8.267591789118170498e-01 8.514674369069347160e-01
8.228397114314216498e-01 8.539410480462925612e-01 8.267411757504617986e-01 8.515382905170114647e-01
8.226373086209141094e-01 8.539518584195124884e-01 8.266151536209758177e-01 8.515513031687709233e-01
8.226951379953448829e-01 8.541166764736001227e-01 8.266547605759572148e-01 8.517313362158797085e-01
8.223915337795832947e-01 8.539876163078113924e-01 8.264999333883029653e-01 8.516417434548874121e-01
8.221891309690758654e-01 8.538902878655247886e-01 8.263955150524431303e-01 8.515974667567075551e-01
8.219144414405297194e-01 8.538108072986192454e-01 8.263703106265460896e-01 8.516354747354035748e-01
8.219578134713528828e-01 8.540031606831397504e-01 8.263919144201721245e-01 8.516884431986635473e-01
8.218999840969221093e-01 8.540939737820123501e-01 8.264207194783402821e-01 8.517676992186338225e-01
8.219867281585682139e-01 8.543323196855934221e-01 8.263739112588170954e-01 8.517467201493502671e-01
8.218566120660989460e-01 8.544433156162265508e-01 8.264495245365084397e-01 8.518519577130788667e-01
8.217843253480606736e-01 8.545585091215435192e-01 8.264567258010506734e-01 8.519653936782149994e-01
8.218421547224912249e-01 8.547595368864649990e-01 8.265179365496581054e-01 8.520260426120545016e-01
8.215674651939453010e-01 8.546093628294174627e-01 8.264963327560319595e-01 8.519604500538096037e-01
8.216108372247683533e-01 8.548108073635335424e-01 8.265395403432842514e-01 8.519455701756227795e-01
8.217843253480605625e-01 8.550535358604114400e-01 8.265719460337235258e-01 8.520391706793578601e-01
8.216542092555912946e-01 8.549990295641833882e-01 8.266151536209758177e-01 8.521095942633812870e-01
8.217987826916681726e-01 8.552060592966206354e-01 8.267195719568356527e-01 8.522009978250025819e-01
8.218421547224914470e-01 8.553754213619735314e-01 8.267375751181906818e-01 8.522694483650428143e-01
8.216686665991990157e-01 8.553581055190611071e-01 8.268419934540505167e-01 8.524210635565502292e-01
8.217120386300220680e-01 8.555479603661837462e-01 8.270832358162093501e-01 8.527198726715509158e-01
8.217843253480605625e-01 8.557821518613830669e-01 8.271120408743776187e-01 8.527765732645289365e-01
8.217554106608452313e-01 8.559149541506047010e-01 8.272164592102374536e-01 8.529511522691783920e-01
8.217987826916682836e-01 8.561532540831475746e-01 8.273028743847419264e-01 8.529983070988099714e-01
8.218999840969221093e-01 8.563419647049527184e-01 8.273028743847420374e-01 8.530245155216709119e-01
8.220301001893911552e-01 8.565933885852563545e-01 8.273964908237887439e-01 8.531487458070130536e-01
8.221746736254681442e-01 8.567482328724436158e-01 8.274901072628354504e-01 8.532193099858709218e-01
8.221746736254680332e-01 8.569017898028148394e-01 8.276521357150314895e-01 8.533538482858925578e-01
8.223047897179370791e-01 8.571024135127756072e-01 8.276629376118446180e-01 8.534086830199352214e-01
8.223770764359754626e-01 8.572496058003814534e-01 8.277349502572651785e-01 8.535122200611657828e-01
8.225071925284447305e-01 8.574703785246542420e-01 8.277997616381436163e-01 8.536049363699351744e-01
8.227818820569907654e-01 8.578245480359798503e-01 8.278969787094614396e-01 8.537694333672620761e-01
8.230131995547137480e-01 8.580638232094826012e-01 8.279257837676294862e-01 8.537871995379335832e-01
8.230710289291445214e-01 8.583130168504986557e-01 8.279977964130500467e-01 8.538669932012693531e-01
8.231433156471830159e-01 8.584725616574963025e-01 8.280590071616575898e-01 8.539661251545513920e-01
8.234902918937674343e-01 8.588465599701919917e-01 8.280482052648445723e-01 8.539779480895688391e-01
8.237505240787058591e-01 8.591669498419499673e-01 8.280374033680314438e-01 8.539755842038244671e-01
8.241119576688979986e-01 8.595423803637671778e-01 8.282354381429378742e-01 8.541372962679527614e-01
8.241553296997210509e-01 8.596357144201411948e-01 8.282678438333770377e-01 8.542515923570119796e-01
8.242131590741518243e-01 8.598332655707054961e-01 8.284838817696387192e-01 8.544353311479918611e-01
8.243721898538363124e-01 8.602023593213354857e-01 8.286351083250218519e-01 8.546012603285505493e-01
8.245167632899130794e-01 8.604468179042217280e-01 8.286819165445451496e-01 8.546781476644258468e-01
8.245890500079515739e-01 8.606187860501701703e-01 8.288187405708442590e-01 8.548419848851177560e-01
8.246902514132053996e-01 8.608009059432193411e-01 8.288439449967414108e-01 8.548958602341329982e-01
8.250372276597898180e-01 8.611276190532817232e-01 8.288439449967415218e-01 8.549106140899911388e-01
8.253552892191589052e-01 8.615952416327726793e-01 8.288547468935544282e-01 8.548716000744455146e-01
8.256588934349202713e-01 8.619228449707533324e-01 8.288871525839937027e-01 8.549608909874802931e-01
8.257745521837818181e-01 8.621367654823568483e-01 8.289051557453489538e-01 8.550161972969960722e-01
8.257167228093509337e-01 8.622925833234659221e-01 8.288547468935545393e-01 8.551301418868523241e-01
8.259191256198588071e-01 8.625390131658096093e-01 8.286819165445451496e-01 8.551048058625593251e-01
8.260636990559354631e-01 8.627725865101213421e-01 8.285666963118722972e-01 8.549898184302799908e-01
8.263962179589122714e-01 8.631948188543876466e-01 8.284478754469284389e-01 8.549632086431873113e-01
8.263239312408737769e-01 8.632909623377227337e-01 8.283974665951341354e-01 8.550213352428430724e-01
8.261649004611892888e-01 8.632463481040149045e-01 8.282138343493117283e-01 8.549357335735311425e-01
8.260203270251124108e-01 8.633311320287191393e-01 8.280482052648444613e-01 8.548764307995638800e-01
8.260203270251122998e-01 8.634603006865781971e-01 8.279365856644427257e-01 8.548261919859825309e-01
8.258179242146047594e-01 8.633794164417576411e-01 8.276557363473027173e-01 8.546539781380643186e-01
8.258757535890355328e-01 8.634325184303638379e-01 8.275549186437137772e-01 8.546497285350653783e-01
8.258468389018200906e-01 8.634509240965273502e-01 8.274649028369381876e-01 8.546938774247982984e-01
8.258179242146047594e-01 8.635216080187094745e-01 8.273676857656204753e-01 8.547480902511670475e-01
8.255143199988433933e-01 8.633194644519524008e-01 8.270040219062468889e-01 8.545238196410933629e-01
8.254709479680202300e-01 8.633476421462815686e-01 8.267843833377140905e-01 8.545126037523894658e-01
8.254131185935895676e-01 8.632265646056034303e-01 8.265863485628076601e-01 8.544335075998181761e-01
8.253552892191589052e-01 8.632512507112328759e-01 8.264783295946768193e-01 8.544552972812989866e-01
8.252685451575128006e-01 8.632498268994764912e-01 8.263235024070226808e-01 8.543270652207639593e-01
8.250083129725744868e-01 8.631205307707725538e-01 8.261902790129946883e-01 8.543864950589519225e-01
8.248637395364974978e-01 8.630534156845389715e-01 8.260318511930695440e-01 8.543175834042109340e-01
8.246757940695976785e-01 8.630089602316469710e-01 8.259472363347003521e-01 8.543458123015233996e-01
8.246902514132052886e-01 8.630556178769730469e-01 8.257474012436583077e-01 8.541995588320425714e-01
8.247480807876359510e-01 8.632028499777522068e-01 8.256717879659667414e-01 8.542421801894521938e-01
8.246179646951669051e-01 8.631449868352594201e-01 8.255133601460415971e-01 8.541721171901441867e-01
8.243721898538363124e-01 8.629748482393285736e-01 8.253261272679481841e-01 8.541112626043474432e-01
8.238661828275672949e-01 8.625082704451231264e-01 8.251857026093782910e-01 8.540546055431950112e-01
8.236493226734520334e-01 8.622268990610429951e-01 8.251496962866680107e-01 8.540742793083413442e-01
8.234469198629443820e-01 8.620402226609255036e-01 8.249840672022006327e-01 8.539531272765062964e-01
8.232445170524367306e-01 8.618811838036186668e-01 8.249012526599671657e-01 8.538764033343657633e-01
8.231866876780060682e-01 8.617614561771647086e-01 8.248040355886493424e-01 8.538071131195039687e-01
8.228107967442062076e-01 8.612518829720336999e-01 8.245591925942195033e-01 8.536474428496518829e-01
8.224204484667987369e-01 8.606486027684621121e-01 8.242747426448084891e-01 8.534114022366248165e-01
8.220734722202143185e-01 8.602515605356151340e-01 8.241055129280701053e-01 8.532421896118413951e-01
8.217987826916681726e-01 8.600313056959880686e-01 8.239218806822478092e-01 8.531063709104667048e-01
8.216831239428068479e-01 8.599672257991769486e-01 8.237598522300515480e-01 8.529772420614402106e-01
8.214518064450837542e-01 8.596881813327669208e-01 8.235690187196872403e-01 8.528054877697448521e-01
8.213506050398300395e-01 8.594642577869123778e-01 8.233709839447806988e-01 8.527451060930877347e-01
8.210759155112840046e-01 8.591645812821032679e-01 8.231675482214677597e-01 8.526439641156030591e-01
8.207000245774842551e-01 8.587293084630669426e-01 8.230289238790331474e-01 8.525294546933168682e-01
8.203096763000765623e-01 8.584298882927792196e-01 8.227084676069117419e-01 8.523179273907337539e-01
8.198614986482384293e-01 8.580103343762487400e-01 8.224168163929584940e-01 8.521028864933152258e-01
8.194711503708307365e-01 8.577951785428078457e-01 8.222763917343886009e-01 8.520186290342408597e-01
8.193699489655770218e-01 8.576046435491352371e-01 8.221395677080894915e-01 8.518777521110632023e-01
8.191241741242465402e-01 8.574850990717921562e-01 8.220567531658560245e-01 8.517508463530278906e-01
8.188494845957002832e-01 8.572357699795127850e-01 8.218011082746129459e-01 8.515257546377797970e-01
8.185892524107620805e-01 8.570761415207279743e-01 8.217470987905476365e-01 8.515174484377749931e-01
8.180543306972776207e-01 8.568769778288779504e-01 8.215346614865571828e-01 8.513101506965323750e-01
8.175916957018317666e-01 8.565264180484122303e-01 8.214662494734075171e-01 8.512814257700342946e-01
8.171579753936011326e-01 8.564300214216681306e-01 8.213510292407346647e-01 8.511497851906455470e-01
8.168399138342321564e-01 8.562168791331039586e-01 8.212898184921272327e-01 8.511192201692275860e-01
8.162760774335322544e-01 8.559537859088446332e-01 8.212322083757908064e-01 8.510414685113935063e-01
8.155387529095403654e-01 8.556360429536264967e-01 8.210197710718001307e-01 8.508583162673866163e-01
8.151484046321330057e-01 8.554008233620118418e-01 8.209117521036695120e-01 8.507552429891722667e-01
8.145411962006100515e-01 8.550599122632139837e-01 8.207677268128283909e-01 8.506428353270325537e-01
8.142231346412409643e-01 8.548642144975211465e-01 8.205336857152115693e-01 8.505306866989877923e-01
8.140496465179488661e-01 8.548231618601944692e-01 8.204328680116228512e-01 8.503846290230540061e-01
8.139195304254797092e-01 8.548043572455805705e-01 8.202564370303425667e-01 8.502764313175570354e-01
8.136159262097182321e-01 8.547177504993981323e-01 8.201232136363145742e-01 8.501147870185974398e-01
8.130954618398416045e-01 8.544306630470648312e-01 8.199323801259499334e-01 8.499467822268302886e-01
8.126617415316110815e-01 8.542968234313623732e-01 8.198171598932773030e-01 8.498576003397517731e-01
8.123147652850264411e-01 8.541076144458980002e-01 8.196227257506418784e-01 8.497117504791327214e-01
8.120256184128726851e-01 8.539386207853015831e-01 8.195039048856979091e-01 8.496106387229420687e-01
8.116497274790730465e-01 8.537781301163220871e-01 8.192518606267260584e-01 8.493987972267170727e-01
8.115340687302114997e-01 8.537679369576067767e-01 8.192122536717447723e-01 8.493459764452528926e-01
8.113750379505269006e-01 8.537260021772714591e-01 8.192086530394737665e-01 8.492266316113147306e-01
8.112593792016654648e-01 8.536631763299655784e-01 8.191078353358849373e-01 8.490796808482141689e-01
8.110569763911579244e-01 8.534487000217385599e-01 8.189782125741279506e-01 8.490003415655394958e-01
8.105365120212810748e-01 8.531493768631694952e-01 8.187909796960346487e-01 8.488523880742014915e-01
