6.074542063641226175e-01 6.173071005564697566e-01 5.961314806880089190e-01 6.061819897060485296e-01
6.854515751275860325e-01 6.832418532890589535e-01 6.480021891844207627e-01 6.394187984930959079e-01
6.940392372305512758e-01 6.956715971273055299e-01 6.651556013235925269e-01 6.585639787255714861e-01
6.953693128424582870e-01 7.035543090997827820e-01 6.706393642723662563e-01 6.689238199784306449e-01
7.462013329670806883e-01 7.544981224225177918e-01 7.158056954801262917e-01 7.141934924432098430e-01
7.635356879526955520e-01 7.726036404913376732e-01 7.399335323282767440e-01 7.309532427684795053e-01
7.566395350518295704e-01 7.651433309303472541e-01 7.412621656362857747e-01 7.308828434977534538e-01
7.561913573999913263e-01 7.657642233015238276e-01 7.452840718830227029e-01 7.363786906008094046e-01
7.649958796570718311e-01 7.726708635934357305e-01 7.561075724897292627e-01 7.500419293700468781e-01
7.745955558125749985e-01 7.807874221397083092e-01 7.672659318976411402e-01 7.647581510283747441e-01
7.796556260752649514e-01 7.868712592028261898e-01 7.750649013966852685e-01 7.779764043087705749e-01
7.785279532738653696e-01 7.864629561210900732e-01 7.779166021553385324e-01 7.862111801577154058e-01
7.717474591218609348e-01 7.818958717711942397e-01 7.764691479823856435e-01 7.898255578848112357e-01
7.639694082609262971e-01 7.781454073952873696e-01 7.733221953775082369e-01 7.903172408930836390e-01
7.558154664661914657e-01 7.732369844168862638e-01 7.683641247403043550e-01 7.878073657279909270e-01
7.475024938917722572e-01 7.678950987732331424e-01 7.618649834911010998e-01 7.831422642157785940e-01
7.399702178721682122e-01 7.622239648980330129e-01 7.553298359191873423e-01 7.781425219033010210e-01
7.344619699576400151e-01 7.592916614131008934e-01 7.497848622218060699e-01 7.737993571322900888e-01
7.323367404473102305e-01 7.595135756649766812e-01 7.457845597686953987e-01 7.709506126390698322e-01
7.309054634301493936e-01 7.606259816977367638e-01 7.439086303554903745e-01 7.700482715682227530e-01
7.303560843730572127e-01 7.614768477975234484e-01 7.418562699610050659e-01 7.688531025762666005e-01
7.311512382714799863e-01 7.627060959662655959e-01 7.403836113621552473e-01 7.686406926040185716e-01
7.315415865488874569e-01 7.630754311654328603e-01 7.401675734258936767e-01 7.688677639992673729e-01
7.318451907646490451e-01 7.630730079716716574e-01 7.405276366529962573e-01 7.688007138266947926e-01
7.329728635660484048e-01 7.638549654224315866e-01 7.415142098952575145e-01 7.692816065809767734e-01
7.348378608914397647e-01 7.642668049908818428e-01 7.431344944172197930e-01 7.697741795878250137e-01
7.367606875912620090e-01 7.658264900216803506e-01 7.441606746144623363e-01 7.701465311979925898e-01
7.393630094406453690e-01 7.683338242970321197e-01 7.456945439619198090e-01 7.714217417403712584e-01
7.421532767569287703e-01 7.711054629676462602e-01 7.475452689492274594e-01 7.739584472567583306e-01
7.447989706371351826e-01 7.737031617213667722e-01 7.489387136381149279e-01 7.764083008091674509e-01
7.466784253061342636e-01 7.759563041648704917e-01 7.502961520042918941e-01 7.781706852122169948e-01
7.473290057684800480e-01 7.770153000435405799e-01 7.510702879425626977e-01 7.793564817856517557e-01
7.482109037285489261e-01 7.776701784105628512e-01 7.517616093385998122e-01 7.804818383682852190e-01
7.477338113894952398e-01 7.768734827372005824e-01 7.519020339971698164e-01 7.804844800633981006e-01
7.469531148346802985e-01 7.756700325668450802e-01 7.519200371585249565e-01 7.803620677818342566e-01
7.472422617068340545e-01 7.756635581500663790e-01 7.511603037493383983e-01 7.793366128848532304e-01
7.474012924865186536e-01 7.748737452662397551e-01 7.501233216552827265e-01 7.773525911330640970e-01
7.476326099842415251e-01 7.750317198418283926e-01 7.490035250189933658e-01 7.758317346548990745e-01
7.474157498301262637e-01 7.746061765702948465e-01 7.483698137392926775e-01 7.750724415014773605e-01
7.463459064031574552e-01 7.738544890680990607e-01 7.479017315440591451e-01 7.750688959874949546e-01
7.453483496942271413e-01 7.737332208292246882e-01 7.475884765364797513e-01 7.746949149562719628e-01
7.448857146987812872e-01 7.733379358695913197e-01 7.475200645233301966e-01 7.743701056699152652e-01
7.447122265754889670e-01 7.731184816935467996e-01 7.477000961368815979e-01 7.742503016133471805e-01
7.454929231303040194e-01 7.737371929678471538e-01 7.479521403958535597e-01 7.743591716083539911e-01
7.466639679625266535e-01 7.743413892229307205e-01 7.479593416603955713e-01 7.736909042057472652e-01
7.473000910812646058e-01 7.744686350631642124e-01 7.480889644221526691e-01 7.730504284440529172e-01
7.479795862308260546e-01 7.744205755657206369e-01 7.478009138404704270e-01 7.720864485982397163e-01
7.476036952970261940e-01 7.738199086252696146e-01 7.474264480842836011e-01 7.712286142953118651e-01
7.476181526406338040e-01 7.738551398657479430e-01 7.466739159396389436e-01 7.703474886939524202e-01
7.480807876360797692e-01 7.742118677363557522e-01 7.457665566073401475e-01 7.692261616983544492e-01
7.484422212262717977e-01 7.744038570772241448e-01 7.451040402694713016e-01 7.683948356257972456e-01
7.488325695036794905e-01 7.752063261584241083e-01 7.450392288885928638e-01 7.680898182301137966e-01
7.497433821509635887e-01 7.763599341654738861e-01 7.454028927479665612e-01 7.682921998844027822e-01
7.505819080802095256e-01 7.770735226264783302e-01 7.456549370069385230e-01 7.681330001126970286e-01
7.509722563576167742e-01 7.772691045621271666e-01 7.457629559750693637e-01 7.681422160105559893e-01
7.511312871373012623e-01 7.776062379369206301e-01 7.456621382714804236e-01 7.679871952019743375e-01
7.516517515071781119e-01 7.787858321340834777e-01 7.451904554439759965e-01 7.673255991490464112e-01
7.523023319695240074e-01 7.793602375313885000e-01 7.448267915846022991e-01 7.672422069009853240e-01
7.529962844626929552e-01 7.805424356407487663e-01 7.444703289897706133e-01 7.674200666596218134e-01
7.542685307001690820e-01 7.819308031866868403e-01 7.445459422674622907e-01 7.679611542927711199e-01
7.549335685061226986e-01 7.828975077851363373e-01 7.450212257272377236e-01 7.688384957691914989e-01
7.555841489684684831e-01 7.836585408540246434e-01 7.454497009674898589e-01 7.696705608188337822e-01
7.562347294308142676e-01 7.846680940293486728e-01 7.459177831627232802e-01 7.703484725398571653e-01
7.567118217698680649e-01 7.849133562305923295e-01 7.459177831627232802e-01 7.705916514641375503e-01
7.570009686420217099e-01 7.853186364945674569e-01 7.457989622977795330e-01 7.706378873869577095e-01
7.575069756682908384e-01 7.855479942822689576e-01 7.455289148774524310e-01 7.704037269468908544e-01
7.581720134742442330e-01 7.860936325552441151e-01 7.453740876897984036e-01 7.703616960118631063e-01
7.590539114343131111e-01 7.868533971822821993e-01 7.450392288885928638e-01 7.702048530961359551e-01
7.594442597117204707e-01 7.873120632206487279e-01 7.446539612355930204e-01 7.701467818536014143e-01
7.596322051786206231e-01 7.873497342291460033e-01 7.443911150798080412e-01 7.700362270341221116e-01
7.595888331477974598e-01 7.877437895051038197e-01 7.441750771435463596e-01 7.701361368330355006e-01
7.599502667379895993e-01 7.881742716770517854e-01 7.436349823028923778e-01 7.697624288141950988e-01
7.598490653327358846e-01 7.880131792570224114e-01 7.433397304566681241e-01 7.694247734677117645e-01
7.603117003281817388e-01 7.885369789861862433e-01 7.429616640682104034e-01 7.691674836871563725e-01
7.607309632928046517e-01 7.887645791655296668e-01 7.427276229705936927e-01 7.689864438299057747e-01
7.611357689138197324e-01 7.888333972371465164e-01 7.424467736534534623e-01 7.685960237197777545e-01
7.613670864115427150e-01 7.888720106983231339e-01 7.422595407753600494e-01 7.684586816104432838e-01
7.618297214069887913e-01 7.893772065686904815e-01 7.420002952518462980e-01 7.683146839557849495e-01
7.619453801558502271e-01 7.897836434189647870e-01 7.416726377151827698e-01 7.680537571126379026e-01
7.617285200017349656e-01 7.894094927452695032e-01 7.414457978821080708e-01 7.678176289842026936e-01
7.620899535919269940e-01 7.899942715109250502e-01 7.414638010434633220e-01 7.677796003147634440e-01
7.622489843716115931e-01 7.903397799899797294e-01 7.414457978821080708e-01 7.676720205700522381e-01
7.624947592129422969e-01 7.905896923690762801e-01 7.411865523585943194e-01 7.673762025444201829e-01
7.627839060850959418e-01 7.909294534810253907e-01 7.410965365518185077e-01 7.673000139575953948e-01
7.626682473362345061e-01 7.909251117259870067e-01 7.408012847055942540e-01 7.670803176569991333e-01
7.631453396752880813e-01 7.913819731819671244e-01 7.404412214784916735e-01 7.667238410996806142e-01
7.633766571730109529e-01 7.919168208225854100e-01 7.403332025103608327e-01 7.667207395171080631e-01
7.632609984241495171e-01 7.917373216060925589e-01 7.400487525609495965e-01 7.664065035356497635e-01
7.631742543625036346e-01 7.916741841571416360e-01 7.399839411800711586e-01 7.663175287028294314e-01
7.629718515519957611e-01 7.917470296712711963e-01 7.396670855402208700e-01 7.660007608727046335e-01
7.629718515519958721e-01 7.918300025686428878e-01 7.394870539266695797e-01 7.659848251618823767e-01
7.628417354595267152e-01 7.919336158223612143e-01 7.393646324294544936e-01 7.659551345125887867e-01
7.630875103008573079e-01 7.922250138946755893e-01 7.392242077708846004e-01 7.657289416099248847e-01
7.630875103008573079e-01 7.924362835082485734e-01 7.390549780541463276e-01 7.656974112660650533e-01
7.628417354595268263e-01 7.925011003641462271e-01 7.387777293692772140e-01 7.653097102128659790e-01
7.629863088956035932e-01 7.925022494046641830e-01 7.385832952266417895e-01 7.649976274964065404e-01
7.628995648339574887e-01 7.924671310712820826e-01 7.384788768907819545e-01 7.649202565546808774e-01
7.627260767106651684e-01 7.924533220590681548e-01 7.383528547612960846e-01 7.648644524777856724e-01
7.626537899926267849e-01 7.923604195157504249e-01 7.382592383222493782e-01 7.646988060054067393e-01
7.626393326490191749e-01 7.924615338285188049e-01 7.381476187218475316e-01 7.646082607572342038e-01
7.625525885873729592e-01 7.923248174406281041e-01 7.379999927987355157e-01 7.645305066507172009e-01
7.625815032745882904e-01 7.923882812221020311e-01 7.379135776242307099e-01 7.645163825181352513e-01
7.623935578076884712e-01 7.922098920669541355e-01 7.377479485397635539e-01 7.643831453913766394e-01
7.624947592129422969e-01 7.920743328257187077e-01 7.376003226166515381e-01 7.641649411941280334e-01
7.624947592129422969e-01 7.920071997992937929e-01 7.374094891062870083e-01 7.640274770874377896e-01
7.623646431204729179e-01 7.917855785518091993e-01 7.372906682413431501e-01 7.639352195984356886e-01
7.622489843716115931e-01 7.914404553363753037e-01 7.373014701381562785e-01 7.638852005590465177e-01
7.623501857768653078e-01 7.914315891184400265e-01 7.373482783576795763e-01 7.639443089750088678e-01
7.624080151512961923e-01 7.913992800629284785e-01 7.372186555959225895e-01 7.638317686177753529e-01
7.625092165565499069e-01 7.915012570926400759e-01 7.372906682413431501e-01 7.638469181128682006e-01
7.626682473362345061e-01 7.917072496015044036e-01 7.370890328341657138e-01 7.636152242226565967e-01
7.624658445257268546e-01 7.915759191433756614e-01 7.369630107046797329e-01 7.635048686973335830e-01
7.623212710896498656e-01 7.913041703933091364e-01 7.369090012206143125e-01 7.635172016594422573e-01
7.622345270280039831e-01 7.912068938719590827e-01 7.367001645488948647e-01 7.633800626990641103e-01
7.621622403099654885e-01 7.910205590989204394e-01 7.366857620198105083e-01 7.632309352216607445e-01
7.622200696843961509e-01 7.910756502944298330e-01 7.365921455807638019e-01 7.630448510739609169e-01
7.626393326490189528e-01 7.912758846784994082e-01 7.366209506389322925e-01 7.630040695560863506e-01
7.626827046798421161e-01 7.913091568089648531e-01 7.366497556971003391e-01 7.630054188386361513e-01
7.627983634287035519e-01 7.914400661403745429e-01 7.365849443162217902e-01 7.629994919190842273e-01
7.631019676444649180e-01 7.916166925643153274e-01 7.365813436839508954e-01 7.629219194680406657e-01
7.630296809264265345e-01 7.917417203549879101e-01 7.363869095413154708e-01 7.626659691264945362e-01
7.631308823316804713e-01 7.917915329745843778e-01 7.362392836182034550e-01 7.625806021441056126e-01
7.634200292038342273e-01 7.919124797731875720e-01 7.361744722373247951e-01 7.624675653747787774e-01
7.636079746707340465e-01 7.919559792216162020e-01 7.360700539014650712e-01 7.624094400216816503e-01
7.637380907632032034e-01 7.920404978159045761e-01 7.361312646500726142e-01 7.623957972961334928e-01
7.641139816970030640e-01 7.924008411563603360e-01 7.360700539014650712e-01 7.623379000243826198e-01
7.641573537278261163e-01 7.924047457057605826e-01 7.359152267138109327e-01 7.622126388872667579e-01
7.640995243533953429e-01 7.922949105449756946e-01 7.358756197588298686e-01 7.621683544446553604e-01
7.641573537278261163e-01 7.923119305332200213e-01 7.357784026875118233e-01 7.619725597506434855e-01
7.639694082609260750e-01 7.921374544352155489e-01 7.357820033197828291e-01 7.619330782358439969e-01
7.639549509173185760e-01 7.920681725797702466e-01 7.356883868807362337e-01 7.618993778721556698e-01
7.641139816970029530e-01 7.922016027349307876e-01 7.356883868807362337e-01 7.620095052872500885e-01
7.643019271639029943e-01 7.922325740116489268e-01 7.355335596930820952e-01 7.618609051009618272e-01
7.645187873180181448e-01 7.922415392026609382e-01 7.354363426217642719e-01 7.617241361435778124e-01
7.647211901285257962e-01 7.925761294452970951e-01 7.353535280795306939e-01 7.616804041179773277e-01
7.649091355954257265e-01 7.928710043902921223e-01 7.352707135372971159e-01 7.616016376725821546e-01
7.651259957495408770e-01 7.929613746622597992e-01 7.352347072145868356e-01 7.615732276669836542e-01
7.653283985600485284e-01 7.930193321810854457e-01 7.351374901432691233e-01 7.614532398314358685e-01
7.653573132472639706e-01 7.930461752117614616e-01 7.350978831882879483e-01 7.614469794613373255e-01
7.659066923043560404e-01 7.933389177448044727e-01 7.351842983627925321e-01 7.615903926132112645e-01
7.661813818329021863e-01 7.936633992097748003e-01 7.353211223890915305e-01 7.616837073164550720e-01
7.663114979253712322e-01 7.936552844278917940e-01 7.355011540026428207e-01 7.618767238787494955e-01
7.665861874539172671e-01 7.939806683273611387e-01 7.354759495767455579e-01 7.619097313164613361e-01
7.669187063568939644e-01 7.940700350094003213e-01 7.355731666480633812e-01 7.619739974422415907e-01
7.669909930749323479e-01 7.939363815765315691e-01 7.356523805580259534e-01 7.620176225390167257e-01
7.670199077621476791e-01 7.939018543908407111e-01 7.357387957325306482e-01 7.621268946354843310e-01
7.671066518237940057e-01 7.939015264921488457e-01 7.357423963648016541e-01 7.621637596173979068e-01
7.673090546343015461e-01 7.939373543471284211e-01 7.357279938357176308e-01 7.621682259655537806e-01
7.675114574448090865e-01 7.940597205776506184e-01 7.356559811902969592e-01 7.621665111530644410e-01
7.677861469733552324e-01 7.942275005555112788e-01 7.356127736030446673e-01 7.621244963854300059e-01
7.681475805635473719e-01 7.947719631662106821e-01 7.354471445185775114e-01 7.618613477524476263e-01
7.681764952507625921e-01 7.947741861386196094e-01 7.355407609576241068e-01 7.618597475654171891e-01
7.685379288409548426e-01 7.951766962132181815e-01 7.355119558994560602e-01 7.619077968064688067e-01
7.685668435281701738e-01 7.952865752157310952e-01 7.355659653835213696e-01 7.619744454513585064e-01
7.688559904003239298e-01 7.954409901906138725e-01 7.356055723385026557e-01 7.620915640659348123e-01
7.689282771183623133e-01 7.955193860377751669e-01 7.355587641189792469e-01 7.620938002734765071e-01
7.690439358672237491e-01 7.956601532615843464e-01 7.355227577962689667e-01 7.620409632196836203e-01
7.691306799288699647e-01 7.955761067069344605e-01 7.355155565317270661e-01 7.620055287075253592e-01
7.688849050875392610e-01 7.954846338064747169e-01 7.355083552671848324e-01 7.620475097378262008e-01
7.688993624311468711e-01 7.956716165351217507e-01 7.354795502090167858e-01 7.620606701127725646e-01
7.687547889950701041e-01 7.954842839653815112e-01 7.354687483122036573e-01 7.620502221110951879e-01
7.688126183695007665e-01 7.956353596707355091e-01 7.354723489444745521e-01 7.620956286386267875e-01
7.688849050875392610e-01 7.956309050958845219e-01 7.355407609576241068e-01 7.622022107207289121e-01
7.689282771183623133e-01 7.957329426509921477e-01 7.355587641189792469e-01 7.622894155230890423e-01
7.691017652416545225e-01 7.959112609831735519e-01 7.355983710739604220e-01 7.624158504759165345e-01
7.691740519596930170e-01 7.961288978587206522e-01 7.354867514735586864e-01 7.623907496052952926e-01
7.693041680521621739e-01 7.963665464529398053e-01 7.354723489444746631e-01 7.623865249364041308e-01
7.692752533649467317e-01 7.962654578374511738e-01 7.355011540026428207e-01 7.623648161955964841e-01
7.694342841446313308e-01 7.965546173266599972e-01 7.355047546349138265e-01 7.624067261612523794e-01
7.693186253957698950e-01 7.964477858365588414e-01 7.355299590608109783e-01 7.624168616911802809e-01
7.691162225852622436e-01 7.963733045595741133e-01 7.354687483122036573e-01 7.624379670394079156e-01
7.689716491491853656e-01 7.963125400779014207e-01 7.353967356667829858e-01 7.623150762721322415e-01
7.688559904003238188e-01 7.962924459053724036e-01 7.353715312408859450e-01 7.621767096379734596e-01
7.688126183695008775e-01 7.962533478823266009e-01 7.352995185954652735e-01 7.620373027241982289e-01
7.686391302462086683e-01 7.960571314399884635e-01 7.352743141695681217e-01 7.621912978517328963e-01
7.683933554048779646e-01 7.960270088000220845e-01 7.351914996273345437e-01 7.620904541744779603e-01
7.683499833740548013e-01 7.961340795341391718e-01 7.351698958337082868e-01 7.619510697374644037e-01
7.685668435281702848e-01 7.963301171043619675e-01 7.352275059500448240e-01 7.620706395562537594e-01
7.684367274357010169e-01 7.965281658093195105e-01 7.349898642201569965e-01 7.618308211230098159e-01
7.682198672815856444e-01 7.965677217840788638e-01 7.349826629556149848e-01 7.618765752927431079e-01
7.680608365019010453e-01 7.965256409141209248e-01 7.349322541038205703e-01 7.619017410213156927e-01
7.678006043169627315e-01 7.963263084111475987e-01 7.348854458842973836e-01 7.619407560891889863e-01
7.676415735372782434e-01 7.962679879243237391e-01 7.349322541038206813e-01 7.619126392032680162e-01
7.675403721320245287e-01 7.961122656718806478e-01 7.348278357679608463e-01 7.618396117973404991e-01
7.675259147884168076e-01 7.960775694021842153e-01 7.346946123739328538e-01 7.617658510444869080e-01
7.673957986959476507e-01 7.958837517522512339e-01 7.345073794958394409e-01 7.616978760602596266e-01
7.672078532290478314e-01 7.956622859087000288e-01 7.343885586308955826e-01 7.616859620179954327e-01
7.666873888591709818e-01 7.954759092764809303e-01 7.343273478822881506e-01 7.615766498879040780e-01
7.663259552689788423e-01 7.951539018149154092e-01 7.340717029910452940e-01 7.613852678662499374e-01
7.660801804276482496e-01 7.948127810479462818e-01 7.339312783324751788e-01 7.613417366514563245e-01
7.659066923043560404e-01 7.947238617486771517e-01 7.338268599966154548e-01 7.612509717223910899e-01
7.654585146525177963e-01 7.941703622954217057e-01 7.336720328089612053e-01 7.611356584430877259e-01
7.653283985600486394e-01 7.940818127002127191e-01 7.335892182667276273e-01 7.610878777475097445e-01
7.651838251239716504e-01 7.940462873037555935e-01 7.336000201635407558e-01 7.611062591550702416e-01
7.650970810623256568e-01 7.941042048337119130e-01 7.335208062535782947e-01 7.610301623647768299e-01
7.650247943442871623e-01 7.940127949662152407e-01 7.333119695818586248e-01 7.609618642921418541e-01
7.651982824675793715e-01 7.941840605154889543e-01 7.330995322778679490e-01 7.608298947966984915e-01
7.652127398111869816e-01 7.943536551109718902e-01 7.330131171033633652e-01 7.608021137637914766e-01
7.651259957495409880e-01 7.945035633724699675e-01 7.329807114129240908e-01 7.608464497846032515e-01
7.649814223134641100e-01 7.943480788688679350e-01 7.328870949738774954e-01 7.608084220692563626e-01
7.649814223134641100e-01 7.942889460331012952e-01 7.328006797993728005e-01 7.606860378178534887e-01
7.648368488773872320e-01 7.942783544369371729e-01 7.326926608312420708e-01 7.605964204461457268e-01
7.646489034104873017e-01 7.942190424167052676e-01 7.325954437599242475e-01 7.605642782090470400e-01
7.646344460668796916e-01 7.941551596296508864e-01 7.324010096172889339e-01 7.604039409122713700e-01
7.644898726308030357e-01 7.940805531131920336e-01 7.323506007654944083e-01 7.604352418553252946e-01
7.643163845075107155e-01 7.939788137834957737e-01 7.321993742101113867e-01 7.602996693818353524e-01
7.642874698202952732e-01 7.939488677027217722e-01 7.320733520806252947e-01 7.602337024843038860e-01
7.642296404458644998e-01 7.938364941515501094e-01 7.320121413320177517e-01 7.602211247552825846e-01
7.640850670097876218e-01 7.938349479998009217e-01 7.319041223638870219e-01 7.601320462188099203e-01
7.639694082609261860e-01 7.938778678569282654e-01 7.318789179379898702e-01 7.601672739811951018e-01
7.637959201376338658e-01 7.937376209503382851e-01 7.318141065571113213e-01 7.600928645267244210e-01
7.637670054504185346e-01 7.936569205296241103e-01 7.317420939116909828e-01 7.600031470391697130e-01
7.636079746707340465e-01 7.935428396869703693e-01 7.316772825308125450e-01 7.599249017940463702e-01
7.635067732654801098e-01 7.935057385056671908e-01 7.316016692531208676e-01 7.598520577914813501e-01
7.634634012346570575e-01 7.935621583802043855e-01 7.315800654594947217e-01 7.598533634162987216e-01
7.634923159218724997e-01 7.935173888509515772e-01 7.315224553431582954e-01 7.598217080184744843e-01
7.633766571730110639e-01 7.934626073989181627e-01 7.315116534463452780e-01 7.599276156867801335e-01
7.632754557677572382e-01 7.934497189447524690e-01 7.314720464913638809e-01 7.599242676013531206e-01
7.631308823316804713e-01 7.933420856344810534e-01 7.314396408009246064e-01 7.599634225448368419e-01
7.631887117061111336e-01 7.933815770160383973e-01 7.314972509172610327e-01 7.599902543263267196e-01
7.629140221775649877e-01 7.932041789455177572e-01 7.314972509172610327e-01 7.600220992145052534e-01
7.628706501467420464e-01 7.932488633769263497e-01 7.315080528140742722e-01 7.600338332011686848e-01
7.627116193670575583e-01 7.932225745950256535e-01 7.315548610335975699e-01 7.601286505044284603e-01
7.625959606181960115e-01 7.929962021932782656e-01 7.315440591367844414e-01 7.601957573745770080e-01
7.626248753054114538e-01 7.929815387418279737e-01 7.314684458590928751e-01 7.601354281645101851e-01
7.625236739001577391e-01 7.929550643037811541e-01 7.314180370072984605e-01 7.601042536977591357e-01
7.623501857768653078e-01 7.928666175639300651e-01 7.314648452268218692e-01 7.601427504237630028e-01
7.623068137460423666e-01 7.928231752677905586e-01 7.314396408009246064e-01 7.601702298348512743e-01
7.621911549971809308e-01 7.926907918607062342e-01 7.314504426977377349e-01 7.601914839185190953e-01
7.621333256227501574e-01 7.926648421987321225e-01 7.314936502849900268e-01 7.602082988875418224e-01
7.619164654686347848e-01 7.925968087824137864e-01 7.314792477559058925e-01 7.601687890833480621e-01
7.619020081250271748e-01 7.925854775478489156e-01 7.314756471236348867e-01 7.601744525795485208e-01
7.618586360942041225e-01 7.925347653239540602e-01 7.315332572399713129e-01 7.601509197700399012e-01
7.615405745348349242e-01 7.922126075763795683e-01 7.315836660917658385e-01 7.601348397596434658e-01
7.614682878167966518e-01 7.922615928559048060e-01 7.315656629304104763e-01 7.601304192745479416e-01
7.613237143807197738e-01 7.920714464777340869e-01 7.315908673563078501e-01 7.602058277840185729e-01
7.611935982882506169e-01 7.919502420632082984e-01 7.316016692531208676e-01 7.602677784936953120e-01
7.611646836010352857e-01 7.919899699042050045e-01 7.316304743112890252e-01 7.602486660452379974e-01
7.611357689138198435e-01 7.919934320415155105e-01 7.316412762081021537e-01 7.602648405913967622e-01
7.608899940724892508e-01 7.917614434849943317e-01 7.316196724144760077e-01 7.601702530959046911e-01
7.608466220416661985e-01 7.917374636471476990e-01 7.315620622981395815e-01 7.601885083562140988e-01
7.606731339183738783e-01 7.914226704125045808e-01 7.315620622981395815e-01 7.602036603318134134e-01
7.605285604822971113e-01 7.913399894698820436e-01 7.316016692531208676e-01 7.602445446051496747e-01
7.603406150153970700e-01 7.912031573554735298e-01 7.315656629304105874e-01 7.602470058188353086e-01
7.602827856409662965e-01 7.911428219630923797e-01 7.315476597690554472e-01 7.602527206847399244e-01
7.601960415793201919e-01 7.910633232902757328e-01 7.314792477559060035e-01 7.601829875397611014e-01
7.601526695484971397e-01 7.910249138144442860e-01 7.314612445945507524e-01 7.601777824290678609e-01
7.599936387688126516e-01 7.908452975411776054e-01 7.314252382718405832e-01 7.601336329216149545e-01
7.598635226763434947e-01 7.907234879031984631e-01 7.314432414331956123e-01 7.601374479603826284e-01
7.598346079891280525e-01 7.906858948464084991e-01 7.314432414331957233e-01 7.601364228902256492e-01
7.599213520507743791e-01 7.907700847668532873e-01 7.314252382718404721e-01 7.601303630868893046e-01
7.598201506455205534e-01 7.907332607186496887e-01 7.314792477559058925e-01 7.602209722042483353e-01
7.597478639274819479e-01 7.907220896514827180e-01 7.314828483881770094e-01 7.602642136506777559e-01
7.596755772094436754e-01 7.906578858726287518e-01 7.314612445945508634e-01 7.602526786512948664e-01
7.595599184605821286e-01 7.906182286416738592e-01 7.314000338459433204e-01 7.602301002672084973e-01
7.594587170553284139e-01 7.905142491979891828e-01 7.313388230973358883e-01 7.601951018183372710e-01
7.593719729936821983e-01 7.904884134757753644e-01 7.313424237296068942e-01 7.602505286109186855e-01
7.591551128395668258e-01 7.903539049959740215e-01 7.312488072905602987e-01 7.601708410906922175e-01
7.589527100290593964e-01 7.901675147660878196e-01 7.312452066582891819e-01 7.601537821563214559e-01
7.589093379982362331e-01 7.901455749364224568e-01 7.311875965419527557e-01 7.600987767364664194e-01
7.587503072185517450e-01 7.899289664872749528e-01 7.312055997033080068e-01 7.600996594439295428e-01
7.587069351877288037e-01 7.898102223972035540e-01 7.312164016001210243e-01 7.600879806272118344e-01
7.586057337824747560e-01 7.897153901994253822e-01 7.311659927483266097e-01 7.600770695803132915e-01
7.584467030027903789e-01 7.896144813203354040e-01 7.312019990710368900e-01 7.600949135207244467e-01
7.583455015975366642e-01 7.895473829655742515e-01 7.312272034969340417e-01 7.601569389416437117e-01
7.580708120689904073e-01 7.892810536806005306e-01 7.311839959096818609e-01 7.601151187881587390e-01
7.579840680073444137e-01 7.892092757434319150e-01 7.311623921160556039e-01 7.600989638756706634e-01
7.579406959765213614e-01 7.891296744669628049e-01 7.311767946451396272e-01 7.601280563625552045e-01
7.577961225404443724e-01 7.889906982076718700e-01 7.311263857933453236e-01 7.601326680038010819e-01
7.576804637915829366e-01 7.888010967988675626e-01 7.311515902192424754e-01 7.601499862245828520e-01
7.577527505096213201e-01 7.888621528771856406e-01 7.311119832642611893e-01 7.601316086609297695e-01
7.577961225404444834e-01 7.888738956057266272e-01 7.310867788383639265e-01 7.601265312823852760e-01
7.577238358224058778e-01 7.888568958807063991e-01 7.310831782060930317e-01 7.601665619443453981e-01
7.575648050427215008e-01 7.887227153122098322e-01 7.310579737801957689e-01 7.601550702843098417e-01
7.574636036374676751e-01 7.886730143705850127e-01 7.310867788383640375e-01 7.601713090576777132e-01
7.573045728577830760e-01 7.885820972913666349e-01 7.311335870578873353e-01 7.601939517416957948e-01
7.572178287961370824e-01 7.884332560469278217e-01 7.311443889547003527e-01 7.602005768252187989e-01
7.571166273908833677e-01 7.882163772784578359e-01 7.311695933805976155e-01 7.601589368769818833e-01
7.568997672367681062e-01 7.880432300536569512e-01 7.311623921160556039e-01 7.601434495529698632e-01
7.567551938006911172e-01 7.879930040323186446e-01 7.310867788383640375e-01 7.600846557892682043e-01
7.566250777082219603e-01 7.878921820748892024e-01 7.310399706188406288e-01 7.600646668502708536e-01
7.564660469285373612e-01 7.877718229548704709e-01 7.310543731479246521e-01 7.600979423549054648e-01
7.563503881796758144e-01 7.876950119530341521e-01 7.310075649284013544e-01 7.600849722488886018e-01
7.561769000563836052e-01 7.874618001565802938e-01 7.309643573411490625e-01 7.600465824030654405e-01
7.560178692766992281e-01 7.872614675733434764e-01 7.309823605025043136e-01 7.600455742966788497e-01
7.559311252150531235e-01 7.872293175368946239e-01 7.309571560766070508e-01 7.600330266251178468e-01
7.559022105278376813e-01 7.872094029642264790e-01 7.309679579734201793e-01 7.600082144495577952e-01
7.557142650609376400e-01 7.870103535963524077e-01 7.309211497538967706e-01 7.599359543827240993e-01
7.555407769376455418e-01 7.868917899755595302e-01 7.308455364762052042e-01 7.598428228142063423e-01
7.554974049068226005e-01 7.867689197395861811e-01 7.308491371084762100e-01 7.597981500519681575e-01
7.553817461579610537e-01 7.866576826143876211e-01 7.308203320503080525e-01 7.597158187765473691e-01
7.552371727218841757e-01 7.866339773242033706e-01 7.307159137144482175e-01 7.596235741540151576e-01
7.550636845985918555e-01 7.864504106033085584e-01 7.307087124499062059e-01 7.596430737770590857e-01
7.549624831933381408e-01 7.863721791114531845e-01 7.307303162435323518e-01 7.596954713737300580e-01
7.548034524136536527e-01 7.862315931355920995e-01 7.307447187726163751e-01 7.596238273426234588e-01
7.546588789775767747e-01 7.862682970971613949e-01 7.307051118176350890e-01 7.595802779618480161e-01
7.546010496031460013e-01 7.861782420201499644e-01 7.306979105530930774e-01 7.595655087553485618e-01
7.544998481978921756e-01 7.861109840939979332e-01 7.306691054949248088e-01 7.594120858058031054e-01
7.544564761670690123e-01 7.859874146328080791e-01 7.306403004367567622e-01 7.593631771180733292e-01
7.544709335106767334e-01 7.859726574741465743e-01 7.306150960108594994e-01 7.593343302912860526e-01
