6.057120964593964985e-01 5.957925533360748371e-01 5.741316175120350085e-01 5.796168724548380613e-01
6.155792334716418956e-01 6.196636084904381114e-01 5.874251518566659946e-01 6.062987099032937088e-01
6.215501163816159469e-01 6.335825375192759568e-01 5.921491813962532769e-01 6.217521435674008279e-01
6.291257644320432663e-01 6.438442418236385301e-01 6.044705450277068071e-01 6.379543726403980042e-01
6.366580404516474223e-01 6.530795235576422053e-01 6.268268707985121813e-01 6.557411498769804004e-01
6.464745767612658511e-01 6.597557980384731735e-01 6.544365190527456910e-01 6.713695014184639653e-01
6.634185834694734663e-01 6.664265393465828025e-01 6.813872516013812497e-01 6.879881026287452128e-01
6.783674767598201205e-01 6.763360891059090330e-01 6.916742579997047224e-01 6.974132376325952176e-01
6.931139672396594564e-01 6.837822341477916011e-01 7.003805868310476468e-01 7.076337845525314529e-01
7.075568535037373152e-01 6.943488978888839869e-01 7.172747534467052155e-01 7.243219200014411330e-01
7.144385490609955758e-01 7.079532085372415295e-01 7.319905375383917168e-01 7.386068808481474068e-01
7.192817591695701562e-01 7.138001794385036014e-01 7.432065070626401315e-01 7.499367465575108582e-01
7.245586895863753707e-01 7.187670140503801264e-01 7.535295197836739955e-01 7.596939028404654515e-01
7.310066648354033303e-01 7.260247043039714798e-01 7.614437095153909763e-01 7.672172379053645574e-01
7.379028177362690899e-01 7.334326255269731920e-01 7.674675673048187985e-01 7.732895978618662403e-01
7.444230797033353220e-01 7.434461927349202970e-01 7.711798191762473387e-01 7.775034151744293354e-01
7.499313276178635190e-01 7.508113846786683698e-01 7.742421569227555533e-01 7.811937743562953340e-01
7.556853503737224198e-01 7.583685621999416426e-01 7.770992586298154370e-01 7.846910633309649441e-01
7.624803018693344647e-01 7.692819994711834752e-01 7.780606274461796534e-01 7.871866155955067335e-01
7.657187468374561101e-01 7.747802272750468067e-01 7.788311627521792291e-01 7.891008020899171749e-01
7.639694082609260750e-01 7.735754494448545682e-01 7.801525947956461371e-01 7.907980083366635826e-01
7.639549509173184649e-01 7.755328921621493787e-01 7.798861480075901520e-01 7.918979855780782229e-01
7.658777776171405982e-01 7.811730072160396610e-01 7.776429541027404246e-01 7.919454105110398379e-01
7.687692463386777142e-01 7.885255191166631317e-01 7.753961595656198025e-01 7.913528081344063381e-01
7.696656016423542024e-01 7.913001887791412114e-01 7.733978086551998032e-01 7.906138140081981902e-01
7.694053694574159996e-01 7.932056687898942915e-01 7.718099298236770212e-01 7.900203163229758685e-01
7.672801399470861039e-01 7.930119434805880108e-01 7.708197559491446471e-01 7.896908970256272253e-01
7.646633607540951338e-01 7.921104957418382275e-01 7.691022543558648783e-01 7.883111480314678454e-01
7.617429773453427977e-01 7.900072642040167903e-01 7.662577548617536261e-01 7.862546386900880480e-01
7.588370512801978496e-01 7.889728628847219039e-01 7.629991826564744839e-01 7.830481040776382518e-01
7.564949616157526924e-01 7.887462699542560074e-01 7.597658148770923825e-01 7.802913677903331457e-01
7.529673697754775130e-01 7.864354519303096147e-01 7.587144302539526874e-01 7.802258206832145548e-01
7.488759415345024317e-01 7.826592012357204142e-01 7.582679518523453011e-01 7.794815063501878694e-01
7.464326504648036709e-01 7.804812653629608077e-01 7.582571499555321726e-01 7.786076213680612756e-01
7.454206364122657469e-01 7.791172649226438818e-01 7.577962690248407629e-01 7.769065419094287606e-01
7.465916812444881590e-01 7.814148304776764586e-01 7.572021647001213607e-01 7.759278159630005334e-01
7.467796267113880893e-01 7.836217999297866443e-01 7.565144439363552520e-01 7.757085082202677118e-01
7.484855932570949610e-01 7.865832316685024139e-01 7.571553564805979519e-01 7.760075069833975991e-01
7.497433821509636998e-01 7.879945095618607898e-01 7.590348865260738709e-01 7.772983732906879606e-01
7.511312871373014843e-01 7.882489108082508800e-01 7.610224355396806306e-01 7.779640831567955495e-01
7.512758605733783623e-01 7.887320508173117917e-01 7.614653133090171222e-01 7.784577724592826042e-01
7.498301262126096933e-01 7.884856055033284683e-01 7.614653133090170112e-01 7.792677385558863801e-01
7.489482282525409262e-01 7.888914132038377103e-01 7.619405967687925552e-01 7.802436458042150136e-01
7.509577990140090531e-01 7.902395207987662484e-01 7.625599055194092202e-01 7.802764019141152918e-01
7.535601208633926351e-01 7.914477795565963980e-01 7.629991826564744839e-01 7.799526418479831857e-01
7.553817461579610537e-01 7.920752135450589426e-01 7.632728307090725917e-01 7.794937307788225578e-01
7.557431797481530822e-01 7.927382779536887858e-01 7.633448433544929301e-01 7.801461124850238571e-01
7.545432202287152279e-01 7.930788281494395298e-01 7.629019655851567716e-01 7.807904749834905234e-01
7.557142650609378620e-01 7.950647399912487145e-01 7.628587579979043687e-01 7.816749529004023422e-01
7.572612008269601347e-01 7.962182897011714777e-01 7.631828149022968910e-01 7.821711138900284688e-01
7.582298428486750064e-01 7.959553979767209908e-01 7.640433660150722783e-01 7.825190088918378972e-01
7.576949211351905467e-01 7.946777531195554634e-01 7.648679108051373854e-01 7.832780689985540112e-01
7.564805042721450823e-01 7.936079467840885249e-01 7.644682406230532967e-01 7.836518153650223750e-01
7.563503881796758144e-01 7.944316550489114448e-01 7.635644819230257285e-01 7.838748370153288958e-01
7.564082175541065878e-01 7.957021749075595674e-01 7.627435377652316273e-01 7.834407159119280983e-01
7.571599994217063090e-01 7.966760772074426011e-01 7.628479561010914622e-01 7.838108977884233886e-01
7.566106203646141282e-01 7.958619654187732984e-01 7.628047485138389483e-01 7.842281934504458096e-01
7.564082175541065878e-01 7.956214284756994992e-01 7.627507390297736389e-01 7.847945608314583765e-01
7.575214330118983375e-01 7.975586322505066050e-01 7.629379719078670519e-01 7.850263632831102623e-01
7.583455015975364422e-01 7.991770889097147279e-01 7.627111320747923529e-01 7.847796516556643232e-01
7.584900750336132091e-01 7.998523119193550190e-01 7.629127674819697891e-01 7.858039183426213103e-01
7.578539519148750347e-01 7.994874294521685520e-01 7.634780667485210337e-01 7.875207605087822804e-01
7.576660064479752155e-01 7.995932113555114240e-01 7.638417306078947311e-01 7.880902368345450437e-01
7.577382931660135990e-01 8.001099868714323105e-01 7.640793723377825586e-01 7.884276171533679545e-01
7.578105798840522045e-01 8.013740690031467828e-01 7.641297811895768621e-01 7.883348931710623120e-01
7.592273995576053203e-01 8.030491192672136735e-01 7.637265103752218787e-01 7.881275503576933295e-01
7.582876722231057798e-01 8.022566976955423090e-01 7.629775788628483379e-01 7.879134137791077297e-01
7.579985253509520238e-01 8.021386074533083388e-01 7.630099845532876124e-01 7.884164258711019446e-01
7.567118217698680649e-01 8.012984030497780630e-01 7.634780667485210337e-01 7.890794481008994721e-01
7.560901559947375006e-01 8.014762265594641555e-01 7.642450014222498256e-01 7.896798828874989074e-01
7.566829070826527337e-01 8.021863944225180454e-01 7.641693881445581482e-01 7.898979860943129427e-01
7.577382931660137100e-01 8.034343879877827721e-01 7.634708654839790221e-01 7.896906960961324051e-01
7.581430987870287908e-01 8.033696875486776579e-01 7.635140730712313140e-01 7.897047844516744686e-01
7.577527505096213201e-01 8.030833271989314959e-01 7.638237274465395910e-01 7.900441446408079660e-01
7.560034119330913960e-01 8.017179585721518897e-01 7.635392774971285768e-01 7.899295792281357809e-01
7.555118622504302106e-01 8.016538976715775755e-01 7.628443554688202344e-01 7.898865074121295127e-01
7.553528314707456115e-01 8.017988067763329729e-01 7.625094966676148056e-01 7.895147318080814047e-01
7.556130636556839253e-01 8.014390407167575336e-01 7.625419023580539690e-01 7.893306867314644482e-01
7.551793433474534023e-01 8.008113091689236240e-01 7.629451731724090635e-01 7.896756090696445129e-01
7.550781419421994656e-01 8.012900861421083931e-01 7.631576104763997392e-01 7.899070362373621368e-01
7.556564356865069776e-01 8.018581315447391722e-01 7.627219339716054813e-01 7.899249753679333796e-01
7.548612817880843151e-01 8.007902666036691430e-01 7.618649834911010998e-01 7.898366777274248296e-01
7.542396160129538618e-01 7.990488890297650082e-01 7.616525461871104241e-01 7.897791681912242900e-01
7.549046538189072564e-01 7.996751070193102162e-01 7.624662890803624027e-01 7.903165850721968200e-01
7.543841894490306288e-01 7.993153462131703524e-01 7.631144028891474473e-01 7.910326990465250674e-01
7.540372132024462104e-01 7.990513279191311380e-01 7.635824850843808687e-01 7.913831515753380064e-01
7.543986467926384609e-01 7.988625238247641924e-01 7.637553154333900363e-01 7.918093649365274267e-01
7.556998077173300299e-01 7.992531894142381743e-01 7.632188212250070602e-01 7.915378046020348224e-01
7.563793028668913676e-01 7.995039834814128277e-01 7.632188212250070602e-01 7.919149116162564894e-01
7.530107418063005653e-01 7.961106470249342815e-01 7.633988528385584615e-01 7.926473877780113586e-01
7.523167893131316175e-01 7.950878917517927302e-01 7.648427063792401226e-01 7.936386157301196231e-01
7.547600803828304894e-01 7.972168903911360793e-01 7.661389339968098788e-01 7.944413423813158071e-01
7.556564356865069776e-01 7.969915141305368156e-01 7.655592322011744999e-01 7.941054532172984182e-01
7.546877936647921059e-01 7.947881166571257872e-01 7.640901742345955761e-01 7.933454272529449902e-01
7.532998886784540993e-01 7.931660952087422611e-01 7.636256926716331606e-01 7.929288545308643688e-01
7.533432607092771516e-01 7.936582943956446146e-01 7.648931152310345372e-01 7.934640471977563170e-01
7.531264005551621121e-01 7.943187946356482509e-01 7.660849245127445695e-01 7.944765725378715171e-01
7.536324075814309076e-01 7.934990238521579808e-01 7.656780530661184692e-01 7.945295363839880443e-01
7.528083389957929139e-01 7.916908781864268052e-01 7.637517148011192525e-01 7.931422241610257551e-01
7.525625641544622102e-01 7.924745934199078912e-01 7.634060541031005842e-01 7.927140974559798714e-01
7.537336089866847333e-01 7.944475778570551094e-01 7.643278159644832925e-01 7.929248699135043044e-01
7.542540733565615829e-01 7.935102078808741188e-01 7.652963860453896316e-01 7.937736802928916369e-01
7.529818271190852341e-01 7.925061892578112444e-01 7.644934450489504485e-01 7.935028253124701836e-01
7.519842704101549202e-01 7.923243900500112069e-01 7.629559750692220810e-01 7.927128569855750317e-01
7.532565166476311580e-01 7.938010584377998002e-01 7.629595757014930868e-01 7.922995012256672798e-01
7.540082985152308792e-01 7.935595988479816620e-01 7.649327221860159343e-01 7.936258347961636650e-01
7.526059361852852625e-01 7.914567327903100358e-01 7.661173302031837329e-01 7.949751866037156889e-01
7.518686116612933734e-01 7.912920376251602050e-01 7.652495778258663339e-01 7.947486772764005281e-01
7.513626046350243559e-01 7.922539407761111097e-01 7.635212743357734366e-01 7.934063049682492652e-01
7.526203935288929836e-01 7.929607231709610016e-01 7.633088370317827609e-01 7.931729072020727855e-01
7.531408578987697222e-01 7.922623134848340021e-01 7.649039171278475546e-01 7.943676134262128707e-01
7.533143460220619314e-01 7.919653098394281443e-01 7.663765757266975953e-01 7.955386184194072063e-01
7.517240382252166064e-01 7.906278522401463116e-01 7.663549719330715604e-01 7.958523718314753914e-01
7.525336494672467680e-01 7.919756139812911266e-01 7.655160246139220970e-01 7.950037270251226751e-01
7.536468649250386287e-01 7.939628633990880591e-01 7.653503955294549410e-01 7.946639108237225635e-01
7.541094999204844829e-01 7.938781235223306698e-01 7.653143892067446608e-01 7.950557254632519832e-01
7.528950830574390185e-01 7.918171816888162073e-01 7.654512132330436591e-01 7.955121787688453905e-01
7.515216354147089550e-01 7.903216753780266668e-01 7.659661036478006002e-01 7.959268072010271533e-01
7.524469054056008854e-01 7.921130535764133729e-01 7.667006326310898956e-01 7.959582293767863970e-01
7.532131446168082167e-01 7.935056721063602492e-01 7.672983375880804147e-01 7.963596817433697961e-01
7.522155879078777918e-01 7.929130660967484978e-01 7.667402395860712927e-01 7.962000634688258804e-01
7.507409388598937916e-01 7.908132870158258720e-01 7.655124239816512022e-01 7.955360306420928840e-01
7.502349318336249961e-01 7.901418228212386818e-01 7.650371405218756582e-01 7.948805390824906780e-01
7.514638060402780706e-01 7.917268348234689501e-01 7.658040751956043390e-01 7.953765565525177106e-01
7.516372941635703908e-01 7.929009664578743344e-01 7.672911363235384030e-01 7.960177832393061648e-01
7.505963654238170246e-01 7.919962078786066950e-01 7.665638086047910082e-01 7.957946739114842849e-01
7.486446240367794491e-01 7.904556761087992989e-01 7.655304271430063423e-01 7.951907586713805598e-01
7.482398184157643684e-01 7.902550906599716818e-01 7.649291215537448174e-01 7.943823683529929180e-01
7.492518324683022923e-01 7.922540516455514048e-01 7.652027696063428142e-01 7.939774621115267550e-01
7.487458254420331638e-01 7.913618347296316191e-01 7.660309150286790381e-01 7.945905914857100960e-01
7.484566785698796298e-01 7.900017268983596797e-01 7.658364808860436135e-01 7.946677253686839082e-01
7.486879960676026124e-01 7.905170894322024466e-01 7.660309150286791491e-01 7.951520845197046494e-01
7.489337709089332051e-01 7.927168801031415635e-01 7.663153649780902743e-01 7.948498431952267795e-01
7.481241596669028215e-01 7.925094744965113236e-01 7.666574250438376037e-01 7.948373882802240997e-01
7.476470673278492463e-01 7.906417525245658107e-01 7.664557896366601675e-01 7.946356890909953563e-01
7.475892379534184728e-01 7.901305262637220439e-01 7.658364808860436135e-01 7.944716427175656515e-01
7.482831904465873096e-01 7.916052224662512016e-01 7.660489181900342892e-01 7.946268151736032292e-01
7.499746996486865713e-01 7.933421463842282861e-01 7.670318908000245406e-01 7.948891855363086067e-01
7.484711359134872399e-01 7.927291157164921831e-01 7.676007906988466800e-01 7.951699466941781758e-01
7.459266434385345423e-01 7.891826047395154031e-01 7.670066863741272778e-01 7.953196740262084008e-01
7.473723777993031003e-01 7.892248436691859936e-01 7.660417169254920555e-01 7.943103395003906497e-01
7.494108632479867804e-01 7.920572669668018984e-01 7.663657738298844668e-01 7.934704382508394049e-01
7.468519134294264727e-01 7.902345545837426988e-01 7.658724872087538937e-01 7.933780982464355702e-01
7.445387384521967578e-01 7.881117403446228353e-01 7.660453175577631724e-01 7.941463458984128199e-01
7.476470673278492463e-01 7.903651811897902668e-01 7.676728033442673516e-01 7.958218050137261246e-01
7.495988087148867107e-01 7.921298151395896880e-01 7.679680551904914942e-01 7.955033512780724791e-01
7.483699345082335252e-01 7.912449625092826677e-01 7.676331963892859545e-01 7.950811371052614041e-01
7.441917622056123394e-01 7.882144895743350421e-01 7.666682269406508432e-01 7.946429013277845899e-01
7.446399398574506945e-01 7.886982464106059298e-01 7.663261668749031807e-01 7.948818036776068574e-01
7.485289652879179023e-01 7.912525128475602632e-01 7.672407274717440995e-01 7.956617498343216965e-01
7.484133065390564665e-01 7.910303735290475924e-01 7.676908065056224917e-01 7.959448864478957386e-01
7.458543567204960478e-01 7.893753864989409008e-01 7.680796747908932298e-01 7.960600139856192081e-01
7.450302881348580541e-01 7.894419009321675951e-01 7.670786990195479493e-01 7.953835237996675911e-01
7.456230392227731762e-01 7.896535521267906699e-01 7.671543122972392936e-01 7.956639694850404787e-01
7.466205959317036012e-01 7.901837759881438217e-01 7.671111047099872238e-01 7.955264617146822204e-01
7.463459064031574552e-01 7.889025049819645696e-01 7.659913080736977520e-01 7.947370546671554958e-01
7.453194350070119212e-01 7.882127104015339558e-01 7.656564492724922122e-01 7.946113974805431024e-01
7.437580418973818164e-01 7.874339787437087956e-01 7.664305852107631267e-01 7.949760996691970227e-01
7.438014139282049797e-01 7.874790961538522538e-01 7.678204292673793674e-01 7.959555872410802868e-01
7.452471482889733156e-01 7.886612976227733718e-01 7.675683850084074056e-01 7.957582513841794380e-01
7.454495510994809671e-01 7.881914326025392104e-01 7.660885251450155753e-01 7.947203878747178818e-01
7.441050181439662348e-01 7.868948830306179421e-01 7.648859139664925255e-01 7.938540447667947753e-01
7.434255229944051191e-01 7.869302775953148643e-01 7.667222364247161526e-01 7.953400761765909710e-01
7.446254825138428624e-01 7.883350189348961035e-01 7.682092975526502165e-01 7.965897220827158343e-01
7.446254825138429734e-01 7.892024954586778218e-01 7.681768918622110531e-01 7.968872451763784337e-01
7.450158307912504441e-01 7.885057405055307944e-01 7.662469529649404976e-01 7.951850142402245858e-01
7.443507929852970495e-01 7.872154641623457794e-01 7.651595620190905223e-01 7.944063841861970232e-01
7.441339328311816770e-01 7.877399730400022060e-01 7.663729750944265895e-01 7.954008322796712882e-01
7.446399398574505835e-01 7.887777750424405099e-01 7.681084798490616095e-01 7.968875547461314879e-01
7.453338923506194202e-01 7.898968447973442331e-01 7.682957127271549114e-01 7.971229623565948552e-01
7.444086223597277119e-01 7.879674223641132125e-01 7.670390920645664412e-01 7.962764311012927587e-01
7.440038167387125201e-01 7.868452782674116852e-01 7.656924555952024924e-01 7.952934212551352466e-01
7.450881175092888276e-01 7.873547968262047947e-01 7.658472827828566309e-01 7.954084459416129738e-01
7.455941245355578451e-01 7.889584508675914210e-01 7.661929434808751882e-01 7.954805934276569790e-01
7.441194754875738449e-01 7.883694613889167258e-01 7.660309150286790381e-01 7.954052100439367168e-01
7.443074209544739972e-01 7.874775621906275891e-01 7.658652859442118821e-01 7.962652523596511767e-01
7.447700559499197404e-01 7.860432702658743942e-01 7.657644682406229419e-01 7.959963325215309027e-01
7.463169917159421241e-01 7.878662687170283618e-01 7.664161826816788814e-01 7.963672892149137317e-01
7.446977692318813569e-01 7.873870396348381373e-01 7.659877074414267462e-01 7.959840774269644204e-01
7.433387789327589035e-01 7.861941515555885829e-01 7.648247032178849825e-01 7.950684708074196028e-01
7.441050181439661237e-01 7.857811177176963202e-01 7.641045767636795993e-01 7.944620651807201561e-01
7.459555581257500956e-01 7.872184274912066293e-01 7.651307569609222536e-01 7.950319687093959642e-01
7.456374965663810084e-01 7.870697710350000875e-01 7.660993270418285928e-01 7.959486293951910652e-01
7.437291272101663742e-01 7.857734281296173684e-01 7.657104587565577436e-01 7.958400802679628239e-01
7.444230797033354330e-01 7.858652478887062642e-01 7.643422184935675379e-01 7.947039447513658539e-01
7.452037762581503744e-01 7.867094923748166879e-01 7.643026115385861408e-01 7.942125189118742767e-01
7.442929636108661651e-01 7.863170689087030096e-01 7.648895145987635313e-01 7.949727226486524856e-01
7.438447859590278100e-01 7.855637010631256745e-01 7.653900024844362271e-01 7.954647267356733664e-01
7.440182740823200191e-01 7.854128935583316595e-01 7.650443417864176698e-01 7.953265747740734248e-01
7.443218782980814963e-01 7.860179281816130903e-01 7.650695462123149326e-01 7.949250142295332111e-01
7.427315705012360603e-01 7.847917313985655063e-01 7.659481004864453491e-01 7.956155855094803053e-01
7.424857956599054676e-01 7.842562110756277072e-01 7.656024397884269028e-01 7.956547456628956239e-01
7.438303286154201999e-01 7.850449372892501776e-01 7.645690583266421259e-01 7.948901568284598707e-01
7.458254420332808277e-01 7.868427319129446262e-01 7.652963860453896316e-01 7.950554149776554169e-01
7.441773048620046183e-01 7.863649877845899638e-01 7.667474408506134154e-01 7.958251589465579201e-01
7.435267243996588338e-01 7.856574174629681329e-01 7.664521890043892727e-01 7.956555614974756274e-01
7.456664112535962285e-01 7.858926499879776983e-01 7.658004745633332222e-01 7.957803775982345007e-01
7.458398993768884377e-01 7.866297332076308546e-01 7.661533365258939021e-01 7.960262909391097041e-01
7.432520348711126879e-01 7.855389432381338910e-01 7.661713396872491533e-01 7.956777212051622250e-01
7.435267243996587228e-01 7.853580512495239585e-01 7.661857422163331766e-01 7.953812534730047012e-01
7.460712168746115314e-01 7.858408989928795663e-01 7.662145472745014452e-01 7.953599608925372433e-01
7.465916812444880479e-01 7.859582654832855120e-01 7.664665915334731849e-01 7.962610027038865557e-01
7.443218782980816073e-01 7.856961399001475277e-01 7.670570952259216924e-01 7.970701840868876786e-01
7.441628475183967861e-01 7.868438537514153008e-01 7.668554598187442561e-01 7.963626917705428632e-01
7.447845132935273504e-01 7.859171343883195604e-01 7.659769055446136177e-01 7.955371657246625983e-01
7.467073399933497058e-01 7.861270958408388410e-01 7.667222364247162636e-01 7.966822134610269668e-01
7.445098237649814266e-01 7.842801651133226581e-01 7.667510414828844212e-01 7.972160501844018921e-01
7.438014139282047577e-01 7.857478483725212071e-01 7.676403976538279661e-01 7.978409974373209534e-01
7.450158307912504441e-01 7.880500340021420191e-01 7.682453038753604968e-01 7.977708903799932694e-01
7.453194350070118102e-01 7.854090401764841634e-01 7.666502237792957031e-01 7.968090194776631385e-01
7.429918026861744851e-01 7.833559273541498280e-01 7.656312448465951714e-01 7.962648840610847545e-01
7.429339733117437117e-01 7.846751685310745517e-01 7.668482585542022445e-01 7.969697750497488631e-01
7.435990111176972173e-01 7.867511640785983529e-01 7.675287780534261195e-01 7.976283552303928825e-01
7.442929636108661651e-01 7.866842413256828204e-01 7.675791869052204230e-01 7.980659788154071954e-01
7.431652908094665833e-01 7.845871317477777218e-01 7.669526768900618574e-01 7.978379837350513260e-01
7.414304095765444913e-01 7.825739486569520675e-01 7.664557896366601675e-01 7.967811664581367914e-01
7.419364166028135088e-01 7.839554870341627346e-01 7.664845946948284361e-01 7.961635400334112767e-01
7.429484306553513218e-01 7.853391932726603297e-01 7.668122522314918532e-01 7.964245480389925413e-01
7.437291272101664852e-01 7.853955032680681736e-01 7.670570952259216924e-01 7.974618077427231277e-01
7.427171131576284502e-01 7.834089832692443522e-01 7.660813238804733416e-01 7.971460470391991127e-01
7.409244025502754738e-01 7.816079158965467677e-01 7.649327221860158232e-01 7.956392550504081118e-01
7.425869970651591823e-01 7.845623996754395035e-01 7.657968739310623274e-01 7.955540394660751691e-01
7.441050181439661237e-01 7.857098646996307778e-01 7.670138876386694005e-01 7.963702063444206836e-01
7.432375775275050778e-01 7.844179626133794825e-01 7.664989972239123484e-01 7.965917764473198215e-01
7.418641298847750143e-01 7.823399149978775835e-01 7.651847664449875630e-01 7.959008799145270707e-01
7.429050586245284915e-01 7.837291628554234890e-01 7.656924555952024924e-01 7.964121435604052390e-01
7.455073804739118515e-01 7.872101454326335679e-01 7.671867179876786791e-01 7.969417935931073504e-01
7.444086223597277119e-01 7.871266761382809118e-01 7.666394218824826856e-01 7.962996063393343871e-01
7.421821914441441015e-01 7.838606917579664657e-01 7.650659455800438158e-01 7.955931930520507844e-01
7.426737411268052869e-01 7.827195326322227142e-01 7.654620151298567876e-01 7.958456417827611817e-01
7.458832714077116011e-01 7.868993221148586903e-01 7.668914661414545364e-01 7.972472278755615704e-01
7.449724587604273918e-01 7.870731467470185594e-01 7.661857422163331766e-01 7.963923479083269141e-01
7.431942054966820255e-01 7.853847071941995051e-01 7.650803481091279501e-01 7.954591878325566467e-01
7.429484306553513218e-01 7.838070793880884679e-01 7.646410709720627974e-01 7.951275895313296704e-01
7.443507929852969385e-01 7.843358082704356971e-01 7.652855841485765032e-01 7.957751010922334833e-01
7.433966083071896769e-01 7.846499225556473611e-01 7.652567790904084566e-01 7.960449935511078046e-01
7.415460683254059271e-01 7.830273986403876174e-01 7.640433660150722783e-01 7.950287959706640040e-01
7.431942054966820255e-01 7.833385782028249311e-01 7.640613691764273074e-01 7.948623654664443983e-01
7.457965273460654965e-01 7.852827443435859145e-01 7.656384461111370721e-01 7.959211989248573538e-01
7.441917622056124504e-01 7.849543869527695339e-01 7.656924555952024924e-01 7.966142979876018604e-01
7.417340137923057464e-01 7.826432873179806071e-01 7.643998286099038530e-01 7.959674191628065554e-01
7.422400208185748749e-01 7.825153448024622094e-01 7.644934450489504485e-01 7.957310313522882872e-01
7.440471887695354614e-01 7.830051478378844410e-01 7.652099708708849368e-01 7.958652445260600006e-01
7.453194350070118102e-01 7.849787840133157779e-01 7.654512132330437701e-01 7.958387562978601615e-01
7.441917622056123394e-01 7.846901723853662025e-01 7.647418886756514045e-01 7.959152021683608691e-01
7.430351747169974264e-01 7.835882446811146540e-01 7.639785546341936184e-01 7.956418770154088937e-01
7.430930040914281998e-01 7.833294029025508198e-01 7.650515430509597925e-01 7.959515888644552728e-01
7.448712573551736771e-01 7.841036494015232172e-01 7.658688865764828879e-01 7.963139412589670396e-01
7.464326504648036709e-01 7.854473356726110467e-01 7.649687285087261035e-01 7.955059580407106701e-01
7.449435440732119496e-01 7.849528968760168812e-01 7.638417306078948421e-01 7.950141326490455240e-01
7.438447859590279210e-01 7.839852786758438885e-01 7.637697179624741706e-01 7.950896743058584182e-01
7.439315300206741366e-01 7.837456936747925207e-01 7.650839487413989559e-01 7.960035724273988311e-01
7.451748615709350432e-01 7.844006893654030810e-01 7.658868897378379170e-01 7.963677678797020931e-01
7.430496320606051475e-01 7.837258987843933600e-01 7.644142311389878763e-01 7.951500073322891327e-01
7.431219187786435310e-01 7.843604210835387613e-01 7.633016357672407493e-01 7.940872965280652007e-01
7.439315300206739145e-01 7.836180320618884032e-01 7.631324060505024764e-01 7.944407061111664614e-01
7.430640894042129796e-01 7.817974426666788323e-01 7.640361647505301557e-01 7.954999902936165102e-01
7.427026558140207291e-01 7.833503353412152315e-01 7.642630045836047437e-01 7.954759858091571267e-01
7.433387789327589035e-01 7.851769053865862436e-01 7.642918096417731233e-01 7.948600485829422357e-01
7.431363761222512521e-01 7.844338785897185806e-01 7.638561331369788654e-01 7.943239692029344656e-01
7.417629284795210776e-01 7.815840242569418450e-01 7.627435377652315163e-01 7.941582992706534005e-01
7.416617270742673629e-01 7.812565339526202912e-01 7.618253765361197027e-01 7.940148105187567751e-01
7.422978501930055373e-01 7.831310847754893167e-01 7.621134271178019448e-01 7.937545018774889716e-01
7.417918431667365198e-01 7.838150179535432471e-01 7.637445135365771298e-01 7.942748852281273919e-01
7.426014544087669034e-01 7.840496027014990377e-01 7.652639803549503572e-01 7.956160111136829638e-01
7.433966083071895659e-01 7.836682357524404896e-01 7.641189792927638447e-01 7.952754463342650570e-01
7.409244025502754738e-01 7.807886106041026508e-01 7.614473101476618710e-01 7.934052197278892438e-01
7.409388598938830839e-01 7.808792649485825077e-01 7.616741499807365701e-01 7.936705867743537590e-01
7.404762248984371187e-01 7.817628151603688291e-01 7.638813375628760172e-01 7.947489404629860532e-01
7.413725802021134959e-01 7.829505353760080055e-01 7.647994987919879417e-01 7.952174991969707118e-01
7.434833523688357815e-01 7.840814197819299114e-01 7.647346874111095039e-01 7.951157527312030515e-01
7.421821914441441015e-01 7.824278400935914535e-01 7.633952522062874557e-01 7.945055873337707464e-01
7.403894808367910141e-01 7.802206375127966886e-01 7.629451731724090635e-01 7.943071922407169971e-01
7.408376584886292582e-01 7.820364647878224051e-01 7.638921394596891457e-01 7.944490231516051493e-01
7.431797481530743044e-01 7.831035315978361888e-01 7.642378001577077029e-01 7.944892444819704469e-01
7.427460278448436704e-01 7.826186880672039159e-01 7.644034292421749699e-01 7.951935171134029146e-01
7.412569214532521711e-01 7.824813013140230478e-01 7.652495778258662229e-01 7.956462657181448961e-01
7.408521158322369793e-01 7.827105294511590428e-01 7.653575967939969527e-01 7.953984570960441758e-01
7.431508334658589732e-01 7.838750462062565871e-01 7.641549856154741249e-01 7.943860642052622545e-01
7.431219187786435310e-01 7.832919455567375344e-01 7.642990109063150239e-01 7.946667440997527976e-01
7.415894403562289794e-01 7.825327021551862217e-01 7.647742943660906789e-01 7.952768389290907347e-01
7.417050991050903042e-01 7.831955225943008081e-01 7.656852543306604808e-01 7.957752084657239156e-01
7.428472292500976071e-01 7.839247489977390071e-01 7.665818117661461484e-01 7.963837796964690074e-01
7.420231606644593914e-01 7.820043164391996537e-01 7.654188075426044957e-01 7.960740581225449475e-01
7.417773858231289097e-01 7.820938555161232042e-01 7.638273280788105968e-01 7.947660157460580965e-01
7.421821914441439905e-01 7.825050711351775323e-01 7.643422184935675379e-01 7.946582773001549249e-01
7.419797886336363391e-01 7.819557725778577550e-01 7.657572669760810413e-01 7.958737522367806960e-01
7.417195564486981363e-01 7.816156992139567938e-01 7.664341858430340215e-01 7.967472675205331534e-01
7.411846347352137876e-01 7.813384269058427645e-01 7.645366526362029624e-01 7.951262411167578925e-01
7.409244025502754738e-01 7.808053674736745720e-01 7.638165261819975793e-01 7.942911012543302229e-01
7.412280067660368399e-01 7.798996178440170679e-01 7.644970456812216764e-01 7.947920106054482403e-01
7.402015353698910838e-01 7.793153148509993633e-01 7.645222501071188281e-01 7.952745012939634872e-01
7.396810710000145672e-01 7.792752209817681575e-01 7.638057242851844508e-01 7.950482125197607663e-01
7.418785872283826244e-01 7.812631078742588997e-01 7.653647980585389643e-01 7.956895360731501832e-01
7.434978097124436136e-01 7.816818116066226452e-01 7.667618433796974386e-01 7.965917900480730118e-01
7.408376584886292582e-01 7.795835228946292883e-01 7.660633207191183125e-01 7.964231985187234519e-01
7.386835142910842533e-01 7.782602160118730072e-01 7.634924692776050570e-01 7.951075908239653156e-01
7.401726206826757526e-01 7.797031541980012914e-01 7.638489318724368538e-01 7.951499452384444000e-01
7.430496320606051475e-01 7.818607176995955310e-01 7.661893428486041824e-01 7.964563471790444549e-01
7.415026962945827638e-01 7.804860446636160409e-01 7.669886832127721377e-01 7.973092635494668512e-01
