6.578043431853907164e-01 6.875643732339957737e-01 6.143702451394759123e-01 6.258075784184121693e-01
6.396495177472879545e-01 6.086176342061258016e-01 6.877816688805700185e-01 6.817912826543792715e-01
5.688253216635292819e-01 5.897497517471932404e-01 6.074821881415288782e-01 6.285673883163191977e-01
6.088998428069630764e-01 6.267353759459280971e-01 6.378118584711991446e-01 6.579630824306861303e-01
6.695258980379980018e-01 6.916640803346275623e-01 6.922159159521796834e-01 7.141047797524002760e-01
7.170719400725804604e-01 7.508423613727648327e-01 7.338678903514068708e-01 7.483797549448957254e-01
7.422810456247938005e-01 7.732186193227953419e-01 7.527883105905084360e-01 7.549318607905814993e-01
7.597275320693203104e-01 7.857550518235216774e-01 7.620432314937809481e-01 7.587796432086331144e-01
7.754856488579247031e-01 8.009450109408431384e-01 7.768095640623112752e-01 7.752833010563173755e-01
7.922723126782976744e-01 8.220101625130640244e-01 7.951430986595821038e-01 7.948309610274955084e-01
8.054299520658270151e-01 8.375640036435085811e-01 8.073372781065089043e-01 8.078049695188244117e-01
8.167051563197422759e-01 8.485058069956489257e-01 8.161284868977177753e-01 8.158512811364247996e-01
8.278833278348114444e-01 8.577724469123941820e-01 8.248955440164231767e-01 8.250756673670289754e-01
8.410991868656485515e-01 8.667691011993141625e-01 8.314406472648230295e-01 8.336983026586453072e-01
8.499873857439499414e-01 8.711397876651798544e-01 8.373433160246347429e-01 8.421154168883253632e-01
8.533835316035629504e-01 8.711486829997071579e-01 8.407052288370969739e-01 8.477716164257480536e-01
8.561974810300995165e-01 8.715922300111179633e-01 8.439705349595458816e-01 8.523067386576944626e-01
8.610879310679422360e-01 8.749139961927759890e-01 8.482695326651370493e-01 8.567642642487777183e-01
8.674726852840147773e-01 8.796821880502760926e-01 8.526941190677455040e-01 8.605976916185833492e-01
8.722466960352421861e-01 8.836345986020965881e-01 8.558096848206738771e-01 8.629056713502358811e-01
8.747501406974712568e-01 8.852836550657734449e-01 8.586982248520709238e-01 8.649641544101598356e-01
8.764191038056240446e-01 8.859033110872844841e-01 8.612486414684216163e-01 8.675657144955901678e-01
8.781656931048535952e-01 8.864877079458757247e-01 8.630793382441734884e-01 8.693011274225843632e-01
8.781268800093151583e-01 8.855542135630456446e-01 8.644897959183672764e-01 8.707324237699938241e-01
8.782433192959303581e-01 8.850943957551268282e-01 8.659244052650645340e-01 8.716599468869882239e-01
8.783791651303148873e-01 8.854804552040964616e-01 8.679821277623476217e-01 8.734851746361442792e-01
8.795241514486987766e-01 8.872249949264541247e-01 8.699287525661152376e-01 8.747560536709904078e-01
8.815812455122358227e-01 8.902841078567100830e-01 8.714358169303224599e-01 8.754026640329770625e-01
8.824545401618506535e-01 8.915460722789193548e-01 8.722956164714406047e-01 8.757153067429994664e-01
8.832502086203886105e-01 8.922017477421120280e-01 8.730201666465402521e-01 8.754200153171372012e-01
8.842011294610802041e-01 8.928175357197842832e-01 8.736770921386306510e-01 8.755555489960604731e-01
8.848609520852336319e-01 8.924541177302222072e-01 8.743050356237168641e-01 8.752056366981253444e-01
8.849773913718489426e-01 8.906367825194290155e-01 8.749619611158072630e-01 8.751161864601424423e-01
8.853073026839255455e-01 8.893857408333990522e-01 8.764641951455136581e-01 8.756070374570827930e-01
8.857148401870791332e-01 8.897323828316097138e-01 8.780050718512258934e-01 8.770875455322941772e-01
8.861611907857710468e-01 8.908482155458687934e-01 8.797488226059654304e-01 8.792432891266801498e-01
8.867822003143860377e-01 8.921224132849745470e-01 8.818210361067504444e-01 8.817305258957583991e-01
8.871509247220011884e-01 8.942860537878065674e-01 8.835792778649922408e-01 8.841092574123035064e-01
8.868210134099245856e-01 8.943878930009208084e-01 8.848351648351647780e-01 8.858833846857074867e-01
8.863164431679247945e-01 8.944773633077793829e-01 8.853278589542324939e-01 8.865401657871395669e-01
8.864522890023094348e-01 8.941883410867805804e-01 8.858012317352977893e-01 8.874690664079882829e-01
8.863746628112324499e-01 8.940398597444835227e-01 8.857770800627943197e-01 8.878330106535217148e-01
8.862970366201556871e-01 8.940074181495629713e-01 8.857384373867889238e-01 8.883964123367296128e-01
8.865881348366938530e-01 8.946744404350457369e-01 8.853858229682405323e-01 8.882513191523948581e-01
8.872091443653088438e-01 8.956422398682691854e-01 8.854148049752446070e-01 8.887416696575600739e-01
8.873255836519241546e-01 8.960564368245569344e-01 8.851394759087067854e-01 8.887655011921539172e-01
8.879465931805390344e-01 8.976264643226024020e-01 8.852022702572153179e-01 8.894322743260086872e-01
8.879465931805391454e-01 8.980504139503654448e-01 8.850090568771886712e-01 8.897133765286818763e-01
8.879465931805391454e-01 8.985459350372151377e-01 8.850042265426880661e-01 8.900319074200220282e-01
8.874032098430010285e-01 8.980055910691524534e-01 8.849655838666827812e-01 8.902178655475060376e-01
8.868598265054629115e-01 8.972331789089772469e-01 8.849945658736867449e-01 8.906398787737559442e-01
8.868404199576936930e-01 8.972158269696285382e-01 8.851636275812100330e-01 8.906000322323686103e-01
8.861029711424635025e-01 8.964440246108393850e-01 8.853230286197317778e-01 8.908675564042773942e-01
8.860447514991557361e-01 8.965272530644831095e-01 8.854582779857503860e-01 8.910734701827720539e-01
8.856760270915405853e-01 8.964519648670745688e-01 8.856611520347784650e-01 8.914132360786681808e-01
8.851326437540026904e-01 8.961941533730943821e-01 8.858350440768021361e-01 8.914932641567705485e-01
8.845116342253874775e-01 8.959822994858391842e-01 8.857384373867891458e-01 8.913855047071064241e-01
8.839876574356186900e-01 8.958247311665543666e-01 8.855983576862695994e-01 8.913088677658475012e-01
8.831919889770808441e-01 8.953301020380621811e-01 8.854920903272549548e-01 8.911136843969700294e-01
8.826874187350811640e-01 8.949754778419183321e-01 8.854003139717424586e-01 8.908199655710759002e-01
8.821440353975431581e-01 8.948277320708829530e-01 8.853809926337399272e-01 8.908409724235639704e-01
8.811931145568514534e-01 8.942650001056575704e-01 8.855307330032605728e-01 8.909896515225392832e-01
8.806303246715441180e-01 8.940553079090653998e-01 8.854003139717425697e-01 8.908921044804255507e-01
8.801451609773136564e-01 8.941331233808806900e-01 8.852892162782273200e-01 8.908730978065764194e-01
8.793494925187756994e-01 8.938445866001112350e-01 8.852795556092258877e-01 8.909340502854561361e-01
8.787478895379300381e-01 8.936961698652253760e-01 8.849462625286801387e-01 8.906567663097642029e-01
8.782239127481612506e-01 8.939453484053936361e-01 8.846177997826347728e-01 8.904199415198033041e-01
8.775834966717769303e-01 8.940089129551846980e-01 8.844149257336070269e-01 8.902852760434508683e-01
8.775834966717769303e-01 8.944790253613864595e-01 8.841395966670692053e-01 8.900968022620106002e-01
8.773118050030079829e-01 8.943373079067472586e-01 8.839077406110371626e-01 8.900336634471809338e-01
8.767684216654699769e-01 8.941050606119419486e-01 8.834971621784807327e-01 8.897803658995142584e-01
8.763414776145470597e-01 8.937725201193112978e-01 8.830431107354184128e-01 8.896116162646380277e-01
8.758369073725474907e-01 8.936097303982296625e-01 8.827871030068833447e-01 8.896655624165008547e-01
8.752158978439323889e-01 8.931662894559682098e-01 8.826228716338606617e-01 8.897354823579368688e-01
8.745948883153176201e-01 8.927762175994580218e-01 8.824489795918367685e-01 8.898007840427130111e-01
8.742455704554716878e-01 8.926381732232622213e-01 8.821494988527955883e-01 8.896255596580606717e-01
8.737604067612412262e-01 8.922760879202462636e-01 8.819900978142736214e-01 8.896183843169386263e-01
8.730811775893185800e-01 8.917662968122144207e-01 8.818596787827556183e-01 8.895987775276218423e-01
8.723825418696268263e-01 8.909712848857347378e-01 8.816085013887211552e-01 8.892768722202154530e-01
8.716256865066271953e-01 8.901675594976879990e-01 8.815698587127158703e-01 8.893216738860625359e-01
8.705195132837818539e-01 8.890098075280280510e-01 8.814056273396932983e-01 8.891831058580841329e-01
8.699955364940129554e-01 8.885843849733420230e-01 8.812993599806786538e-01 8.891821878473045171e-01
8.696462186341672451e-01 8.881715363196066582e-01 8.811544499456587243e-01 8.893433209228566172e-01
8.691028352966291282e-01 8.877699573605301042e-01 8.809564062311313615e-01 8.892349186331229838e-01
8.690058025577829248e-01 8.876283178315305111e-01 8.808549692066176551e-01 8.891809631546904180e-01
8.685982650546294481e-01 8.873799075218727905e-01 8.808356478686147906e-01 8.893251967047973716e-01
8.681325079081682050e-01 8.871663886333343019e-01 8.808018355271103328e-01 8.892287483719258923e-01
8.675114983795532142e-01 8.867050040573718483e-01 8.807293805096001460e-01 8.892439241268255135e-01
8.666382037299384944e-01 8.858719165108076554e-01 8.805989614780822539e-01 8.891330203022759227e-01
8.660171942013235036e-01 8.852088179147080682e-01 8.806086221470836861e-01 8.891344621005298210e-01
8.657843156280927710e-01 8.850582550069600041e-01 8.803671054220504333e-01 8.889603235609206955e-01
8.654155912204777312e-01 8.848216750891989557e-01 8.801449100350198229e-01 8.887281010417407145e-01
8.653573715771700758e-01 8.846626602356819635e-01 8.801787223765246138e-01 8.888710770873955447e-01
8.649110209784782732e-01 8.843424692929681141e-01 8.801400797005193288e-01 8.888832665216900297e-01
8.645617031186322299e-01 8.842888682719591831e-01 8.801207583625165753e-01 8.889352446173407474e-01
8.643094179976325009e-01 8.842037538256687368e-01 8.802077043835284664e-01 8.891062509990368401e-01
8.639018804944786911e-01 8.837827318525914855e-01 8.801497403695206501e-01 8.891499781343414899e-01
8.634943429913253254e-01 8.835197805600956134e-01 8.798599202994806801e-01 8.889037108167158197e-01
8.636107822779405252e-01 8.838959076426271544e-01 8.797005192609588242e-01 8.887295814613969114e-01
8.631256185837100636e-01 8.834968098771709410e-01 8.795507788914381786e-01 8.885379259769631277e-01
8.627957072716334608e-01 8.832890500031901349e-01 8.793527351769110378e-01 8.883427240358472421e-01
8.625240156028644023e-01 8.830832576385839738e-01 8.792368071488950720e-01 8.883941590846478054e-01
8.622523239340952328e-01 8.827850434332913387e-01 8.788745320613453593e-01 8.881927813773250469e-01
8.618641929787109746e-01 8.824985071243286461e-01 8.784059896147807800e-01 8.880159113160780437e-01
8.615148751188652643e-01 8.822742688313278681e-01 8.780292235237291409e-01 8.877181413536473498e-01
8.613596227367111835e-01 8.819704196509718930e-01 8.776138147566719949e-01 8.874025451836443645e-01
8.612625899978652022e-01 8.817619748663172441e-01 8.773384856901340623e-01 8.871946705366690056e-01
8.608162393991732886e-01 8.814137704691817898e-01 8.771404419756069215e-01 8.871354656178137565e-01
8.606415804692502114e-01 8.810792891766497936e-01 8.766477478565389836e-01 8.867850788682440921e-01
8.600787905839430980e-01 8.804089945856302668e-01 8.762951334379904811e-01 8.864726832824678660e-01
8.600593840361737685e-01 8.800664823013467641e-01 8.759618403574447321e-01 8.862587248635235282e-01
8.599041316540199098e-01 8.796880126370330011e-01 8.755174495833837334e-01 8.858864697519719389e-01
8.600787905839430980e-01 8.796165523764921668e-01 8.751648351648352309e-01 8.856349090536772550e-01
8.601952298705584088e-01 8.797102385549944170e-01 8.750489071368192651e-01 8.855643758500193474e-01
8.598847251062509134e-01 8.792487089902363273e-01 8.747397657287767636e-01 8.853189494107142066e-01
8.595160006986356516e-01 8.788858869717492972e-01 8.744837580002415844e-01 8.851767067990260474e-01
8.588949911700207718e-01 8.782671763742696536e-01 8.740683492331844384e-01 8.848839759805514626e-01
8.585650798579440579e-01 8.779168026586994245e-01 8.737543774906411098e-01 8.846440510371378352e-01
8.582545750936365625e-01 8.776439557866704266e-01 8.734162540755947557e-01 8.844577469262178138e-01
8.580799161637134853e-01 8.774063906520864764e-01 8.730491486535442158e-01 8.843150991302466402e-01
8.582351685458673440e-01 8.772540986234574900e-01 8.726868735659943921e-01 8.841094101997992727e-01
8.579828834248675040e-01 8.769360116890003720e-01 8.722956164714406047e-01 8.838646228355999668e-01
8.576529721127910122e-01 8.764712856283494169e-01 8.719816447288973871e-01 8.836648570909271250e-01
8.572454346096373135e-01 8.760815302081419453e-01 8.715710662963409572e-01 8.833332271833116422e-01
8.569543363930991475e-01 8.756626701663248191e-01 8.711508271947833171e-01 8.829258150141841011e-01
8.566438316287916521e-01 8.752561991098926075e-01 8.708851587972467057e-01 8.827924887283918887e-01
8.565467988899454488e-01 8.749391199640219607e-01 8.704842410336914860e-01 8.824808569694566618e-01
8.567602709154068519e-01 8.750340674127483620e-01 8.699673952421205225e-01 8.820430716907253776e-01
8.565662054377145562e-01 8.747311837756338582e-01 8.697113875135852323e-01 8.817874901203314186e-01
8.569155232975605996e-01 8.748923819111309452e-01 8.694988527955561652e-01 8.816327591171730926e-01
8.569543363930989255e-01 8.747035094473019079e-01 8.690544620214950555e-01 8.812999850543472569e-01
8.570901822274835657e-01 8.746843965125323805e-01 8.686921869339452318e-01 8.809925051121914041e-01
8.571872149663295470e-01 8.747526088176185155e-01 8.684023668639052618e-01 8.807768447931947353e-01
8.572066215140988765e-01 8.745971598850846851e-01 8.680207704383527956e-01 8.805064827278276107e-01
8.571289953230218917e-01 8.744449726078011853e-01 8.677406110373143688e-01 8.802680481809951329e-01
8.566438316287915411e-01 8.740697761002774735e-01 8.673638449462625077e-01 8.799606653664953093e-01
8.565273923421763413e-01 8.739148272680452578e-01 8.670498732037195122e-01 8.797813239940782681e-01
8.563915465077915901e-01 8.737096770974672744e-01 8.668131868131868645e-01 8.796052765583511901e-01
8.563915465077917011e-01 8.737307419159143773e-01 8.665523487501508582e-01 8.793940722130118015e-01
8.564885792466376824e-01 8.738175223640261002e-01 8.663060016906170002e-01 8.791578187923443366e-01
8.565079857944071229e-01 8.736228062227642255e-01 8.659871996135732886e-01 8.787906103903940780e-01
8.564691726988685749e-01 8.734613451869643885e-01 8.656732278710300710e-01 8.785913801230542663e-01
8.560034155524072208e-01 8.730137261362096446e-01 8.652964617799783209e-01 8.782488986890112370e-01
8.558481631702536951e-01 8.727388154651278818e-01 8.650501147204444630e-01 8.780626643137628973e-01
8.557123173358690549e-01 8.726693194951771204e-01 8.647506339814032827e-01 8.777420836068628995e-01
8.556540976925615105e-01 8.724367302962336979e-01 8.645574206013766361e-01 8.775523736993959822e-01
8.556929107880999474e-01 8.722935749006304196e-01 8.642482791933341346e-01 8.772920962674909395e-01
8.556540976925613995e-01 8.719184994735510452e-01 8.640647264823089202e-01 8.771072723736954568e-01
8.562945137689456088e-01 8.720791881644291976e-01 8.637700760777683451e-01 8.769004199306981162e-01
8.562168875778687349e-01 8.718841285349725467e-01 8.635044076802318447e-01 8.766876477340650453e-01
8.566826447243298670e-01 8.721234594179949617e-01 8.633015336312039878e-01 8.764975007857966904e-01
8.570125560364066919e-01 8.722810154826493578e-01 8.630406955681680925e-01 8.762264380414664933e-01
8.571872149663295470e-01 8.723323626945004294e-01 8.626590991426157373e-01 8.758999118118628857e-01
8.569349298453298180e-01 8.721241376720428873e-01 8.623596184035744461e-01 8.756418824233412890e-01
8.569737429408682550e-01 8.721277100352884393e-01 8.620359859920299073e-01 8.753721946092746231e-01
8.570901822274835657e-01 8.721514892868140745e-01 8.617171839149860846e-01 8.751046841753989947e-01
8.570125560364066919e-01 8.720709790395659855e-01 8.614901581934548691e-01 8.750133656596199572e-01
8.567602709154067409e-01 8.718610441505174613e-01 8.612921144789277283e-01 8.747512853188879056e-01
8.566050185332531042e-01 8.717834081078567054e-01 8.611713561164110464e-01 8.746407505430509044e-01
8.566632381765607596e-01 8.719817620256976598e-01 8.609491607293804361e-01 8.743972003527706871e-01
8.566826447243299780e-01 8.719606555506723700e-01 8.608718753773698662e-01 8.741878497323208874e-01
8.564497661510994675e-01 8.718821222983077490e-01 8.606496799903392558e-01 8.740213710469710851e-01
8.563721399600225936e-01 8.718204715738340216e-01 8.605482429658254384e-01 8.739780590746767386e-01
8.561004482912534241e-01 8.716378878537480723e-01 8.603936722618041877e-01 8.738381672003804335e-01
8.561198548390227536e-01 8.716861574384936473e-01 8.602246105542808996e-01 8.736696173210889427e-01
8.561780744823302980e-01 8.716176113792533098e-01 8.600362275087549691e-01 8.734090611403815263e-01
8.562168875778687349e-01 8.716452333374375971e-01 8.599444511532423618e-01 8.732762184597632205e-01
8.564303596033301380e-01 8.718084355265861563e-01 8.597560681077163203e-01 8.731561176810942460e-01
8.561780744823302980e-01 8.716583329055548335e-01 8.596353097451998604e-01 8.730552050777141693e-01
8.560810417434842057e-01 8.714808714855952765e-01 8.594565873686753621e-01 8.728452245400771803e-01
8.560228221001766613e-01 8.716320006097740825e-01 8.592440526506460730e-01 8.726638842610482394e-01
8.559840090046381134e-01 8.714529305754880051e-01 8.592247313126434305e-01 8.727027643386680023e-01
8.558093500747153692e-01 8.712574494253028101e-01 8.589977055911122150e-01 8.724592506308528339e-01
8.555958780492538551e-01 8.711665717864802705e-01 8.588238135490883218e-01 8.722630469606059700e-01
8.557123173358690549e-01 8.711296688619335482e-01 8.586644125105663550e-01 8.720135542656878291e-01
8.553629994760232336e-01 8.708468755142454443e-01 8.584422171235357446e-01 8.718516836593432906e-01
8.551107143550233936e-01 8.705942489239472115e-01 8.582296824055066775e-01 8.716745593610428777e-01
8.551107143550231715e-01 8.705565385841480541e-01 8.580799420359859209e-01 8.715494999928695696e-01
8.547808030429467907e-01 8.701802566626150037e-01 8.578191039729501366e-01 8.713277123720689632e-01
8.544314851831008584e-01 8.696991492293206782e-01 8.576017389204202424e-01 8.711658904679954185e-01
8.544314851831007473e-01 8.695366394866951287e-01 8.573119188503802723e-01 8.708843089224898026e-01
8.542568262531777812e-01 8.693306242157056163e-01 8.571042144668518104e-01 8.707405674314806499e-01
8.541403869665624704e-01 8.691237719944292506e-01 8.568771887453205949e-01 8.705749995270217756e-01
8.538881018455626304e-01 8.689243817907067458e-01 8.567467697138027027e-01 8.703571677287079700e-01
8.534805643424091537e-01 8.685824522046359242e-01 8.564907619852674125e-01 8.701273254285184500e-01
8.531506530303324398e-01 8.681296327214326203e-01 8.563168699432435194e-01 8.699951767024556304e-01
8.528013351704863965e-01 8.679882350400616176e-01 8.560850138872116988e-01 8.696434401576805806e-01
8.524326107628714677e-01 8.677472873629508143e-01 8.559642555246951279e-01 8.694133337840092013e-01
8.521997321896408462e-01 8.674792233082877502e-01 8.557517208066658387e-01 8.692026322607256938e-01
8.519086339731025692e-01 8.671323319548926989e-01 8.553846153846154099e-01 8.689249156284268860e-01
8.518116012342564769e-01 8.669439041768836063e-01 8.552735176911001602e-01 8.686838430973872205e-01
8.515593161132566369e-01 8.666134660384114952e-01 8.549160729380510526e-01 8.683625789975670806e-01
8.511323720623338307e-01 8.663977054441190928e-01 8.547615022340295798e-01 8.682167322787517350e-01
8.506083952725650432e-01 8.659717026431559272e-01 8.543074507909673709e-01 8.678195220254398823e-01
8.500844184827960337e-01 8.654867155386453126e-01 8.538920420239101139e-01 8.674228465668385457e-01
8.495022220497197019e-01 8.650534163919449959e-01 8.535345972708610063e-01 8.670614049074443219e-01
8.493081565720272952e-01 8.649433846621550348e-01 8.531433401763071078e-01 8.667358583939139827e-01
8.489976518077197998e-01 8.646746999769686637e-01 8.525347180292235372e-01 8.662767188595271728e-01
8.485318946612586677e-01 8.642880392757037455e-01 8.520661755826590689e-01 8.657668081323970366e-01
8.482602029924896092e-01 8.641174641287551195e-01 8.514044197560680649e-01 8.652106921902452674e-01
