6.438607386132081389e-01 6.376615516109805926e-01 6.286028257456829360e-01 6.344264679658732087e-01
6.827902734382581551e-01 6.864270165805987922e-01 6.583190435937688045e-01 6.701468913895410884e-01
6.981214461759397416e-01 7.065557347292883428e-01 6.891124260355030451e-01 6.995594986935447235e-01
6.852549050049486778e-01 6.985928490882937769e-01 7.045888177756310933e-01 7.208738258510513086e-01
6.841681383298724439e-01 7.023791460995875147e-01 7.095012679628064367e-01 7.320168515555036670e-01
7.099982534107007748e-01 7.205581826113338639e-01 7.211906774544136756e-01 7.408977777563178213e-01
7.329367928739156657e-01 7.425497719927719453e-01 7.406762468300929214e-01 7.533390632689414002e-01
7.435715810514467172e-01 7.634489979453447095e-01 7.604178239343074575e-01 7.720758669740191982e-01
7.565351549612838733e-01 7.736856788678601049e-01 7.769085859195749011e-01 7.866825193570007313e-01
7.625705913175104822e-01 7.784825067683158739e-01 7.848641468421688749e-01 7.932764113175558851e-01
7.614061984513573744e-01 7.819908650771121295e-01 7.855935273517690165e-01 7.954699699668204005e-01
7.664907139668925007e-01 7.868008550719718386e-01 7.884241033691582468e-01 7.996850288789603134e-01
7.676745133808147159e-01 7.852904363697321699e-01 7.906653785774664378e-01 8.031893954786670786e-01
7.629393157251256330e-01 7.780017810412230839e-01 7.888829851467215049e-01 8.016292184982953817e-01
7.557782995982844643e-01 7.730891457973003700e-01 7.841251056635671901e-01 7.973781931453959304e-01
7.461138388092141138e-01 7.649083526824778101e-01 7.764207221350079013e-01 7.898042641672917696e-01
7.382347804149119730e-01 7.570619129404175807e-01 7.683975365294046789e-01 7.826809442694107055e-01
7.316559607211472471e-01 7.467983404605260667e-01 7.597995411182224545e-01 7.753306248425607672e-01
7.280269362883036166e-01 7.411525010665742652e-01 7.529163144547759146e-01 7.704567094072434230e-01
7.255623047216132049e-01 7.383558698557874944e-01 7.466610312764158097e-01 7.653732583060262051e-01
7.220303130276155557e-01 7.355541238616826183e-01 7.414394396811979648e-01 7.621472719452053735e-01
7.159754701236198393e-01 7.311605648186679796e-01 7.356478686149016122e-01 7.586709084879924569e-01
7.123852587863145347e-01 7.252272185288323181e-01 7.309576138147566571e-01 7.556672371248747133e-01
7.110462069902385718e-01 7.225527364463257829e-01 7.274846033087789543e-01 7.532434984579966519e-01
7.111238331813153346e-01 7.219724662385289538e-01 7.253737471319888774e-01 7.515734249711732984e-01
7.128316093850064483e-01 7.240802352800440600e-01 7.250694360584470921e-01 7.526970032895754503e-01
7.120553474742377098e-01 7.228542606247151392e-01 7.253882381354908038e-01 7.541034962720709611e-01
7.108521415125462761e-01 7.221022433899697557e-01 7.245670812703779440e-01 7.545710852628690901e-01
7.118418754487765288e-01 7.241046922376197514e-01 7.242482791933341213e-01 7.558509908147366119e-01
7.150245492829281346e-01 7.285104409793814462e-01 7.237266030672624417e-01 7.562225700192142241e-01
7.173339284674649097e-01 7.339211830118168578e-01 7.233739886487139392e-01 7.565960113815701771e-01
7.164218207223116419e-01 7.342672778484976570e-01 7.224610554280884722e-01 7.565948777607800491e-01
7.175668070406954202e-01 7.345005651519931344e-01 7.222195387030552194e-01 7.564157419145398631e-01
7.204971957538472971e-01 7.368869001196759472e-01 7.235623716942397587e-01 7.584670967011253317e-01
7.242038463777678015e-01 7.421151118060282936e-01 7.267793744716821713e-01 7.614146796413190366e-01
7.242232529255371309e-01 7.425230208427954226e-01 7.272624079217485660e-01 7.617271439505481911e-01
7.228065749383841831e-01 7.426880936438393643e-01 7.259533872720685954e-01 7.602135059751706780e-01
7.223602243396920475e-01 7.439588042031504145e-01 7.256828885400313789e-01 7.596346507101199297e-01
7.254070523394593462e-01 7.486522554615371305e-01 7.278034053858228880e-01 7.615399070928486891e-01
7.295018339187641088e-01 7.516312726881668738e-01 7.310928631807751543e-01 7.643756359888274066e-01
7.317141803644549025e-01 7.537740200247978750e-01 7.322666344644367387e-01 7.652365735090389531e-01
7.324710357274543115e-01 7.543492660502574276e-01 7.314213259268205203e-01 7.645211613509252935e-01
7.321411244153777087e-01 7.562495874158267073e-01 7.310397295012679431e-01 7.643654920608614622e-01
7.339847464534533517e-01 7.609177761622744063e-01 7.335804854486174253e-01 7.661376226948424240e-01
7.367404762366822624e-01 7.643157584887155798e-01 7.354884675763797564e-01 7.674402370809768614e-01
7.384288458926040466e-01 7.643440613286447416e-01 7.362033570824779716e-01 7.686073847450543006e-01
7.385646917269885758e-01 7.640396918282016392e-01 7.358700640019322226e-01 7.687148684694224965e-01
7.374973315996816714e-01 7.647089733900379604e-01 7.350199251298151770e-01 7.678754699462059241e-01
7.395156125676803915e-01 7.693577818248893418e-01 7.368651129090688645e-01 7.695864008556838609e-01
7.426788798540627790e-01 7.741723256268637776e-01 7.392899408284023810e-01 7.715279534822396812e-01
7.441731840322924896e-01 7.726530447462032214e-01 7.398502596304794565e-01 7.717404482841998536e-01
7.424848143763704833e-01 7.690489670554335744e-01 7.406520951575896738e-01 7.728046260993772787e-01
7.410099167459099911e-01 7.693623433599385830e-01 7.397053495954595270e-01 7.725290704247123053e-01
7.420772768732170066e-01 7.724978687874800576e-01 7.404685424465644594e-01 7.732036945467865019e-01
7.440955578412156157e-01 7.736464159586119438e-01 7.414684216882020396e-01 7.734490940261131708e-01
7.457645209493684035e-01 7.725203102333633165e-01 7.429754860524091509e-01 7.743984401962265007e-01
7.484038114459818924e-01 7.748550591849638902e-01 7.446033087791330551e-01 7.767045542149271231e-01
7.485396572803664217e-01 7.760970992025223447e-01 7.439222316145392977e-01 7.764617441901169315e-01
7.471811989365211293e-01 7.751957810914991143e-01 7.429899770559111882e-01 7.754559588064833253e-01
7.471229792932134739e-01 7.749060897487549671e-01 7.426808356478686868e-01 7.747884964940696673e-01
7.504997186050572644e-01 7.791888217212052936e-01 7.452505736022220217e-01 7.772431857218067286e-01
7.513730132546722063e-01 7.806004971783515600e-01 7.465402729138994609e-01 7.786183324210764756e-01
7.518969900444409937e-01 7.811390651883589609e-01 7.467045042869218108e-01 7.787861155211949216e-01
7.504997186050572644e-01 7.800241182246465677e-01 7.452795556092258744e-01 7.773299346964741563e-01
7.511789477769799106e-01 7.826490579728924146e-01 7.467576379664291331e-01 7.793155649649214922e-01
7.531584156494399718e-01 7.854597240453337070e-01 7.493032242482791094e-01 7.820818893675474115e-01
7.524015602864405627e-01 7.863219333088540264e-01 7.465692549209033135e-01 7.792052406841495360e-01
7.524597799297483292e-01 7.865956452790529019e-01 7.452119309262166258e-01 7.778585366157875214e-01
7.544586543499776088e-01 7.886859999968932611e-01 7.472986354305036771e-01 7.807669859501882303e-01
7.566321877001300766e-01 7.916406187532815109e-01 7.505494505494505475e-01 7.844492499969384358e-01
7.545168739932852642e-01 7.884626289132106169e-01 7.488684941432194320e-01 7.822245339639447570e-01
7.530807894583633200e-01 7.875551702029581769e-01 7.470377973674676708e-01 7.807452087511961292e-01
7.537017989869781998e-01 7.907050502861940888e-01 7.479797125950973236e-01 7.828424547454604365e-01
7.555260144772847353e-01 7.925124640458802716e-01 7.490037435092379292e-01 7.835176912084462764e-01
7.558559257893613381e-01 7.910115681439819912e-01 7.497041420118342181e-01 7.831801175708671403e-01
7.581264918783597873e-01 7.937795729080411311e-01 7.514720444390773357e-01 7.852324857214465492e-01
7.605717168972812026e-01 7.982182597921029243e-01 7.538775510204082098e-01 7.886081272555867105e-01
7.598148615342815715e-01 7.983461990635505323e-01 7.527665740852553800e-01 7.873215167857946506e-01
7.565157484135146548e-01 7.928111352122946265e-01 7.508344402849898014e-01 7.844941983636670724e-01
7.573114168720527228e-01 7.925754866318233116e-01 7.518633015336312342e-01 7.849658390048730450e-01
7.618913621455879470e-01 7.982484603862985972e-01 7.551817413355874642e-01 7.880125347741457897e-01
7.638708300180481192e-01 8.009507947286217400e-01 7.565052529887694721e-01 7.894418470576001212e-01
7.625123716742027158e-01 7.989925647434550360e-01 7.553556333776114684e-01 7.885942596268529226e-01
7.620660210755109132e-01 7.976374886767167993e-01 7.553024996981041461e-01 7.885436812632836689e-01
7.631527877505870361e-01 7.983794690035794783e-01 7.557517208066657499e-01 7.888949673367140480e-01
7.645694657377399839e-01 7.990250164699845836e-01 7.557323994686632185e-01 7.886505116669237925e-01
7.646082788332781988e-01 7.994163916688366012e-01 7.551092863180776105e-01 7.881885198244173996e-01
7.665877467057384820e-01 8.020991645308067630e-01 7.559304431831904703e-01 7.893979831435100625e-01
7.683731491005065806e-01 8.037668875629856435e-01 7.570510807873445103e-01 7.911433309816355841e-01
7.686642473170448575e-01 8.035583077789533180e-01 7.560222195387029664e-01 7.906829941504756043e-01
7.670923169477381620e-01 8.010922211503017643e-01 7.545972708610071411e-01 7.891625228275449544e-01
7.681790836228143959e-01 8.015892155625297111e-01 7.534428209153483103e-01 7.875337472045058629e-01
7.705272759028896079e-01 8.046718551777116701e-01 7.542060137664532427e-01 7.876514857807241921e-01
7.714199771002736572e-01 8.058049315010527014e-01 7.561284868977177220e-01 7.897188583358070169e-01
7.713423509091965613e-01 8.048016192309936923e-01 7.562444149257334658e-01 7.900609050223939001e-01
7.714781967435812016e-01 8.042593600455505420e-01 7.552735176911000714e-01 7.883914727096250630e-01
7.721186128199654108e-01 8.052003326321337529e-01 7.535973916193696720e-01 7.858632239032495859e-01
7.724485241320421247e-01 8.051629562272727414e-01 7.532496075353218856e-01 7.852336210008106221e-01
7.734770711638105922e-01 8.061813321803903420e-01 7.555391860886365718e-01 7.876433449176835078e-01
7.745056181955791708e-01 8.063955955715950141e-01 7.583745924405265182e-01 7.909542772306483727e-01
7.759999223738088814e-01 8.073169341168564550e-01 7.582683250815118736e-01 7.910026494523382246e-01
7.737487628325796507e-01 8.058902933574235705e-01 7.553604637121120735e-01 7.880178240778111798e-01
7.736711366415027769e-01 8.059311452325126357e-01 7.546262528680109938e-01 7.874267472046303507e-01
7.768344039278853863e-01 8.088524691880492057e-01 7.576838546069315505e-01 7.905917881162485283e-01
7.785227735838071705e-01 8.100744782176472203e-01 7.584518777925371991e-01 7.917357207966029264e-01
7.785809932271148259e-01 8.100099858047635770e-01 7.581330757154932654e-01 7.911961782707528368e-01
7.789497176347298657e-01 8.111067977674842888e-01 7.576258905929236231e-01 7.908412834194171737e-01
7.789303110869607583e-01 8.112625555167047864e-01 7.567805820553074048e-01 7.902837981171114690e-01
7.783481146538842044e-01 8.115044352682809770e-01 7.574278468783963714e-01 7.905221474403298920e-01
7.807933396728056197e-01 8.137017346093937675e-01 7.595725153966912391e-01 7.926515024650854224e-01
7.827145879019581365e-01 8.144018636069902950e-01 7.601231735297668823e-01 7.930688626647295347e-01
7.817248539657281059e-01 8.137989262479246033e-01 7.596739524212051675e-01 7.923993562650784028e-01
7.802693628830366102e-01 8.136930008710756557e-01 7.589590629151068413e-01 7.918771300410155645e-01
7.802887694308059396e-01 8.141409562224593000e-01 7.590460089361189544e-01 7.920466690418850320e-01
7.831997515961885981e-01 8.162252351269517758e-01 7.608573843738679621e-01 7.935670030984425249e-01
7.839954200547263330e-01 8.167748366169043095e-01 7.614949885279556074e-01 7.938463065734346902e-01
7.838789807681111332e-01 8.171805961812528274e-01 7.621567443545465004e-01 7.944584367859817142e-01
7.829280599274195396e-01 8.167884391290790580e-01 7.610409370848931765e-01 7.937515204950119641e-01
7.822488307554968934e-01 8.160149437397050676e-01 7.605723946383287082e-01 7.933184165474094218e-01
7.834520367171883271e-01 8.171295255535222513e-01 7.615819345489674985e-01 7.940189615250584643e-01
7.863047992392633301e-01 8.189422768538985320e-01 7.637459244052651197e-01 7.959854758248824380e-01
7.858972617361096313e-01 8.187533917028576580e-01 7.639391377852915443e-01 7.964110184812560611e-01
7.840924527935724253e-01 8.166316572703000709e-01 7.616302378939741047e-01 7.943349644125942133e-01
7.843059248190339394e-01 8.168361468038802808e-01 7.616592199009781794e-01 7.938837347357530216e-01
7.848881212521103823e-01 8.175184136372573018e-01 7.628716338606449376e-01 7.946730866634492685e-01
7.852374391119564256e-01 8.178883793873759078e-01 7.635961840357443631e-01 7.957320431695473761e-01
7.847328688699566346e-01 8.167598340591291084e-01 7.623886004105784320e-01 7.945225408508702625e-01
7.844999902967262351e-01 8.167560216957613362e-01 7.619828523125227182e-01 7.938536791599023479e-01
7.850627801820333485e-01 8.173869052918301126e-01 7.627653665016301821e-01 7.941832157642165768e-01
7.854897242329561546e-01 8.173383915694977242e-01 7.637459244052651197e-01 7.951106092439971240e-01
7.845776164878028869e-01 8.161005676569904610e-01 7.632483999516965767e-01 7.950786062887815753e-01
7.836072890993420748e-01 8.153046040210825129e-01 7.634464436662239395e-01 7.951026953660473851e-01
7.828310271885734473e-01 8.144334532182886388e-01 7.635285593527352255e-01 7.952000847334305123e-01
7.832773777872653609e-01 8.144206137749669949e-01 7.633160246347059363e-01 7.947431754044618213e-01
7.842671117234953915e-01 8.152706782209451220e-01 7.645284385943726946e-01 7.960094834432732691e-01
7.825981486153428257e-01 8.143389407284128412e-01 7.644463229078612976e-01 7.960857199253285055e-01
7.818606998001125241e-01 8.138145746189275886e-01 7.647458036469025888e-01 7.961314585084021678e-01
7.827145879019581365e-01 8.141055401685330928e-01 7.648279193334138748e-01 7.961957998849719109e-01
7.828892468318811027e-01 8.136907789935582391e-01 7.651080787344521905e-01 7.962032733055781630e-01
7.823070503988045488e-01 8.142863299308162883e-01 7.649148653544257659e-01 7.957591840576115905e-01
7.824040831376506411e-01 8.142020317103334515e-01 7.652771404419755896e-01 7.959953198392740736e-01
7.821906111121892380e-01 8.135879253184206128e-01 7.649390170269290135e-01 7.956705157456810396e-01
7.819965456344970534e-01 8.132094004988846825e-01 7.652384977659703047e-01 7.960136625925293696e-01
7.819189194434201795e-01 8.135837136500538858e-01 7.662045646661030940e-01 7.963680184918351390e-01
7.822294242077276749e-01 8.143730402381065270e-01 7.661900736626011676e-01 7.959436354401689950e-01
7.824623027809582965e-01 8.141356548803286852e-01 7.652046854244656249e-01 7.954535216655969077e-01
7.826757748064196996e-01 8.136903950508908023e-01 7.666779374471681674e-01 7.972858027507332412e-01
7.825593355198043888e-01 8.141975193637321917e-01 7.667310711266754897e-01 7.968146622169263171e-01
7.819965456344970534e-01 8.139462465578763961e-01 7.654365414804975565e-01 7.949039136694675545e-01
7.820353587300354903e-01 8.137566391978905411e-01 7.650935877309503752e-01 7.947099046774772635e-01
7.832579712394960314e-01 8.142167509252571378e-01 7.667020891196715260e-01 7.966917117384065827e-01
7.838013545770342594e-01 8.157608674472156540e-01 7.669146238377008151e-01 7.972486094167690052e-01
7.839177938636496812e-01 8.159521477899551734e-01 7.656925492090327356e-01 7.951514179740811761e-01
7.841312658891109733e-01 8.161645425460750669e-01 7.659099142615626299e-01 7.952824290398191609e-01
7.843641444623417058e-01 8.170857163388043354e-01 7.662190556696051313e-01 7.959640941956714899e-01
7.847522754177260751e-01 8.176737199470197615e-01 7.676488346818016728e-01 7.976093261461056905e-01
7.844223641056492502e-01 8.166623602457546705e-01 7.665378577466489540e-01 7.961333944752077008e-01
7.856449766151099023e-01 8.176178274230602172e-01 7.658133075715493066e-01 7.951664908103475149e-01
7.851598129208794408e-01 8.179788417760467389e-01 7.667117497886728472e-01 7.962527441898307190e-01
7.854120980418792808e-01 8.183654094774306387e-01 7.681656804733728583e-01 7.979550876188233888e-01
7.862659861437248932e-01 8.184280670774655153e-01 7.677454413718149961e-01 7.978294884666903286e-01
7.857226028061867762e-01 8.182250059903399819e-01 7.671899529042386368e-01 7.970441937240047015e-01
7.861689534048788008e-01 8.191724293280716607e-01 7.682091534838788593e-01 7.978654741766355585e-01
7.869452153156474283e-01 8.198517567570482445e-01 7.682333051563821069e-01 7.981133149594148435e-01
7.867705563857245732e-01 8.196827827195386496e-01 7.686873565994445379e-01 7.991135245677800647e-01
7.876050379398008561e-01 8.206639065811067724e-01 7.688854003139717896e-01 7.991546654900576474e-01
7.866735236468783699e-01 8.197483526936304443e-01 7.682429658253835392e-01 7.981026031353761763e-01
7.864600516214170778e-01 8.193151876424923374e-01 7.672624079217486015e-01 7.968891878383878025e-01
7.872751266277242532e-01 8.200487770988952319e-01 7.688032846274605037e-01 7.982000314929947882e-01
7.873915659143393420e-01 8.204991680524404973e-01 7.697113875135852545e-01 7.993341614438860265e-01
7.857614159017252131e-01 8.190363715750580420e-01 7.671996135732399580e-01 7.967818997659572577e-01
7.855285373284945916e-01 8.182206969800627228e-01 7.669001328341986667e-01 7.961536841582722568e-01
7.862853926914941116e-01 8.190468011780487334e-01 7.696002898200701159e-01 7.984192011428936642e-01
7.868287760290321176e-01 8.198597139273150480e-01 7.699384132351165810e-01 7.988613135864912618e-01
7.861107337615711455e-01 8.186352821621430964e-01 7.674990943122810272e-01 7.967643337735363929e-01
7.850239670864950225e-01 8.173094610164675089e-01 7.672575775872478854e-01 7.963733695722549077e-01
7.849657474431873672e-01 8.178257940520913261e-01 7.677647627098176386e-01 7.966850189196791332e-01
7.862465795959556747e-01 8.191174821859406041e-01 7.697983335345972566e-01 7.987531468612889540e-01
7.862659861437248932e-01 8.198061323297094471e-01 7.700833232701365105e-01 7.989776184947388060e-01
7.857808224494944316e-01 8.193315093320177045e-01 7.674266392947711735e-01 7.965002905914144726e-01
7.854897242329561546e-01 8.189424187189913162e-01 7.675425673227871393e-01 7.966885662777998256e-01
7.864988647169554037e-01 8.193130047173255992e-01 7.695519864750633987e-01 7.988756842033530869e-01
7.865376778124939516e-01 8.197620996526904236e-01 7.696920661755827231e-01 7.984928024708918270e-01
7.855479438762638100e-01 8.196606290757502133e-01 7.683105905083926768e-01 7.966806055131827602e-01
7.865958974558016070e-01 8.204896498509985925e-01 7.694602101195507915e-01 7.984385842124972488e-01
7.866541170991091514e-01 8.200731674749939248e-01 7.696968965100833282e-01 7.989961684301465361e-01
7.862853926914940006e-01 8.200099055629959111e-01 7.695181741335588299e-01 7.986920497134503139e-01
7.851986260164178777e-01 8.191381692663307623e-01 7.692042023910156123e-01 7.979823943272865705e-01
7.848687147043412748e-01 8.191382830655062897e-01 7.684385943726603774e-01 7.974630618247267044e-01
7.851015932775718964e-01 8.192599735994325894e-01 7.683878758604033576e-01 7.973025647052064402e-01
7.853344718508024069e-01 8.190578356746669453e-01 7.690448013524936455e-01 7.975286361534072999e-01
7.854120980418792808e-01 8.191865619470126703e-01 7.688660789759691472e-01 7.970475359423109252e-01
7.859554813794172867e-01 8.205500494306823267e-01 7.696051201545707210e-01 7.978899126551143306e-01
7.854120980418792808e-01 8.195628212207346497e-01 7.684265185364086426e-01 7.965443043008281210e-01
7.846552426788798718e-01 8.181540969221197113e-01 7.681222074628668572e-01 7.959933603308044781e-01
7.855091307807253731e-01 8.200457660721598430e-01 7.691800507185122537e-01 7.970273397892940759e-01
7.855673504240330285e-01 8.209434611783370528e-01 7.700929839391377207e-01 7.980194908929703068e-01
7.845388033922644500e-01 8.196282099715337388e-01 7.685665982369278559e-01 7.965804536877630904e-01
7.839760135069571145e-01 8.185837892760007284e-01 7.672768989252506389e-01 7.950374562092892283e-01
7.840924527935726474e-01 8.195339974249369330e-01 7.689771766694843969e-01 7.973025657512171627e-01
