7.024967832410472512e-01 7.082192559353226446e-01 6.731201999071037001e-01 6.680981034228814508e-01
7.012100796599632924e-01 7.068932244804555509e-01 6.728213474286084406e-01 6.677923680115840366e-01
6.999956627969178280e-01 7.061222209572085573e-01 6.724576835692347432e-01 6.678410999459173381e-01
6.993739970217871527e-01 7.053515798110385759e-01 6.721876361489078633e-01 6.684805895777564677e-01
6.987523312466568104e-01 7.049790296027549363e-01 6.717951672313656752e-01 6.680282740656426910e-01
6.983041535948185663e-01 7.046569060286129726e-01 6.714963147528706378e-01 6.678103649877498160e-01
6.983619829692492287e-01 7.055583248303689547e-01 6.711830597452913549e-01 6.678184496056780439e-01
6.979427200046263158e-01 7.054914223652446470e-01 6.708427999956793064e-01 6.675048765918943916e-01
6.973210542294959735e-01 7.049917940743225531e-01 6.707401819759549744e-01 6.677554839480231985e-01
6.968005898596193459e-01 7.046011141227815910e-01 6.705745528914877074e-01 6.676794275747369722e-01
6.967283031415807404e-01 7.051244070048369172e-01 6.705601503624035731e-01 6.681761051230027393e-01
6.967138457979731303e-01 7.053915511293135099e-01 6.701856846062167472e-01 6.681264013134674551e-01
6.966849311107576881e-01 7.061771010305831764e-01 6.700020523603944511e-01 6.679958010886242192e-01
6.961644667408810605e-01 7.057766860626843997e-01 6.695015644747217554e-01 6.679247978564868404e-01
6.955138862785352760e-01 7.054655144440622472e-01 6.691018942926377777e-01 6.674874214660098115e-01
6.953259408116352347e-01 7.056001992633447184e-01 6.688210449754976583e-01 6.678926680770633784e-01
6.952970261244199035e-01 7.064518494305235263e-01 6.683313589866379800e-01 6.676191438015564028e-01
6.951958247191660778e-01 7.066145200889665245e-01 6.680973178890212694e-01 6.674703466695082188e-01
6.949066778470124328e-01 7.070184106253635248e-01 6.677192515005634377e-01 6.678855112116459658e-01
6.947331897237201126e-01 7.073119961766032304e-01 6.673015781571243199e-01 6.681838339782495417e-01
6.950512512830893108e-01 7.081600955910464235e-01 6.669595180913767685e-01 6.681536119482320846e-01
6.949500498778355961e-01 7.083839217110055042e-01 6.660377562299939491e-01 6.676471442476811236e-01
6.949211351906201539e-01 7.090029384138070156e-01 6.655588721379475103e-01 6.677517613272927477e-01
6.952825687808122934e-01 7.096349504243988360e-01 6.646443115411065916e-01 6.673954525211394095e-01
6.952825687808121824e-01 7.102951554919862964e-01 6.640754116422844522e-01 6.674798007812758893e-01
6.953403981552429558e-01 7.106174872314511282e-01 6.637441534733499182e-01 6.677791258127789842e-01
6.959331492431580779e-01 7.112012092531785346e-01 6.632364643231352108e-01 6.677239677699848830e-01
6.966704737671498560e-01 7.119991622822415822e-01 6.625883505143502772e-01 6.684222746090144884e-01
6.968150472032268450e-01 7.125757185112477909e-01 6.620014474541729976e-01 6.688691746993798981e-01
6.970319073573422175e-01 7.131226786918150040e-01 6.611336950768555987e-01 6.686406825311626001e-01
6.972343101678498689e-01 7.142505222110373531e-01 6.605575939134911145e-01 6.684953070787403862e-01
6.973861122757305520e-01 7.146747797281551851e-01 6.600823104537156816e-01 6.685393690848185910e-01
6.973210542294958625e-01 7.155222239935044026e-01 6.595314137162484602e-01 6.689106429666153986e-01
6.975523717272189561e-01 7.163101684738080177e-01 6.588184885265851998e-01 6.687846690304964925e-01
6.972776821986728102e-01 7.164380806181284145e-01 6.582171829373238969e-01 6.690620907832761644e-01
6.976535731324726708e-01 7.173458002317841808e-01 6.574070406763428132e-01 6.689380143132398482e-01
6.975523717272187341e-01 7.177774744499250126e-01 6.567733293966420138e-01 6.688978428427732048e-01
6.980005493790570892e-01 7.185980081106255746e-01 6.560063947229133330e-01 6.688049754634053379e-01
6.984053550000723920e-01 7.195337918396811361e-01 6.554266929272780651e-01 6.687734659265748283e-01
6.987812459338720306e-01 7.199028743303694799e-01 6.546741607826334075e-01 6.686729679518069736e-01
6.992294235857103857e-01 7.206674823158306653e-01 6.541988773228578635e-01 6.688185312524360659e-01
7.001113215457791528e-01 7.209394553430028552e-01 6.534319426491291827e-01 6.687666500752602605e-01
7.004438404487559611e-01 7.214578062739831488e-01 6.527226180917369280e-01 6.689639794768779124e-01
7.006607006028711115e-01 7.218097732437516179e-01 6.519376802566529960e-01 6.689029306094704808e-01
7.009064754442019263e-01 7.222819765930998948e-01 6.512355569638028641e-01 6.688577041026595449e-01
7.012823663780017869e-01 7.223845647069196962e-01 6.504902260837002181e-01 6.689799149124023847e-01
7.012534516907863447e-01 7.226535863950438454e-01 6.500005400948407619e-01 6.693599966064098794e-01
7.013257384088249502e-01 7.229196714047360084e-01 6.493596275505979509e-01 6.694923446403324707e-01
7.012534516907863447e-01 7.231839146315008904e-01 6.486863093159158655e-01 6.693084235552043681e-01
7.013112810652171181e-01 7.234154279577010849e-01 6.479733841262526051e-01 6.694795738807083341e-01
7.014269398140785539e-01 7.238871149376677749e-01 6.473072671561126423e-01 6.694620663088968193e-01
7.014413971576861639e-01 7.242094702786114890e-01 6.466231470246174284e-01 6.694313335977433166e-01
7.013980251268632227e-01 7.246018976401393807e-01 6.459066212026831622e-01 6.692053034967755387e-01
7.012100796599631813e-01 7.246895505871853160e-01 6.453701269943001861e-01 6.692133574213815495e-01
7.011956223163555713e-01 7.248502269667806974e-01 6.448264315213751985e-01 6.693530369334778074e-01
7.007619020081250483e-01 7.245222563003825833e-01 6.441927202416745102e-01 6.692650872510892412e-01
7.010799635674942465e-01 7.249417730470412158e-01 6.436778298269176801e-01 6.693486856514666572e-01
7.010799635674940244e-01 7.250678086563941971e-01 6.432961628061886206e-01 6.694617462430583199e-01
7.010944209111018566e-01 7.256316443630349555e-01 6.428532850368524620e-01 6.695134164093778928e-01
7.011233355983170767e-01 7.258072254406739976e-01 6.424320110611423384e-01 6.695764902420917597e-01
7.011233355983172988e-01 7.264493780848177984e-01 6.420467434081424951e-01 6.696697613926626547e-01
7.011956223163556823e-01 7.268900015918016155e-01 6.416902808133108094e-01 6.698396558076717966e-01
7.014269398140785539e-01 7.279299725377004204e-01 6.413410194830211353e-01 6.699454947832710339e-01
7.013691104396477805e-01 7.279333137920604990e-01 6.411069783854044246e-01 6.701198541884736404e-01
7.009498474750249786e-01 7.278865218334198417e-01 6.409305474041241402e-01 6.703062075602093106e-01
7.009932195058479198e-01 7.282625194776324307e-01 6.406136917642737405e-01 6.703022703672770755e-01
7.006317859156558914e-01 7.280653832105752343e-01 6.403472449762177554e-01 6.704528156553610785e-01
7.005305845104020657e-01 7.280546342021876338e-01 6.398935653100684684e-01 6.703640597582598559e-01
7.004149257615406299e-01 7.280137786603748662e-01 6.395046970247975082e-01 6.703977422988396384e-01
7.002992670126790831e-01 7.281554311872491247e-01 6.391806401204052079e-01 6.706181134237396702e-01
7.000245774841332702e-01 7.277956308366002602e-01 6.390258129327510694e-01 6.708169651804385403e-01
7.002414376382484207e-01 7.279781358645636136e-01 6.387701680415081018e-01 6.707456413243571003e-01
7.001257788893868739e-01 7.280383607428422277e-01 6.387053566606296640e-01 6.709450811949719817e-01
7.003426390435021354e-01 7.284766126853401413e-01 6.384533124016577021e-01 6.710306063881983363e-01
7.000968642021715427e-01 7.281588986841873723e-01 6.382840826849195404e-01 6.710430987150275417e-01
7.001113215457792638e-01 7.282157205742698647e-01 6.380860479100129989e-01 6.711385783093463120e-01
7.001836082638176473e-01 7.282036766251251958e-01 6.379744283096111523e-01 6.712931738653913349e-01
7.004872124795790134e-01 7.284704102883512444e-01 6.379132175610037203e-01 6.715319907809280675e-01
7.007619020081251593e-01 7.287729292671408787e-01 6.379024156641905918e-01 6.717394680672912344e-01
7.009932195058480309e-01 7.289773673720252312e-01 6.377079815215551672e-01 6.717825331327000882e-01
7.010944209111018566e-01 7.292913861706779022e-01 6.376935789924711440e-01 6.720768926769296048e-01
7.014413971576861639e-01 7.294817712771486384e-01 6.377907960637888563e-01 6.723133116650874541e-01
7.017883734042706934e-01 7.299472966189702872e-01 6.377115821538262841e-01 6.726042040896782481e-01
7.019763188711706237e-01 7.304077556880033129e-01 6.377259846829103074e-01 6.726942334745864560e-01
7.022510083997166586e-01 7.305830991842877653e-01 6.375999625534243265e-01 6.727556526579817620e-01
7.023522098049704843e-01 7.308131831207679285e-01 6.377331859474524300e-01 6.730587455674281738e-01
7.027570154259856761e-01 7.311244306623156941e-01 6.378916137673775744e-01 6.733110744881777299e-01
7.030750769853546522e-01 7.315374401203027510e-01 6.379384219869008721e-01 6.734740421249131304e-01
7.033063944830777459e-01 7.316288562114290350e-01 6.381472586586204310e-01 6.738969057464798684e-01
7.036822854168776065e-01 7.321577341198953759e-01 6.382588782590222776e-01 6.741290089718485756e-01
7.041160057251081295e-01 7.324883610580066318e-01 6.384713155630128423e-01 6.744334192631539215e-01
7.045930980641617047e-01 7.329791413219228779e-01 6.386945547638165355e-01 6.748494529101654038e-01
7.050557330596076699e-01 7.335858642621275738e-01 6.389429983905173804e-01 6.753326550027257680e-01
7.053737946189766461e-01 7.337560328804749732e-01 6.391770394881342021e-01 6.758004887788133797e-01
7.054605386806227507e-01 7.336493057705637533e-01 6.393138635144330895e-01 6.760834842196724592e-01
7.058364296144227223e-01 7.340138004799708904e-01 6.394614894375452163e-01 6.763452607505546776e-01
7.061111191429685352e-01 7.344332223723413211e-01 6.396667254769937694e-01 6.766789413554510357e-01
7.063568939842993499e-01 7.346665998069114023e-01 6.399799804845730522e-01 6.771442338629740654e-01
7.067906142925299839e-01 7.350187117005899662e-01 6.403868519311990415e-01 6.775560088310141893e-01
7.072387919443681170e-01 7.355474912364015072e-01 6.406064904997317289e-01 6.778754461428313505e-01
7.077014269398140822e-01 7.360009774657250148e-01 6.409449499332082745e-01 6.782474509060580914e-01
7.081640619352599364e-01 7.363702361446429201e-01 6.411717897662828625e-01 6.785408844017254415e-01
7.088001850539982218e-01 7.367563193566355473e-01 6.416146675356192430e-01 6.791389342796209094e-01
7.093061920802672393e-01 7.372975805555518347e-01 6.419855326595349521e-01 6.795215920734816173e-01
7.096097962960284944e-01 7.375157262769904687e-01 6.422483788153199313e-01 6.799124850540380072e-01
7.102314620711589477e-01 7.380376537396046155e-01 6.424176085320582041e-01 6.801107387365419310e-01
7.107952984718587386e-01 7.384626052784462047e-01 6.427128603782824579e-01 6.804699510886988989e-01
7.111422747184431570e-01 7.387220309785359484e-01 6.430693229731141436e-01 6.808430351552590132e-01
7.114747936214199653e-01 7.390854868103193809e-01 6.434833956842821445e-01 6.812691525706257023e-01
7.121253740837658608e-01 7.396597262538998629e-01 6.438470595436558419e-01 6.816215565693161116e-01
7.125012650175656104e-01 7.399675618704119051e-01 6.442971385775342341e-01 6.820746517224376415e-01
7.130217293874423490e-01 7.404046352993018942e-01 6.447760226695806729e-01 6.825473457786388476e-01
7.135566511009268087e-01 7.410624503718468148e-01 6.452405042325433104e-01 6.830021089645829102e-01
7.142361462504878133e-01 7.417259187369683593e-01 6.457697971763841638e-01 6.835436628711656359e-01
7.149445560872644823e-01 7.425916480727863256e-01 6.462810869588699880e-01 6.840713334385508659e-01
7.156240512368257090e-01 7.432192818999148187e-01 6.467707729477296663e-01 6.843924593617758401e-01
7.160143995142332907e-01 7.435373013563054689e-01 6.474296886533275064e-01 6.851133601935026629e-01
7.167517240382252908e-01 7.441868268535596354e-01 6.480633999330283057e-01 6.856066014955437549e-01
7.172721884081016963e-01 7.447918628224461379e-01 6.486575042577477079e-01 6.862107807219046673e-01
7.181107143373477442e-01 7.453237928977296534e-01 6.492732123760932561e-01 6.868167488499834494e-01
7.188769535485549644e-01 7.461170752586421262e-01 6.498637160685416525e-01 6.873252818639667971e-01
7.195130766672931388e-01 7.465135165568628217e-01 6.505082292450553583e-01 6.880886192381169275e-01
7.199901690063468251e-01 7.470576623769928926e-01 6.510375221888963226e-01 6.885035510127053282e-01
7.206841214995156619e-01 7.478308959048102222e-01 6.516028214554475673e-01 6.890386470686489240e-01
7.212335005566076207e-01 7.482676330862556568e-01 6.522977434837557986e-01 6.896216795361231888e-01
7.220720264858533355e-01 7.490484856092236576e-01 6.529458572925406212e-01 6.902741086274292170e-01
7.228960950714915512e-01 7.497686661157321186e-01 6.537235938630823195e-01 6.910392639798078607e-01
7.233587300669374054e-01 7.500934385712154651e-01 6.543176981878017218e-01 6.916354199729749519e-01
7.238647370932065339e-01 7.505130855965741477e-01 6.551818499328481149e-01 6.924845276894815438e-01
7.246743483352369175e-01 7.512697393746375907e-01 6.560388004133526074e-01 6.933436406784048156e-01
7.252381847359365974e-01 7.516305990371275891e-01 6.567373230739317336e-01 6.940597808978921091e-01
7.262068267576516911e-01 7.523735357096325016e-01 6.575762703930809749e-01 6.948044784943725460e-01
7.269730659688589114e-01 7.528945533286370839e-01 6.584332208735854675e-01 6.956589939478475815e-01
7.276091890875970858e-01 7.534864593692213175e-01 6.592073568118561600e-01 6.965501072669633142e-01
7.284477150168428006e-01 7.540923639488472663e-01 6.600138984405662379e-01 6.973794753478753661e-01
7.290549234483655328e-01 7.546511284313206502e-01 6.608024369079209537e-01 6.981996363537152916e-01
7.297777906287499228e-01 7.550872100897012551e-01 6.617602050920141643e-01 6.991036785798681041e-01
7.307175179632494633e-01 7.556320114583073844e-01 6.627071713792942464e-01 7.001200837926324638e-01
7.313247263947721954e-01 7.562434143720087043e-01 6.635569205952565053e-01 7.008074543906586129e-01
7.321921670112333524e-01 7.568577080005169933e-01 6.645254906761627334e-01 7.016648374283419587e-01
7.328716621607944681e-01 7.572419877712055492e-01 6.654544538020876754e-01 7.025021305391514481e-01
7.337246454336479040e-01 7.578126632126774842e-01 6.665454453802087675e-01 7.034688762971610387e-01
7.344185979268168518e-01 7.583559022069390476e-01 6.675824274742644393e-01 7.043221806208911362e-01
7.352715811996703987e-01 7.590114367954983177e-01 6.685365950260865331e-01 7.053115286962976516e-01
7.362113085341699392e-01 7.594479567505204587e-01 6.695519733265160589e-01 7.063541811366793599e-01
7.373389813355694100e-01 7.605718365449081197e-01 6.705313453042354155e-01 7.074066155857781091e-01
7.382931660136766716e-01 7.612889116254848432e-01 6.714098995783659429e-01 7.081452890934643030e-01
7.390304905376685607e-01 7.617744228999254741e-01 6.724324791433374804e-01 7.090774473304266579e-01
7.397533577180528397e-01 7.619274744884245720e-01 6.733578416369914166e-01 7.098564070906960843e-01
7.408521158322369793e-01 7.625987478097329131e-01 6.743768205696919482e-01 7.108230818415367525e-01
7.418641298847750143e-01 7.634325135840756005e-01 6.753201862247010245e-01 7.117623610474590468e-01
7.425869970651594043e-01 7.640721899067322020e-01 6.763103600992333986e-01 7.126362455955994601e-01
7.434110656507972870e-01 7.644759776505435367e-01 6.772825308124106325e-01 7.134750030312395630e-01
7.441050181439661237e-01 7.650947866625189553e-01 6.783303148032795438e-01 7.143293142669606688e-01
7.452471482889734267e-01 7.658924982201765763e-01 6.794393095427557761e-01 7.151657860193640914e-01
7.461868756234729672e-01 7.665903927667598872e-01 6.805483042822318973e-01 7.160283121845081311e-01
7.473434631120877691e-01 7.672871289774397807e-01 6.818409312675306477e-01 7.170990998596064037e-01
7.483699345082334142e-01 7.679525493183354534e-01 6.832415772209599059e-01 7.181849719568614843e-01
7.492518324683024034e-01 7.686618996967612416e-01 6.847034339229969291e-01 7.193766194142513504e-01
7.505240787057786411e-01 7.698329023959584738e-01 6.860986789280196785e-01 7.205910090564022763e-01
7.517818675996472688e-01 7.707129838359046969e-01 6.872886878935940969e-01 7.216608712124481517e-01
7.526637655597161469e-01 7.712318195352908523e-01 6.885813148788928473e-01 7.227689540042060434e-01
7.533288033656695415e-01 7.716870574554985929e-01 6.897551209992475174e-01 7.237884624247048482e-01
7.539215544535846636e-01 7.722212166213819895e-01 6.910261441909198998e-01 7.248175462737109775e-01
7.551359713166305720e-01 7.730493673351581663e-01 6.922287553694428386e-01 7.258039194268831595e-01
7.562202720872066575e-01 7.738068435096605580e-01 6.934997785611152210e-01 7.268532141218637666e-01
7.571455420780984769e-01 7.745341558901692736e-01 6.946195751974046928e-01 7.279074888138861166e-01
7.578828666020904770e-01 7.752107275406884268e-01 6.957357712014230477e-01 7.288011243546494988e-01
7.590539114343131111e-01 7.760071882281279754e-01 6.970680051417028622e-01 7.298844224522976765e-01
7.603117003281817388e-01 7.771814812577456655e-01 6.982742169524968068e-01 7.308773986079522000e-01
7.610056528213506866e-01 7.777128956822492167e-01 6.995416395118982944e-01 7.319320126101673818e-01
7.616273185964810288e-01 7.781094134459746181e-01 7.007586532195053675e-01 7.330442520957995978e-01
7.626827046798421161e-01 7.789341548503229129e-01 7.022133086570001570e-01 7.340214632952628548e-01
7.636368893579492667e-01 7.797325049881574932e-01 7.036607628299529349e-01 7.351104977868078150e-01
7.645187873180182558e-01 7.803649195487218915e-01 7.050398049897562691e-01 7.361178087509991919e-01
7.658344055863175459e-01 7.814054393076514948e-01 7.065340673822324558e-01 7.373461200117130687e-01
7.668753343260710231e-01 7.821459532314587459e-01 7.079275120711197022e-01 7.384979018892816605e-01
7.676560308808859645e-01 7.827479612900671846e-01 7.094973877412873442e-01 7.395280966471421413e-01
7.688993624311469821e-01 7.837796465206769980e-01 7.110780653082682257e-01 7.407558541618970427e-01
7.694487414882389409e-01 7.840735378305879744e-01 7.127163529915852003e-01 7.420052820000662130e-01
7.706776156948922374e-01 7.851010955609801778e-01 7.142106153840613869e-01 7.432992648065975816e-01
7.719064899015455339e-01 7.858101530385332989e-01 7.157552866283318771e-01 7.447106049737690636e-01
7.729185039540835689e-01 7.866218038957722980e-01 7.172711528144342097e-01 7.457806503188427749e-01
7.739449753502292140e-01 7.874799949717645742e-01 7.189706512463587273e-01 7.470965432895017022e-01
7.748557879975133122e-01 7.881743358612702810e-01 7.204109041547694936e-01 7.481634943122588144e-01
7.758099726756205738e-01 7.889719207098901954e-01 7.219663772958532233e-01 7.492487588088887485e-01
7.766051265740432363e-01 7.892666006314987825e-01 7.232698061779647691e-01 7.500985987463475446e-01
7.773858231288583998e-01 7.898264594302866204e-01 7.245948388537027940e-01 7.512273423378357240e-01
7.782243490581041145e-01 7.906342987803144373e-01 7.258154531935807618e-01 7.521123364789564780e-01
7.792074484234265963e-01 7.914995463347721527e-01 7.271296839725054362e-01 7.531002935069532889e-01
7.800170596654570909e-01 7.923940092261781976e-01 7.284079084287201633e-01 7.541328565833407271e-01
7.807832988766644222e-01 7.930847821064646030e-01 7.296753309881214289e-01 7.550863329248223010e-01
7.818820569908484508e-01 7.938326569142672984e-01 7.308239326825790583e-01 7.560365607865646709e-01
7.825181801095867362e-01 7.943037950201701225e-01 7.318861192025319928e-01 7.567549727756446298e-01
7.831976752591478519e-01 7.945544459784010805e-01 7.330671265874286746e-01 7.576376716993539207e-01
7.837904263470628630e-01 7.950354912543937669e-01 7.341581181655498778e-01 7.585022844131616981e-01
7.841229452500397823e-01 7.952122620150552379e-01 7.353463268149886822e-01 7.592119853728409584e-01
7.847735257123855668e-01 7.955436112538087912e-01 7.363365006895210563e-01 7.600964262359281021e-01
7.852217033642238109e-01 7.959606713976721259e-01 7.374815017517075688e-01 7.609891547659864974e-01
7.857855397649233797e-01 7.960167844932658499e-01 7.385904964911839121e-01 7.618104381134318537e-01
7.862481747603695670e-01 7.958837278364753187e-01 7.398435165215012654e-01 7.625307363562670027e-01
7.872457314692997699e-01 7.965635194258036123e-01 7.411181403454446537e-01 7.629815243928365076e-01
7.879975133368994911e-01 7.969685345256616316e-01 7.421587230717714423e-01 7.636199059511314946e-01
7.884746056759530664e-01 7.968939699293119405e-01 7.432569159144345461e-01 7.644143451756475471e-01
7.892119301999451775e-01 7.974196674511938587e-01 7.442326872598828968e-01 7.650931594148617787e-01
7.898480533186832409e-01 7.976778221903995103e-01 7.454929085547421508e-01 7.660053871290923855e-01
7.904118897193829207e-01 7.980924301742353677e-01 7.465262900165268167e-01 7.666426377456896368e-01
7.913227023666671300e-01 7.986637522231501141e-01 7.474156461874705837e-01 7.672556142981370453e-01
7.918431667365437576e-01 7.992987539082496706e-01 7.482293890807225623e-01 7.676383323275262072e-01
7.922046003267358971e-01 7.996064508147693317e-01 7.487946883472738069e-01 7.679771815835614301e-01
7.921323136086975136e-01 7.996124779800396487e-01 7.494788084787689098e-01 7.684092483687470221e-01
7.922624297011666705e-01 7.996102104901203766e-01 7.501665292425350184e-01 7.688425563188109324e-01
7.926238632913588100e-01 7.996603449433048461e-01 7.505842025859741362e-01 7.691818871902406096e-01
7.930286689123740018e-01 8.001534424153026182e-01 7.510738885748337035e-01 7.693157762796978272e-01
7.932599864100969844e-01 8.003896004414138288e-01 7.513403353628897996e-01 7.694217536780096900e-01
7.934045598461738624e-01 8.004716533900488873e-01 7.517976156613100924e-01 7.696412087224668852e-01
7.930864982868048862e-01 8.002396315121271808e-01 7.522440940629173678e-01 7.698885743749425137e-01
7.930286689123740018e-01 8.002067044854800359e-01 7.527805882713005659e-01 7.703205966607197253e-01
7.927250646966127468e-01 8.000552507316790463e-01 7.532054628792814732e-01 7.707953065266489601e-01
7.925515765733204265e-01 7.999296374119654329e-01 7.535187178868609781e-01 7.710501780523523196e-01
7.928696381326896248e-01 8.002056460668445226e-01 7.540174054563981709e-01 7.715755536358456235e-01
7.927539793838279669e-01 7.998662704452346173e-01 7.544764860709540777e-01 7.717372040482998186e-01
7.931587850048431587e-01 8.001764998596716527e-01 7.551390024088229236e-01 7.722766013485475867e-01
7.934768465642123569e-01 8.004879675762053282e-01 7.558843332889255695e-01 7.728240455608372805e-01
7.938961095288351588e-01 8.007328998869802650e-01 7.565324470977103921e-01 7.732926333373342231e-01
7.944021165551041763e-01 8.012714071457184284e-01 7.572669760809997985e-01 7.737925484734113901e-01
7.948213795197269782e-01 8.016893792546577746e-01 7.580015050642892049e-01 7.743120378679169136e-01
7.953707585768190480e-01 8.021199021494035408e-01 7.588548549125226916e-01 7.749244784688349430e-01
7.958623082594804554e-01 8.026322801213088276e-01 7.597046041284849505e-01 7.756627171519046016e-01
7.966140901270800656e-01 8.033220314958789965e-01 7.605939602994284954e-01 7.764377181681861861e-01
7.973803293382872859e-01 8.040621041835531724e-01 7.614149044572227076e-01 7.771570729419207124e-01
7.978863363645565254e-01 8.045364842813274020e-01 7.622034429245775344e-01 7.776537950789679243e-01
7.982766846419639961e-01 8.049712512046287571e-01 7.629811794951193438e-01 7.782738724114702800e-01
7.991441252584250421e-01 8.058607238429825737e-01 7.638507321885723567e-01 7.789560165294617811e-01
7.998236204079862688e-01 8.063668656899710685e-01 7.649255209214738116e-01 7.800750574954207206e-01
8.005320302447629377e-01 8.070303567701121450e-01 7.657068581242866268e-01 7.807064691319827165e-01
8.012548974251472167e-01 8.079658422356963410e-01 7.664197833139499982e-01 7.813452466236745497e-01
8.016597030461624085e-01 8.083015138657170251e-01 7.671075040777159959e-01 7.821174894373046360e-01
8.019777646055314957e-01 8.086099259030707920e-01 7.678132280028373557e-01 7.827897582008918054e-01
8.022813688212928618e-01 8.089119133736364375e-01 7.684433386502669272e-01 7.835492598323336999e-01
8.025849730370541169e-01 8.094076118091330097e-01 7.694155093634441611e-01 7.844233672807918722e-01
8.030909800633232454e-01 8.097419047651079893e-01 7.702256516244251339e-01 7.850765109632322769e-01
8.036692738076306464e-01 8.102397745123131045e-01 7.707873502587053727e-01 7.854242284512010785e-01
8.043776836444072043e-01 8.107518883111517471e-01 7.714318634352190784e-01 7.860785078525126535e-01
8.049126053578915529e-01 8.111201866289410312e-01 7.717595209718826066e-01 7.863240494576679840e-01
8.054619844149835117e-01 8.117421474596969722e-01 7.723176189738918396e-01 7.867920469011783213e-01
8.058523326923909824e-01 8.120317848023332896e-01 7.728505125500036987e-01 7.872202316876099060e-01
8.063005103442294486e-01 8.123413927793398104e-01 7.733077928484242136e-01 7.874423585171652640e-01
8.067776026832830238e-01 8.129000022404768711e-01 7.736966611336950628e-01 7.878010545869338355e-01
8.068498894013214073e-01 8.128896439124712048e-01 7.740027148767323339e-01 7.882181581357815547e-01
8.071390362734751633e-01 8.132326537184919601e-01 7.744311901169845802e-01 7.886355051724907028e-01
8.073703537711980349e-01 8.134452576217470199e-01 7.746652312146011798e-01 7.889970191767061714e-01
8.074137258020210872e-01 8.133589151279325691e-01 7.749928887512645970e-01 7.892349131249014604e-01
8.079486475155056580e-01 8.138314635859721369e-01 7.753637538751805280e-01 7.896052282307368664e-01
8.085558559470282791e-01 8.144550292854378926e-01 7.758030310122456807e-01 7.901649492119859897e-01
8.091196923477281810e-01 8.148192536169901468e-01 7.762315062524978160e-01 7.903801770022446105e-01
8.098859315589354013e-01 8.155744522393466589e-01 7.768040067835911833e-01 7.907113064446884554e-01
8.105509693648889069e-01 8.160787828988160797e-01 7.772180794947591842e-01 7.909318290880114066e-01
8.113461232633115694e-01 8.168254875092867406e-01 7.778589920390021062e-01 7.914505297169860398e-01
8.119967037256574649e-01 8.173145985223062571e-01 7.785755178609363725e-01 7.920326769420980018e-01
8.125027107519264824e-01 8.177964265919438480e-01 7.792632386247024812e-01 7.925172500457967617e-01
8.133412366811723082e-01 8.186688468784797390e-01 7.799437581239265782e-01 7.930080942604185168e-01
8.137460423021873890e-01 8.189127627800740772e-01 7.805702681390852549e-01 7.935205050829449158e-01
8.143821654209255634e-01 8.195108543396586454e-01 7.814164167227765079e-01 7.943115086907344136e-01
8.148014283855483653e-01 8.199701357929010115e-01 7.821365431769818910e-01 7.950505472496437465e-01
8.153797221298558773e-01 8.205558422022865006e-01 7.829394841734207411e-01 7.957746521536677164e-01
8.156254969711866920e-01 8.208026932992952274e-01 7.837424251698598132e-01 7.965571759931324713e-01
8.161893333718862609e-01 8.212666117641871377e-01 7.845057592113173772e-01 7.972527976679932848e-01
8.167387124289783307e-01 8.218642777896265628e-01 7.853915147499901384e-01 7.980612590210360846e-01
8.171290607063859124e-01 8.220578240813249948e-01 7.859136064292888690e-01 7.985813524505274152e-01
8.171868900808165748e-01 8.222094535416020200e-01 7.863636854631672612e-01 7.991104291286227346e-01
8.177073544506933134e-01 8.228740282286827190e-01 7.869181828329053774e-01 7.996620830443003092e-01
8.182567335077852722e-01 8.234037206833980660e-01 7.874294726153912016e-01 7.999754260190884425e-01
8.187482831904465685e-01 8.238091916504016732e-01 7.879227592365218857e-01 8.003524501632157673e-01
8.192398328731078649e-01 8.242066821535289911e-01 7.884088445931105582e-01 8.008591731819885151e-01
8.195723517760845622e-01 8.244409946391806354e-01 7.889417381692225284e-01 8.013523857054102306e-01
8.204976217669766037e-01 8.254168000761692436e-01 7.894116206805914526e-01 8.016323521680662756e-01
8.212204889473607716e-01 8.261027867116681467e-01 7.899391133082970251e-01 8.019708929604343339e-01
8.216252945683759634e-01 8.264399627888121547e-01 7.902919752708574830e-01 8.020833002309253335e-01
8.221168442510372598e-01 8.270450952635779451e-01 7.906844441883995600e-01 8.022637727262762475e-01
8.228397114314215388e-01 8.276665774334964754e-01 7.909256865505582823e-01 8.021990771346871885e-01
8.232300597088290095e-01 8.278538468183838095e-01 7.914765832880252816e-01 8.025260749451608167e-01
8.238517254839595738e-01 8.283873155747895067e-01 7.919518667478009366e-01 8.027731560296041957e-01
8.242131590741517133e-01 8.287143838587913702e-01 7.924559552657446382e-01 8.030638247127523943e-01
8.248637395364974978e-01 8.293932773335245257e-01 7.930284557968378945e-01 8.033572759983841349e-01
8.257456374965665979e-01 8.299477382526112557e-01 7.936045569602021565e-01 8.036172616853337614e-01
8.261070710867585154e-01 8.301677725246110473e-01 7.940294315681833970e-01 8.037505922732417485e-01
8.265841634258120907e-01 8.305437608507191261e-01 7.943174821498655280e-01 8.039123899907187898e-01
8.271190851392964394e-01 8.310055810984886548e-01 7.948143694032672180e-01 8.042725194449413806e-01
8.277262935708192826e-01 8.315323091184627646e-01 7.951996370562671723e-01 8.046588346452159257e-01
8.283045873151267946e-01 8.320838736516802392e-01 7.957001249419398681e-01 8.049431025014379681e-01
8.288250516850033112e-01 8.324667225173361107e-01 7.961574052403601609e-01 8.050642858094957388e-01
8.294178027729185443e-01 8.328198723280375582e-01 7.964850627770236891e-01 8.053147992785004705e-01
8.300539258916567187e-01 8.334147898531747423e-01 7.969387424431730871e-01 8.055361352382659490e-01
8.303575301074179738e-01 8.335514355039240764e-01 7.973564157866122049e-01 8.057169587847853309e-01
8.305599329179256252e-01 8.338145273733703622e-01 7.977740891300512116e-01 8.059564595173712709e-01
8.308201651028640500e-01 8.340604364450363573e-01 7.981593567830509439e-01 8.063251650085649924e-01
8.309647385389409280e-01 8.342944303732124922e-01 7.986778478300790018e-01 8.066811719177852114e-01
8.309502811953333179e-01 8.343894717997482058e-01 7.990811186444339853e-01 8.071811104455374197e-01
8.311093119750178060e-01 8.343948023933133173e-01 7.993331629034058361e-01 8.074129913987579954e-01
