6.405759805693302944e-01 6.546426218011824893e-01 6.134649244407318625e-01 6.180426602057161878e-01
7.060966617993609251e-01 6.944545816827145668e-01 6.610076729473695067e-01 6.459829694021790303e-01
6.636499009671962268e-01 6.731755574586512081e-01 6.210370541067011807e-01 6.282567398901118816e-01
6.895285460249533926e-01 6.879939925797715627e-01 6.440270911572072432e-01 6.518032244428929589e-01
7.416906417614828051e-01 7.329271194498594433e-01 6.882608586067713308e-01 6.981872542651246238e-01
7.719787766195840284e-01 7.693176664323386760e-01 7.174799894861537686e-01 7.310504705995317654e-01
7.757232286139744692e-01 7.755205232485392619e-01 7.271944953533840961e-01 7.329481584354461399e-01
7.861614306987233514e-01 7.811117288490793120e-01 7.446071530160696117e-01 7.447055564323932231e-01
8.071679509606906056e-01 7.953963894832531967e-01 7.702292522566962507e-01 7.705963299863340943e-01
8.180977027281008951e-01 8.016642119495355212e-01 7.895970532425494737e-01 7.895315217312327549e-01
8.176350677326547078e-01 8.015674325106296738e-01 7.950592123976970571e-01 7.930195538263455912e-01
8.192687475603233072e-01 8.071712699120987544e-01 7.999848773444615535e-01 7.992691578788797546e-01
8.222035883126834754e-01 8.131760226993264284e-01 8.032758552401801921e-01 8.032329096674248881e-01
8.273214879498040908e-01 8.193560420020064017e-01 8.062607793928614486e-01 8.069103503544381439e-01
8.377452326909453628e-01 8.323849075509480722e-01 8.118561619420370246e-01 8.126065688439485513e-01
8.465642122916334777e-01 8.409546985599973823e-01 8.177611988665209886e-01 8.180793393712002537e-01
8.510459888100160297e-01 8.463532676312666148e-01 8.220387500045007734e-01 8.221903234096539226e-01
8.504098656912779663e-01 8.461639555900598575e-01 8.230793327308274510e-01 8.240936901256102898e-01
8.484147522734171165e-01 8.433616312980350971e-01 8.209729628522768330e-01 8.227050295784884559e-01
8.450895632436495886e-01 8.383169508470780240e-01 8.184273158366609513e-01 8.205261471825064934e-01
8.429065043588890305e-01 8.352914716243107218e-01 8.160761029636804942e-01 8.187761059032845345e-01
8.427330162355969323e-01 8.331105404004035542e-01 8.159788858923627819e-01 8.183833614692166414e-01
8.425884427995200543e-01 8.300693331884952952e-01 8.169942641927921967e-01 8.185686284713109551e-01
8.426173574867354965e-01 8.294629486253397577e-01 8.181680703131469778e-01 8.192800471548109531e-01
8.421402651476816992e-01 8.291207307745656063e-01 8.187657752701373859e-01 8.197318056752966875e-01
8.407812748485594678e-01 8.297159048959364958e-01 8.192230555685577897e-01 8.207432881231218058e-01
8.404342986019749384e-01 8.299661652601247885e-01 8.198099586287351803e-01 8.231954707257078674e-01
8.399282915757059209e-01 8.294909577800090306e-01 8.201880250171929010e-01 8.253496477213140281e-01
8.399427489193136420e-01 8.298962992122954629e-01 8.210665792913235395e-01 8.273477792845542744e-01
8.409836776590668972e-01 8.289713232731958925e-01 8.221791746630708886e-01 8.294215114928856769e-01
8.421980945221124726e-01 8.304571519155363735e-01 8.234826035451825454e-01 8.316119946968367760e-01
8.431956512310426755e-01 8.300081643391539199e-01 8.247320229432288929e-01 8.337155163874241381e-01
8.433113099799043333e-01 8.319070838147808455e-01 8.254197437069951127e-01 8.352121113163222255e-01
8.434269687287657691e-01 8.320947957862065980e-01 8.249300577181353233e-01 8.358508778423688890e-01
8.419667770243894900e-01 8.311494821714777714e-01 8.236662357910049526e-01 8.351185910347174168e-01
8.405788720380518164e-01 8.299832597498105757e-01 8.223484043798092724e-01 8.344961337329441786e-01
8.395234859546907291e-01 8.290854545674585241e-01 8.206633084769685560e-01 8.331596474340696723e-01
8.386271306510142409e-01 8.273375579756534481e-01 8.196047225892867383e-01 8.321108672558330532e-01
8.380054648758837876e-01 8.276822100945586680e-01 8.190322220581934820e-01 8.310953080449158259e-01
8.381500383119606656e-01 8.295427549572775838e-01 8.188953980318943726e-01 8.309188162974219249e-01
8.385403865893681363e-01 8.323043394779363613e-01 8.191258384972400775e-01 8.312938390427776492e-01
8.387138747126603455e-01 8.341074061559412556e-01 8.192914675817073444e-01 8.315660488258350691e-01
8.390897656464603172e-01 8.387532426282704456e-01 8.193058701107914787e-01 8.320135101802061950e-01
8.394511992366523456e-01 8.400387788217099638e-01 8.190322220581934820e-01 8.318318732069929222e-01
8.400728650117826879e-01 8.402767512849129705e-01 8.187081651538010707e-01 8.316582855274130548e-01
8.407957321921670779e-01 8.414304356469988200e-01 8.187117657860720765e-01 8.315663640099595355e-01
8.419234049935665487e-01 8.427953189773851328e-01 8.189890144709413011e-01 8.319902102485569051e-01
8.423571253017970717e-01 8.431289545658421369e-01 8.192626625235391868e-01 8.328075929596403526e-01
8.432823952926888911e-01 8.446294145501659356e-01 8.199791883454734531e-01 8.338441396141048623e-01
8.436872009137040829e-01 8.458046364833686770e-01 8.202276319721742981e-01 8.346650413076730501e-01
8.439040610678194554e-01 8.462640300643489155e-01 8.200692041522491538e-01 8.349580995851066945e-01
8.439040610678194554e-01 8.468451841659663248e-01 8.197199428219594797e-01 8.352933645343216806e-01
8.438606890369964031e-01 8.466521127420769677e-01 8.189530081482309098e-01 8.350587381730421033e-01
8.432679379490812810e-01 8.460129751855665070e-01 8.178332115119415491e-01 8.343956222763329045e-01
8.421258078040740891e-01 8.442712425563708711e-01 8.165873927461662074e-01 8.339193523421755128e-01
8.411282510951437752e-01 8.426643262473874074e-01 8.154207878903536599e-01 8.334558003250719382e-01
8.396969740779829383e-01 8.411353600094657601e-01 8.145206298225968755e-01 8.337727938356338520e-01
8.388006187743064501e-01 8.402752865072934396e-01 8.140381450982792089e-01 8.339999860444567981e-01
8.383235264352526528e-01 8.400318279724936499e-01 8.136096698580270736e-01 8.339617835928679890e-01
8.382223250299990491e-01 8.408087353993386470e-01 8.134224369799336607e-01 8.340509550639281233e-01
8.382223250299989381e-01 8.407986516053684856e-01 8.129723579460552685e-01 8.340130465400059645e-01
8.385259292457603042e-01 8.409091180822961809e-01 8.126122947189526879e-01 8.338329215597921618e-01
8.380343795630990078e-01 8.396753589280738783e-01 8.119749828069808828e-01 8.337663406876164585e-01
8.378175194089838573e-01 8.391294816544099255e-01 8.114060829081586323e-01 8.338305762539626187e-01
8.371091095722071884e-01 8.383660860162120976e-01 8.112224506623363363e-01 8.341506810730864308e-01
8.368199627000535434e-01 8.380366122840583465e-01 8.111216329587476181e-01 8.343642268809350337e-01
8.366753892639766654e-01 8.381293725863073751e-01 8.110748247392240984e-01 8.343409573890285813e-01
8.367765906692304911e-01 8.384521759656337059e-01 8.109704064033643744e-01 8.343303440499356682e-01
8.365741878587227287e-01 8.383512076343910824e-01 8.105527330599253677e-01 8.339897517823240403e-01
8.364585291098614039e-01 8.380586314540799941e-01 8.103042894332245227e-01 8.338604668123466013e-01
8.362850409865690837e-01 8.376942462335184025e-01 8.100018363224583684e-01 8.338007356670203984e-01
8.356055458370078570e-01 8.369190327914506344e-01 8.093753263072995807e-01 8.334671832475785136e-01
8.354609724009309790e-01 8.367740588681985558e-01 8.090836750933464439e-01 8.334113884234385372e-01
8.350995388107389505e-01 8.366122115770032730e-01 8.087776213503091727e-01 8.333616025131738159e-01
8.347381052205467000e-01 8.366145709346625159e-01 8.085507815172343626e-01 8.334025209812382373e-01
8.345067877228238284e-01 8.365567374650627608e-01 8.084751682395427963e-01 8.334798259999246506e-01
8.341742688198470201e-01 8.362667013397280247e-01 8.085723853108606196e-01 8.336669706641317568e-01
8.340875247582008045e-01 8.360118592066664300e-01 8.086011903690287772e-01 8.337225463176431983e-01
8.337839205424395495e-01 8.358683203295826925e-01 8.085399796204213452e-01 8.337740046944369654e-01
8.334514016394627411e-01 8.359015017129463043e-01 8.082483284064682083e-01 8.336445200360049768e-01
8.332056267981320374e-01 8.356998081756346064e-01 8.078594601211973592e-01 8.333351478706223503e-01
8.328297358643322879e-01 8.355546101133735082e-01 8.075570070104309828e-01 8.332420282348476093e-01
8.324249302433172071e-01 8.351712028233678753e-01 8.074849943650104223e-01 8.332873723642579833e-01
8.321213260275556189e-01 8.350176120619959841e-01 8.072257488414965598e-01 8.330139333528687740e-01
8.317165204065404271e-01 8.346993034960136226e-01 8.070313146988612463e-01 8.327364471758620379e-01
8.311526840058407473e-01 8.342659338215303588e-01 8.068800881434780026e-01 8.326822832159133103e-01
8.306177622923565096e-01 8.339881514899244452e-01 8.067504653817210158e-01 8.324939864999738592e-01
8.300394685480489976e-01 8.335642469108085484e-01 8.062463768637773143e-01 8.321011535620288502e-01
8.294900894909569278e-01 8.332845382793299116e-01 8.057422883458336127e-01 8.316968914195108642e-01
8.291720279315877296e-01 8.332369252229113732e-01 8.051985928729085140e-01 8.312651993294792874e-01
8.284202460639882304e-01 8.327940292272824063e-01 8.047845201617404021e-01 8.309565553087854273e-01
8.277262935708191716e-01 8.322818299500683858e-01 8.043884506119274302e-01 8.306459825901789662e-01
8.272781159189810385e-01 8.300116238649253297e-01 8.040319880170957445e-01 8.303549145549162791e-01
8.268588529543581256e-01 8.297206730296974309e-01 8.035423020282361772e-01 8.299353022254343237e-01
8.264974193641658751e-01 8.295455744833493128e-01 8.030958236266287908e-01 8.296318611602057080e-01
8.261504431175814567e-01 8.294111608066808694e-01 8.027141566059001754e-01 8.293350124692409064e-01
8.257167228093510447e-01 8.291873294180831522e-01 8.022388731461244094e-01 8.289632935318198559e-01
8.254564906244128419e-01 8.289229125602403103e-01 8.017959953767881398e-01 8.286413199616204928e-01
8.249504835981437134e-01 8.287780177801180592e-01 8.012595011684052748e-01 8.282767476093571002e-01
8.246613367259899574e-01 8.286745706665384903e-01 8.007950196054427483e-01 8.278982948072824977e-01
8.242854457921902078e-01 8.284309910240200692e-01 8.003557424683775956e-01 8.275564818071197148e-01
8.241119576688977766e-01 8.283035938184718505e-01 8.000424874607980907e-01 8.272269119979255292e-01
8.236493226734518114e-01 8.280606686632548952e-01 7.996212134850879671e-01 8.269650926779630318e-01
8.232300597088292315e-01 8.277280355341041229e-01 7.991819363480225924e-01 8.266625916795644624e-01
8.230421142419291902e-01 8.276687213572638813e-01 7.988074705918358775e-01 8.264163842092866474e-01
8.227674247133831553e-01 8.275750892258730840e-01 7.984114010420229057e-01 8.261382391735083708e-01
8.221168442510373708e-01 8.270955840804683490e-01 7.980333346535650740e-01 8.258246687530734764e-01
8.216686665991990157e-01 8.267992215668702460e-01 7.975544505615186353e-01 8.254213242524128802e-01
8.213072330090069872e-01 8.265289294418848298e-01 7.970863683662851029e-01 8.250946100256776328e-01
8.208301406699533009e-01 8.262051035613831029e-01 7.966794969196591136e-01 8.247505532922680960e-01
8.205265364541918238e-01 8.258328192669532886e-01 7.963266349570985447e-01 8.244914013973861922e-01
8.199337853662769238e-01 8.253977197433004509e-01 7.960349837431451858e-01 8.243295779333803530e-01
8.194711503708308475e-01 8.251777619052398371e-01 7.957253293678370198e-01 8.241405140700501786e-01
8.190229727189926034e-01 8.248100194252162565e-01 7.954624832120520406e-01 8.239476742535707388e-01
8.188639419393080043e-01 8.247612074397778770e-01 7.951924357917250497e-01 8.237013439121143588e-01
8.184157642874698713e-01 8.244539192773494563e-01 7.948539763582486151e-01 8.234089888681878078e-01
8.181410747589238364e-01 8.242473455884560263e-01 7.946127339960897817e-01 8.231918159761281162e-01
8.178374705431625813e-01 8.243141415775661063e-01 7.943606897371178199e-01 8.230010627304824578e-01
8.176350677326548189e-01 8.243103279477299594e-01 7.941266486395011093e-01 8.228068567869379901e-01
8.172591767988550693e-01 8.242894047679436564e-01 7.938385980578188672e-01 8.225943720331421183e-01
8.171290607063858014e-01 8.244838260919415962e-01 7.936117582247441682e-01 8.224797780258441549e-01
8.166519683673321151e-01 8.240517531092603765e-01 7.935577487406788588e-01 8.224707166815825587e-01
8.163049921207479187e-01 8.238199490238862222e-01 7.933597139657724284e-01 8.223334723389513767e-01
8.161387326692594035e-01 8.238361427605103149e-01 7.930608614872771689e-01 8.219606099312110059e-01
8.158568144689095636e-01 8.236627941662663099e-01 7.929096349318940362e-01 8.217305315519500830e-01
8.155387529095403654e-01 8.236024627843248069e-01 7.927260026860716291e-01 8.215919518921731557e-01
8.154953808787173131e-01 8.236539075643312113e-01 7.924847603239129068e-01 8.214581103232762027e-01
8.154809235351097030e-01 8.236155833400443660e-01 7.922147129035859159e-01 8.212586624706587068e-01
8.152929780682098837e-01 8.235816644900981753e-01 7.920094768641374738e-01 8.211596926372461969e-01
8.151194899449174525e-01 8.235290422162506729e-01 7.918150427215019382e-01 8.209977377965902434e-01
8.149170871344099121e-01 8.234347595148584498e-01 7.915990047852403677e-01 8.208752615367196359e-01
8.149315444780176332e-01 8.236058732584893294e-01 7.914837845525675153e-01 8.206796384628524121e-01
8.147146843239023717e-01 8.234700804450705292e-01 7.914441775975862292e-01 8.205812553978000246e-01
8.145267388570023304e-01 8.234907039073505741e-01 7.911849320740722558e-01 8.203757730374376944e-01
8.141363905795948597e-01 8.232391103016354350e-01 7.910301048864181173e-01 8.202372808763601642e-01
8.140785612051641973e-01 8.233147920770516048e-01 7.908644758019508503e-01 8.201950541523961302e-01
8.140062744871257028e-01 8.232641471289242618e-01 7.906556391302312914e-01 8.200680732202185741e-01
8.139629024563026505e-01 8.232191109759667835e-01 7.904648056198667616e-01 8.199378314726968320e-01
8.139918171435179817e-01 8.235390926461542138e-01 7.903099784322127341e-01 8.198494060124252858e-01
8.140785612051641973e-01 8.238367774365435992e-01 7.901587518768296015e-01 8.197434100242418920e-01
8.138617010510489358e-01 8.236006524837315990e-01 7.899175095146708792e-01 8.196289803815861585e-01
8.140351891743411450e-01 8.239098393933386166e-01 7.897626823270165186e-01 8.195576366257244505e-01
8.142665066720640166e-01 8.242213271137867059e-01 7.895898519780073510e-01 8.194099187812964313e-01
8.138761583946566569e-01 8.240061725724667774e-01 7.896186570361755086e-01 8.194395026773424462e-01
8.139339877690872083e-01 8.243322035480218357e-01 7.895466443907550591e-01 8.194935549665322005e-01
8.139629024563026505e-01 8.243460168835863300e-01 7.894530279517082416e-01 8.196334038208283879e-01
8.140351891743411450e-01 8.244979241876073672e-01 7.894386254226242183e-01 8.196966251018904526e-01
8.141942199540256331e-01 8.247152136997568661e-01 7.892909994995120915e-01 8.195064410484942385e-01
8.141074758923795285e-01 8.247899848423841940e-01 7.891937824281944902e-01 8.194957078629101499e-01
8.140496465179487551e-01 8.248452702712886220e-01 7.891109678859606902e-01 8.195383296977452048e-01
8.138617010510489358e-01 8.246575170264075494e-01 7.890713609309795151e-01 8.196520722380733481e-01
8.138617010510488248e-01 8.248984473118470273e-01 7.890533577696243750e-01 8.196841213416687921e-01
8.137315849585796679e-01 8.249216305109512426e-01 7.889201343755962714e-01 8.196694954259260424e-01
8.141942199540257441e-01 8.254603433716662941e-01 7.887905116138393957e-01 8.195906825303201915e-01
8.142665066720642386e-01 8.256183359070463634e-01 7.886788920134375491e-01 8.194596652427466044e-01
8.142809640156718487e-01 8.255358706199560359e-01 7.886320837939141404e-01 8.194072818219133580e-01
8.141653052668103019e-01 8.255579193984521336e-01 7.885312660903254223e-01 8.193606662993135892e-01
8.140351891743411450e-01 8.256377899474930393e-01 7.884916591353441362e-01 8.193106976515531770e-01
8.140496465179488661e-01 8.257071600040498671e-01 7.883260300508769802e-01 8.191763506633238379e-01
8.143821654209255634e-01 8.261542035560638375e-01 7.883080268895217291e-01 8.192044480626682335e-01
8.145701108878253827e-01 8.265780943400699021e-01 7.880379794691948492e-01 8.190988272388572966e-01
8.146134829186485460e-01 8.267381631234799189e-01 7.878255421652042845e-01 8.188567539000960460e-01
8.148448004163715286e-01 8.271814854982733056e-01 7.876203061257557314e-01 8.186604519214008002e-01
8.153218927554251039e-01 8.277876733037313750e-01 7.874582776735595813e-01 8.185254112906661383e-01
8.157122410328325746e-01 8.281992328151650540e-01 7.871666264596063334e-01 8.183381621929810557e-01
8.160592172794171040e-01 8.285519429059118313e-01 7.871522239305221991e-01 8.183449513344470683e-01
8.162471627463170343e-01 8.288013035574859355e-01 7.869001796715504593e-01 8.182692611079378509e-01
8.166375110237245050e-01 8.292406028226709802e-01 7.868101638647746476e-01 8.182246494163554207e-01
8.166230536801167839e-01 8.292800331375912437e-01 7.865365158121765399e-01 8.179492781303155935e-01
8.172880914860702894e-01 8.299645321594031344e-01 7.863312797727279868e-01 8.177774566438018589e-01
8.175627810146163243e-01 8.303514157340164958e-01 7.861584494237188192e-01 8.177370241538376439e-01
8.174471222657547775e-01 8.303018621674047584e-01 7.858956032679339510e-01 8.174743290065774604e-01
8.174326649221472785e-01 8.304133934719559740e-01 7.856075526862518199e-01 8.171517875899390049e-01
8.179097572612008538e-01 8.308624328964223649e-01 7.852978983109434319e-01 8.169608161901310561e-01
8.181410747589237253e-01 8.310961445216353827e-01 7.850062470969901840e-01 8.166658007704820088e-01
8.184302216310774813e-01 8.314422856485703672e-01 7.847830078961866018e-01 8.164840433097615424e-01
8.186181670979775227e-01 8.317202652680434349e-01 7.844625516240651963e-01 8.162590572232502062e-01
8.187193685032312374e-01 8.318352379172382349e-01 7.841564978810279252e-01 8.159859720541455808e-01
8.187627405340542897e-01 8.320580131725443529e-01 7.839260574156821093e-01 8.159059784410893634e-01
8.188639419393080043e-01 8.321206178629114714e-01 7.836272049371870718e-01 8.157234486496844905e-01
8.190229727189926034e-01 8.324988836138881299e-01 7.832203334905607495e-01 8.153579507284303141e-01
8.191097167806388191e-01 8.326418003481388386e-01 7.828638708957292858e-01 8.150717623595982175e-01
8.192832049039309172e-01 8.328405211221784343e-01 7.823849868036827360e-01 8.147466852497868839e-01
8.193844063091847429e-01 8.330440545080902703e-01 7.819457096666174722e-01 8.143974388619587002e-01
8.195000650580461787e-01 8.331759526338518018e-01 7.815496401168043894e-01 8.139877076136056155e-01
8.194277783400079063e-01 8.332162054864695744e-01 7.811823756251599082e-01 8.137259718687823717e-01
8.194422356836155164e-01 8.332796556121877529e-01 7.807358972235525219e-01 8.133212305203741943e-01
8.193121195911463595e-01 8.331742898984016987e-01 7.802210068087955808e-01 8.127986918857639242e-01
8.190518874062081567e-01 8.329903102700730866e-01 7.798717454785060177e-01 8.124853863147847299e-01
8.189940580317772723e-01 8.330285145011433467e-01 7.794504715027957831e-01 8.121028549414295306e-01
8.187771978776618997e-01 8.329930136272092334e-01 7.791336158629454944e-01 8.117909146374504559e-01
8.187482831904464575e-01 8.329457511759025268e-01 7.787771532681139197e-01 8.114673357666106757e-01
8.185892524107619694e-01 8.327958471773764249e-01 7.783846843505719537e-01 8.111360606469785184e-01
8.184591363182928125e-01 8.327126714066648283e-01 7.780678287107215541e-01 8.108247522441989208e-01
8.181844467897467776e-01 8.325204457666925961e-01 7.777689762322264055e-01 8.106361474145287183e-01
8.180687880408854529e-01 8.324931863415383493e-01 7.773837085792264512e-01 8.102347211433560403e-01
8.179242146048084638e-01 8.323993043907520484e-01 7.771460668493388457e-01 8.099534949871587397e-01
8.177218117943009235e-01 8.323345468677636472e-01 7.769480320744321933e-01 8.097004528072573315e-01
8.174904942965779409e-01 8.321987568481373776e-01 7.767031890800024652e-01 8.094553034969367289e-01
8.172591767988549583e-01 8.319782272546003554e-01 7.765339593632641924e-01 8.092475955695266343e-01
8.170134019575243656e-01 8.318773296672543616e-01 7.763179214270026218e-01 8.089500641417068927e-01
8.169122005522705399e-01 8.317466211195381209e-01 7.760658771680306600e-01 8.087341223531192558e-01
8.166664257109399472e-01 8.315946037552572889e-01 7.758462385994979726e-01 8.084761701734166639e-01
8.164784802440397948e-01 8.315950208279250244e-01 7.755473861210027131e-01 8.082250133440612716e-01
8.161315039974554875e-01 8.313943052384851207e-01 7.753025431265729850e-01 8.079679683379124011e-01
8.159146438433402260e-01 8.312196069461721404e-01 7.751009077193955488e-01 8.078022680337272332e-01
8.158568144689094526e-01 8.311419904366758038e-01 7.748740678863208498e-01 8.077281436281404936e-01
8.155098382223250342e-01 8.308594326884568559e-01 7.747948539763581666e-01 8.076478357343307435e-01
8.155532102531479755e-01 8.309228351925019851e-01 7.747480457568349799e-01 8.075371117531053855e-01
8.153797221298558773e-01 8.307149253041985482e-01 7.745428097173863158e-01 8.073111508046519891e-01
8.154230941606788186e-01 8.307216139322546322e-01 7.744743977042367611e-01 8.072653193684374839e-01
8.152785207246020516e-01 8.306452807126849525e-01 7.743051679874985993e-01 8.070439742757230528e-01
8.152496060373866094e-01 8.306425046489642749e-01 7.742295547098070330e-01 8.069911558899361959e-01
8.151050326013098424e-01 8.305049007767523195e-01 7.740855294189659119e-01 8.067931100837602010e-01
8.148448004163715286e-01 8.302060786328072650e-01 7.740567243607977543e-01 8.068029739727959893e-01
8.148014283855484763e-01 8.300700797267291930e-01 7.739307022313118845e-01 8.066721046206045687e-01
8.146279402622562671e-01 8.298819968094434119e-01 7.737866769404706524e-01 8.065279480225483466e-01
8.143387933901025111e-01 8.297063235193462560e-01 7.737506706177604832e-01 8.064491451340852768e-01
8.141653052668103019e-01 8.295660187843864053e-01 7.737110636627791971e-01 8.064381619473682816e-01
8.140207318307333129e-01 8.294058145241177682e-01 7.736318497528165139e-01 8.063303157220657047e-01
8.140207318307334239e-01 8.295181584166054778e-01 7.735382333137698074e-01 8.062996847146750579e-01
8.140496465179487551e-01 8.295674717336147808e-01 7.734914250942466207e-01 8.062691228932510334e-01
8.139629024563026505e-01 8.294835264323158208e-01 7.734374156101810893e-01 8.062284413681845008e-01
8.138761583946564349e-01 8.294092877316280310e-01 7.734230130810970660e-01 8.061614406033563718e-01
8.138761583946565459e-01 8.294880730358338283e-01 7.733762048615736573e-01 8.060837778649819763e-01
8.138617010510488248e-01 8.295081563633395216e-01 7.732501827320877874e-01 8.059170375816336884e-01
8.137894143330103303e-01 8.293707434705226422e-01 7.732681858934429275e-01 8.058590587247705939e-01
8.137315849585797789e-01 8.293234206261598240e-01 7.732681858934429275e-01 8.058485096701345496e-01
8.136592982405413954e-01 8.292719184961735435e-01 7.731925726157512502e-01 8.057397466031938071e-01
8.135147248044645174e-01 8.291871671753491269e-01 7.731889719834803554e-01 8.056752944444798281e-01
8.134568954300337440e-01 8.291764744084009209e-01 7.731745694543961100e-01 8.056522184986862900e-01
8.133556940247799183e-01 8.290350455110354622e-01 7.730557485894523628e-01 8.054883551691119914e-01
8.134568954300336330e-01 8.290833789712410695e-01 7.730377454280971117e-01 8.054283987455080895e-01
8.132689499631338137e-01 8.288761824542677514e-01 7.730629498539944855e-01 8.054180882438609634e-01
8.131532912142722669e-01 8.287764689655960915e-01 7.729513302535924169e-01 8.053160118708999615e-01
8.131822059014877091e-01 8.288631432530175758e-01 7.729513302535924169e-01 8.052853158955151081e-01
8.130810044962338834e-01 8.287792037584142957e-01 7.729693334149476680e-01 8.052302341388299922e-01
8.129653457473723366e-01 8.286998806078826885e-01 7.729225251954243703e-01 8.052021430763544041e-01
8.129364310601570054e-01 8.286827004478124481e-01 7.728649150790878330e-01 8.050987808292127124e-01
8.128207723112956806e-01 8.286218084709717768e-01 7.729009214017981133e-01 8.051148814951393229e-01
8.127051135624339118e-01 8.285653185507297902e-01 7.729369277245083936e-01 8.050823587422439864e-01
8.126761988752188026e-01 8.286330850723271357e-01 7.729045220340692302e-01 8.050363289531391464e-01
8.125316254391417026e-01 8.285354038414490807e-01 7.729009214017982243e-01 8.049302512101412788e-01
8.124448813774958200e-01 8.284679739263052234e-01 7.728757169759009615e-01 8.048492818659935821e-01
8.124159666902803778e-01 8.284676206749619354e-01 7.728541131822748156e-01 8.048220276910094118e-01
8.125171680955340925e-01 8.285186301293666622e-01 7.729153239308823586e-01 8.048834447973083339e-01
8.124448813774957090e-01 8.284896739719914693e-01 7.729981384731159366e-01 8.048894898129688169e-01
8.122713932542036108e-01 8.283962488848619632e-01 7.730161416344710767e-01 8.048584856486984407e-01
8.122858505978111099e-01 8.284793726753394427e-01 7.730053397376580593e-01 8.048204810147981947e-01
8.121991065361650053e-01 8.285054568695926491e-01 7.729837359440316913e-01 8.047297084668721956e-01
8.121557345053420640e-01 8.284109760590552263e-01 7.729693334149476680e-01 8.046261674100576577e-01
8.120979051309112906e-01 8.284699420044618901e-01 7.729873365763028081e-01 8.045544272161111454e-01
8.120689904436959594e-01 8.284377079131024502e-01 7.729369277245085046e-01 8.044723543425439383e-01
8.119388743512265805e-01 8.282838533123306757e-01 7.728865188727140900e-01 8.044101514821789811e-01
8.119388743512268025e-01 8.283360570977689186e-01 7.728757169759010726e-01 8.043603630794911030e-01
8.118376729459728658e-01 8.282444661880004055e-01 7.727748992723122434e-01 8.041960343232570363e-01
8.116208127918577153e-01 8.280823025937491533e-01 7.727568961109569923e-01 8.041238908884318359e-01
8.117075568535038199e-01 8.281175849240378639e-01 7.728253081241065470e-01 8.041242108688800849e-01
8.116352701354654364e-01 8.279968481484303311e-01 7.727929024336672725e-01 8.040096547551298656e-01
8.117364715407191511e-01 8.281573773327467469e-01 7.727424935818729690e-01 8.039620677055665521e-01
8.116930995098960988e-01 8.281796163077728146e-01 7.726920847300784434e-01 8.038797140691564813e-01
8.116352701354652144e-01 8.281420349163279848e-01 7.727424935818729690e-01 8.038809218485115649e-01
8.116641848226806566e-01 8.281947181724087503e-01 7.726848834655365428e-01 8.037461741522702319e-01
8.115629834174267199e-01 8.280486355038545465e-01 7.726848834655365428e-01 8.036597745227085365e-01
8.114617820121730052e-01 8.279766006903317432e-01 7.726056695555739706e-01 8.034947938077001695e-01
8.112738365452731859e-01 8.278911955462391337e-01 7.725984682910318480e-01 8.034745543252558297e-01
8.112015498272348024e-01 8.278712342379983546e-01 7.725768644974058130e-01 8.034546085376174096e-01
8.111581777964116391e-01 8.278470907297823533e-01 7.726056695555738596e-01 8.035314619722369045e-01
8.111148057655885868e-01 8.278751164227799997e-01 7.726272733492000055e-01 8.035294160535042529e-01
8.109991470167271510e-01 8.277509219049234979e-01 7.725840657619478247e-01 8.033759374337210435e-01
8.110569763911579244e-01 8.278347642402303919e-01 7.726164714523868771e-01 8.033501186982074938e-01
8.109413176422963776e-01 8.277781248195082986e-01 7.725552607037795561e-01 8.032386597098197800e-01
8.107822868626118895e-01 8.276820157151456581e-01 7.725480594392374334e-01 8.031562674012333591e-01
8.106810854573581748e-01 8.276355362058831489e-01 7.724976505874431298e-01 8.030805505271054745e-01
8.106955428009656739e-01 8.276482616763640721e-01 7.725048518519852525e-01 8.030335355654898422e-01
8.106232560829272904e-01 8.276259455882596372e-01 7.725084524842562583e-01 8.030428740811615951e-01
8.104208532724197500e-01 8.273917130886083715e-01 7.725444588069666496e-01 8.030260539777935858e-01
8.104642253032428023e-01 8.274468513438697492e-01 7.725516600715083282e-01 8.029628057173654465e-01
8.104063959288120289e-01 8.274075992592899720e-01 7.724508423679197211e-01 8.028219182895762751e-01
8.102184504619122096e-01 8.272561294792796227e-01 7.724544430001908379e-01 8.027691505841996200e-01
8.101606210874813252e-01 8.272159478220915130e-01 7.724328392065646920e-01 8.027205451280282622e-01
8.101027917130505518e-01 8.271914369835210445e-01 7.723680278256862541e-01 8.026347691671512630e-01
8.100883343694429417e-01 8.271653392379909597e-01 7.723932322515834059e-01 8.026314855846545804e-01
8.100738770258353316e-01 8.270801481946707945e-01 7.724364398388356978e-01 8.026454646246249380e-01
8.100594196822274995e-01 8.270081140561301725e-01 7.724112354129384350e-01 8.026044498522216797e-01
8.101027917130505518e-01 8.269086982251603324e-01 7.724472417356488263e-01 8.025096242661045043e-01
8.102184504619120986e-01 8.271164161131938641e-01 7.724076347806675402e-01 8.023939322368747185e-01
8.101461637438737151e-01 8.270856887888846654e-01 7.724184366774804467e-01 8.023648317783075301e-01
8.101461637438738261e-01 8.271050119382538091e-01 7.724472417356487153e-01 8.023769204905635277e-01
8.101895357746966564e-01 8.271630636919662383e-01 7.723536252966020088e-01 8.022182460458516795e-01
8.100738770258353316e-01 8.270227461609489517e-01 7.722600088575554134e-01 8.020609459870962077e-01
8.099437609333661747e-01 8.269966892666884561e-01 7.721843955798638470e-01 8.019508506143004922e-01
8.099726756205815059e-01 8.269727829840303190e-01 7.721735936830507185e-01 8.019541956333169352e-01
8.098570168717200701e-01 8.269344096494253282e-01 7.721411879926114441e-01 8.019310865806476007e-01
8.097991874972891857e-01 8.269969692082180801e-01 7.721519898894244616e-01 8.018771383281657616e-01
8.097413581228585233e-01 8.269728004033739532e-01 7.721087823021722807e-01 8.018548131142400059e-01
8.098136448408970178e-01 8.270619820218483298e-01 7.720475715535648487e-01 8.017516054085833677e-01
8.097558154664662444e-01 8.270564522241805605e-01 7.720187664953965800e-01 8.017180553718979974e-01
8.096401567176048086e-01 8.269965270624797249e-01 7.719323513208918852e-01 8.015854273572908806e-01
8.095678699995663141e-01 8.270396660623747787e-01 7.718927443659104881e-01 8.015187606958698030e-01
