6.118108249723457348e-01 6.451211261229177207e-01 6.173843738678903570e-01 6.159142835889590550e-01
6.135186011760367375e-01 6.468954672986757526e-01 6.206327738195871468e-01 6.193545320196277570e-01
6.167789012012652172e-01 6.476130742459492717e-01 6.236106750392464981e-01 6.218366910576469397e-01
6.191076869335714328e-01 6.483888181304588993e-01 6.266006520951575842e-01 6.245685635556657012e-01
6.212035940926469157e-01 6.493207950686653573e-01 6.293998309382925482e-01 6.264157849948854828e-01
6.238622911370296231e-01 6.513919927900644335e-01 6.317304673348629329e-01 6.280304837982912947e-01
6.259193852005666692e-01 6.521314224776031399e-01 6.340683492331842253e-01 6.302140787261522048e-01
6.280929185507190260e-01 6.541075169792044397e-01 6.367346938775509946e-01 6.334351989130334593e-01
6.305963632129479857e-01 6.559283413936867202e-01 6.390967274483757565e-01 6.360416562882575953e-01
6.334685322827922072e-01 6.576750508636497461e-01 6.410964859316508058e-01 6.378993406052655413e-01
6.354091870597139424e-01 6.585998693123074066e-01 6.435937688684940650e-01 6.410919056150667927e-01
6.384754216072503485e-01 6.603977711361794789e-01 6.457577587247917972e-01 6.430211257605110697e-01
6.408236138873255605e-01 6.617319032043509353e-01 6.473952421205169117e-01 6.446052825459380742e-01
6.440062877214771664e-01 6.648471662212009914e-01 6.492694119067745628e-01 6.466887002842789389e-01
6.464903258359371296e-01 6.663365765093749449e-01 6.514744596063277715e-01 6.485763878494997803e-01
6.487802984727046862e-01 6.674998752910632493e-01 6.536118826228717316e-01 6.510104684810207321e-01
6.505462943197034553e-01 6.683761140865925876e-01 6.554329187296220605e-01 6.531714616103743154e-01
6.531079586252401814e-01 6.700697260840822178e-01 6.571959908223643509e-01 6.557223608088031952e-01
6.550098003066233687e-01 6.715728742919465644e-01 6.591715976331360416e-01 6.575494718394376825e-01
6.569310485357759966e-01 6.726016076325653792e-01 6.610481825866441064e-01 6.592263054740157280e-01
6.595703390323897075e-01 6.740960342238293546e-01 6.625431711145997049e-01 6.609206632828044103e-01
6.621125967901571041e-01 6.756911955228244171e-01 6.643690375558508610e-01 6.629434798924636052e-01
6.641114712103863837e-01 6.770474290991711497e-01 6.662383770076076850e-01 6.645407580178387397e-01
6.657804343185390605e-01 6.780084859614079473e-01 6.678517087308296629e-01 6.664291576340681811e-01
6.669060140891536204e-01 6.785092646671904149e-01 6.691172563700036324e-01 6.676664852306697373e-01
6.682644724329989128e-01 6.793024129126634669e-01 6.702958579881657109e-01 6.691160320318729759e-01
6.698946224456130416e-01 6.803428481491118340e-01 6.715420842893371489e-01 6.705272301840972116e-01
6.711172349550739158e-01 6.807228743444146968e-01 6.720927424224127922e-01 6.713371178215440382e-01
6.720681557957653984e-01 6.816571410244143259e-01 6.731312643400555462e-01 6.726972653060968588e-01
6.733878010440722539e-01 6.837250690994891578e-01 6.740152155536771605e-01 6.742860186454067151e-01
6.750567641522249307e-01 6.854123248001324775e-01 6.749233184398020224e-01 6.753666525641566221e-01
6.760853111839935092e-01 6.865325649219757853e-01 6.755899046008936315e-01 6.761237585720900611e-01
6.769780123813775585e-01 6.873277536140396382e-01 6.762903031034899204e-01 6.775450796507862528e-01
6.769391992858390106e-01 6.875873197715377527e-01 6.768216398985630322e-01 6.783780602768980650e-01
6.775408022666848940e-01 6.883662968949562089e-01 6.771404419756068549e-01 6.789509801374058462e-01
6.781618117952996627e-01 6.894286433109571011e-01 6.773046733486293158e-01 6.797896588579004362e-01
6.788216344194530905e-01 6.906543647069585123e-01 6.772563700036227097e-01 6.804591905793686557e-01
6.798307749034524505e-01 6.914892973642946528e-01 6.772612003381234258e-01 6.806979829067958399e-01
6.802577189543752567e-01 6.915153337600541406e-01 6.769955319405869254e-01 6.813484299455689897e-01
6.808205088396824811e-01 6.926876119621028227e-01 6.769134162540755284e-01 6.815901920951836779e-01
6.813638921772204871e-01 6.935547798093204541e-01 6.768119792295616000e-01 6.818671368294275670e-01
6.822371868268354289e-01 6.941558955021362998e-01 6.766718995290423866e-01 6.823767415874995024e-01
6.833627665974499887e-01 6.950031465343105008e-01 6.763820794590026386e-01 6.826860665190006561e-01
6.829552290942964010e-01 6.956420627399920731e-01 6.761502234029705960e-01 6.830043025721721506e-01
6.835762386229113918e-01 6.965201429796471500e-01 6.760922593889626686e-01 6.833722176375811586e-01
6.842166546992956011e-01 6.973498211537170199e-01 6.753677092138631322e-01 6.832433635586151466e-01
6.844689398202954411e-01 6.977741504898979930e-01 6.749861127883105549e-01 6.831047546396045167e-01
6.845465660113722040e-01 6.984481399732487272e-01 6.747204443907741656e-01 6.832605294524212169e-01
6.849929166100641176e-01 6.990447755218276438e-01 6.743823209757275894e-01 6.834008075863977627e-01
6.851093558966795394e-01 6.991144981310695172e-01 6.741649559231975841e-01 6.838300392070162381e-01
6.849152904189874658e-01 7.002393444438272940e-01 6.739427605361671958e-01 6.843060667975305877e-01
6.854004541132177053e-01 7.015995487019053289e-01 6.737881898321458340e-01 6.848640156394338874e-01
6.858468047119098410e-01 7.021837168938558360e-01 6.733099867165801555e-01 6.846329288143822023e-01
6.856139261386791084e-01 7.018479401054535938e-01 6.727496679145030800e-01 6.844604244451031327e-01
6.857303654252944192e-01 7.027213756622781027e-01 6.724598478444632210e-01 6.845626076631274870e-01
6.859050243552173853e-01 7.031851318481054935e-01 6.719188503803888990e-01 6.843008307090795439e-01
6.858856178074481669e-01 7.035796560649181242e-01 6.713440405748098971e-01 6.844685597567262691e-01
6.856915523297559822e-01 7.038372219368176363e-01 6.710832025117740018e-01 6.848810272757324125e-01
6.855751130431407825e-01 7.042384696711763148e-01 6.705856780582054588e-01 6.848242005662512621e-01
6.852452017310640686e-01 7.042307569996270056e-01 6.699046008936118124e-01 6.849970952988591044e-01
6.853422344699100499e-01 7.046822673733255105e-01 6.697210481825865980e-01 6.855883805394823449e-01
6.849346969667566842e-01 7.050992562654241347e-01 6.693636034295376014e-01 6.855905202461796133e-01
6.850511362533718840e-01 7.054029563417343329e-01 6.688854003139718118e-01 6.857819278091110693e-01
6.851287624444487578e-01 7.058763489621573406e-01 6.684313488709092699e-01 6.857578800682606612e-01
6.850705428011411025e-01 7.060931539619239583e-01 6.679676367588456287e-01 6.855466178567948266e-01
6.852646082788331761e-01 7.066610778050996799e-01 6.677406110373143022e-01 6.857033602107833747e-01
6.856333326864483269e-01 7.072162948916633773e-01 6.672092742422413014e-01 6.858105839618138244e-01
6.854780803042946902e-01 7.068723362104385455e-01 6.667020891196715482e-01 6.856152283368551759e-01
6.853810475654484868e-01 7.071211702097421892e-01 6.662963410216158344e-01 6.856411109107327650e-01
6.853228279221408314e-01 7.075199579791917603e-01 6.662142253351044374e-01 6.860840149618701034e-01
6.854780803042946902e-01 7.075927037482366844e-01 6.658712715855573672e-01 6.861123947377523180e-01
6.851869820877565243e-01 7.078638030096946476e-01 6.655428088395122233e-01 6.863318310477291018e-01
6.856721457819867638e-01 7.074395021376820303e-01 6.651612124139596460e-01 6.862432247502215921e-01
6.853228279221408314e-01 7.077829290751989078e-01 6.650742663929477549e-01 6.865784485106629642e-01
6.853616410176793794e-01 7.079427675766100103e-01 6.647844463229078960e-01 6.867735260705414291e-01
6.856333326864483269e-01 7.090102326007365896e-01 6.647313126434004626e-01 6.868621860417314373e-01
6.859438374507559333e-01 7.098579267970063222e-01 6.648182586644124648e-01 6.872681688345356754e-01
6.858856178074481669e-01 7.100253534029006275e-01 6.647506339814033272e-01 6.876895102355302658e-01
6.860214636418328071e-01 7.105006245776420704e-01 6.648665620094191819e-01 6.881918253886067927e-01
6.865260338838323761e-01 7.111859009661862796e-01 6.652868011109769331e-01 6.890418822927050213e-01
6.871858565079858039e-01 7.118037944054336208e-01 6.657022098780340791e-01 6.899244994661312136e-01
6.876904267499853729e-01 7.125501014259417731e-01 6.658181379060499339e-01 6.903645157133857513e-01
6.883308428263694712e-01 7.140440335767699320e-01 6.663398140321218355e-01 6.911351207064759805e-01
6.886219410429078591e-01 7.139988432388574280e-01 6.667793744716821180e-01 6.919970866244459229e-01
6.892041374759844130e-01 7.147200402204190173e-01 6.669387755102040849e-01 6.924972845653486475e-01
6.899609928389838220e-01 7.161736361773513027e-01 6.671754619007366216e-01 6.929345581273964605e-01
6.903297172465989728e-01 7.163894154292750338e-01 6.675039246467817655e-01 6.934103322374236544e-01
6.907954743930601049e-01 7.167309429109588459e-01 6.676923076923078071e-01 6.942343646442256100e-01
6.912030118962138037e-01 7.173141292241191902e-01 6.680111097693515188e-01 6.946952843282621082e-01
6.915135166605212991e-01 7.168135935710275852e-01 6.682912691703900565e-01 6.952827114953734622e-01
6.918628345203672314e-01 7.171306910895214326e-01 6.687018476029464864e-01 6.956633144840305150e-01
6.921927458324438343e-01 7.176223936190605501e-01 6.691752203840115598e-01 6.961857329532159522e-01
6.927361291699819512e-01 7.181688665039660524e-01 6.695713078130660634e-01 6.968139737127732047e-01
6.932018863164431943e-01 7.185965480644819214e-01 6.698659582176065275e-01 6.974910445810060811e-01
6.936676434629043264e-01 7.192497980167402716e-01 6.703828040091776019e-01 6.983432479381714852e-01
6.939393351316733849e-01 7.196531757646811300e-01 6.707450790967274257e-01 6.988589933337000515e-01
6.948126297812882157e-01 7.200605900645693502e-01 6.713681922473131447e-01 6.996018020059424636e-01
6.951037279978264927e-01 7.205253335314796281e-01 6.719961357323995799e-01 7.004061583957157389e-01
6.955306720487492989e-01 7.208872221598234820e-01 6.723245984784446128e-01 7.007594466303093128e-01
6.961128684818257417e-01 7.213479448310237130e-01 6.726095882139838666e-01 7.013500042902344189e-01
6.964039666983639076e-01 7.218741053303572297e-01 6.730491486535442602e-01 7.020708288821781995e-01
6.969085369403636987e-01 7.223629761320379261e-01 6.733582900615868727e-01 7.026605491155508698e-01
6.978012381377476370e-01 7.236077797639355325e-01 6.738316628426518351e-01 7.032483802702526043e-01
6.985580935007471570e-01 7.240829568490549928e-01 6.744257939862335904e-01 7.040328976282897999e-01
6.988297851695162155e-01 7.245028749615131103e-01 6.749957734573119872e-01 7.049493267070593427e-01
6.997224863669002648e-01 7.250570924109017712e-01 6.755319405868855931e-01 7.054304393851140720e-01
7.004599351821303443e-01 7.256564953670010532e-01 6.760874290544620635e-01 7.059755908630858112e-01
7.009839119718992428e-01 7.258438218325237168e-01 6.767395242120517462e-01 7.066114780770926806e-01
7.016825476915911075e-01 7.264860619702993016e-01 6.774302620456466029e-01 7.070749005287976230e-01
7.022841506724369909e-01 7.270344224806292166e-01 6.781886245622508191e-01 7.078989261250163700e-01
7.029245667488209781e-01 7.275524340072645479e-01 6.787441130298272896e-01 7.083643940465051969e-01
7.037590483028972610e-01 7.281289812339184486e-01 6.793527351769109712e-01 7.090646152228201604e-01
7.045159036658968921e-01 7.287815595104953914e-01 6.799758483274966903e-01 7.096354781603827488e-01
7.049234411690503688e-01 7.289503795866398850e-01 6.806714164955922630e-01 7.104836269945575822e-01
7.057385161753575442e-01 7.301976142348558518e-01 6.811496196111581636e-01 7.111054802502597694e-01
7.064177453472801904e-01 7.306961255084400975e-01 6.819611158072697021e-01 7.118579656438921432e-01
7.072910399968949102e-01 7.312796274922526152e-01 6.826856659823692386e-01 7.125839546665041491e-01
7.077956102388945903e-01 7.316427114379495666e-01 6.833570824779615638e-01 7.132850282585018187e-01
7.082807739331251629e-01 7.319741946541296063e-01 6.841734090085738185e-01 7.138314692557518049e-01
7.092511013215858640e-01 7.326323389389461926e-01 6.848786378456708235e-01 7.147190371449629875e-01
7.101243959712006948e-01 7.333999473094843236e-01 6.855307330032605062e-01 7.154172832271433746e-01
7.108618447864309964e-01 7.337935958669336012e-01 6.862456225093588325e-01 7.159089445639494897e-01
7.117739525315841531e-01 7.345615183457258057e-01 6.871150827194784094e-01 7.165827357807703635e-01
7.127830930155835132e-01 7.350896032950205994e-01 6.881584349716218796e-01 7.174567412045522730e-01
7.137534204040443253e-01 7.357720647290829641e-01 6.889699311677334181e-01 7.180234671553795689e-01
7.150148460090435254e-01 7.366571094423661759e-01 6.898442217123534892e-01 7.186580555953648863e-01
7.163538978051193773e-01 7.377022354265189152e-01 6.906267359014611751e-01 7.195270551302415107e-01
7.174406644801955002e-01 7.383378629636023760e-01 6.915058567805820733e-01 7.199980117093665033e-01
7.178870150788876359e-01 7.385937911262048239e-01 6.925105663567201475e-01 7.208589159932452528e-01
7.187409031807332482e-01 7.400501226140141497e-01 6.933800265668398355e-01 7.217236877370946102e-01
7.191484406838867249e-01 7.404274742981988844e-01 6.944668518294891957e-01 7.226490475634762545e-01
7.199247025946554635e-01 7.405134197864300383e-01 6.955971501026447790e-01 7.235196961403943527e-01
7.206427448621165466e-01 7.409393271994809682e-01 6.966791450307934230e-01 7.242120811781496137e-01
7.218265442760387618e-01 7.420223120409797923e-01 6.976935152759327075e-01 7.250719263389387992e-01
7.231655960721146137e-01 7.426532161608426774e-01 6.990749909431228648e-01 7.262840098208809270e-01
7.245822740592675615e-01 7.436952026341725475e-01 7.003791812583022303e-01 7.273579138874400885e-01
7.251838770401133338e-01 7.445152271301352931e-01 7.016447288974760887e-01 7.284648806740250393e-01
7.262512371674202383e-01 7.454310044315448636e-01 7.029151068711508854e-01 7.295758829670874190e-01
7.271051252692658506e-01 7.460969785016411393e-01 7.039487984542929233e-01 7.303055466700818510e-01
7.282889246831880659e-01 7.469924258166948938e-01 7.051757034174616079e-01 7.312096831734844482e-01
7.300549205301869460e-01 7.482556228895360650e-01 7.064122690496317247e-01 7.320346491356821694e-01
7.308117758931863550e-01 7.486826656814021819e-01 7.073445236082598342e-01 7.327155190366754223e-01
7.314133788740320163e-01 7.488921243812337591e-01 7.081898321458760526e-01 7.333343248862975727e-01
7.320149818548777887e-01 7.494006614797690258e-01 7.091365777080063104e-01 7.339698195367974076e-01
7.331017485299540226e-01 7.501091969402424731e-01 7.100591715976330986e-01 7.345683762651697979e-01
7.343437675871838932e-01 7.509023071569342900e-01 7.110397295012679253e-01 7.352185388965685187e-01
7.352946884278755979e-01 7.516042912949689736e-01 7.120879120879121116e-01 7.358756407855653325e-01
7.360515437908750069e-01 7.518597596209116718e-01 7.130298273155415423e-01 7.365814881301251393e-01
7.369054318927205083e-01 7.525282236940971092e-01 7.139862335466731214e-01 7.374261049295138815e-01
7.374682217780279547e-01 7.529729004521559244e-01 7.149667914503079480e-01 7.382528626537778749e-01
7.379533854722583053e-01 7.531825229532396193e-01 7.159618403574447010e-01 7.391035683235069875e-01
7.383997360709503299e-01 7.535656939193564607e-01 7.170051926095881711e-01 7.398534158955969442e-01
7.394670961982573454e-01 7.544042968773846392e-01 7.179857505132229978e-01 7.404442550835331760e-01
7.404180170389488280e-01 7.549207796361214751e-01 7.189469870788551820e-01 7.413108269656254468e-01
7.410584331153331483e-01 7.553962681970161075e-01 7.198647506339814761e-01 7.419950835699664626e-01
7.418346950261018868e-01 7.560341654197193506e-01 7.208501388721169079e-01 7.427786003813612314e-01
7.425721438413320774e-01 7.566170464854644617e-01 7.218983214587610941e-01 7.434551701644881438e-01
7.437947563507928406e-01 7.573394008084082252e-01 7.229658253834077009e-01 7.442660042753996841e-01
7.449785557647150558e-01 7.580706848489807692e-01 7.242458640260838187e-01 7.452852661384639088e-01
7.463952337518677815e-01 7.589579216020121422e-01 7.255162419997585044e-01 7.462332989443720699e-01
7.474625938791747970e-01 7.592736163990090326e-01 7.269894940224610469e-01 7.475271333821885689e-01
7.485105474587124830e-01 7.600345297293613633e-01 7.281825866441251627e-01 7.485181533548412869e-01
7.499660385414038677e-01 7.611504120046812538e-01 7.293708489312884513e-01 7.493732862469262290e-01
7.509751790254032278e-01 7.620316113714129536e-01 7.306219055669604945e-01 7.504586473447132366e-01
7.521395718915561135e-01 7.630486166203525045e-01 7.318922835406350691e-01 7.514971657657141257e-01
7.531098992800171477e-01 7.639916941952193952e-01 7.332109648593164719e-01 7.525528611168610382e-01
7.542936986939393629e-01 7.647730516870602235e-01 7.343847361429778342e-01 7.535776229473800658e-01
7.559432552543228212e-01 7.661990457347638284e-01 7.358048544861731655e-01 7.548051487164292306e-01
7.571464612160142549e-01 7.672173977919454213e-01 7.368578674073179569e-01 7.556960846678417720e-01
7.586601719420131840e-01 7.686301525083598651e-01 7.375775872479168882e-01 7.565194336336176217e-01
7.604261677890120641e-01 7.698415983782629368e-01 7.387561888660789666e-01 7.576861801905825367e-01
7.612412427953190175e-01 7.707038240255944528e-01 7.400362275087549735e-01 7.588083186468570496e-01
7.621339439927030668e-01 7.716913011690492707e-01 7.408863663808717970e-01 7.596629292038201697e-01
7.631818975722408638e-01 7.727355728520391986e-01 7.419248882985146620e-01 7.607161378054463352e-01
7.641522249607015649e-01 7.737418042671376783e-01 7.431034899166767405e-01 7.618645231698907283e-01
7.651031458013934916e-01 7.746680699482333399e-01 7.440647264823088136e-01 7.628736235284179212e-01
7.657435618777775899e-01 7.755214334245195129e-01 7.448617316749185369e-01 7.637781959871730031e-01
7.663839779541616881e-01 7.762771743274762271e-01 7.454945054945054661e-01 7.644908370534658770e-01
7.665198237885462174e-01 7.765996211681289729e-01 7.459050839270620070e-01 7.649104665256252211e-01
7.665586368840846543e-01 7.768410793555093896e-01 7.464364207221350078e-01 7.654661694090558743e-01
7.670049874827766789e-01 7.771761896996063346e-01 7.467890351406833993e-01 7.658752869632379223e-01
7.670438005783151159e-01 7.772577222807626196e-01 7.471561405627339392e-01 7.662473411767286580e-01
7.674125249859301556e-01 7.777161785413952977e-01 7.476488346818016550e-01 7.666764229961766652e-01
7.678976886801606172e-01 7.782675648399353108e-01 7.480207704383528000e-01 7.671320802579199016e-01
7.681887868966990052e-01 7.787266059256692241e-01 7.485231252264219481e-01 7.676211192542752304e-01
7.686545440431600262e-01 7.794158311976536746e-01 7.489530249969810205e-01 7.680808296179493233e-01
7.692173339284673617e-01 7.801509837977192996e-01 7.492766574085255593e-01 7.685155159242631484e-01
7.693919928583904388e-01 7.804315462787519975e-01 7.497548605240913489e-01 7.689928747106845597e-01
7.700906285780821925e-01 7.812742588831338431e-01 7.500784929356357766e-01 7.693179471058918528e-01
7.708280773933124941e-01 7.821515285539268891e-01 7.508899891317474262e-01 7.699908760355722581e-01
7.715461196607735772e-01 7.831092150968561594e-01 7.517208066658616072e-01 7.708705233036369231e-01
7.724000077626190786e-01 7.840576662283091913e-01 7.524212051684577851e-01 7.717130247825469969e-01
7.730986434823109432e-01 7.851560575989915414e-01 7.534838787586040088e-01 7.728916845052455908e-01
7.739331250363873371e-01 7.860538666744788516e-01 7.541069919091897278e-01 7.737425646934119605e-01
7.746511673038483092e-01 7.870629508354741732e-01 7.548991667672986239e-01 7.748094098037903166e-01
7.748646393293097123e-01 7.879413355756128556e-01 7.559183673469386244e-01 7.759006016881790924e-01
7.756409012400783398e-01 7.892461590657271486e-01 7.569617195990822056e-01 7.771346923219500935e-01
7.765336024374622781e-01 7.906676827698883026e-01 7.578021978021977079e-01 7.781740577243615453e-01
7.771740185138465984e-01 7.915438055212041801e-01 7.589083444028498215e-01 7.793547331509826925e-01
7.776397756603077305e-01 7.924919061231836537e-01 7.598599202994806845e-01 7.805518680224300399e-01
