6.094626326922703008e-01 6.177152955179259219e-01 6.568530370728171697e-01 6.572050783039393718e-01
6.141784238001901652e-01 6.211863816203333499e-01 6.596787827557056838e-01 6.599876109007908331e-01
6.181373595451105096e-01 6.246217504390254582e-01 6.630310348991667047e-01 6.633822943243539161e-01
6.229113702963380295e-01 6.279834983397891701e-01 6.664605723946384064e-01 6.665121231503172705e-01
6.271225911622581028e-01 6.321507327939555054e-01 6.697355391860886353e-01 6.696420458466095793e-01
6.315472840536396903e-01 6.368293208024349283e-01 6.726627218934911889e-01 6.726394851467151215e-01
6.355644394418675791e-01 6.398944309864650348e-01 6.758700640019321693e-01 6.756564718834724426e-01
6.402026043587106807e-01 6.453776509974563647e-01 6.782610795797608949e-01 6.777262566122785881e-01
6.440451008170156033e-01 6.483234968422068034e-01 6.809225938896268371e-01 6.801687315035138681e-01
6.483145413262435541e-01 6.523114796232309942e-01 6.829513343799058500e-01 6.821720968279989528e-01
6.523511032622406614e-01 6.562081798238721397e-01 6.853423499577345757e-01 6.846947064239661263e-01
6.558054687651614367e-01 6.604406503017554719e-01 6.875643038280401242e-01 6.871390774811947377e-01
6.586000116439285623e-01 6.622801911573055200e-01 6.892645815722738822e-01 6.891519276942386085e-01
6.614527741660036764e-01 6.653233570720888945e-01 6.903417461659220322e-01 6.908367386609111094e-01
6.638979991849249807e-01 6.680184765705815542e-01 6.915879724670933593e-01 6.930732417266920464e-01
6.660812358089619467e-01 6.705971514877798745e-01 6.928535201062673288e-01 6.954266663287003158e-01
6.684779444584603159e-01 6.739038922028082190e-01 6.938485690134040818e-01 6.971612905125796900e-01
6.707679170952278724e-01 6.770039669751948264e-01 6.940272913899288021e-01 6.975129509344114576e-01
6.723786605600728938e-01 6.795561890655565929e-01 6.944378698224852320e-01 6.990379826595065627e-01
6.736788992606106419e-01 6.820958885780307179e-01 6.948291269170389084e-01 7.002264646017712924e-01
6.749015117700711830e-01 6.845457904447854736e-01 6.946165921990097303e-01 7.010722731492180504e-01
6.758718391585321061e-01 6.853087730404878730e-01 6.944861731674918381e-01 7.020334967991609387e-01
6.765898814259930782e-01 6.869645209662449403e-01 6.939161936964135524e-01 7.029363728320995319e-01
6.766092879737624077e-01 6.877515791707247139e-01 6.932206255283177576e-01 7.035078788457493904e-01
6.774243629800694722e-01 6.894346130859749788e-01 6.930902064967998655e-01 7.040917218969579006e-01
6.782394379863765366e-01 6.896192241142440338e-01 6.926651370607415092e-01 7.047145634471307929e-01
6.782200314386074291e-01 6.905992114821415395e-01 6.923559956526990078e-01 7.049614224428901732e-01
6.781424052475305553e-01 6.919358562220039310e-01 6.919019442096364658e-01 7.058200096904767573e-01
6.779095266742998227e-01 6.923384611772345210e-01 6.918729622026325021e-01 7.064448961803384552e-01
6.779871528653766966e-01 6.925900412270837858e-01 6.912112063760416092e-01 7.069010285033302532e-01
6.780841856042228999e-01 6.933584445169860278e-01 6.907571549329790672e-01 7.077093439023691701e-01
6.782588445341457550e-01 6.946463735224124303e-01 6.902837821519141048e-01 7.082569755839663861e-01
6.777154611966076381e-01 6.950012069039641638e-01 6.899456587368675287e-01 7.089247995462948371e-01
6.773273302412234909e-01 6.947521336844566520e-01 6.894384736142977754e-01 7.094572730181667453e-01
6.771914844068389616e-01 6.955920336921346259e-01 6.890375558507425557e-01 7.100645268660820131e-01
6.767257272603776075e-01 6.966220634760978969e-01 6.885641830696775934e-01 7.103338483686030269e-01
6.766481010693007336e-01 6.976749709451897097e-01 6.879024272430865894e-01 7.104795558188899962e-01
6.762017504706087090e-01 6.979545076905222523e-01 6.869943243569617275e-01 7.103255518867805929e-01
6.760659046362242908e-01 6.980848558304493245e-01 6.864001932133800832e-01 7.105564307321263762e-01
6.753090492732247707e-01 6.975999307654079384e-01 6.860813911363361495e-01 7.104409050263510439e-01
6.749791379611480568e-01 6.977640200605104148e-01 6.855693756792657911e-01 7.103503289632060458e-01
6.747656659356866538e-01 6.987174331613741352e-01 6.851926095882139300e-01 7.102925165097456750e-01
6.746492266490714540e-01 6.991610404910268972e-01 6.847723704866561789e-01 7.103858479972445794e-01
6.743775349803023955e-01 6.995672795185189363e-01 6.844100953991064662e-01 7.103735292594925976e-01
6.734072075918414724e-01 6.991295513212106849e-01 6.835599565269895317e-01 7.098894673318376647e-01
6.732713617574569431e-01 6.996760853150666426e-01 6.829803163869097027e-01 7.092966934344151486e-01
6.728638242543033554e-01 7.001094464956180152e-01 6.825793986233545940e-01 7.093992573370649923e-01
6.719129034136117617e-01 7.000197808649916142e-01 6.823233908948195259e-01 7.096296698297077654e-01
6.710202022162277125e-01 6.994350033935992084e-01 6.820045888177757032e-01 7.097452100714534140e-01
6.708843563818431832e-01 6.994634877753040936e-01 6.817292597512377705e-01 7.096697080915108646e-01
6.703215664965359588e-01 6.990255849629811724e-01 6.815601980437144825e-01 7.101092259613236424e-01
6.697587766112286234e-01 6.985179275307826785e-01 6.812510566356719810e-01 7.100980855049754403e-01
6.692347998214598359e-01 6.988975285399858794e-01 6.810626735901461615e-01 7.106380061584773866e-01
6.685749771973064082e-01 6.987146563245856257e-01 6.809564062311315169e-01 7.108451020524197972e-01
6.677793087387684512e-01 6.986076598380890346e-01 6.809419152276295906e-01 7.110540919555653483e-01
6.672553319489996637e-01 6.975321325583417886e-01 6.810433522521434080e-01 7.112778550829897961e-01
6.667313551592306542e-01 6.972657277538547582e-01 6.811882622871635595e-01 7.117895977318700051e-01
6.665372896815385806e-01 6.970383807033655454e-01 6.811399589421567313e-01 7.121233435768412612e-01
6.660909390828465559e-01 6.968203135046240337e-01 6.809853882381355916e-01 7.121641368149189688e-01
6.649847658600012146e-01 6.962622610503560461e-01 6.808597995411183046e-01 7.121517507070803665e-01
6.647907003823090299e-01 6.965834397541066370e-01 6.808308175341142299e-01 7.123754402046993395e-01
6.649071396689243407e-01 6.968772533856573137e-01 6.808453085376162672e-01 7.125701667235156966e-01
6.648877331211552333e-01 6.970812608167262781e-01 6.807462866803525303e-01 7.125051406837261680e-01
6.647712938345398115e-01 6.968305002349090005e-01 6.807535321821036600e-01 7.127046199908722013e-01
6.645772283568476269e-01 6.970611172152940682e-01 6.807390411786016227e-01 7.128034991572125278e-01
6.643637563313862238e-01 6.967762285882292961e-01 6.807921748581089449e-01 7.131662777829139710e-01
6.642667235925401314e-01 6.964423134334442045e-01 6.808791208791209471e-01 7.135289161980657990e-01
6.637815598983096699e-01 6.962273026495582329e-01 6.808839512136214411e-01 7.136089568777626013e-01
6.639756253760018545e-01 6.967714211019820914e-01 6.808984422171235895e-01 7.137666797108248584e-01
6.643249432358477868e-01 6.972614659552460736e-01 6.809322545586282693e-01 7.139058721826719855e-01
6.645578218090782974e-01 6.977762140634917731e-01 6.809998792416374069e-01 7.142622197009913521e-01
6.641890974014632576e-01 6.975512237146218597e-01 6.811061466006520515e-01 7.144301153980212593e-01
6.644996021657707530e-01 6.976284622709953975e-01 6.814297790121965903e-01 7.150470777526269917e-01
6.644801956180015345e-01 6.979176206540792515e-01 6.817872237652458089e-01 7.155154176329624471e-01
6.645384152613091899e-01 6.982010027951821574e-01 6.819949281487742709e-01 7.158855012881742974e-01
6.647712938345398115e-01 6.986192228947570859e-01 6.822557662118100552e-01 7.160988854036152151e-01
6.655475557453085500e-01 6.992055961315853940e-01 6.825793986233545940e-01 7.165182899192645838e-01
6.658968736051542603e-01 6.994015846118569746e-01 6.828160850138871307e-01 7.169370539586086277e-01
6.663238176560771775e-01 6.994798528521073422e-01 6.829271827074023804e-01 7.172360116795324370e-01
6.664596634904617067e-01 6.997354195904521568e-01 6.832749667914502778e-01 7.176829182565452880e-01
6.668672009936152945e-01 6.999640990897084691e-01 6.836082598719961378e-01 7.180086307363232612e-01
6.672553319489995527e-01 7.003866332874186806e-01 6.840768023185606062e-01 7.185733353524674794e-01
6.679151545731529804e-01 7.006969954335449113e-01 6.843714527231011813e-01 7.188228803823425439e-01
6.683420986240757866e-01 7.013461094665187634e-01 6.847433884796522152e-01 7.192634648414736320e-01
6.685555706495371897e-01 7.012685577619355293e-01 6.850090568771887156e-01 7.195467963788886312e-01
6.687496361272293743e-01 7.013768969823914734e-01 6.852940466127279695e-01 7.198540611149518709e-01
6.693706456558443652e-01 7.020864661126864359e-01 6.859123294288129724e-01 7.203958658682978466e-01
6.698558093500746047e-01 7.023387262681293208e-01 6.862842651853640064e-01 7.207955903657401464e-01
6.698752158978440452e-01 7.024181652119021457e-01 6.865112909068953329e-01 7.210894192023588056e-01
6.703991926876127216e-01 7.027898420748800445e-01 6.868156019804371182e-01 7.213757474151332172e-01
6.703797861398437252e-01 7.029378698318079488e-01 6.869943243569618385e-01 7.216863367870001156e-01
6.709813891206892755e-01 7.035723458710614331e-01 6.871392343919816570e-01 7.219825883234698427e-01
6.712918938849967709e-01 7.036791944146851829e-01 6.872889747615023026e-01 7.221505457542878315e-01
6.715829921015350479e-01 7.036813095882389346e-01 6.875643038280401242e-01 7.224606386275700398e-01
6.721845950823808202e-01 7.041497736605462077e-01 6.880135249366018391e-01 7.230054912963428393e-01
6.726309456810728449e-01 7.047364603560181129e-01 6.884047820311557375e-01 7.235733196579479110e-01
6.733295814007647095e-01 7.052365401749043361e-01 6.888540031397173413e-01 7.237707867378601057e-01
6.740670302159949001e-01 7.055908866818723091e-01 6.892549209032724500e-01 7.240914560263457256e-01
6.744551611713792694e-01 7.058357363163105802e-01 6.897669363603431414e-01 7.246587720708549396e-01
6.746492266490713430e-01 7.062214217832814001e-01 6.904383528559352445e-01 7.254509991967774685e-01
6.753866754643016446e-01 7.066919883700779614e-01 6.910179929960150735e-01 7.260830369932430584e-01
6.761241242795319462e-01 7.072169724905601473e-01 6.915300084530853209e-01 7.265074705751545237e-01
6.766481010693008447e-01 7.071809473465648921e-01 6.920033812341503943e-01 7.270959749174785713e-01
6.773467367889927093e-01 7.075592884419374951e-01 6.926651370607415092e-01 7.278341468974814932e-01
6.779289332220690412e-01 7.081782140606224241e-01 6.932302861973191899e-01 7.285270989678749309e-01
6.786857885850686722e-01 7.088681707755474237e-01 6.939306846999154788e-01 7.291920270559517636e-01
6.797143356168371398e-01 7.098530136145588809e-01 6.947808235720323022e-01 7.298756973531106418e-01
6.808011022919133737e-01 7.112178501284188714e-01 6.953459727086100939e-01 7.304220585179577174e-01
6.817132100370664194e-01 7.120771282516339395e-01 6.961574689047216324e-01 7.311876650498981833e-01
6.823342195656815212e-01 7.124090886958588387e-01 6.970365897838425306e-01 7.321620103225847664e-01
6.834403927885268626e-01 7.137135313223165189e-01 6.979688443424707511e-01 7.330084620737381540e-01
6.840808088649110719e-01 7.146035802311800911e-01 6.986257698345610390e-01 7.336322323783848187e-01
6.848764773234489178e-01 7.154489402360550976e-01 6.996304794106992242e-01 7.345264832595908011e-01
6.857497719730637487e-01 7.162132953986573014e-01 7.004371452723101577e-01 7.351277508872188227e-01
6.867589124570629977e-01 7.171816702700026802e-01 7.013162661514309448e-01 7.358563085770712942e-01
6.876322071066778285e-01 7.184839117841088640e-01 7.023886004105783787e-01 7.367268049866639856e-01
6.886219410429079701e-01 7.193373757040277816e-01 7.034705953387272448e-01 7.376658909086473148e-01
6.895922684313688933e-01 7.201656743054518639e-01 7.047119913053978557e-01 7.386984105215729235e-01
6.906402220109065793e-01 7.210980762207285233e-01 7.060934669725877910e-01 7.398839301760347098e-01
6.917463952337518096e-01 7.222806321482294623e-01 7.074218089602705151e-01 7.410727351432966348e-01
6.925420636922897666e-01 7.229582020490821215e-01 7.087501509479532391e-01 7.421682917674077284e-01
6.936676434629043264e-01 7.237981606299139781e-01 7.101847602946503857e-01 7.431343694847498682e-01
6.942498398959808803e-01 7.244877994088091411e-01 7.113102282333052528e-01 7.438466671913264161e-01
6.950843214500571632e-01 7.249493618104259074e-01 7.124936601859679364e-01 7.447544035125956974e-01
6.961710881251333971e-01 7.258147034284954113e-01 7.137833594976452645e-01 7.456731628722810257e-01
6.973354809912865049e-01 7.267429267533600523e-01 7.152517811858470909e-01 7.467294746490522606e-01
6.979953036154398216e-01 7.269717910500642644e-01 7.166429175220384584e-01 7.477927809328649422e-01
6.987521589784393417e-01 7.278713667612530802e-01 7.177973674676971783e-01 7.487077276495698319e-01
6.996254536280541725e-01 7.292583627129820556e-01 7.190701606086222775e-01 7.497031406266514431e-01
7.003434958955151446e-01 7.298441335604178848e-01 7.203864267600531557e-01 7.505553805927670519e-01
7.013138232839759567e-01 7.306309215079025421e-01 7.217727327617438071e-01 7.518011097004534404e-01
7.024976226978982830e-01 7.320191939058033892e-01 7.232749667914502023e-01 7.530282886811228149e-01
7.031574453220515997e-01 7.325605769818892554e-01 7.244149257336069958e-01 7.540026126638808002e-01
7.044382774748199072e-01 7.340193861074351123e-01 7.258060620697983634e-01 7.550397139986120276e-01
7.056220768887423445e-01 7.351420419122083327e-01 7.272310107474942997e-01 7.562386635207085650e-01
7.071357876147411625e-01 7.365430576982241462e-01 7.285786740731796662e-01 7.571575676130246624e-01
7.085718721496633288e-01 7.378574093024419245e-01 7.297379543533391022e-01 7.579605272280214301e-01
7.094257602515088301e-01 7.386365915705503937e-01 7.312112063760416447e-01 7.591150416158611858e-01
7.108036251431233410e-01 7.400446452648556939e-01 7.324381113392102183e-01 7.599504554037103121e-01
7.120262376525838821e-01 7.409629065212102184e-01 7.335032000966066335e-01 7.609337938286041547e-01
7.136757942129674515e-01 7.428189488982565036e-01 7.347325202270256206e-01 7.618135316602421270e-01
7.150342525568127439e-01 7.437640618891782074e-01 7.358531578311797716e-01 7.628199612246691075e-01
7.165673698305808914e-01 7.453208288585905228e-01 7.370897234633497774e-01 7.638420380410996247e-01
7.183139591298104421e-01 7.469876797312515748e-01 7.385291631445478622e-01 7.647239252146480482e-01
7.198858894991170265e-01 7.481271119956900417e-01 7.396642917522038285e-01 7.657781828103038535e-01
7.215160395117311554e-01 7.495556515597554537e-01 7.408284023668638696e-01 7.666410032294668220e-01
7.229327174988841032e-01 7.508927868064309008e-01 7.419007366260113034e-01 7.674994070267099344e-01
7.244076151293445953e-01 7.523073344615429647e-01 7.427750271706315965e-01 7.680846899633162472e-01
7.260377651419588352e-01 7.539495656459798134e-01 7.437797367467697818e-01 7.687352487965838366e-01
7.274932562246501089e-01 7.555390449798776720e-01 7.447602946504043864e-01 7.693737610289517193e-01
7.288711211162646197e-01 7.569668061810588267e-01 7.456877188745321128e-01 7.700656983595017824e-01
7.299967008868792906e-01 7.581069106527242862e-01 7.466248037676609384e-01 7.706661963222025680e-01
7.310252479186476471e-01 7.590629505080008776e-01 7.477406110373143733e-01 7.712971007799189760e-01
7.325583651924159057e-01 7.604255527437731033e-01 7.486921869339451252e-01 7.720105789836243515e-01
7.336839449630305765e-01 7.619197343689642077e-01 7.494891921265547374e-01 7.724201354132245179e-01
7.347513050903373699e-01 7.630639674099406466e-01 7.502234029706557061e-01 7.728348295857283556e-01
7.354499408100292346e-01 7.637988579259369359e-01 7.508368554522402150e-01 7.732277759289832852e-01
7.363232354596440654e-01 7.644503229323584836e-01 7.518415650283782892e-01 7.738144656048316916e-01
7.372353432047973332e-01 7.654036282916616418e-01 7.527206859074990764e-01 7.742977049122120592e-01
7.383221098798735671e-01 7.667479186438532768e-01 7.538171718391499798e-01 7.750344080985016593e-01
7.394476896504880159e-01 7.680010042706036932e-01 7.552469508513464103e-01 7.758690454095665823e-01
7.404956432300258129e-01 7.692831015390590998e-01 7.566187658495351354e-01 7.767642531885755597e-01
7.413301247841019848e-01 7.703773688187528501e-01 7.580533751962323930e-01 7.778752776818392833e-01
7.421257932426401638e-01 7.710776567035885209e-01 7.589614780823571438e-01 7.783746611048225628e-01
7.426303634846397328e-01 7.716441012499341001e-01 7.600579640140079363e-01 7.790836507289969903e-01
7.436200974208697634e-01 7.727765156278603165e-01 7.613283419876826219e-01 7.799034023836559637e-01
7.444933920704845942e-01 7.734932864816331799e-01 7.621688201907982352e-01 7.803853004579593966e-01
7.457548176754836833e-01 7.745391388206028793e-01 7.632073421084409892e-01 7.807750436374942815e-01
7.467251450639447174e-01 7.751549349143580514e-01 7.642603550295857806e-01 7.814778156457377056e-01
7.479283510256360401e-01 7.761849538670686499e-01 7.652505736022219285e-01 7.819633432402667284e-01
7.486269867453279048e-01 7.769602882068449290e-01 7.665451032484000837e-01 7.829601309830238609e-01
7.498107861592501200e-01 7.782813866412789938e-01 7.675691341625408004e-01 7.837126754195720135e-01
7.507811135477109321e-01 7.791403085012764684e-01 7.690278951817413056e-01 7.847270319143468953e-01
7.522171980826330984e-01 7.806491453744437425e-01 7.702982731554159912e-01 7.856097403988131500e-01
7.531293058277863661e-01 7.813320397171710230e-01 7.714430624320733898e-01 7.863111561495454982e-01
7.536726891653242610e-01 7.816751610399816919e-01 7.724332810047095377e-01 7.870484909842512256e-01
7.548953016747850242e-01 7.826564441982230003e-01 7.737278106508875819e-01 7.881170138645232637e-01
7.555939373944768889e-01 7.833426114807576779e-01 7.750368313005675525e-01 7.887807589410081865e-01
7.567195171650915597e-01 7.843536252632943295e-01 7.760656925492090963e-01 7.895063471410481704e-01
7.576704380057831534e-01 7.849441241423575910e-01 7.770848931288493189e-01 7.902112001955370335e-01
7.585243261076287657e-01 7.858038174238624052e-01 7.782441734090086438e-01 7.910357709241109259e-01
7.593199945661666117e-01 7.864919033005537408e-01 7.793696413476632889e-01 7.919902617738174833e-01
7.601156630247045687e-01 7.872466499277087637e-01 7.803260475787947570e-01 7.926502710302570920e-01
7.609501445787808516e-01 7.879377788861685605e-01 7.813500784929356957e-01 7.934357853032396601e-01
7.618622523239340083e-01 7.885408921149940076e-01 7.823692790725758073e-01 7.942490955380671069e-01
7.630072386423177866e-01 7.894536822649363961e-01 7.833498369762105229e-01 7.949022366266245143e-01
7.638417201963942915e-01 7.900692033235220402e-01 7.843207342108440283e-01 7.956661086844780684e-01
7.649284868714704144e-01 7.909622640180502540e-01 7.851515517449583204e-01 7.963185789577005291e-01
7.661705059287002850e-01 7.920249388212853292e-01 7.861031276415890723e-01 7.971145299361379610e-01
7.671214267693919897e-01 7.928492303788814421e-01 7.869919091897114027e-01 7.978077987889955480e-01
7.680335345145452575e-01 7.937222622923039150e-01 7.881366984663688013e-01 7.988023323131967501e-01
7.689262357119290847e-01 7.946812765745983054e-01 7.890544620214948734e-01 7.996368965665632267e-01
7.701488482213898479e-01 7.956382151919256795e-01 7.903731433401762763e-01 8.007901557648956503e-01
7.711773952531583154e-01 7.963449159350176609e-01 7.917497886728656065e-01 8.018387470867465172e-01
7.718178113295426357e-01 7.970870741778810498e-01 7.928269532665137564e-01 8.028581812098791737e-01
7.728075452657725553e-01 7.978888777320767289e-01 7.938654751841565105e-01 8.037604544864502820e-01
7.736808399153874971e-01 7.986962912273646298e-01 7.946866320492694813e-01 8.044894958907924387e-01
7.744182887306176877e-01 7.992966571297157596e-01 7.956382079459003442e-01 8.055073800723648869e-01
7.757379339789245432e-01 8.002572917487045245e-01 7.964545344765125989e-01 8.063424757927084574e-01
7.768635137495391030e-01 8.013173226112521030e-01 7.971694239826108142e-01 8.069971865017768753e-01
