6.610042070869899256e-01 6.804253507854771676e-01 6.626153552563830429e-01 6.824515248483836727e-01
6.725411672859229473e-01 7.091824196789349166e-01 6.632616687490322516e-01 6.895531352295769523e-01
6.815770070407263237e-01 7.230317324775092924e-01 6.654904601247979556e-01 6.929414842363595950e-01
6.887044774393153990e-01 7.329866599090084645e-01 6.751797615661310203e-01 7.036929077774543018e-01
6.944585001951740777e-01 7.361268751736504967e-01 6.931757216567229207e-01 7.178417277524898887e-01
6.972343101678497579e-01 7.217707505363231135e-01 7.201840643216947946e-01 7.414939819444053004e-01
6.974656276655726295e-01 6.933879746235254160e-01 7.278426091621688077e-01 7.473006729174085372e-01
7.037112001040928266e-01 6.998805293437095898e-01 7.326026450244662591e-01 7.498981449806850774e-01
7.396521563127991250e-01 7.381778659326945213e-01 7.639605514728385893e-01 7.801085821557203204e-01
7.689716491491852546e-01 7.776560437745132504e-01 7.816468571881223237e-01 7.915234226857735811e-01
7.816941115239486315e-01 7.975036208220867007e-01 7.862124589077842396e-01 7.943948623928630548e-01
7.862192600731541248e-01 8.039723659463285932e-01 7.910193029896048778e-01 7.977122851400748615e-01
7.924648325116742109e-01 8.043143677780206779e-01 7.971151734244532605e-01 8.019252050326640680e-01
7.972502132458181290e-01 8.058957922828960951e-01 8.047305106776749817e-01 8.074909073704672480e-01
8.040017927106073437e-01 8.122010841729996322e-01 8.138869185428960762e-01 8.159778228525708110e-01
8.172736341424627904e-01 8.259582135934513403e-01 8.226544581228464326e-01 8.252021751276238382e-01
8.306466769795717298e-01 8.408802916657538429e-01 8.297116973740589208e-01 8.343049354372069626e-01
8.401306943862134613e-01 8.503561089579239063e-01 8.352962780264214793e-01 8.419850368287963294e-01
8.451907646489035253e-01 8.576891981833987266e-01 8.397214550875133909e-01 8.484353281341910913e-01
8.486026977403171578e-01 8.630080608700188005e-01 8.423139103226526814e-01 8.528492487295481483e-01
8.493978516387399313e-01 8.647063221824956569e-01 8.433112854617270671e-01 8.543432134883488516e-01
8.508725006867237095e-01 8.669865546745968432e-01 8.434877164430073515e-01 8.546530757148183000e-01
8.525784672324305813e-01 8.674373197485305553e-01 8.433652949457924874e-01 8.539913992754754046e-01
8.530555595714843786e-01 8.680129167514626376e-01 8.432140683904092437e-01 8.537247968716114022e-01
8.517833133340080298e-01 8.675673469455329467e-01 8.426091621688768241e-01 8.533762721744857505e-01
8.499038586650089488e-01 8.662666998632936322e-01 8.411221010409428711e-01 8.524504469845661792e-01
8.484581243042402798e-01 8.657584842478708298e-01 8.403803707931114531e-01 8.520530727051919273e-01
8.471425060359409898e-01 8.657999873992853201e-01 8.403731695285692194e-01 8.525187892831068703e-01
8.467521577585335191e-01 8.658184456944370000e-01 8.404487828062607857e-01 8.531818210703786542e-01
8.469401032254333384e-01 8.660469411554627683e-01 8.403911726899244705e-01 8.530002584599836180e-01
8.473738235336638613e-01 8.649842466168596866e-01 8.409204656337652128e-01 8.540037761926884130e-01
8.482268068065172972e-01 8.650706318804718409e-01 8.425623539493535263e-01 8.562745007567970079e-01
8.477930864982867742e-01 8.648690325795358458e-01 8.442546511167360324e-01 8.582603660946447333e-01
8.480533186832250880e-01 8.660492634153669211e-01 8.459613508132027837e-01 8.605218974331061421e-01
8.494412236695629836e-01 8.677948317980915816e-01 8.467030810610343128e-01 8.609966125043436724e-01
8.507712992814699948e-01 8.694457343103900726e-01 8.477040568323799263e-01 8.616374545836933407e-01
8.508435859995084893e-01 8.695223738805590852e-01 8.486078155324074945e-01 8.627258280280079017e-01
8.503231216296318618e-01 8.691252870263996844e-01 8.493171400897997492e-01 8.638090821268257224e-01
8.503809510040625241e-01 8.693415056487208137e-01 8.494971717033510394e-01 8.642956114339435114e-01
8.501207188191242103e-01 8.691957395842441203e-01 8.499040431499771397e-01 8.651416205680446669e-01
8.511182755280545242e-01 8.703934480943507079e-01 8.503109145966032401e-01 8.664919217870820090e-01
8.508002139686853260e-01 8.704090858652172580e-01 8.506493740300796746e-01 8.679696236586288416e-01
8.506267258453932278e-01 8.707055958466738410e-01 8.500732728667153015e-01 8.686355012024465916e-01
8.495568824184245305e-01 8.702899024030135156e-01 8.488130515718558256e-01 8.681656377383932810e-01
8.478509158727176587e-01 8.686130106005088836e-01 8.485430041515289457e-01 8.685768332604804076e-01
8.477207997802482797e-01 8.685476109904757269e-01 8.480821232208376470e-01 8.691644052004026122e-01
8.479087452471483211e-01 8.694799232847719717e-01 8.471567607271837108e-01 8.688625706532351334e-01
8.485737830531018266e-01 8.707839580693486070e-01 8.463358165693896096e-01 8.684971565923058634e-01
8.480677760268328091e-01 8.707962347299569306e-01 8.463646216275577672e-01 8.692474179704743342e-01
8.484292096170249486e-01 8.710142445460491434e-01 8.462854077175953060e-01 8.697159735813104753e-01
8.491231621101937854e-01 8.714973425907954763e-01 8.466742760028661552e-01 8.703336581120995064e-01
8.506556405326086701e-01 8.735484047869713775e-01 8.461989925430905002e-01 8.698013159941417882e-01
8.517110266159696463e-01 8.752210093103302002e-01 8.457669166705673591e-01 8.691927951760343163e-01
8.521447469242002803e-01 8.761291159976591914e-01 8.462818070853241892e-01 8.694001267132721589e-01
8.535760239413610062e-01 8.775315198882573942e-01 8.466310684156137523e-01 8.697998719632019649e-01
8.549639289276987908e-01 8.786421982121578322e-01 8.464366342729783277e-01 8.697120639964748268e-01
8.553687345487139826e-01 8.789797409669786177e-01 8.468795120423145972e-01 8.693603324619589845e-01
8.552241611126372156e-01 8.795541490429525933e-01 8.465194488152119057e-01 8.688207931893172642e-01
8.559470282930213836e-01 8.805698335471912053e-01 8.457525141414832248e-01 8.683477885499586435e-01
8.566409807861902204e-01 8.808341193676387793e-01 8.462241969689877630e-01 8.683250433600043783e-01
8.563084618832135231e-01 8.801703433919980668e-01 8.472323740048752772e-01 8.688665386075440367e-01
8.570313290635978021e-01 8.810515566343006810e-01 8.460225615618102157e-01 8.681052851457453645e-01
8.570457864072056342e-01 8.812862313869139763e-01 8.449207680868761061e-01 8.674510891936955126e-01
8.561928031343519763e-01 8.799493569512077951e-01 8.455616806311188061e-01 8.674740050147135006e-01
8.564096632884673488e-01 8.795821267864383231e-01 8.459613508132028947e-01 8.679458387876930470e-01
8.565976087553672791e-01 8.802340465603011310e-01 8.440206100191193217e-01 8.666454273889827586e-01
8.554554786103603092e-01 8.796335755722383132e-01 8.431312538481756658e-01 8.662056382911007546e-01
8.547759834607988605e-01 8.782697502143934631e-01 8.442186447940258631e-01 8.669368060406911214e-01
8.548338128352297449e-01 8.776629303264475990e-01 8.438225752442128913e-01 8.668698193733590518e-01
8.551518743945987211e-01 8.782576670720450007e-01 8.422815046322132959e-01 8.661832067730859119e-01
8.542555190909223439e-01 8.777055618088801525e-01 8.423931242326152535e-01 8.665732277831129649e-01
8.538651708135146512e-01 8.773982047599674372e-01 8.429008133828299609e-01 8.669711009118643563e-01
8.545735806502914311e-01 8.776450063897007769e-01 8.425047438330171001e-01 8.668526569687977634e-01
8.548482701788372440e-01 8.775859320252022977e-01 8.421086742832041283e-01 8.672062434636935713e-01
8.533880784744610759e-01 8.766969117731987504e-01 8.427459861951758224e-01 8.673358594180837766e-01
8.529254434790152217e-01 8.768660462744767292e-01 8.435489271916147835e-01 8.669517158596550255e-01
8.541976897164915705e-01 8.777446876699785960e-01 8.426343665947739758e-01 8.669547108057552576e-01
8.551663317382063312e-01 8.780149407064922196e-01 8.422094919867928464e-01 8.676417261285271909e-01
8.532724197255997511e-01 8.760515397062236254e-01 8.441286289872502735e-01 8.688921499763244682e-01
8.528242420737613960e-01 8.763627087128910143e-01 8.445787080211284437e-01 8.685984799066711615e-01
8.548048981480143027e-01 8.786565220178514934e-01 8.424867406716620710e-01 8.666048485840784910e-01
8.543278058089607274e-01 8.782770962425688888e-01 8.427819925178862137e-01 8.673854889559944326e-01
8.533591637872457447e-01 8.765619425703305989e-01 8.448307522801004055e-01 8.691789662694784369e-01
8.529399008226229428e-01 8.762654771986080338e-01 8.442438492199230149e-01 8.684962017756222563e-01
8.532579623819919190e-01 8.769896881852770054e-01 8.427351842983628050e-01 8.672062895066766641e-01
8.530844742586998208e-01 8.773921631642087604e-01 8.428396026342225289e-01 8.672371257821753776e-01
8.527953273865460648e-01 8.773383630493386542e-01 8.443446669235117330e-01 8.681935522683006390e-01
8.533157917564225814e-01 8.772850251131747434e-01 8.438117733473997628e-01 8.678616332535806777e-01
8.535760239413610062e-01 8.770667813738686203e-01 8.423067090581106697e-01 8.670781201307893316e-01
8.527085833248998492e-01 8.764931472652464084e-01 8.430448386736710820e-01 8.675513700723045396e-01
8.531278462895226511e-01 8.769349533628413296e-01 8.440062074900351874e-01 8.677956811173686003e-01
8.529399008226228318e-01 8.767873639687824294e-01 8.435201221334466259e-01 8.674534885307148002e-01
8.534314505052840172e-01 8.771573340154791287e-01 8.422274951481479865e-01 8.668392862261716791e-01
8.524483511399614244e-01 8.764526909223357976e-01 8.431204519513626483e-01 8.672871436837683579e-01
8.521736616114155005e-01 8.762702078296589203e-01 8.441754372067734602e-01 8.676936662263587952e-01
8.532724197255996401e-01 8.769505182809480548e-01 8.434265056944000305e-01 8.673724635060870991e-01
8.542988911217453962e-01 8.777495985059388106e-01 8.430052317186897959e-01 8.673350892843517679e-01
8.533157917564226924e-01 8.768348733288825470e-01 8.440602169741007188e-01 8.682297872240340997e-01
8.526362966068614657e-01 8.763693880524396906e-01 8.437685657601475819e-01 8.675912963025745883e-01
8.531712183203459254e-01 8.768859949590195324e-01 8.434805151784654509e-01 8.674590808821591725e-01
8.540964883112378558e-01 8.777072548604838431e-01 8.440926226645398822e-01 8.681477917110901332e-01
8.532290476947764768e-01 8.772882509543475926e-01 8.449711769386704097e-01 8.686442958659300606e-01
8.536193959721840585e-01 8.776768700999232342e-01 8.437469619665213250e-01 8.676587441542983337e-01
8.542844337781374531e-01 8.777270875367009229e-01 8.433724962103344991e-01 8.675619739320565849e-01
8.542121470600991806e-01 8.774581444938847063e-01 8.447335352087826932e-01 8.688680431866586673e-01
8.532145903511689777e-01 8.769148242649562608e-01 8.449603750418575032e-01 8.692033056560537485e-01
8.533736211308533548e-01 8.778016320092199010e-01 8.435453265593438887e-01 8.674633560805644628e-01
8.544723792450374944e-01 8.786059824812355590e-01 8.432896816681010321e-01 8.673206572654921231e-01
8.541832323728838494e-01 8.779734316102147940e-01 8.451368060231376766e-01 8.691857805048790464e-01
8.547615261171912504e-01 8.783086393510419754e-01 8.448199503832872770e-01 8.693461044578403296e-01
8.541109456548453549e-01 8.786675071290388495e-01 8.434661126493813166e-01 8.679314316037018973e-01
8.544145498706068320e-01 8.785932290605150685e-01 8.438261758764840081e-01 8.683213797152662394e-01
8.544579219014298843e-01 8.786247173769829999e-01 8.449639756741283980e-01 8.695804448378317009e-01
8.545446659630758779e-01 8.786697828770047014e-01 8.445066953757079942e-01 8.688859003031501604e-01
8.545735806502912091e-01 8.790259812714331655e-01 8.437361600697081965e-01 8.682458177471490401e-01
8.554410212667524771e-01 8.793640327940803747e-01 8.447623402669508508e-01 8.696113363501036808e-01
8.557301681389060111e-01 8.794641466651880179e-01 8.453492433271282414e-01 8.703906912312441291e-01
8.553687345487138716e-01 8.795706419004646337e-01 8.443770726139510074e-01 8.689841832253893950e-01
8.544723792450374944e-01 8.791811460127403333e-01 8.447731421637639793e-01 8.687383461889827130e-01
8.556578814208677386e-01 8.796700669998473998e-01 8.450971990681563906e-01 8.696334754331540573e-01
8.563518339140365754e-01 8.799859241671303955e-01 8.446903276215304013e-01 8.698123195742414326e-01
8.557879975133370065e-01 8.801584078820334778e-01 8.453852496498385216e-01 8.696771083457948137e-01
8.562217178215674185e-01 8.806791004282662483e-01 8.460513666199784844e-01 8.702440945133833594e-01
8.578264829620204646e-01 8.814858558341494010e-01 8.451548091844928168e-01 8.701811092459481589e-01
8.561783457907444772e-01 8.801315665624088735e-01 8.449027649255208550e-01 8.696527530862772082e-01
8.549205568968758495e-01 8.796381077975388152e-01 8.460117596649971983e-01 8.701224488212744301e-01
8.572626465613208957e-01 8.817019455300523223e-01 8.456516964378945067e-01 8.702611763848833171e-01
8.583035753010741509e-01 8.821925251816994384e-01 8.458497312128009371e-01 8.708695409362996465e-01
8.559614856366291047e-01 8.804030244802671934e-01 8.463448181500672352e-01 8.705532926350416645e-01
8.543422631525684485e-01 8.792608711565288448e-01 8.455724825279318235e-01 8.699998037909913995e-01
8.570313290635978021e-01 8.811606716067699185e-01 8.454860673534272397e-01 8.707304443689695139e-01
8.568000115658749305e-01 8.814838897982889554e-01 8.464546374343334678e-01 8.714291811243229935e-01
8.544868365886453265e-01 8.805358250900117145e-01 8.468219019259782820e-01 8.711925968936875542e-01
8.548916422096604073e-01 8.809511499209488061e-01 8.459901558713709413e-01 8.708070139747092764e-01
8.540242015931992503e-01 8.799803170890451165e-01 8.460261621940813326e-01 8.708424167980767239e-01
8.532290476947765878e-01 8.797401651147642720e-01 8.471675626239967283e-01 8.716130908543228140e-01
8.528820714481921694e-01 8.798259084458934787e-01 8.469011158359409652e-01 8.718435854698134424e-01
8.543711778397837797e-01 8.812405211793831183e-01 8.465374519765671568e-01 8.718993895347642020e-01
8.529399008226228318e-01 8.798301672949454533e-01 8.474520125734078535e-01 8.720210547784061905e-01
8.513206783385621756e-01 8.785658780514931099e-01 8.470811474494921445e-01 8.716630546156602932e-01
8.511905622460929077e-01 8.785023933101050453e-01 8.459757533422870290e-01 8.713862220530672609e-01
8.516098252107158206e-01 8.793212171498147045e-01 8.464114298470810649e-01 8.717274897766759123e-01
8.512483916205237922e-01 8.786242458466673177e-01 8.482873592602860890e-01 8.731051887254053234e-01
8.499906027266549424e-01 8.777171688391834925e-01 8.473223898116508668e-01 8.725745598937872938e-01
8.487183564891787046e-01 8.766261701314355115e-01 8.457201084510439504e-01 8.715776536213966086e-01
8.488340152380401404e-01 8.771586330947747090e-01 8.464870431247727423e-01 8.718586346914948271e-01
8.498460292905780644e-01 8.778039289127245182e-01 8.467930968678100134e-01 8.720362017899465634e-01
8.483858375862018963e-01 8.763881115781870790e-01 8.466202665188007348e-01 8.722761886166389145e-01
8.468678165073948438e-01 8.746411220750551774e-01 8.453600452239413698e-01 8.714764942985477880e-01
8.488918446124709138e-01 8.757794797350784144e-01 8.456624983347075242e-01 8.719043913428410342e-01
8.472437074411948155e-01 8.748504552215092822e-01 8.461125773685859164e-01 8.719442521781768374e-01
8.460003758909337979e-01 8.738216401925636978e-01 8.450107838936516957e-01 8.712204387676975026e-01
8.466364990096719723e-01 8.738733752567591218e-01 8.445174972725211227e-01 8.710910731924415007e-01
8.481400627448713037e-01 8.743407077397320482e-01 8.447785431121703770e-01 8.714755907783398037e-01
8.455088262082726125e-01 8.720829756378947195e-01 8.451692117135768401e-01 8.715724295220153017e-01
8.437739449753501875e-01 8.709754768224082788e-01 8.437289588051661848e-01 8.706130220356294025e-01
8.461883213578338392e-01 8.727482349992511379e-01 8.438297765087550140e-01 8.708753094211507673e-01
8.456100276135262162e-01 8.720589631482856818e-01 8.441718365745024544e-01 8.709590296841500656e-01
8.436872009137040829e-01 8.703416107902065546e-01 8.427855931501572195e-01 8.701966649960661826e-01
8.434703407595889324e-01 8.700820652267309274e-01 8.428684076923909085e-01 8.705137688635906645e-01
8.433402246671197755e-01 8.700440995051079707e-01 8.428143982083253771e-01 8.704293907380471484e-01
8.416342581214126817e-01 8.684662086954488824e-01 8.430448386736710820e-01 8.706219649023345664e-01
8.416053434341973505e-01 8.681948178424272466e-01 8.416369914556995901e-01 8.697135421476603900e-01
8.428342176408506470e-01 8.696601873311868847e-01 8.417522116883724426e-01 8.697819977541920711e-01
8.416198007778050716e-01 8.685080493439977234e-01 8.425695552138954270e-01 8.700451482376957424e-01
8.393789125186138511e-01 8.668284780894619512e-01 8.418458281274190380e-01 8.695903446251255220e-01
8.409258482846362348e-01 8.675989955958181010e-01 8.405423992453073812e-01 8.690108217988721240e-01
8.420968931168586469e-01 8.682035057978489956e-01 8.411581073636531514e-01 8.695212514718380081e-01
8.402174384478595659e-01 8.667573562261852160e-01 8.412697269640548869e-01 8.696122632340795855e-01
8.390030215848141015e-01 8.660266019789735203e-01 8.407836416074663255e-01 8.690375641289677100e-01
8.403764692275441650e-01 8.673905618493802372e-01 8.410572896600643222e-01 8.694307608543699883e-01
8.402463531350750081e-01 8.663563190764098643e-01 8.406252137875410702e-01 8.691025125443396782e-01
8.392343390825369731e-01 8.659037152110112823e-01 8.401319271664103860e-01 8.686823863890978936e-01
8.390463936156371538e-01 8.666700473013286832e-01 8.401103233727842401e-01 8.685863190167034675e-01
8.396536020471598860e-01 8.668517325954920860e-01 8.408736574142419151e-01 8.694609704256390792e-01
8.396391447035520539e-01 8.659538153847636810e-01 8.407044276975037533e-01 8.695378984309359849e-01
8.397114314215905484e-01 8.665619650603996194e-01 8.406144118907280527e-01 8.693949179300660690e-01
8.398415475140597053e-01 8.675898449375540888e-01 8.399374930237748504e-01 8.685537192653983718e-01
8.395524006419060603e-01 8.673093357839134487e-01 8.404127764835505054e-01 8.692672118685496052e-01
8.393355404877907988e-01 8.663381343765851339e-01 8.398258734233731149e-01 8.690657561760326555e-01
8.392054243953216419e-01 8.665227002415638591e-01 8.395378228416909838e-01 8.687274667993020172e-01
8.397403461088061016e-01 8.669296625682483270e-01 8.400347100950926738e-01 8.691943166661624254e-01
8.397548034524136007e-01 8.668602235884657059e-01 8.396926500293451223e-01 8.691795558349484363e-01
8.400294929809596356e-01 8.670704405718869801e-01 8.393865962863078511e-01 8.691741978460014728e-01
8.397114314215905484e-01 8.668780625764858083e-01 8.396710462357190874e-01 8.692340469122907809e-01
8.386415879946218510e-01 8.651660673023366943e-01 8.397538607779526654e-01 8.693165118393892943e-01
8.384680998713295308e-01 8.652603213416864003e-01 8.381155730946354687e-01 8.682057625956820512e-01
8.394656565802598447e-01 8.658953363846058071e-01 8.378815319970187581e-01 8.682055637792698288e-01
8.396536020471598860e-01 8.661444993240562384e-01 8.401211252695973686e-01 8.699327828016629738e-01
8.395813153291215025e-01 8.656982998815190289e-01 8.386268628771212930e-01 8.685927534320149190e-01
8.388006187743063391e-01 8.648625706837675953e-01 8.376906984866543393e-01 8.675082403555055555e-01
8.382440110454103532e-01 8.645260561792322829e-01 8.391129482337098544e-01 8.690048960812123413e-01
8.388873628359525547e-01 8.648401944915358186e-01 8.390481368528313055e-01 8.692725573132960015e-01
8.415475140597665771e-01 8.673562785522732632e-01 8.384072243085886056e-01 8.685828270809992091e-01
8.404198412583672173e-01 8.659992443548104601e-01 8.380507617137570309e-01 8.679580515032606636e-01
8.386271306510142409e-01 8.642506425184813823e-01 8.389473191492425874e-01 8.687808944607511297e-01
8.403186398531133916e-01 8.661665641308978758e-01 8.384936394830933004e-01 8.685098834235815968e-01
8.419523196807817689e-01 8.675410263972296310e-01 8.379355414810841785e-01 8.681925869304001342e-01
8.410270496898899495e-01 8.660593964858631644e-01 8.389329166201585641e-01 8.689655369091490167e-01
8.410270496898899495e-01 8.660718709416463934e-01 8.389509197815137043e-01 8.688783946901992294e-01
8.426607295175583268e-01 8.678885327346063105e-01 8.373162327304674024e-01 8.674677146106741787e-01
8.428631323280659782e-01 8.676449227371416661e-01 8.373810441113459513e-01 8.679641769429105036e-01
8.405065853200133219e-01 8.649414838421616292e-01 8.384900388508221836e-01 8.691887091858736536e-01
8.425450707686970020e-01 8.671212013352237458e-01 8.378635288356635069e-01 8.685071075283831155e-01
8.435570848212348150e-01 8.678884452841517660e-01 8.371794087041684040e-01 8.677546682197823102e-01
8.429354190461044727e-01 8.671046802039318324e-01 8.368805562256732555e-01 8.678090220820834366e-01
8.441064638783271068e-01 8.670780383065178620e-01 8.370929935296638202e-01 8.681937707431777174e-01
8.451763073052956932e-01 8.686669905837598460e-01 8.374170504340562315e-01 8.681323778690906989e-01
8.439329757550346756e-01 8.682727133044327861e-01 8.367005246121218542e-01 8.673290311134821406e-01
8.444678974685191353e-01 8.676760892787513946e-01 8.359119861447669164e-01 8.668858843853630702e-01
8.470702193179024952e-01 8.689184529079003738e-01 8.371686068073553866e-01 8.682921655053044141e-01
8.472147927539793733e-01 8.700403445426940774e-01 8.363260588559351394e-01 8.670811389056796159e-01
8.450895632436495886e-01 8.691732855187790374e-01 8.356203349308137796e-01 8.663024530076206542e-01
8.459136318292876933e-01 8.684189779675279830e-01 8.358939829834117763e-01 8.667376221689999660e-01
8.484147522734171165e-01 8.698041225858148540e-01 8.362432443137015614e-01 8.672740641877256795e-01
8.479232025907559311e-01 8.707338921324074832e-01 8.353250830845897479e-01 8.662995231111263461e-01
8.458268877676415887e-01 8.694927291081331333e-01 8.350046268124682314e-01 8.658483496398334811e-01
8.474171955644870247e-01 8.702382216816616500e-01 8.356599418857950656e-01 8.665116958184042595e-01
8.481978921193018550e-01 8.701793172447152003e-01 8.339136352343471392e-01 8.652909196681274340e-01
8.472003354103717632e-01 8.696810387871747317e-01 8.347237774953281120e-01 8.658270506558194413e-01
8.480677760268329202e-01 8.711616706500591167e-01 8.350370325029075058e-01 8.655674331446179259e-01
8.489496739869015762e-01 8.713035861525753045e-01 8.341656794933189900e-01 8.651113434114263701e-01
8.479954893087944257e-01 8.705407444628825431e-01 8.345797522044872130e-01 8.655644152129394753e-01
8.480388613396173669e-01 8.704976957973337148e-01 8.353646900395710340e-01 8.660367853437493935e-01
8.487761858636094781e-01 8.709900620944621696e-01 8.347381800244122463e-01 8.652858192876234922e-01
8.486749844583556524e-01 8.710923539008534888e-01 8.341836826546742412e-01 8.650470145844135761e-01
8.479810319651868156e-01 8.700215466438164791e-01 8.352530704391690763e-01 8.661376487255497691e-01
8.488629299252555827e-01 8.709415717624289233e-01 8.356167342985428848e-01 8.661722942791736379e-01
8.493833942951322102e-01 8.711554782647347173e-01 8.350802400901597977e-01 8.654703486790145117e-01
8.495857971056399727e-01 8.711543896700395528e-01 8.345149408236085531e-01 8.652930023293625705e-01
8.490364180485477918e-01 8.706445570022144365e-01 8.353502875104867886e-01 8.657790073435127631e-01
8.491087047665861753e-01 8.710385572970512635e-01 8.361496278746547439e-01 8.664030658360259984e-01
8.493111075770938267e-01 8.708934096452125573e-01 8.350118280770104651e-01 8.655110237647263283e-01
8.494123089823477635e-01 8.705775791666707786e-01 8.349722211220289569e-01 8.653254767502017719e-01
8.501640908499472626e-01 8.713248426934782076e-01 8.346085572626553706e-01 8.649967683567753030e-01
8.497592852289320708e-01 8.717416515468900950e-01 8.359335899383931734e-01 8.656881427982583421e-01
8.486171550839248789e-01 8.700208351317127997e-01 8.358507753961594844e-01 8.657676686928532650e-01
8.490508753921555130e-01 8.693912746904379762e-01 8.341188712737956923e-01 8.647315204922223497e-01
8.500918041319087681e-01 8.708854503845449013e-01 8.351162464128700780e-01 8.650729148681769454e-01
8.499472306958318901e-01 8.715454293643978279e-01 8.344537300750012321e-01 8.641194411177419710e-01
8.489496739869015762e-01 8.702802145268129230e-01 8.349686204897579511e-01 8.645974679580734623e-01
8.490364180485479029e-01 8.697872830663204713e-01 8.346553654821786683e-01 8.647054766042796548e-01
8.497448278853243497e-01 8.705320518711110456e-01 8.340432579961040149e-01 8.642470459463666987e-01
8.504098656912779663e-01 8.712178023965513329e-01 8.339712453506835654e-01 8.639419330881408232e-01
8.502942069424164195e-01 8.713785527976574130e-01 8.347849882439357661e-01 8.642832303457075316e-01
8.502363775679855351e-01 8.718194160388867964e-01 8.337372042530667438e-01 8.635476196328846221e-01
8.497592852289321819e-01 8.701777465339882722e-01 8.326966215267399551e-01 8.630726545681000061e-01
8.497737425725397920e-01 8.703505376894445922e-01 8.344285256491040803e-01 8.643081279106235026e-01
8.507857566250778270e-01 8.713904335892046493e-01 8.344285256491038583e-01 8.644732818756630799e-01
8.507568419378623847e-01 8.720062483457176050e-01 8.319800957048057999e-01 8.621735335039071302e-01
8.506411831890008379e-01 8.716163031548209705e-01 8.333807416582351690e-01 8.629650062027736102e-01
8.506411831890008379e-01 8.707987727558623714e-01 8.340036510411229509e-01 8.642192594585063059e-01
8.500773467883012691e-01 8.698726780342134202e-01 8.324481779000392212e-01 8.630659816043415589e-01
8.501496335063396526e-01 8.709576986635224616e-01 8.325345930745440270e-01 8.629799035528533668e-01
8.501640908499472626e-01 8.718170060109927677e-01 8.343421104745992745e-01 8.638992869458735901e-01
8.511616475588774655e-01 8.714800518468466262e-01 8.329810714761511914e-01 8.632828732087390877e-01
8.504098656912779663e-01 8.701047343667245304e-01 8.313931926446284093e-01 8.627200834589644485e-01
8.489352166432939661e-01 8.695097398461885119e-01 8.322753475510299426e-01 8.635381004348583467e-01
8.490219607049400707e-01 8.702088858666469084e-01 8.327830367012447610e-01 8.632560288845105845e-01
8.498460292905780644e-01 8.706052162199434674e-01 8.315840261549927170e-01 8.621968713781087423e-01
8.506845552198241123e-01 8.711842502380087172e-01 8.314183970705255611e-01 8.625299420404580752e-01
8.502219202243780360e-01 8.705226350381559675e-01 8.315840261549929391e-01 8.627343630959506404e-01
8.493255649207014368e-01 8.696095599970191659e-01 8.313103781023947203e-01 8.623151407272067193e-01
8.499761453830474434e-01 8.703602142529460739e-01 8.321205203633758041e-01 8.627823179561155964e-01
8.506411831890008379e-01 8.714175317390944198e-01 8.315372179354696414e-01 8.622516997548507200e-01
8.508146713122931581e-01 8.710031231824089115e-01 8.305074371059557592e-01 8.617587438244665998e-01
8.498315719469706764e-01 8.703353932105545310e-01 8.314544033932357303e-01 8.623106344667345047e-01
8.488195578944324193e-01 8.694884040022954341e-01 8.317604571362731125e-01 8.626638517300851960e-01
8.490942474229785653e-01 8.696137378297692511e-01 8.314400008641518180e-01 8.624234955507068534e-01
8.504098656912777443e-01 8.709905625338507651e-01 8.314255983350675727e-01 8.624374012103057652e-01
8.503809510040625241e-01 8.712925530512678485e-01 8.311555509147405818e-01 8.620306184254575843e-01
8.496869985108936874e-01 8.707570002359450445e-01 8.308638997007873339e-01 8.619503364266849488e-01
8.490653327357631230e-01 8.695514953888960896e-01 8.313319818960208663e-01 8.623900030027236152e-01
8.494123089823475414e-01 8.703978679268096208e-01 8.315696236259086938e-01 8.625972753003912086e-01
8.493544796079167680e-01 8.702177284632904852e-01 8.312167616633481249e-01 8.620062670499453183e-01
8.496725411672859662e-01 8.702061024357511387e-01 8.302625941115259200e-01 8.613289782389920157e-01
8.488484725816478615e-01 8.697505900005151336e-01 8.311447490179275643e-01 8.619860756181338957e-01
8.491809914846245588e-01 8.701438586309822032e-01 8.325778006617962079e-01 8.627763279848603695e-01
8.492966502334862167e-01 8.697742327535447071e-01 8.311339471211144359e-01 8.618440357250936046e-01
8.495713397620322516e-01 8.695211918518011007e-01 8.293336309856009780e-01 8.607051689453745213e-01
8.483135508681634018e-01 8.689828180206362607e-01 8.313931926446282983e-01 8.619531164759135500e-01
8.476485130622100073e-01 8.686667658320270657e-01 8.305182390027687767e-01 8.613445583866624622e-01
8.478220011855021054e-01 8.688897769082262190e-01 8.296936942127037806e-01 8.606657417303424928e-01
8.485593257094941055e-01 8.693524821593217045e-01 8.306226573386286116e-01 8.613399981143448070e-01
8.485593257094941055e-01 8.687482641757793278e-01 8.297405024322271894e-01 8.607890718953449261e-01
8.472292500975872054e-01 8.677873815735001051e-01 8.285414918859752564e-01 8.599455381774018248e-01
8.480822333704406413e-01 8.688208444283611609e-01 8.294164455278346670e-01 8.606077921798018782e-01
8.487183564891787046e-01 8.694594596734207537e-01 8.294992600700683560e-01 8.605867416412934512e-01
8.482412641501251294e-01 8.686356327030830826e-01 8.285270893568910111e-01 8.598743136318427460e-01
8.477207997802483908e-01 8.681949858832503919e-01 8.288439449967415218e-01 8.603636064298516573e-01
8.478364585291099376e-01 8.684538473474618936e-01 8.288727500549095684e-01 8.604813038391478930e-01
8.477930864982867742e-01 8.682661070264452441e-01 8.278609723867510484e-01 8.597059525867698504e-01
8.472147927539792622e-01 8.681004654828532452e-01 8.288403443644704049e-01 8.602450811768549421e-01
8.482557214937327394e-01 8.689375452645035081e-01 8.291824044302179564e-01 8.605867113218736986e-01
8.480677760268326981e-01 8.685253973545045136e-01 8.273892895592467323e-01 8.593657438355225553e-01
8.462172360450491704e-01 8.670593882096699900e-01 8.284946836664518477e-01 8.603252225585962254e-01
8.467521577585334080e-01 8.676331697824428701e-01 8.293984423664795269e-01 8.608307507411814274e-01
8.488773872688633038e-01 8.694505931409545196e-01 8.290275772425637069e-01 8.604311899255623342e-01
8.490508753921555130e-01 8.694011578534330820e-01 8.267663801763589504e-01 8.587135942440781156e-01
8.475183969697407393e-01 8.686353699348952073e-01 8.291139924170682907e-01 8.605126222142884806e-01
