5.965572784257408001e-01 6.108528212118112810e-01 6.272575775872479831e-01 6.503339641035537078e-01
6.655475557453083280e-01 6.598434730537160453e-01 6.938968723584109100e-01 7.088057284281471526e-01
6.377961924353277023e-01 6.644960549108304138e-01 6.821494988527954106e-01 7.179080556658686829e-01
6.505462943197034553e-01 6.780958415958830976e-01 7.051757034174617189e-01 7.394454715996425787e-01
6.916493624949058283e-01 7.152970207813530434e-01 7.414370245139475513e-01 7.723782453262427738e-01
7.305983038677249519e-01 7.524256344425667153e-01 7.773264098538824607e-01 8.005763975171321656e-01
7.707892642977740572e-01 7.830240935675052416e-01 8.063180775268687928e-01 8.206943157388728594e-01
8.028100681169827446e-01 8.073453310415460438e-01 8.259292355995653256e-01 8.335094667615692288e-01
8.238079528032759002e-01 8.203881666787533611e-01 8.369423982610795232e-01 8.428224409206941381e-01
8.355101011081138562e-01 8.278944705023255635e-01 8.414587610192005851e-01 8.476391934685203466e-01
8.420695142541092526e-01 8.325250069923363361e-01 8.429561647144064862e-01 8.499304969269237953e-01
8.451745618971839846e-01 8.345733808837474399e-01 8.447530491486535675e-01 8.521387922909190449e-01
8.477556327504899292e-01 8.363630721255226330e-01 8.486849414321941953e-01 8.559028549784660767e-01
8.512488113489491415e-01 8.411601424996555387e-01 8.548049752445356919e-01 8.614340820719780245e-01
8.521997321896407351e-01 8.440280821489667407e-01 8.623209757275690501e-01 8.691290133861353517e-01
8.523355780240251534e-01 8.478380677567862733e-01 8.686921869339451208e-01 8.760006283805037430e-01
8.501620446738729076e-01 8.477454275220775992e-01 8.729960149740370046e-01 8.806871771587021502e-01
8.481631702536435169e-01 8.461752891948615130e-01 8.755512619248881911e-01 8.830490507218574647e-01
8.476974131071822738e-01 8.447235937815535944e-01 8.777780461296944559e-01 8.852255725680910903e-01
8.502590774127191109e-01 8.472653339334272893e-01 8.803815964255524706e-01 8.872643874583109325e-01
8.539269149411011783e-01 8.503899460348718353e-01 8.826325323028618719e-01 8.885184570625294098e-01
8.577111917560984455e-01 8.537592644806355491e-01 8.843183190435937036e-01 8.889633300205095345e-01
8.611849638067883284e-01 8.564067062975543321e-01 8.848834681801713842e-01 8.884776638797224901e-01
8.633002775136331408e-01 8.583462637220908853e-01 8.850573602221953884e-01 8.876153057266025215e-01
8.648528013351703958e-01 8.597531880976770902e-01 8.849510928631807438e-01 8.868650266183103481e-01
8.656678763414776823e-01 8.594744273319275818e-01 8.846999154691462808e-01 8.859770786452648705e-01
8.662888858700926731e-01 8.589662417330143906e-01 8.844439077406109906e-01 8.847510541681463669e-01
8.654155912204777312e-01 8.562640558833765070e-01 8.842893370365898509e-01 8.833687582546742023e-01
8.632614644180945929e-01 8.518395396027833577e-01 8.839512136215432747e-01 8.816445057158771581e-01
8.628927400104795531e-01 8.492811673866189626e-01 8.840623113150585244e-01 8.809659329282759632e-01
8.630285858448639713e-01 8.476356039736555603e-01 8.845791571066297099e-01 8.804692651611543130e-01
8.635913757301711957e-01 8.478826760635941318e-01 8.859316507668157925e-01 8.812118981692027564e-01
8.651438995517086727e-01 8.500867615613090233e-01 8.868445839874411485e-01 8.814859214095767115e-01
8.663082924178618915e-01 8.514860534081916121e-01 8.874918488105301151e-01 8.821656206740670081e-01
8.686564846979369925e-01 8.555153986527698207e-01 8.881294529646177605e-01 8.826017468947728872e-01
8.700537561373207218e-01 8.579867418248775524e-01 8.887573964497041956e-01 8.834248383167948582e-01
8.716644996021658542e-01 8.606513226751544288e-01 8.895930443183190928e-01 8.844407594098011582e-01
8.720914436530884384e-01 8.616010604459559685e-01 8.906315662359618468e-01 8.853001449386623811e-01
8.720332240097810050e-01 8.615474629539062734e-01 8.918488105301293212e-01 8.866503295918803929e-01
8.716062799588581989e-01 8.611247723332681181e-01 8.927955560922594680e-01 8.875455838839304556e-01
8.713151817423198109e-01 8.612113614957760399e-01 8.933558748943364325e-01 8.884509700854786862e-01
8.703642609016282172e-01 8.605870603499848892e-01 8.939161936964135080e-01 8.894144138305961622e-01
8.701701954239359216e-01 8.607464747122732796e-01 8.944620214949885462e-01 8.908941165539050466e-01
8.706165460226280572e-01 8.618373014765328133e-01 8.951044559835769077e-01 8.927536361358141548e-01
8.709270507869355527e-01 8.621156070866969889e-01 8.956164714406472660e-01 8.942333463988179076e-01
8.716256865066274173e-01 8.628103780123863586e-01 8.957323994686632318e-01 8.950725399307739583e-01
8.726736400861649923e-01 8.635317623006379950e-01 8.962878879362394802e-01 8.960889776269522766e-01
8.732364299714723277e-01 8.640361613736950996e-01 8.970027774423379174e-01 8.973085150632080786e-01
8.731782103281646723e-01 8.635271448275905204e-01 8.977901219659462084e-01 8.984890601201294125e-01
8.732364299714724387e-01 8.631259512051754346e-01 8.985050114720444236e-01 8.996387809520477452e-01
8.731199906848572390e-01 8.625542015577293276e-01 8.994179446926700017e-01 9.009617498330767527e-01
8.733334627103185310e-01 8.629660361268887137e-01 9.000748701847602895e-01 9.017936016791647802e-01
8.731588037803954538e-01 8.630417718450151821e-01 9.006062069798334013e-01 9.025738188879306456e-01
8.731393972326262354e-01 8.624083517062377524e-01 9.014080425069435076e-01 9.035260152094742869e-01
8.727706728250110846e-01 8.615950966044724213e-01 9.019587006400193729e-01 9.042556365553653386e-01
8.730617710415493615e-01 8.612492363909904913e-01 9.021615746890473408e-01 9.047360071064012299e-01
8.730617710415493615e-01 8.610312300745281977e-01 9.021567443545466247e-01 9.048322715505983105e-01
8.730229579460110356e-01 8.604709579479719039e-01 9.020987803405385863e-01 9.048075033504230369e-01
8.728871121116265064e-01 8.604132496381071693e-01 9.020504769955319802e-01 9.047720701181360958e-01
8.727124531817034292e-01 8.602327028517632312e-01 9.020842893370365490e-01 9.048697935595335640e-01
8.722272894874729676e-01 8.596189653582151369e-01 9.018910759570100133e-01 9.047695427262740786e-01
8.720332240097807830e-01 8.594238293855291921e-01 9.019731916435212993e-01 9.050340129667884259e-01
8.714898406722427771e-01 8.587593716928323406e-01 9.019876826470234477e-01 9.051636949269588062e-01
8.711987424557046111e-01 8.585157544893033954e-01 9.022678420480617634e-01 9.054885553950086097e-01
8.715286537677813250e-01 8.596535926503005021e-01 9.024079217485810878e-01 9.055538946810359757e-01
8.710823031690891893e-01 8.595390458496795505e-01 9.027557058326289852e-01 9.058595346504558776e-01
8.713734013856273553e-01 8.600879689332755484e-01 9.025866441251058081e-01 9.058223635942430629e-01
8.713345882900889183e-01 8.602498503928813767e-01 9.024030914140803716e-01 9.059223713740920392e-01
8.715092472200121065e-01 8.605561677096047468e-01 9.023934307450791614e-01 9.060552915565732723e-01
8.713151817423198109e-01 8.612483139073036087e-01 9.021036106750391914e-01 9.059390123195169009e-01
8.707912049525509124e-01 8.612088727667851495e-01 9.018814152880085810e-01 9.056397402787960127e-01
8.707523918570124755e-01 8.614352391310589052e-01 9.018331119430020859e-01 9.056839031330643497e-01
8.701701954239359216e-01 8.614706902814306400e-01 9.016833715734815513e-01 9.055140186579517803e-01
8.696462186341672451e-01 8.611153278898251440e-01 9.015481222074629430e-01 9.055062309961225964e-01
8.690834287488599097e-01 8.614364391806658139e-01 9.015432918729622269e-01 9.055949363302266963e-01
8.685594519590909002e-01 8.611057034165804369e-01 9.013838908344401490e-01 9.054209163415105621e-01
8.680936948126297681e-01 8.610683448925703365e-01 9.012051684579157618e-01 9.054594334722980697e-01
8.679772555260144573e-01 8.609499768784476537e-01 9.010071247433883990e-01 9.055276451869135323e-01
8.677443769527837247e-01 8.612040370927307453e-01 9.008380630358653329e-01 9.056402805247535381e-01
8.672398067107841557e-01 8.601900090164443791e-01 9.007800990218572945e-01 9.056626786249917238e-01
8.668128626598614606e-01 8.597286214328050402e-01 9.005289216278227205e-01 9.057186447535071627e-01
8.665023578955539652e-01 8.596000430608581322e-01 9.002342712232822564e-01 9.056494839223879767e-01
8.658425352714004264e-01 8.589859765609486608e-01 9.001473252022702543e-01 9.057979269651244003e-01
8.650080537173241435e-01 8.586437489991081140e-01 8.998768264702331487e-01 9.056840867866524647e-01
8.642706049020939529e-01 8.580024935947936360e-01 8.997608984422171829e-01 9.056985278372978732e-01
8.635137495390944329e-01 8.573858461448012891e-01 8.995531940586884989e-01 9.055995439337959363e-01
8.632032447747869375e-01 8.572262047266504537e-01 8.993889626856660380e-01 9.055379526677443947e-01
8.628539269149412272e-01 8.571889934659804311e-01 8.991909189711386752e-01 9.055176242181902646e-01
8.626792679850182610e-01 8.571443185954502608e-01 8.990363482671175355e-01 9.054407052416540980e-01
8.625822352461720577e-01 8.573193788292481354e-01 8.989783842531096081e-01 9.054420186049761954e-01
8.621552911952491405e-01 8.571921918656943973e-01 8.989928752566114234e-01 9.055662691590069535e-01
8.617477536920957748e-01 8.568586451016181327e-01 8.988431348870908888e-01 9.055232713368235320e-01
8.614954685710958238e-01 8.566974388360850678e-01 8.988431348870908888e-01 9.055399950644393847e-01
8.612625899978654243e-01 8.566978781556580103e-01 8.988576258905929262e-01 9.056005544619971648e-01
8.607386132080963037e-01 8.567041008506998123e-01 8.989638932496075707e-01 9.057759343926164997e-01
8.604475149915581378e-01 8.566252868423143152e-01 8.988962685665982111e-01 9.057088720620863898e-01
8.601952298705582978e-01 8.566484408692213171e-01 8.986789035140683168e-01 9.055875919636127147e-01
8.596906596285586177e-01 8.562797275696976129e-01 8.985919574930564258e-01 9.054658899636052194e-01
8.593995614120204518e-01 8.562528856332292104e-01 8.985436541480497086e-01 9.053995603010152049e-01
8.591472762910206118e-01 8.562293122037721860e-01 8.984373867890351750e-01 9.052994328640724397e-01
8.587203322400978056e-01 8.559206475677753057e-01 8.982973070885158506e-01 9.050574865829084104e-01
8.582739816414057810e-01 8.557722528636290127e-01 8.981137543774906362e-01 9.047937452714184259e-01
8.579052572337906302e-01 8.557302440168165214e-01 8.980219780219780290e-01 9.047038287828341740e-01
8.575947524694832458e-01 8.555423439488957227e-01 8.980219780219780290e-01 9.046907174674438945e-01
8.568767102020220516e-01 8.550388135563156133e-01 8.981282453809925626e-01 9.048521336377347568e-01
8.564497661510994675e-01 8.547796743346735004e-01 8.982248520710058859e-01 9.049677192634072442e-01
8.558675697180226916e-01 8.543985513810027355e-01 8.981523970534959211e-01 9.049028400248486648e-01
8.552077470938694859e-01 8.539775013422751249e-01 8.980316386909793502e-01 9.048577770564512068e-01
8.544897048264085138e-01 8.536235403852598935e-01 8.980074870184761027e-01 9.047847352709939006e-01
8.541792000621010184e-01 8.533861520614975937e-01 8.977852916314454923e-01 9.046617896282393989e-01
8.537328494634088827e-01 8.531854861714215366e-01 8.975582659099143878e-01 9.045071945241117684e-01
8.529565875526402552e-01 8.526870499425380778e-01 8.975389445719115233e-01 9.045508416500850357e-01
8.523743911195638123e-01 8.525475339736660052e-01 8.975437749064123505e-01 9.046317756818571532e-01
8.520250732597178800e-01 8.525545989215728149e-01 8.973650525298876302e-01 9.045111881751436433e-01
8.515981292087949628e-01 8.524627248452678607e-01 8.970220987803406709e-01 9.042348245611971924e-01
8.512682178967184710e-01 8.523791118900894137e-01 8.968143943968119869e-01 9.040808071447676841e-01
8.508218672980264463e-01 8.521504351439164182e-01 8.965487259992754865e-01 9.038464661725065241e-01
8.503949232471035291e-01 8.518433297410403782e-01 8.962202632532302315e-01 9.036430427842072621e-01
8.499291661006422860e-01 8.513816440761388105e-01 8.959980678661998432e-01 9.034589991112375040e-01
8.494440024064118244e-01 8.511283530319559976e-01 8.958096848206739127e-01 9.033589947025306710e-01
8.489394321644121444e-01 8.508218784912805477e-01 8.957082477961599842e-01 9.032895489227041885e-01
8.486677404956433080e-01 8.507380846330100388e-01 8.955198647506339427e-01 9.032505460032020927e-01
8.484930815657203418e-01 8.506760020738535211e-01 8.954474097331240889e-01 9.031999313379730498e-01
8.483184226357974866e-01 8.504956739081268591e-01 8.953508030431105436e-01 9.031374866765440323e-01
8.482407964447203907e-01 8.506725630503051416e-01 8.951865716700881936e-01 9.029882272524829556e-01
8.479302916804130064e-01 8.506078776757203253e-01 8.950126796280643005e-01 9.028834999036270403e-01
8.477750392982592587e-01 8.506181102072076783e-01 8.947615022340297264e-01 9.026338972670236993e-01
8.475033476294902002e-01 8.504096097362815465e-01 8.945489675160005483e-01 9.024783628848309647e-01
8.472122494129519232e-01 8.500996596602305999e-01 8.943605844704746177e-01 9.023968716831627379e-01
8.470764035785673940e-01 8.497704375730903426e-01 8.941673710904480821e-01 9.023018378115974514e-01
8.471734363174134863e-01 8.499643946139279205e-01 8.940900857384374012e-01 9.023447875701330334e-01
8.471540297696443789e-01 8.499712638764701511e-01 8.939500060379181878e-01 9.022805413976193734e-01
8.469987773874906312e-01 8.499852565833591056e-01 8.938968723584107545e-01 9.022762877434741258e-01
8.466882726231830247e-01 8.498410658888767566e-01 8.937519623233908250e-01 9.021502395873091107e-01
8.465136136932601696e-01 8.496358451618711838e-01 8.936891679748822925e-01 9.020985502216579688e-01
8.463001416677986555e-01 8.494304762991183866e-01 8.936070522883710066e-01 9.019738683824847225e-01
8.463389547633372034e-01 8.493927176284137293e-01 8.934428209153484346e-01 9.017933281314668426e-01
8.464359875021832957e-01 8.494810071709317789e-01 8.932930805458277890e-01 9.016871026791780652e-01
8.465330202410292770e-01 8.496384948304673834e-01 8.932013041903150707e-01 9.016512780577425890e-01
8.465524267887986065e-01 8.495938092290975518e-01 8.930998671658011423e-01 9.015412826900298660e-01
8.467464922664906801e-01 8.497607838443901329e-01 8.930950368313006482e-01 9.015192048548326120e-01
8.468629315531059909e-01 8.498466760896504768e-01 8.929211447892767550e-01 9.013021000055587706e-01
8.469017446486444278e-01 8.500201079976767993e-01 8.928341987682647529e-01 9.012272714707081356e-01
8.469987773874905201e-01 8.501538256499940882e-01 8.927810650887574306e-01 9.011287185881600159e-01
8.470375904830290681e-01 8.502689788104371704e-01 8.926409853882381062e-01 9.009441636535611142e-01
8.469987773874905201e-01 8.502202121696211812e-01 8.925492090327256101e-01 9.008085830250800452e-01
8.469017446486443168e-01 8.501041154318823567e-01 8.925153966912208192e-01 9.007804970333253003e-01
8.469987773874905201e-01 8.502876537871179030e-01 8.924574326772128918e-01 9.007569142807430040e-01
8.471152166741058309e-01 8.504634183612571618e-01 8.923270136456948887e-01 9.005951550010180551e-01
8.472316559607211417e-01 8.507376299582071200e-01 8.920951575896630681e-01 9.003307289888972109e-01
8.472898756040287971e-01 8.507933080784217950e-01 8.920082115686511770e-01 9.002201938794661684e-01
8.473675017951056709e-01 8.508615928612612844e-01 8.919116048786379647e-01 9.001053765384756655e-01
8.473092821517979045e-01 8.509283589118246116e-01 8.918922835406352112e-01 9.000148379892380923e-01
8.473092821517980155e-01 8.509825238605409625e-01 8.918391498611278889e-01 8.999473693518565964e-01
8.474063148906441079e-01 8.511656102473275087e-01 8.917232218331120341e-01 8.998102714304300198e-01
8.474645345339517633e-01 8.512578471289651283e-01 8.916942398261079594e-01 8.997831603358971142e-01
8.473480952473366745e-01 8.512760488107736778e-01 8.915831421325927097e-01 8.996213154878163198e-01
8.473675017951056709e-01 8.513013143870236110e-01 8.915541601255886350e-01 8.995956166470224780e-01
8.474645345339516522e-01 8.513599421951959512e-01 8.914961961115807076e-01 8.994725688192333202e-01
8.473869083428746674e-01 8.512442470674288497e-01 8.914285714285714590e-01 8.993641284644534606e-01
8.473092821517980155e-01 8.511240183757793343e-01 8.913223040695569255e-01 8.991884939527163834e-01
8.473092821517980155e-01 8.511343960754591542e-01 8.912691703900494922e-01 8.991117801511686602e-01
8.473092821517980155e-01 8.512237206160265801e-01 8.912208670450428860e-01 8.989850799417022920e-01
8.472704690562594676e-01 8.512032030831714335e-01 8.911677333655355637e-01 8.988680112837265090e-01
8.472316559607211417e-01 8.512096617677094024e-01 8.910856176790242777e-01 8.987482542397380314e-01
8.474063148906439968e-01 8.514206015436264208e-01 8.909841806545103493e-01 8.985641040732355034e-01
8.475033476294900892e-01 8.515160603601178435e-01 8.908875739644971370e-01 8.984161839472242228e-01
8.475421607250286371e-01 8.516217167164132906e-01 8.908054582779858510e-01 8.982764255563090439e-01
8.475033476294902002e-01 8.515624607179513861e-01 8.906363965704624519e-01 8.980519544124141440e-01
8.475615672727978556e-01 8.516050238223600299e-01 8.905542808839510549e-01 8.979470587539711834e-01
8.475809738205670740e-01 8.519070404284365683e-01 8.904528438594372375e-01 8.977688358535055313e-01
8.476003803683362925e-01 8.520183673175540928e-01 8.903948798454293101e-01 8.976935255818641046e-01
8.476780065594131663e-01 8.521107584637832577e-01 8.902934428209152706e-01 8.975623167443615991e-01
8.476974131071823848e-01 8.520199003231911927e-01 8.901823451274000210e-01 8.974705266787539326e-01
8.476586000116439479e-01 8.519747270379728343e-01 8.900036227508756337e-01 8.973207979315118710e-01
8.477168196549517143e-01 8.519478843449681538e-01 8.900084530853760167e-01 8.972812171466257869e-01
8.475227541772594186e-01 8.517555872844144726e-01 8.899263373988649528e-01 8.971698468455797659e-01
8.474451279861825448e-01 8.516906659749405861e-01 8.897621060258423809e-01 8.969902206948856538e-01
8.474451279861825448e-01 8.518105695422524271e-01 8.896027049873203030e-01 8.968193465537088738e-01
8.475615672727979666e-01 8.517953414487655639e-01 8.895109286318076958e-01 8.967197617736207826e-01
8.476586000116439479e-01 8.518241052048394213e-01 8.894384736142978420e-01 8.966394428001920325e-01
8.475615672727978556e-01 8.516204539111140726e-01 8.892983939137786287e-01 8.964402561240262246e-01
8.477168196549514922e-01 8.518171160366088124e-01 8.891824658857625518e-01 8.963838563500284851e-01
8.475809738205670740e-01 8.518884914158291188e-01 8.890906895302499446e-01 8.963030716280057097e-01
8.476003803683361815e-01 8.519654209955120905e-01 8.889119671537254463e-01 8.961647724349691702e-01
8.475033476294900892e-01 8.519801951782927096e-01 8.887477357807027634e-01 8.960270482638850176e-01
8.475033476294902002e-01 8.520053347239091579e-01 8.886462987561889459e-01 8.959242864391598893e-01
8.475227541772593076e-01 8.519694789421053960e-01 8.884144427001570143e-01 8.957049781338767280e-01
8.475421607250286371e-01 8.520036566133611933e-01 8.882936843376404434e-01 8.955627686421583356e-01
8.476197869161053999e-01 8.521225246383716811e-01 8.881342832991184766e-01 8.953087486319493138e-01
8.475615672727978556e-01 8.521297589645817627e-01 8.880038642676004734e-01 8.951706079801272642e-01
8.474839410817209817e-01 8.521683798753989514e-01 8.878492935635792227e-01 8.950495020136447488e-01
8.471734363174134863e-01 8.520299236859972813e-01 8.877237048665622687e-01 8.949494239242596905e-01
8.471734363174134863e-01 8.521224012199508646e-01 8.875884555005435494e-01 8.948215640143248883e-01
8.470569970307981755e-01 8.521327547018342496e-01 8.874676971380268675e-01 8.947720768004191472e-01
8.469017446486444278e-01 8.519448880841753446e-01 8.873662601135128281e-01 8.946903024997557852e-01
8.466106464321061509e-01 8.517560843117898406e-01 8.872116894094916884e-01 8.945365119320327629e-01
8.463389547633372034e-01 8.512512099005892230e-01 8.870861007124744013e-01 8.944571093051814081e-01
8.462419220244910001e-01 8.512765693023134350e-01 8.869363603429537557e-01 8.944129336471464686e-01
8.460478565467988155e-01 8.512592527362029537e-01 8.869122086704503971e-01 8.943616239778842125e-01
