6.160996720293426820e-01 6.135706502836121290e-01 6.232000966066899572e-01 6.209353959787194954e-01
6.319160084612547301e-01 6.313445315808098313e-01 6.457142857142856851e-01 6.559225549467406768e-01
6.375827204098664103e-01 6.477209977488447290e-01 6.565052529887694943e-01 6.658005298931968241e-01
6.448601758233227788e-01 6.609772430954086175e-01 6.709672744837580360e-01 6.783430432853052583e-01
6.653146771720778174e-01 6.934415496020065461e-01 7.050114720444390359e-01 7.177966212270709967e-01
6.901938714122144436e-01 7.213056959171691984e-01 7.405337519623234055e-01 7.559587028833948397e-01
7.187991228240409036e-01 7.378922944185091204e-01 7.696751600048302722e-01 7.729666390899430084e-01
7.314521919695704533e-01 7.472638606973796005e-01 7.716121241395965669e-01 7.693904017584878297e-01
7.413495313318712032e-01 7.630996842087774956e-01 7.795483637241877872e-01 7.816886815622332563e-01
7.574957790758600762e-01 7.793844376094192228e-01 7.918753773698828935e-01 7.955116205935051088e-01
7.694890255972366422e-01 7.884448887980469722e-01 7.985122569737954645e-01 8.003371065241435822e-01
7.777368083991538228e-01 7.969615835387889868e-01 8.053809926337398561e-01 8.065702084949087913e-01
7.823555667682275949e-01 8.023701513731190671e-01 8.089312884917280178e-01 8.106461144492733695e-01
7.867414465640707455e-01 8.073476485854665929e-01 8.100181137543773779e-01 8.135028119631446675e-01
7.925828174426052808e-01 8.134735278160060146e-01 8.130612244897958973e-01 8.186388246714476624e-01
7.977255526014477294e-01 8.198015771429238985e-01 8.186306001690616396e-01 8.259328372859855438e-01
8.034892972889052798e-01 8.252879363020775294e-01 8.250018113754378213e-01 8.326106770956371861e-01
8.066913776708261041e-01 8.298964990453737700e-01 8.292235237290181971e-01 8.376341715289239431e-01
8.103204021036698457e-01 8.339938497348307056e-01 8.333824417340901514e-01 8.432237255469006154e-01
8.124745289060528730e-01 8.360061483465568433e-01 8.352421205168457652e-01 8.469040909339849987e-01
8.147645015428205406e-01 8.379052545099683336e-01 8.355995652698950948e-01 8.487874732542504130e-01
8.161229598866657220e-01 8.371331048954209209e-01 8.355271102523850191e-01 8.503199543729205168e-01
8.162005860777425958e-01 8.361911611450436599e-01 8.355705832628910201e-01 8.521457449026088593e-01
8.151332259504356914e-01 8.331913585085118923e-01 8.361019200579640209e-01 8.537052778446858614e-01
8.151332259504358024e-01 8.316116223557514786e-01 8.368892645815722009e-01 8.550157266599509587e-01
8.138523937976672729e-01 8.294006240281430742e-01 8.373143340176306681e-01 8.558228695092713334e-01
8.132313842690523931e-01 8.280185352739929394e-01 8.370534959545947729e-01 8.561556244105086311e-01
8.133672301034369223e-01 8.276651238874225269e-01 8.364593648110132396e-01 8.560424544006194347e-01
8.124357158105144361e-01 8.269209327014177546e-01 8.355512619248882666e-01 8.560227826586699340e-01
8.119893652118224114e-01 8.268498147078569005e-01 8.347542567322785434e-01 8.557100382569011732e-01
8.115624211608997163e-01 8.265872475950468701e-01 8.345368916797488712e-01 8.556817651797949953e-01
8.112713229443615504e-01 8.271452855122282122e-01 8.348750150947953363e-01 8.556501289074516237e-01
8.108055657979001962e-01 8.269047523619559303e-01 8.347349353942761230e-01 8.553118940387800517e-01
8.104950610335928118e-01 8.274809306197524750e-01 8.341214829126917252e-01 8.543004344629134827e-01
8.108249723456693037e-01 8.274111837610997888e-01 8.326627218934911090e-01 8.526299127256318222e-01
8.102815890081312977e-01 8.278078588842763264e-01 8.320347784084047849e-01 8.524622435802947651e-01
8.100487104349007872e-01 8.291090687464511833e-01 8.316483516483517135e-01 8.529156642005569777e-01
8.104368413902851565e-01 8.298272727989747244e-01 8.321410457674193184e-01 8.538869585239255988e-01
8.106115003202080116e-01 8.306338194335380898e-01 8.322618041299360003e-01 8.540845499897883331e-01
8.093112616196704856e-01 8.304226884355796479e-01 8.324356961719598935e-01 8.542174324598328372e-01
8.088649110209784610e-01 8.309281577450622347e-01 8.327110252384977152e-01 8.543464925211093908e-01
8.090395699509014271e-01 8.311700548704332725e-01 8.321507064364206396e-01 8.535634944392811452e-01
8.095441401929011072e-01 8.322698432664202839e-01 8.317739403453690006e-01 8.530614146810837628e-01
8.101651497215159869e-01 8.328052820532881872e-01 8.314841202753291416e-01 8.529076863140110376e-01
8.098352384094393841e-01 8.329239266370405126e-01 8.310590508392705633e-01 8.524998933806486878e-01
8.096799860272856364e-01 8.327591296130073539e-01 8.303248399951697056e-01 8.520494342801672172e-01
8.094082943585165779e-01 8.324124307527939193e-01 8.294747011230528821e-01 8.515890759785065267e-01
8.080304294669020670e-01 8.306140143115805508e-01 8.291365777080063060e-01 8.515078866956442560e-01
8.083021211356712366e-01 8.308891191751794914e-01 8.287984542929598408e-01 8.515944661398426874e-01
8.083797473267481104e-01 8.316316424060625767e-01 8.287356599444510863e-01 8.523737677965255166e-01
8.079916163713636301e-01 8.314502397785924481e-01 8.284120275329066585e-01 8.524302369939904533e-01
8.079916163713637411e-01 8.307919007833011182e-01 8.276778166888056898e-01 8.520679222801472719e-01
8.078169574414407750e-01 8.304289135799833854e-01 8.273928269532665469e-01 8.518783581081740275e-01
8.080110229191328486e-01 8.299258471441101070e-01 8.271271585557300465e-01 8.517128674786904607e-01
8.089813503075937717e-01 8.301380774679459895e-01 8.268083564786861128e-01 8.518085959006668206e-01
8.093306681674397041e-01 8.303970530244186854e-01 8.265040454051443275e-01 8.519807989252307090e-01
8.093306681674397041e-01 8.306823496845979760e-01 8.267069194541722954e-01 8.526138062269376094e-01
8.094859205495934518e-01 8.306259877648466405e-01 8.268325081511895824e-01 8.530388397029694536e-01
8.088455044732092425e-01 8.298643314095320855e-01 8.268832266634464911e-01 8.529035952016983391e-01
8.089619437598245533e-01 8.299997939019951865e-01 8.273831662842652257e-01 8.531886446342308306e-01
8.091171961419783010e-01 8.299501229214824027e-01 8.280883951213621197e-01 8.537932135677712697e-01
8.088455044732093535e-01 8.289446037637890896e-01 8.286438835889385901e-01 8.542761240983780535e-01
8.096605794795161959e-01 8.294108773186597006e-01 8.285859195749305517e-01 8.541096494685920248e-01
8.099322711482853654e-01 8.294590951512423871e-01 8.286680352614419487e-01 8.544111247093022499e-01
8.096799860272856364e-01 8.280400684261135513e-01 8.288854003139718429e-01 8.547960966904519786e-01
8.102039628170545349e-01 8.289012272409913562e-01 8.289143823209756956e-01 8.550406718522649552e-01
8.103398086514390641e-01 8.297134019770624480e-01 8.293829247675401639e-01 8.556170000966372147e-01
8.103592151992082826e-01 8.298091640876038566e-01 8.290834440284989837e-01 8.555030150222180385e-01
8.104368413902851565e-01 8.298889017212698338e-01 8.292669967395243091e-01 8.554317570712679508e-01
8.097382056705931808e-01 8.289271760728467164e-01 8.296292718270740219e-01 8.557833179524203526e-01
8.084767800655940917e-01 8.276826845214777517e-01 8.300978142736384902e-01 8.561714683848038465e-01
8.074676395815947316e-01 8.270557593167432442e-01 8.303972950126796704e-01 8.563809547318304016e-01
8.077975508936715565e-01 8.276902628369989801e-01 8.300543412631324891e-01 8.561950387121567418e-01
8.082050883968250332e-01 8.282000336559162124e-01 8.296485931650767753e-01 8.557611404439973146e-01
8.081856818490558148e-01 8.288715169308207287e-01 8.294698707885521660e-01 8.555444592437695395e-01
8.071959479128257842e-01 8.281040673615975845e-01 8.295278348025600934e-01 8.557600254282466956e-01
8.057598633779037289e-01 8.266481224149768714e-01 8.300688322666344154e-01 8.562398858664155288e-01
8.044208115818277660e-01 8.250243491509728910e-01 8.303393309986716320e-01 8.561933855758612211e-01
8.044402181295968735e-01 8.249764719638434940e-01 8.299480739041178445e-01 8.558508484437408192e-01
8.046730967028274950e-01 8.254596543620390525e-01 8.293153000845308043e-01 8.557563188208374694e-01
8.049836014671349904e-01 8.257960283493791520e-01 8.287598116169544449e-01 8.557382805038621365e-01
8.044984377729046399e-01 8.258915231519812217e-01 8.289626856659823018e-01 8.558189236719683235e-01
8.037027693143666829e-01 8.244281447572953114e-01 8.296485931650766643e-01 8.555580043486358255e-01
8.032952318112130952e-01 8.243099140716627637e-01 8.298949402246105223e-01 8.554360404243248617e-01
8.029071008558286149e-01 8.240914857511625335e-01 8.295085134645574509e-01 8.554710907114652096e-01
8.029459139513671628e-01 8.245917255279422431e-01 8.288274362999636935e-01 8.553483012377073313e-01
8.032370121679054398e-01 8.248254137820768550e-01 8.281270377973674046e-01 8.549155259581425748e-01
8.037415824099050088e-01 8.251076882742183205e-01 8.280739041178601934e-01 8.544508112688014023e-01
8.028488812125209595e-01 8.244236759981455887e-01 8.286776959304431589e-01 8.548081384199425203e-01
8.020920258495216615e-01 8.237039747998027295e-01 8.288660789759692005e-01 8.552053723126388229e-01
8.017621145374448366e-01 8.233295239838070989e-01 8.286825262649437640e-01 8.553319351528907433e-01
8.025771895437521231e-01 8.237177436739206993e-01 8.280497524453568348e-01 8.547876332765516061e-01
8.033146383589824246e-01 8.243119389963962096e-01 8.277647627098176919e-01 8.540751961793784375e-01
8.037027693143666829e-01 8.247172838175228504e-01 8.281270377973675156e-01 8.542479404879739224e-01
8.033340449067514211e-01 8.244944184399132237e-01 8.281801714768747269e-01 8.544205174605503661e-01
8.028100681169827446e-01 8.244354846001719084e-01 8.283927061949040160e-01 8.547822040851598135e-01
8.026936288303672118e-01 8.244848789019528779e-01 8.283009298393914088e-01 8.546698360867441835e-01
8.031593859768285659e-01 8.246937880838720591e-01 8.281415288008695530e-01 8.543979093871458819e-01
8.028488812125211815e-01 8.243601339964297114e-01 8.278951817413355840e-01 8.544121941221173300e-01
8.029653204991363813e-01 8.247511811155718853e-01 8.277599323753168647e-01 8.543023627851366042e-01
8.030041335946748182e-01 8.249150913002245566e-01 8.278903514068348679e-01 8.544338004228863026e-01
8.033922645500592985e-01 8.253953667055748955e-01 8.279531457553435114e-01 8.544461143710930795e-01
8.039550544353664119e-01 8.255266248625626746e-01 8.270643642072214030e-01 8.539101801675114123e-01
8.041879330085971445e-01 8.256949139530530557e-01 8.267262407921747158e-01 8.537924590732830499e-01
8.038774282442897601e-01 8.255535814542912521e-01 8.267310711266755430e-01 8.541013995981729945e-01
8.032370121679053288e-01 8.250522823044259546e-01 8.268614901581934351e-01 8.540421066771288761e-01
8.029265074035979444e-01 8.250530849072986728e-01 8.273203719357564712e-01 8.542918517257874766e-01
8.033340449067515321e-01 8.246130421680244460e-01 8.277551020408162596e-01 8.545050882238629519e-01
8.040520871742125042e-01 8.252266004889782236e-01 8.274218089602706216e-01 8.545251276193669421e-01
8.041103068175201596e-01 8.256290784590654130e-01 8.271030068832265769e-01 8.546701653142061428e-01
8.042461526519046888e-01 8.261619046617538764e-01 8.269484361792053262e-01 8.544303220161268975e-01
8.045178443206738583e-01 8.262423717196599737e-01 8.266006520951576508e-01 8.538637388599086275e-01
8.038192086009818826e-01 8.246061034390876898e-01 8.270691945417220081e-01 8.542974358887187591e-01
8.032758252634438767e-01 8.244111194234784445e-01 8.275860403332930826e-01 8.550061535966333448e-01
8.029847270469055998e-01 8.248642600613966813e-01 8.273541842772611510e-01 8.550619054926255069e-01
8.040909002697510521e-01 8.262441725548144156e-01 8.267552227991789016e-01 8.546201493007766770e-01
8.048089425372120242e-01 8.269269025964344211e-01 8.261659219900977513e-01 8.540725556012565001e-01
8.050030080149042089e-01 8.274190890107596674e-01 8.259678782755706106e-01 8.538906333484426181e-01
8.042849657474431257e-01 8.268577051824063107e-01 8.262818500181137171e-01 8.545684499079860830e-01
8.037221758621359013e-01 8.264899965584137087e-01 8.265958217606568237e-01 8.549802537281216974e-01
8.043819984862892181e-01 8.266270782006550633e-01 8.265185364086462538e-01 8.549327663330918980e-01
8.051388538492887381e-01 8.272071689385305238e-01 8.260838063035864653e-01 8.544248563103689076e-01
8.061479943332880982e-01 8.277653027324388679e-01 8.255041661635068584e-01 8.538038235583795821e-01
8.057016437345959625e-01 8.273563038313251905e-01 8.255911121845187495e-01 8.540148972750128964e-01
8.051000407537503012e-01 8.274024729030083902e-01 8.258954232580606458e-01 8.546343836608361055e-01
8.042655591996739073e-01 8.271109228330476570e-01 8.260934669725878976e-01 8.547395990948516431e-01
8.046148770595199506e-01 8.272697248034970308e-01 8.259775389445719318e-01 8.544245540843873332e-01
8.056240175435191997e-01 8.275217072906844162e-01 8.255862818500181444e-01 8.539539423036238697e-01
8.064390925498261531e-01 8.282033331740840110e-01 8.248134283299118907e-01 8.534006199973745987e-01
8.074870461293640611e-01 8.296277145030327427e-01 8.247699553194058897e-01 8.536327306275930393e-01
8.066913776708262152e-01 8.298256399453323162e-01 8.252143460934671104e-01 8.538259527196486731e-01
8.061091812377496613e-01 8.289981440531748458e-01 8.257698345610433588e-01 8.542767364923478102e-01
8.063808729065186087e-01 8.279931471745118898e-01 8.265281970776475751e-01 8.549978320219762118e-01
8.065749383842109044e-01 8.278311836323088979e-01 8.263639657046248921e-01 8.547999856433039501e-01
8.072347610083642211e-01 8.292985932691577800e-01 8.260113512860766116e-01 8.547314325048087635e-01
8.085155931611326396e-01 8.322623141866185570e-01 8.264992150706436114e-01 8.550680110954903546e-01
8.090977895942090825e-01 8.327028971484952136e-01 8.268518294891920029e-01 8.553848282305923645e-01
8.091948223330551748e-01 8.315681892176005618e-01 8.269484361792054372e-01 8.554009517277730845e-01
8.080498360146712855e-01 8.298576499114374005e-01 8.270353822002172173e-01 8.556396974278968059e-01
8.078557705369791009e-01 8.301559387010978286e-01 8.276536650163024422e-01 8.563671252475051343e-01
8.083991538745172178e-01 8.315471579332794905e-01 8.280835647868614036e-01 8.568867942351591216e-01
8.095247336451316666e-01 8.330775953363935837e-01 8.286632049269411215e-01 8.570991951237998396e-01
8.098352384094393841e-01 8.328952616202742743e-01 8.293684337640381266e-01 8.575913685027040101e-01
8.098934580527470395e-01 8.315494274375150319e-01 8.293297910880328416e-01 8.578346133029202125e-01
8.098158318616701656e-01 8.311791901687248796e-01 8.297596908585920250e-01 8.583995100158823277e-01
8.100875235304392241e-01 8.322196054174282320e-01 8.304359376886849553e-01 8.590051043048975155e-01
8.103204021036698457e-01 8.331933792136572148e-01 8.310059171597632410e-01 8.592942284132620845e-01
8.116400473519764791e-01 8.339193578275920782e-01 8.311749788672865291e-01 8.593192544579084657e-01
8.125327485493605284e-01 8.341290669281632431e-01 8.310590508392705633e-01 8.590017272901541157e-01
8.128432533136680238e-01 8.337345217250563545e-01 8.310493901702692421e-01 8.589199968672720509e-01
8.118729259252073227e-01 8.333085449457384719e-01 8.315131022823329943e-01 8.591887371627577874e-01
8.113295425876692057e-01 8.330550797072148184e-01 8.323729018234513610e-01 8.595937592746288880e-01
8.120281783073609594e-01 8.331515443335070215e-01 8.334210844100953253e-01 8.603064244966163177e-01
8.134254497467445777e-01 8.338457506911871597e-01 8.330877913295494652e-01 8.598980856074971424e-01
8.151526324982049099e-01 8.354004848323012267e-01 8.322569737954352842e-01 8.593338528820408939e-01
8.154049176192046389e-01 8.358462422550868576e-01 8.325226421929718956e-01 8.597126486872530560e-01
8.146480622562052298e-01 8.359054302397197489e-01 8.334355754135973626e-01 8.605555054670299686e-01
8.148033146383589775e-01 8.359066018341453352e-01 8.340200458881776857e-01 8.609542073308271704e-01
8.142793378485901901e-01 8.350892558762019746e-01 8.352807631928510501e-01 8.618639062534336759e-01
8.154825438102815127e-01 8.355795758714779087e-01 8.358845550054341267e-01 8.623740392886189987e-01
8.167051563197422759e-01 8.367822248612792890e-01 8.358120999879241619e-01 8.625564550826532173e-01
8.168992217974343495e-01 8.368668804599881383e-01 8.356768506219055537e-01 8.626273220394530261e-01
8.167245628675113833e-01 8.365119619077918678e-01 8.362758120999880251e-01 8.628951680169641980e-01
8.168410021541266941e-01 8.364086334913030107e-01 8.377587247916917779e-01 8.639309164689108478e-01
8.169768479885113344e-01 8.358656687707795019e-01 8.394106991909190407e-01 8.651801746566174511e-01
8.170156610840497713e-01 8.357877894278458175e-01 8.397584832749667161e-01 8.653415983959771296e-01
8.177142968037416360e-01 8.361296132844856510e-01 8.400627943485085014e-01 8.657587203636485373e-01
8.172873527528187187e-01 8.368611089992681329e-01 8.407583625166044072e-01 8.662018667382003212e-01
8.175784509693571067e-01 8.368341055128825090e-01 8.414732520227025114e-01 8.666239798467082478e-01
8.177337033515108544e-01 8.357964009835543440e-01 8.428740490278952002e-01 8.675666359669131911e-01
8.179859884725106944e-01 8.355619511377824216e-01 8.434875015094795980e-01 8.678930159908425646e-01
8.180442081158183498e-01 8.356292087602241736e-01 8.438014732520228156e-01 8.682947411726210651e-01
8.175008247782802329e-01 8.360660362301406412e-01 8.439029102765366330e-01 8.683522663600824476e-01
8.182964932368180788e-01 8.366089093817161704e-01 8.443762830576018175e-01 8.687923763488341056e-01
8.193638533641249833e-01 8.370084573689298146e-01 8.452940466127280006e-01 8.690393035526720045e-01
8.199072367016632112e-01 8.385739136953849204e-01 8.454341263132472140e-01 8.690662540053428753e-01
8.179277688292029280e-01 8.371473980204948706e-01 8.464340055548847941e-01 8.697016826356621655e-01
8.173649789438957036e-01 8.363888162927513026e-01 8.465547639174013650e-01 8.695645367262169190e-01
8.181606474024336606e-01 8.369279312666535464e-01 8.458108924042990751e-01 8.687569067361524677e-01
8.196743581284324787e-01 8.380294929359206613e-01 8.454727689892527209e-01 8.685891662846827455e-01
8.199460497972015371e-01 8.389645466166169019e-01 8.459702934428208199e-01 8.691846332490547056e-01
8.182188670457413160e-01 8.378822080395302851e-01 8.467769593044318643e-01 8.695950835735344331e-01
8.172873527528187187e-01 8.365425532424801691e-01 8.473034657650042600e-01 8.697899145989080871e-01
8.175784509693571067e-01 8.364499593633347718e-01 8.478396328945779770e-01 8.704614332387340392e-01
8.189757224087407250e-01 8.380303885638410444e-01 8.465451032484000438e-01 8.697424908132771471e-01
8.198102039628170079e-01 8.395344640956520221e-01 8.456128486897718233e-01 8.691602107052729398e-01
8.201789283704321587e-01 8.395491230582781128e-01 8.468494143219417181e-01 8.697144445151150371e-01
8.182770866890488604e-01 8.371941712488659704e-01 8.478203115565753345e-01 8.703566919093432830e-01
8.179665819247413650e-01 8.370970518987042031e-01 8.474145634585195097e-01 8.701760379080397678e-01
8.186458110966639001e-01 8.388354913299780335e-01 8.464388358893852882e-01 8.696855691988878423e-01
8.200042694405091925e-01 8.399342977367004748e-01 8.465402729138993276e-01 8.694812297073793994e-01
8.202371480137398141e-01 8.401696786402088613e-01 8.477140441975606899e-01 8.699082739834212985e-01
8.193638533641250943e-01 8.383403914750695574e-01 8.479652215915951530e-01 8.699925681571479830e-01
8.184517456189718265e-01 8.378518885825310125e-01 8.473759207825142248e-01 8.698541872427050237e-01
8.189175027654330696e-01 8.395325921075477149e-01 8.473807511170148299e-01 8.696839744271362971e-01
8.195191057462787310e-01 8.402493353283324584e-01 8.470184760294650061e-01 8.694201822359768350e-01
8.204506200392011062e-01 8.404449392846957689e-01 8.475836251660426868e-01 8.701393144139297764e-01
8.206446855168934018e-01 8.402761142799370919e-01 8.483854606931530151e-01 8.709273319586680051e-01
8.208193444468163680e-01 8.407891874683706135e-01 8.485352010626735497e-01 8.708598195639495332e-01
8.213627277843544849e-01 8.413580145794640197e-01 8.481101316266151935e-01 8.703110768733799407e-01
