6.255711049603149831e-01 6.278849590287456373e-01 6.103449315122053687e-01 6.200617875019175385e-01
6.251926422864887423e-01 6.276538930201327471e-01 6.098848605970363934e-01 6.198317488822387977e-01
6.247110365702667201e-01 6.272122624251459388e-01 6.094249169561052337e-01 6.195208277603537761e-01
6.243477449855986405e-01 6.270620816924981078e-01 6.090820147043490840e-01 6.193547650974922103e-01
6.240574579037913017e-01 6.269247306438718859e-01 6.088903651569159692e-01 6.192891489845149255e-01
6.239663295494533024e-01 6.269725901764635623e-01 6.088062877953576146e-01 6.193405904578497267e-01
6.239002487651343909e-01 6.270624561038373734e-01 6.087378142553663274e-01 6.193722794256792952e-01
6.238946486986667317e-01 6.272415091070597803e-01 6.088129060557285754e-01 6.194879298827897784e-01
6.239795660701950020e-01 6.273965723367193048e-01 6.089866863001602848e-01 6.197397391142505096e-01
6.241208913839617622e-01 6.276677842804043728e-01 6.091843686464699648e-01 6.199385650349595878e-01
6.243559923562147507e-01 6.279675397384612001e-01 6.094334443300446491e-01 6.202378271561608258e-01
6.245797913761420572e-01 6.282756493478252047e-01 6.097603863923679590e-01 6.205873762931489734e-01
6.249187481265232602e-01 6.286758599700376093e-01 6.101773113408880400e-01 6.209792464538087531e-01
6.253629861264972112e-01 6.291308054401321126e-01 6.106754372531897346e-01 6.215174269083857395e-01
6.258456100366223129e-01 6.297194982615172965e-01 6.111807414325092225e-01 6.220690092162014517e-01
6.263216156863766759e-01 6.303608586542069903e-01 6.117399844338515802e-01 6.226255185936711012e-01
6.268439491587275425e-01 6.310519549039831366e-01 6.123324205564388834e-01 6.232441165344987377e-01
6.274501818087032667e-01 6.318093600789892461e-01 6.130029266965554280e-01 6.239303405103272526e-01
6.281384808872785275e-01 6.325847700666590301e-01 6.137078477906007246e-01 6.246514781412622064e-01
6.287846267382606325e-01 6.333501810284711819e-01 6.144353982441449480e-01 6.253881788173115686e-01
6.295222064017516050e-01 6.340992237512290686e-01 6.152256439872798577e-01 6.261621436771354077e-01
6.301770069009110520e-01 6.347892210113617040e-01 6.159976640595472563e-01 6.269671129818510380e-01
6.309378013853953471e-01 6.356370739269709969e-01 6.168232411311238561e-01 6.278200520846429766e-01
6.317786259106726865e-01 6.365159530545513311e-01 6.177061934291466772e-01 6.287324770729038059e-01
6.326826802773397596e-01 6.374301471597330071e-01 6.186740121890028643e-01 6.297050263872343567e-01
6.335273739394492454e-01 6.384088612291860532e-01 6.196704421975394173e-01 6.307047063695987443e-01
6.345055528222705021e-01 6.394434387556934274e-01 6.207127418414158937e-01 6.317256648544018471e-01
6.354574623023889757e-01 6.404633409331210725e-01 6.217766017411930912e-01 6.328065540448482018e-01
6.364816635496357566e-01 6.416129293796610789e-01 6.228722547455981529e-01 6.339614355382958699e-01
6.375178794849405417e-01 6.426787463392045208e-01 6.239613149444799278e-01 6.351043637239980333e-01
6.385622409714710734e-01 6.438496066391176109e-01 6.251033975908717455e-01 6.362942250583236703e-01
6.396703413963429341e-01 6.451024167870843540e-01 6.262750587701521043e-01 6.375111660363448340e-01
6.407460632550925350e-01 6.464195420188038055e-01 6.274804476224764560e-01 6.387846755366411999e-01
6.418620037730192740e-01 6.476395260657710207e-01 6.286962729623088997e-01 6.400802796655977733e-01
6.429738715153332507e-01 6.489249656385132070e-01 6.299501532992740627e-01 6.413477854352094276e-01
6.441321688996337613e-01 6.502956009559790473e-01 6.312572088128347580e-01 6.427160332182259017e-01
6.453365904677501597e-01 6.517071525669716481e-01 6.325868682310469282e-01 6.441070673664257562e-01
6.465570994995373244e-01 6.531281270778586112e-01 6.339654009566135784e-01 6.455196548306123550e-01
6.478099870974468599e-01 6.545528228021121331e-01 6.353529956079186913e-01 6.470108032160212241e-01
6.491084897822205768e-01 6.559918055108384660e-01 6.367954200009122712e-01 6.485179363840524180e-01
6.504288836359133352e-01 6.575379653315136519e-01 6.382507245467815560e-01 6.500040960417295954e-01
6.517800269454834261e-01 6.590742419053435830e-01 6.397410040532263142e-01 6.515477611004012459e-01
6.531401303614018383e-01 6.606784542635447677e-01 6.412194725103936843e-01 6.530901096679989637e-01
6.545072593152523321e-01 6.622561348999849162e-01 6.427053228733594636e-01 6.546789417219422980e-01
6.559134869149865210e-01 6.639422924370319556e-01 6.442188935653403448e-01 6.563204725287433705e-01
6.573115689634948522e-01 6.655842119473307505e-01 6.457315478828082878e-01 6.579447448703443779e-01
6.587256366562836973e-01 6.672987048840356428e-01 6.472406385216150637e-01 6.595603912833358784e-01
6.601156749729567563e-01 6.689746061680386102e-01 6.487955224312189628e-01 6.612150021576603809e-01
6.615232262247650041e-01 6.706628884458127882e-01 6.503474790333512168e-01 6.629098965302342439e-01
6.629557232272023093e-01 6.723568846229436291e-01 6.518696789186617657e-01 6.645515086026212437e-01
