6.299646116526997908e-01 6.250021432059278403e-01 6.459734198445176157e-01 6.452742506250949139e-01
6.751073583651552301e-01 6.876562888950381591e-01 6.923571412862150609e-01 7.080753443758545096e-01
6.891696343624965637e-01 7.101903290011726266e-01 7.072740383362222660e-01 7.293407604344713802e-01
6.936151707633357866e-01 7.193064419975399026e-01 7.118957986468610333e-01 7.369174179094347688e-01
6.948795639523517309e-01 7.231764004619607444e-01 7.123504222246478390e-01 7.388379191090632681e-01
6.950412531441827468e-01 7.247574040656963312e-01 7.120352148470592279e-01 7.390605737928289676e-01
6.956102198973009854e-01 7.258648656894537421e-01 7.112990606550326778e-01 7.386509659357263224e-01
6.963328321104145235e-01 7.264625434238315416e-01 7.108089275648712402e-01 7.380639707726596166e-01
6.965225216345840575e-01 7.260706542150510145e-01 7.099368953964603213e-01 7.365380002495143241e-01
6.989858381446389934e-01 7.272658450076756598e-01 7.119672758588668771e-01 7.376482821859707828e-01
7.033929886353269545e-01 7.310964052770404509e-01 7.166405058713132270e-01 7.416906807870640161e-01
7.063753803972422363e-01 7.353798179677981661e-01 7.196496506780356572e-01 7.462822810879811142e-01
7.080815679208642965e-01 7.388190737832001087e-01 7.213723329428899378e-01 7.498558255788659865e-01
7.067853052626777988e-01 7.396565495927347467e-01 7.202025299674830183e-01 7.502161685122934465e-01
7.043592546494805706e-01 7.388649447361612665e-01 7.178731823202438855e-01 7.488493074946215300e-01
7.026239467802266603e-01 7.380853032136958092e-01 7.163708372160461080e-01 7.476135715907223922e-01
7.010545026978065586e-01 7.371979377005160039e-01 7.149535367576145273e-01 7.461876229558227491e-01
6.998530338920097016e-01 7.363433411777469129e-01 7.137852356182148306e-01 7.449360788500345443e-01
6.989239319553233187e-01 7.356832156991132132e-01 7.125482063903478824e-01 7.437190675188919409e-01
6.977350887539262025e-01 7.351137766818630626e-01 7.109572784165700821e-01 7.422756509788182022e-01
6.955525901223786889e-01 7.334674177891152835e-01 7.083391455235308332e-01 7.397641555710376959e-01
6.919466564141328879e-01 7.304140900345048593e-01 7.043487927071250265e-01 7.358637259567737399e-01
6.871824253215863543e-01 7.263490731865331895e-01 6.993954575519034655e-01 7.310389869859077461e-01
6.827180523335374396e-01 7.227623419513085068e-01 6.947668753421132326e-01 7.266937800149200211e-01
6.787256122196301256e-01 7.194866941476435462e-01 6.906554338157671058e-01 7.229009947762784494e-01
6.756681795670476109e-01 7.169891521649567334e-01 6.874595267923471198e-01 7.199201529479206663e-01
6.750367975276623245e-01 7.162058349277944380e-01 6.865609961276049056e-01 7.186987220848115587e-01
6.776986618488446412e-01 7.177232737548754349e-01 6.890702840923900174e-01 7.201031983633507938e-01
6.833121684760651293e-01 7.214285436500298410e-01 6.944865920154048577e-01 7.237588231761918900e-01
6.918015637829243447e-01 7.271799882688770866e-01 7.027424900054086709e-01 7.295906000936850377e-01
7.038526013632395717e-01 7.351229913659935722e-01 7.143147982672783947e-01 7.375977883730914231e-01
7.207106341800362248e-01 7.460404595478786760e-01 7.302562529323984863e-01 7.483284377819995337e-01
7.444867854722464484e-01 7.616106353393370387e-01 7.523614207551903021e-01 7.630855484767904429e-01
7.705120252772744704e-01 7.782945288205503909e-01 7.753642283230589571e-01 7.782236194882193869e-01
7.897376643772237026e-01 7.897236148631342489e-01 7.915034162441840770e-01 7.880329645777510716e-01
8.006156407616416004e-01 7.952205981004342172e-01 7.996552548172789487e-01 7.917185518172442649e-01
8.048087668938732619e-01 7.958939240468134724e-01 8.013061035022611689e-01 7.907274007670450633e-01
8.044241950566279886e-01 7.936206404765766553e-01 7.981999757262574491e-01 7.867490757134243395e-01
8.002286252590284921e-01 7.893879034304538411e-01 7.913364833537516185e-01 7.807730006274935519e-01
7.937992398571594999e-01 7.840554222958582287e-01 7.823798134098580714e-01 7.737135086756796731e-01
7.872878898460816677e-01 7.791063217469833546e-01 7.739662226390934263e-01 7.673109918584241074e-01
7.818144866999439113e-01 7.750981062388724308e-01 7.673211837685229852e-01 7.622990048954881859e-01
7.789792239570436649e-01 7.729729595735217451e-01 7.639536856175630497e-01 7.597697870145221355e-01
7.782126257673109837e-01 7.724012822714131365e-01 7.631406068761485972e-01 7.591971928670500080e-01
7.788851428403863464e-01 7.728849364109520170e-01 7.638962594814215912e-01 7.598634866640656682e-01
7.804442013449934823e-01 7.741309676756521485e-01 7.656233708897549617e-01 7.613136868265664159e-01
7.824488215016487391e-01 7.757088537170373499e-01 7.676749297853484588e-01 7.630179701339168119e-01
7.852181052796205485e-01 7.779313274035868364e-01 7.704523591145460149e-01 7.653483472948965360e-01
7.886748735810450439e-01 7.807160005273532377e-01 7.739549970513104338e-01 7.682406610161497396e-01
7.926368696972461159e-01 7.840059321434280637e-01 7.779891576604021086e-01 7.716369540502217017e-01
