6.837183260240586868e-01 6.716857505476951928e-01 6.693916759797469140e-01 6.618400266618407191e-01
6.843532717421053624e-01 6.728654643092346621e-01 6.698192410545555919e-01 6.628989551468703612e-01
6.851258772758670457e-01 6.742716804262200991e-01 6.702950685203769021e-01 6.640717267500700904e-01
6.860068186409311597e-01 6.756405808738884522e-01 6.708819300313439982e-01 6.654349527745301307e-01
6.869108730075981217e-01 6.771952208627578518e-01 6.714462385473549677e-01 6.668270863602935306e-01
6.878403822218456254e-01 6.787794633636432540e-01 6.720794787906136936e-01 6.681917724077529597e-01
6.888147937872250992e-01 6.803208111277434522e-01 6.727521231379269828e-01 6.695379057900621156e-01
6.898063110101787521e-01 6.819685638539594308e-01 6.735085393886274252e-01 6.710501837489890598e-01
6.907929409023967349e-01 6.835781932687674534e-01 6.742941523495028511e-01 6.725232645801213494e-01
6.917938255092599409e-01 6.852121921731210152e-01 6.750687942710709155e-01 6.740084447070567863e-01
6.927424767688878937e-01 6.867594899523503660e-01 6.758623236895437980e-01 6.754543540372857091e-01
6.937803218144378281e-01 6.883030325076953115e-01 6.767099446591249290e-01 6.769812016924079412e-01
6.948415853197618119e-01 6.899631293880533756e-01 6.775802968075954613e-01 6.785078884720249226e-01
6.959579331152497828e-01 6.916860288133819257e-01 6.785119951387350579e-01 6.800256131462446563e-01
6.971060485605181656e-01 6.932974975222129244e-01 6.794704465146814698e-01 6.815793232866543816e-01
6.983061937142409636e-01 6.949065302356608465e-01 6.804941132101290924e-01 6.831310087734155934e-01
6.995263972878572600e-01 6.965470206953618959e-01 6.815450165924878956e-01 6.846810833665770701e-01
7.007550518708702825e-01 6.981750764313329194e-01 6.826476187702823495e-01 6.863139751263835908e-01
7.020515181678375072e-01 6.999496883627254196e-01 6.837609628937559858e-01 6.879930603316956050e-01
7.033477808260240050e-01 7.016218064527028897e-01 6.849137365761316376e-01 6.896150956743274385e-01
7.046663419306911091e-01 7.034184882560741148e-01 6.861034706971940178e-01 6.913030298260969264e-01
7.060098487859871597e-01 7.051371407781252820e-01 6.873330925644149936e-01 6.929873611519604681e-01
7.073399154817605616e-01 7.068388399875580319e-01 6.885832564936333888e-01 6.945944339671226153e-01
7.087087753652464572e-01 7.085724340631984752e-01 6.898941302343312154e-01 6.962996249408109906e-01
7.100515694848101855e-01 7.103419456091027984e-01 6.911897310664807392e-01 6.980066436600205204e-01
7.114458842158767338e-01 7.120195374080797723e-01 6.925141467860912448e-01 6.997601843886989137e-01
7.127640380429824951e-01 7.137776586533737255e-01 6.938483371671728683e-01 7.014284357502503786e-01
7.140900319631429127e-01 7.154727561361091670e-01 6.952129715459605119e-01 7.031320819155107982e-01
7.154614373313871178e-01 7.172659885030718829e-01 6.965854205629553597e-01 7.048658973554876583e-01
7.167881439872798577e-01 7.189691396413609992e-01 6.979324401872173400e-01 7.065440275214079913e-01
7.181377600059951627e-01 7.205682246968652116e-01 6.993054492108590203e-01 7.082442556809218637e-01
7.195397111913357513e-01 7.223481340315214272e-01 7.007029203430253927e-01 7.099570431130609593e-01
7.208656032921059165e-01 7.239693083235700932e-01 7.020966241577499822e-01 7.116862877234748641e-01
7.222026955258115111e-01 7.256731684962535178e-01 7.034812405918883238e-01 7.133632711250122993e-01
7.234934599369208241e-01 7.273528745625184033e-01 7.048412930981116098e-01 7.149752487235616627e-01
7.248031627546299704e-01 7.289555552374019642e-01 7.061982655677776499e-01 7.166569038402738068e-01
7.261387276974807792e-01 7.306264537038337226e-01 7.075485434125298179e-01 7.182945662257191888e-01
7.274481250570188351e-01 7.322688692158323409e-01 7.089103268483885056e-01 7.199481845781274814e-01
7.287071218183476251e-01 7.338305744281009568e-01 7.102559973657287529e-01 7.215352858447789952e-01
7.299316018063572997e-01 7.352955330364461251e-01 7.116019987960875426e-01 7.231462077690389290e-01
7.311417252603318317e-01 7.367670777224958334e-01 7.129275345289916022e-01 7.247275848396053100e-01
7.322981898956065772e-01 7.381820717884237659e-01 7.142255281168137238e-01 7.262906651817901960e-01
7.334238032556139597e-01 7.395723211760462101e-01 7.155050160304448070e-01 7.277308612224233642e-01
7.345194817148665845e-01 7.408890669037058174e-01 7.167558163308527241e-01 7.291941729511746129e-01
7.356382731757223903e-01 7.422806132650554556e-01 7.180061584440040612e-01 7.306189117985801840e-01
7.367220387663073744e-01 7.436553335082841665e-01 7.191937543578699188e-01 7.319930966360470581e-01
7.378081462028698301e-01 7.449715082876025019e-01 7.203742738241082355e-01 7.333781503270585533e-01
7.388880426566226678e-01 7.462472045374324292e-01 7.215325202987137310e-01 7.347034399536648275e-01
7.399120402650889439e-01 7.475191009652033536e-01 7.226226241463462596e-01 7.359513824169637841e-01
7.408558041939813377e-01 7.486978141227234040e-01 7.237088843119940940e-01 7.372062161450133599e-01
