6.318347283947398640e-01 6.170612144783658159e-01 6.350016168919182524e-01 6.196727726800999037e-01
6.507326108772433226e-01 6.485831222854467892e-01 6.524349801737282517e-01 6.484310376447876001e-01
6.627321278460556186e-01 6.699380257091527291e-01 6.604870866540030194e-01 6.661847522185686543e-01
6.666820074548085451e-01 6.806991568263562886e-01 6.614763129406743269e-01 6.750915186551087466e-01
6.696462753652465683e-01 6.873531709438682746e-01 6.626425522374199684e-01 6.811203939558728715e-01
6.728781246334503141e-01 6.927395766392456800e-01 6.643754673510015030e-01 6.858453251806033713e-01
6.766125544122820745e-01 6.979044968874690280e-01 6.668101217026808358e-01 6.900960062479504220e-01
6.814761612297828286e-01 7.033935383374988470e-01 6.700797714195415589e-01 6.942753528670533303e-01
6.867292272152640820e-01 7.084970162621373468e-01 6.733416064981948557e-01 6.976233931710613678e-01
6.932071804663164638e-01 7.137192629103017438e-01 6.767179374812651860e-01 7.000811828555533189e-01
6.981045913214039000e-01 7.159265369128858802e-01 6.770679670903438918e-01 6.985048038298420359e-01
6.955399645179788370e-01 7.102284029923185971e-01 6.701918236585906463e-01 6.903500352269238416e-01
6.869914121453427613e-01 7.024892586416831008e-01 6.600709762606055131e-01 6.814458521795458967e-01
6.771006765694848051e-01 6.980135472617403636e-01 6.527266672721526719e-01 6.775378041917075045e-01
6.699593699904859978e-01 6.961097873338035757e-01 6.489096874226172318e-01 6.783142804137143322e-01
6.662303366393410586e-01 6.957748756938819668e-01 6.476131956708024440e-01 6.805347765522943293e-01
6.652588778362810151e-01 6.968461408985486827e-01 6.482261229456920404e-01 6.835736654943731505e-01
6.652434012889520965e-01 6.983490624506644151e-01 6.491961562772876615e-01 6.859809642590382062e-01
6.654382836020278358e-01 6.995733544119784320e-01 6.499785364725201298e-01 6.877278369794013191e-01
6.656527152380455892e-01 7.012078566941013502e-01 6.507562838854930032e-01 6.892379745795189638e-01
6.653292350349933049e-01 7.025835888209088775e-01 6.509889411923783786e-01 6.901478800157396787e-01
6.638892033976722118e-01 7.026870055724804276e-01 6.502046264287297817e-01 6.901265197730390710e-01
6.615173207001263656e-01 7.018703341264044271e-01 6.486085311208930060e-01 6.893044254670042115e-01
6.589281554236339211e-01 7.007137730105150730e-01 6.468582812561091133e-01 6.883972975564426333e-01
6.565597345853588784e-01 6.996466228771577311e-01 6.451478427729411269e-01 6.874595295633779690e-01
6.542699183164122356e-01 6.985707827451821395e-01 6.434337133368739359e-01 6.865903694086938902e-01
6.518252347547862646e-01 6.975199346437679360e-01 6.416087280395939008e-01 6.857072613354155965e-01
6.492216111248680921e-01 6.964188301483957844e-01 6.396197371593530523e-01 6.847835273670548339e-01
6.468513575375672842e-01 6.955129513393492058e-01 6.378965203426996133e-01 6.841197364337787690e-01
6.451510755385838625e-01 6.951219684736168469e-01 6.367240191534491167e-01 6.839141892344100526e-01
6.446615279099168205e-01 6.955089060476969953e-01 6.366007667814647109e-01 6.844802030697082484e-01
6.446922773657939310e-01 6.962249116605279120e-01 6.370553394495562793e-01 6.853057907545127003e-01
6.447793329445190569e-01 6.968393668167733868e-01 6.375658109629344095e-01 6.861143307226180710e-01
6.450175903178719805e-01 6.976257880407550349e-01 6.383641004379048134e-01 6.871090646523436707e-01
6.457476353464791652e-01 6.986359549403857727e-01 6.393663341516897525e-01 6.881761583304210061e-01
6.480347024918871046e-01 7.005012311736573682e-01 6.418302106683912989e-01 6.900358880074455303e-01
6.527728678205111379e-01 7.035279021528222376e-01 6.465328919394883744e-01 6.929785420902696558e-01
6.629915636525954836e-01 7.090840234936174324e-01 6.566453901474671451e-01 6.984028994681100722e-01
6.856783492877529529e-01 7.202423715033137164e-01 6.783970919567569036e-01 7.090019156592346494e-01
7.231051207822336568e-01 7.389532075511578979e-01 7.146543913888490085e-01 7.270476667956353722e-01
7.532399948194293815e-01 7.563364142907105236e-01 7.451824410017724443e-01 7.446518950821965355e-01
7.703627580510628015e-01 7.682476476806107124e-01 7.622076867123250832e-01 7.568531437394609984e-01
7.727956305634113843e-01 7.716005607341471784e-01 7.640739597723806842e-01 7.594679539029081106e-01
7.715959945066402925e-01 7.723307741893913336e-01 7.610209308084296964e-01 7.588317217570716977e-01
7.697514344315707913e-01 7.719180329579300448e-01 7.584452056914596785e-01 7.581152133923978464e-01
7.681250733099609374e-01 7.719997585557807351e-01 7.565537323322993890e-01 7.574096536262417967e-01
7.669699323267603619e-01 7.716103008748738112e-01 7.544391472340965521e-01 7.562269406101952418e-01
7.649633776016890874e-01 7.701079105596839725e-01 7.520948830461755552e-01 7.545950888847681171e-01
7.629147714684147985e-01 7.685474070558161452e-01 7.500857319266509560e-01 7.531906117628858199e-01
7.617587141107013959e-01 7.677231782872002697e-01 7.489903080158739623e-01 7.523383536526089266e-01
