5.972469869606015225e-01 6.086849254917967578e-01 6.151811234588616673e-01 6.177057361480773334e-01
6.034209075121531596e-01 6.344619238037201292e-01 6.229711722832957932e-01 6.436526683948800009e-01
6.093209339037390926e-01 6.496607442061418380e-01 6.304218570797873733e-01 6.590253894046363969e-01
6.122169828226615707e-01 6.576427600777254856e-01 6.338502686810072451e-01 6.668805721064547942e-01
6.138900790444290489e-01 6.620157571716946965e-01 6.357856771070911073e-01 6.713934829765104695e-01
6.152578189146215015e-01 6.647890096694814011e-01 6.373491138454820959e-01 6.744606924120987168e-01
6.174424557533657598e-01 6.675326402652280722e-01 6.395543945656141371e-01 6.776194967834714422e-01
6.207235856064852175e-01 6.712055439490645092e-01 6.428576955909759416e-01 6.814626732685850063e-01
6.232090987436301743e-01 6.737218456977440706e-01 6.453458051225742231e-01 6.842130078003496596e-01
6.255839342034954509e-01 6.761629652421616843e-01 6.475061834915742942e-01 6.864100647427692214e-01
6.281197461194594212e-01 6.785173804602195879e-01 6.499011791907232105e-01 6.887483348917375903e-01
6.312579215485669692e-01 6.812740527769229892e-01 6.527608276776055707e-01 6.914695369965797589e-01
6.347766978586975029e-01 6.842685606164156109e-01 6.560488812492668576e-01 6.946062233758277804e-01
6.386254708128609181e-01 6.875645968959530618e-01 6.594493179729958854e-01 6.978952651817238451e-01
6.421378325014011068e-01 6.906965348158125018e-01 6.625477838398781127e-01 7.010361928906861939e-01
6.451518900937064371e-01 6.934523620333974403e-01 6.650625955065880834e-01 7.037485356076127463e-01
6.475302892322329917e-01 6.957172207843117517e-01 6.670059458451171874e-01 7.059453152068351223e-01
6.494525375021178437e-01 6.976072685760588143e-01 6.684821997305452346e-01 7.077226958458657791e-01
6.509601772146125231e-01 6.991362249148804775e-01 6.696802066770711770e-01 7.092571227159156777e-01
6.524589586401490227e-01 7.005770500045578331e-01 6.708764572391143766e-01 7.106710828619764442e-01
6.543290753821893180e-01 7.022385750398562054e-01 6.724758362222887920e-01 7.123626726251752750e-01
6.567997228883473149e-01 7.042864388071945481e-01 6.746899243196835538e-01 7.144991460500538238e-01
6.600863509885440683e-01 7.070597826945929087e-01 6.776964727319527704e-01 7.173116668406245289e-01
6.643183721278786980e-01 7.105820741962494136e-01 6.816267775629162307e-01 7.208840140238056415e-01
6.696832358039332966e-01 7.150879251860728925e-01 6.865063191150021504e-01 7.253095840587019394e-01
6.760742352956509160e-01 7.204803642418999843e-01 6.925990641576196261e-01 7.307028248696452177e-01
6.836282158636239892e-01 7.267875458738771721e-01 6.998460338089249611e-01 7.370351634742760005e-01
6.921104838131605375e-01 7.339424343329334910e-01 7.079120895456736395e-01 7.439414445298990763e-01
7.008147180335986270e-01 7.410087558739262281e-01 7.164637474097148573e-01 7.510127226726965866e-01
7.093548193968381987e-01 7.478451845995829350e-01 7.249928268239518303e-01 7.578171111363425361e-01
7.175053597727064636e-01 7.539694477591900590e-01 7.332580921978651967e-01 7.640296909300705597e-01
7.250676895306857883e-01 7.592691052011314445e-01 7.410382390865905000e-01 7.694949546580873712e-01
7.322465674647133937e-01 7.640013133082909080e-01 7.484110829591809066e-01 7.743699311494725013e-01
7.392888037769291820e-01 7.681998491375787719e-01 7.555965536987319098e-01 7.787592814181730771e-01
7.467118446089483497e-01 7.722714550104121667e-01 7.629390553930065488e-01 7.828578821894511819e-01
7.546994739603019031e-01 7.762334782922573062e-01 7.706455868625292638e-01 7.868990314457130486e-01
7.629782049485853701e-01 7.800121031276029404e-01 7.784618287251234836e-01 7.905846784774108738e-01
7.709776453492160897e-01 7.829857193191188669e-01 7.855709603767806470e-01 7.933088900252136533e-01
7.776105677123381632e-01 7.846148241883437180e-01 7.909876246676615930e-01 7.945212260043093000e-01
7.817996210689568404e-01 7.840895507545158072e-01 7.938339348144117791e-01 7.936122636236691008e-01
7.832627657078810035e-01 7.816432165327346082e-01 7.940233697901054599e-01 7.905930300736945249e-01
7.823661441567073549e-01 7.774840605964876694e-01 7.919609416745949648e-01 7.860621619950975969e-01
7.798630162650366238e-01 7.727028765067731619e-01 7.885183517232727812e-01 7.807842858101115002e-01
7.764836307002567217e-01 7.677334490590957961e-01 7.844987258321494128e-01 7.754940903747775671e-01
7.729356322251039746e-01 7.632650660306479207e-01 7.805105366777881359e-01 7.708276378299299125e-01
7.695206098737115141e-01 7.593535213288984398e-01 7.767928816435114570e-01 7.667318154585586187e-01
7.665301743799606271e-01 7.561325950102394389e-01 7.735956000583221748e-01 7.633798694832163445e-01
7.639962970324128966e-01 7.534003730170962809e-01 7.709681252362209358e-01 7.606379183898577256e-01
7.619397489866934770e-01 7.512113892627898526e-01 7.689063844015953109e-01 7.584607013444686352e-01
7.604206036830923887e-01 7.494761871080846127e-01 7.673774644365234376e-01 7.568030364683129285e-01
