6.823047674282214370e-01 7.100069882841915092e-01 6.869058074929296209e-01 7.066298355015999677e-01
7.013507971236428995e-01 7.291589976398964446e-01 6.999843554506770538e-01 7.245324516553676153e-01
7.075033356032269793e-01 7.351128424518865723e-01 7.029633362630165472e-01 7.292325874869034497e-01
7.100696933362875551e-01 7.371882287546170920e-01 7.033887376757810284e-01 7.301374135072048466e-01
7.115993260370916396e-01 7.382707643900011663e-01 7.034485565675950847e-01 7.303056952775729416e-01
7.134637408932736902e-01 7.397695586589235761e-01 7.043933641452383432e-01 7.312643345290459340e-01
7.153233702381107673e-01 7.425219222644154904e-01 7.066934896274550404e-01 7.340577924564410939e-01
7.154724338255419314e-01 7.440666882858751885e-01 7.078208084622501506e-01 7.360703275117324029e-01
7.147325123160734872e-01 7.450061952835214107e-01 7.083581857495209189e-01 7.376042672721012661e-01
7.135879605494661604e-01 7.454935492000152042e-01 7.085623336271161810e-01 7.388868733902356212e-01
7.126505094227735260e-01 7.459208418887550707e-01 7.090113571384353275e-01 7.402599147999131546e-01
7.130258156954997206e-01 7.470849455061503441e-01 7.103819479515568469e-01 7.420627856369519382e-01
7.149228127565848689e-01 7.489708392852203467e-01 7.130303721132167372e-01 7.444908572426982563e-01
7.184340544318315036e-01 7.519275062717387659e-01 7.169743461973308030e-01 7.476042893528793698e-01
7.233514218874220747e-01 7.558005267847935915e-01 7.220433736348056408e-01 7.514598388731821288e-01
7.292531792086434095e-01 7.603733459274122364e-01 7.279793422711752227e-01 7.559405963904682890e-01
7.362380912041079917e-01 7.658194377978378986e-01 7.349268356406964964e-01 7.611918475575012444e-01
7.447901054360150930e-01 7.725095154437611189e-01 7.433617830285810246e-01 7.676559991613136624e-01
7.557147151012002517e-01 7.811135556527631918e-01 7.540745065425067395e-01 7.758445900404004059e-01
7.698594648047023536e-01 7.921165903464338909e-01 7.679692641879209969e-01 7.864221418205394887e-01
7.869319292575167601e-01 8.051861365752627231e-01 7.847558452475594803e-01 7.990521982611571428e-01
8.037125793376689309e-01 8.176140829838243196e-01 8.016366346980933200e-01 8.115642259881549192e-01
8.133634284299287032e-01 8.245213399455921799e-01 8.122850083573355251e-01 8.192314040888677429e-01
8.117392055155157049e-01 8.225142808516044957e-01 8.126870676748687572e-01 8.183397265011636001e-01
8.022074851099323389e-01 8.135592111149998473e-01 8.042515602803372854e-01 8.099421532509920585e-01
7.908123680420702240e-01 8.026632941673675914e-01 7.928861235647539640e-01 7.987093864852268243e-01
7.818197813082405911e-01 7.936673179913884546e-01 7.834726154713340662e-01 7.891824154607822717e-01
7.775796146176805479e-01 7.891321601887739678e-01 7.789013830331426025e-01 7.841225605066612925e-01
7.783666785048677372e-01 7.893402275700169834e-01 7.796796904527624195e-01 7.840688731153557800e-01
7.829676931147285801e-01 7.928288634178837224e-01 7.843617278424717121e-01 7.874291573689353729e-01
7.889316620834365690e-01 7.970200006146219707e-01 7.906138711406378583e-01 7.918752243047078032e-01
7.946667410627011874e-01 8.003165592281040741e-01 7.965732073270862523e-01 7.958684860380270676e-01
7.996294181469849605e-01 8.027895383404249907e-01 8.015946341995856539e-01 7.989975702779985589e-01
8.045120651904755782e-01 8.056996141723964389e-01 8.061612338555176338e-01 8.023015290190109727e-01
8.095686197526358319e-01 8.097562493292324026e-01 8.108564568562733887e-01 8.063713878837182047e-01
8.153985944036803435e-01 8.153159878350055845e-01 8.160585113272036395e-01 8.114707965135321555e-01
8.221243760507761511e-01 8.220787217031256811e-01 8.220896047289811825e-01 8.176472948839320631e-01
8.299217049616181008e-01 8.298785625491165163e-01 8.289084238439832220e-01 8.247109579906557464e-01
8.381290605572861985e-01 8.378234968882964928e-01 8.360766871065699046e-01 8.319656623457010181e-01
8.459024619114025034e-01 8.450977070257075230e-01 8.427131222386581300e-01 8.385623767416320318e-01
8.521755545491274120e-01 8.507659488567955730e-01 8.477054542203730225e-01 8.433283287286809093e-01
8.560475423242842608e-01 8.538388363805301529e-01 8.505188512492017905e-01 8.456198872419313783e-01
8.574117185158153243e-01 8.542205700297604842e-01 8.512040957460673685e-01 8.455909442552619337e-01
8.569453857081416048e-01 8.525691241192804304e-01 8.504419776095089034e-01 8.439556868581320481e-01
8.557569497843058315e-01 8.501743424569386809e-01 8.491200564649610261e-01 8.415879762503069017e-01
8.547135046722881269e-01 8.480825047005641215e-01 8.481022189296094638e-01 8.394902307146026033e-01
8.542600011077949862e-01 8.468067295372525560e-01 8.477928152572691278e-01 8.382314275344825427e-01
8.546890680186109979e-01 8.467795848415786697e-01 8.484266664168698124e-01 8.382532227518812995e-01
8.559467411278656179e-01 8.479006012285853489e-01 8.499431389614747756e-01 8.395795430917210034e-01
8.576974237250583055e-01 8.499442928202380898e-01 8.520747533527088802e-01 8.419181283220840140e-01
