7.152503657352500266e-01 7.296284430068570304e-01 7.076769122088780728e-01 7.221160171211639112e-01
7.376620353777580963e-01 7.593403231507254159e-01 7.380642728792241591e-01 7.560129515466142980e-01
7.442630882717095053e-01 7.677293185220284144e-01 7.480327984692879406e-01 7.666631339322601546e-01
7.454922519516742341e-01 7.695352741819059261e-01 7.509458257715466711e-01 7.699940527963867742e-01
7.460194727547602156e-01 7.703080861950252212e-01 7.524642837942628892e-01 7.717935603185316351e-01
7.514259805614564858e-01 7.756087033435619116e-01 7.576494617012472510e-01 7.773153837181940862e-01
7.544640675298779353e-01 7.786803759940027492e-01 7.597680941202152871e-01 7.801316817614164512e-01
7.555538404644919215e-01 7.799719916116327756e-01 7.592791319530425298e-01 7.806284244694203789e-01
7.542057517366315134e-01 7.789908858859629914e-01 7.564599057641178126e-01 7.787824288808546935e-01
7.500964229626346791e-01 7.755669234863095118e-01 7.515385928071525168e-01 7.746964289889264332e-01
7.446189470408841604e-01 7.710682379246711626e-01 7.455899222018402828e-01 7.697097274514155263e-01
7.392541851842198142e-01 7.666822047301680154e-01 7.400560383378514961e-01 7.650451463574474698e-01
7.352179627324739730e-01 7.634002316409028710e-01 7.360983186360436914e-01 7.616122412535391017e-01
7.330280312854331459e-01 7.615153955812257180e-01 7.342598931792412298e-01 7.598247170730429989e-01
7.334093449021883426e-01 7.615518210432377089e-01 7.349617596915767326e-01 7.598991214928016991e-01
7.372900891449126748e-01 7.640716273867336206e-01 7.393656265069269429e-01 7.625774345795468534e-01
7.460407530073374094e-01 7.700965495738938404e-01 7.489620276802121390e-01 7.688832278126076503e-01
7.611304884724159336e-01 7.807336986647758215e-01 7.653086980639652870e-01 7.800291498439216875e-01
7.824882256057030805e-01 7.962161598751340552e-01 7.881932933196704738e-01 7.961758432974576083e-01
8.065183144573759844e-01 8.142735147037812871e-01 8.134531058579546059e-01 8.149362886877824508e-01
8.256491597049354647e-01 8.295668160578641981e-01 8.334788926367474593e-01 8.313785631278803878e-01
8.341154420101917211e-01 8.373464002290840202e-01 8.433828138236520999e-01 8.410391634604772459e-01
8.329656974546781889e-01 8.368978577235079985e-01 8.431971716202479872e-01 8.426307218983409841e-01
8.258806969985271751e-01 8.307222504840146016e-01 8.369046823886666653e-01 8.379542231672068020e-01
8.177344330370525105e-01 8.231294881391527651e-01 8.290835277404893233e-01 8.309218889816558651e-01
8.126187214091152855e-01 8.181393314565033048e-01 8.235861715827783591e-01 8.255607293928517443e-01
8.121320247233769773e-01 8.172657267706431305e-01 8.221361871000534283e-01 8.235894500586304900e-01
8.151234784110310549e-01 8.193395344025136140e-01 8.241051195604008894e-01 8.241323850702719778e-01
8.197965811492393673e-01 8.227584378945075327e-01 8.276101757076855803e-01 8.254890625676873928e-01
8.244855677123382742e-01 8.259927146001180276e-01 8.311732179977583401e-01 8.269142600553245348e-01
8.288917000091229337e-01 8.293270489971095172e-01 8.344182528770086593e-01 8.286879041283068403e-01
8.333497601949719780e-01 8.332880089899774578e-01 8.380192992545191233e-01 8.317258770408934021e-01
8.382179488850369786e-01 8.382338148198932304e-01 8.424542973484602237e-01 8.363960403890080553e-01
8.434429127187894615e-01 8.441077196989510423e-01 8.477397928097589741e-01 8.425670406726102346e-01
8.485634098580719931e-01 8.502029541992370820e-01 8.531688027017163556e-01 8.494051495931020934e-01
8.526152106765367833e-01 8.554339602389630093e-01 8.578668511905537253e-01 8.555945179057506955e-01
8.551619172672653146e-01 8.589308475662402742e-01 8.610106775958242808e-01 8.598251145608735158e-01
8.559986690169296697e-01 8.600790061341776482e-01 8.622729834873384958e-01 8.612894346789080613e-01
8.554840738182434290e-01 8.589977847778118569e-01 8.619020554483962648e-01 8.602345094000407588e-01
8.543278128217492995e-01 8.567305508482585541e-01 8.605297591604869067e-01 8.576102971656052176e-01
8.530068080517145823e-01 8.540876628416684824e-01 8.587922876291884666e-01 8.542838813610258430e-01
8.518100229378721133e-01 8.516346713081563990e-01 8.570961547703606076e-01 8.511035759227267850e-01
8.512400379908509063e-01 8.501056970125753232e-01 8.559778469516088339e-01 8.488023793527493810e-01
8.515338887513195232e-01 8.499429150039612413e-01 8.558475435868446723e-01 8.480661328336916993e-01
8.526484037977819508e-01 8.513205679535228443e-01 8.568902759631299437e-01 8.492607379480558993e-01
8.545131241121348697e-01 8.540692301551807697e-01 8.589020998416505570e-01 8.520987569761013791e-01
8.566798407381823743e-01 8.575119943716693616e-01 8.614886687236898988e-01 8.559122468925903782e-01
8.587207085977923704e-01 8.608802855825994360e-01 8.641180526593595923e-01 8.598922648182993900e-01
8.602528867833544313e-01 8.636648531266513107e-01 8.662291249885961664e-01 8.632346895933722397e-01
8.611690576574698719e-01 8.654457440231497767e-01 8.676846331732460671e-01 8.657135278640001319e-01
