8.304177690312658511e-01 8.262080082990592711e-01 8.343100952296393924e-01 8.304620609505503070e-01
8.564204049316425094e-01 8.453895805794005014e-01 8.694081045383752482e-01 8.613566005795385561e-01
8.793786410613977367e-01 8.642469474863051504e-01 8.903264910024240031e-01 8.760799822420620719e-01
8.861738635326930069e-01 8.696559121123392799e-01 8.959221537814907599e-01 8.794191088085575592e-01
8.885639719011064752e-01 8.718277249076609170e-01 8.977647283784486731e-01 8.806235545858138725e-01
8.896864288600139226e-01 8.730774853396079394e-01 8.986260440560283058e-01 8.815108725267666312e-01
8.904527215915755134e-01 8.739307385197546685e-01 8.993288778525719840e-01 8.822608329313976760e-01
8.910650634049707142e-01 8.746311514070608251e-01 8.999229685402519996e-01 8.829663255910916719e-01
8.912978225312463421e-01 8.751593141579071533e-01 9.001736733340718333e-01 8.835668646640389978e-01
8.913652269676394235e-01 8.754967180728412401e-01 9.002539324684930566e-01 8.840105678475240758e-01
8.912931388392915100e-01 8.756176984819694642e-01 9.002541361072735615e-01 8.842928250972754700e-01
8.912723676836658004e-01 8.758227589992513273e-01 9.002213757184377441e-01 8.845254399093588349e-01
8.912870296758722555e-01 8.759969903035109695e-01 9.002285285306077522e-01 8.846892899619177575e-01
8.913556559449491434e-01 8.761081288707734949e-01 9.003071076450885890e-01 8.848221351441561966e-01
8.914236712976839616e-01 8.761784288722734848e-01 9.003801121479492187e-01 8.849073138757655999e-01
8.914568644189289071e-01 8.762445291032442407e-01 9.004181925999296121e-01 8.850150457351970701e-01
8.914682681906450634e-01 8.763547537430704804e-01 9.004034287883329046e-01 8.850910674378339449e-01
8.914468861186773951e-01 8.764055905043215411e-01 9.003622173901002501e-01 8.851546688217422076e-01
8.914081947503551540e-01 8.764668465259598529e-01 9.002990639132530948e-01 8.851902186921182247e-01
8.913570814164136769e-01 8.764824580506108687e-01 9.002309212862803500e-01 8.851995797074119210e-01
8.912933424780722369e-01 8.764891572406864340e-01 9.001648914116567868e-01 8.852235104011616507e-01
8.911069111743930016e-01 8.764313416813839241e-01 8.999988239860416961e-01 8.851831194108722434e-01
8.907363904130120025e-01 8.762428028641234823e-01 8.996270050274342012e-01 8.850214513378498182e-01
8.903203563841572965e-01 8.760321360311579264e-01 8.991645668114403023e-01 8.847814541635498076e-01
8.898554490479479995e-01 8.758047360227830813e-01 8.986790155938433333e-01 8.845278029964172006e-01
8.893579595068357158e-01 8.754967811359669616e-01 8.981764350832150967e-01 8.842742765440161357e-01
8.887887891149369723e-01 8.751415677697650386e-01 8.975784752587027127e-01 8.839256519676949031e-01
8.880603731965749370e-01 8.746601311777013610e-01 8.968615903862946492e-01 8.835099203789811284e-01
8.872350252186266273e-01 8.741497780527028860e-01 8.959893800339505665e-01 8.829451058977383360e-01
8.862687592044727891e-01 8.734580053705515157e-01 8.949785934913786489e-01 8.822873053366921958e-01
8.852302014231906435e-01 8.727256840957089423e-01 8.939002752381758343e-01 8.815396346380584003e-01
8.840949152211028395e-01 8.719132354673531093e-01 8.927589816920590282e-01 8.807689368387594531e-01
8.828773589516349940e-01 8.710702026919017182e-01 8.914990940110648632e-01 8.798754373177549715e-01
8.814267380977205413e-01 8.700078619678190961e-01 8.900787644257711628e-01 8.788526377858011385e-01
8.798168717173429076e-01 8.688355270739354097e-01 8.885141567643914939e-01 8.777177469551213917e-01
8.780993822413949434e-01 8.675646217771253443e-01 8.867903799410913335e-01 8.764868449629766856e-01
8.762440293109514666e-01 8.662116156974635217e-01 8.849459471402599808e-01 8.751372333078724086e-01
8.742984644006828177e-01 8.648033035695648074e-01 8.830309025922402633e-01 8.737150981158265939e-01
8.723087098750146318e-01 8.632871672564522703e-01 8.810988032963417149e-01 8.722684172119119506e-01
8.703285263720366149e-01 8.617866926230275393e-01 8.791771659427985997e-01 8.708505457738102695e-01
8.683658558041940090e-01 8.603385099096895194e-01 8.772663468994773561e-01 8.694301127597394707e-01
8.664135708141642578e-01 8.588948799946083401e-01 8.753793281386438307e-01 8.680081878123462324e-01
8.645242102073531498e-01 8.575027623931801291e-01 8.735719575958893479e-01 8.666935928772281361e-01
8.628248445828827773e-01 8.562780360207948860e-01 8.719049959923887982e-01 8.654727671056900995e-01
8.612643606068109969e-01 8.551465086330578558e-01 8.703567303431558599e-01 8.643380134345278742e-01
8.597651719037130436e-01 8.540419352483231696e-01 8.689344407345984678e-01 8.633171229656599888e-01
8.584787857263875832e-01 8.531221693390220739e-01 8.676888841327919932e-01 8.624302517475705976e-01
8.574211877191153519e-01 8.523828613487515193e-01 8.666536354816953835e-01 8.617030443276589846e-01
8.565920724237250372e-01 8.518115581275897963e-01 8.658561096521524281e-01 8.611541077766197150e-01
8.559993817526618809e-01 8.514231818450355149e-01 8.652719463550286871e-01 8.607532766076406716e-01
