8.590372650823026035e-01 8.438648768638934428e-01 8.514743244079814311e-01 8.399335633088347297e-01
8.788204671636539178e-01 8.653951628625536907e-01 8.752509847971432499e-01 8.609751446715216971e-01
8.907704999087698861e-01 8.731992983504222039e-01 8.882332116116462561e-01 8.702534354419572127e-01
8.943970011338606696e-01 8.752097654295641904e-01 8.927843092654016433e-01 8.735594091781258008e-01
8.957249296224373269e-01 8.758631563094285699e-01 8.946164219200041234e-01 8.749296734298337430e-01
8.963167039189876562e-01 8.761024598526292451e-01 8.954372898447784390e-01 8.754943597341847683e-01
8.968097134069257237e-01 8.764328813735419166e-01 8.961125051316972678e-01 8.760813019474005259e-01
8.973819383805341499e-01 8.772749732725532157e-01 8.968943762299782518e-01 8.770350516403058183e-01
8.977957323828018588e-01 8.781791854621654458e-01 8.975470894316359693e-01 8.779999513923250065e-01
8.980132186005291839e-01 8.789783493090940203e-01 8.979395777264790324e-01 8.787918130233862701e-01
8.981555621081991347e-01 8.797224158771579372e-01 8.981458383564233650e-01 8.794634165271044690e-01
8.981814242333409082e-01 8.804912538568180347e-01 8.982798835837819684e-01 8.800750209352266040e-01
8.983778338372713224e-01 8.812285358798036539e-01 8.984688603722190692e-01 8.806469049340943656e-01
8.990641983474305654e-01 8.820620995226402528e-01 8.989929756839004638e-01 8.813130759879674869e-01
9.001691423712024909e-01 8.829276260221112782e-01 8.999668526974806682e-01 8.821019346600118549e-01
9.008582560049003263e-01 8.832047609247192232e-01 9.007177197914086886e-01 8.826068599792327163e-01
9.009570208135123659e-01 8.830059852090679229e-01 9.009436824733804139e-01 8.826888635160214935e-01
9.008401321534229567e-01 8.827715545972463218e-01 9.009429442828005286e-01 8.826993097373929675e-01
9.010680039489631366e-01 8.830447669640472119e-01 9.012103983663282136e-01 8.830827252712103448e-01
9.016719965723518637e-01 8.837750506452569654e-01 9.018179292135307668e-01 8.838133877066909339e-01
9.027698132388016772e-01 8.849847175825275025e-01 9.028998111453947484e-01 8.851192688494617933e-01
9.042427325391964033e-01 8.866045464875104143e-01 9.043322826929842684e-01 8.868595648127259867e-01
9.051230629879184475e-01 8.876940869228104880e-01 9.052677228867181958e-01 8.881133891499211064e-01
9.049723702902422451e-01 8.877432924741198716e-01 9.052943741121349808e-01 8.883416654717453120e-01
9.044287565653141847e-01 8.874748067236847282e-01 9.049794212830220008e-01 8.882896567384329645e-01
9.042372342921189965e-01 8.881310070084235120e-01 9.050784406401100046e-01 8.890803792528667593e-01
9.046094859831353974e-01 8.899374751709470122e-01 9.056908588180477837e-01 8.908631577274284119e-01
9.047459239661664876e-01 8.921462223705349803e-01 9.062671820221167573e-01 8.931239681372347139e-01
9.027807079135660162e-01 8.925244701707680806e-01 9.048671144954971712e-01 8.935020300704554774e-01
8.972090490557677045e-01 8.889671997419232863e-01 9.000427590529656019e-01 8.899882369088738532e-01
8.899405700582571077e-01 8.833831098473952093e-01 8.936553996044520609e-01 8.846358618513755490e-01
8.848160001433615918e-01 8.794311279376400003e-01 8.891300368016004096e-01 8.808470405379545953e-01
8.839237568259719069e-01 8.790271948136867408e-01 8.884734799179578868e-01 8.805187513079286710e-01
8.900726298075044562e-01 8.843365627246164706e-01 8.941958314734324009e-01 8.857102311398759031e-01
9.057604523713329581e-01 8.978044767695887440e-01 9.087205965964628707e-01 8.988329192416528723e-01
9.240404947933635871e-01 9.143886024303969906e-01 9.257218129308995014e-01 9.149038737261634413e-01
9.334351662995739041e-01 9.240292438161101796e-01 9.335416184721553323e-01 9.232571367803399376e-01
9.333691873346453560e-01 9.244345880566012807e-01 9.319799635730948717e-01 9.227006422309413924e-01
9.283076436223591799e-01 9.203468531065372993e-01 9.261222176833401321e-01 9.181830138866408086e-01
9.220373001081727526e-01 9.166599652518674368e-01 9.194261418433709032e-01 9.137940562010028467e-01
9.138882870231596067e-01 9.110000104189137637e-01 9.105141960666761625e-01 9.074523560298430880e-01
9.021532968304031286e-01 9.014064591670879478e-01 8.974491391781463934e-01 8.969378567481260944e-01
8.893595886170807541e-01 8.918208650668428827e-01 8.827291608290216418e-01 8.860897174742359272e-01
8.796468333355055291e-01 8.863495613850740362e-01 8.719196834394427054e-01 8.798265577988078068e-01
8.736020197708820323e-01 8.840011560812279789e-01 8.657552830008861111e-01 8.772728529420521504e-01
8.715010784709822378e-01 8.831869940306473765e-01 8.632197001785506529e-01 8.761805039210806001e-01
8.722728694496213464e-01 8.827743934641454349e-01 8.625940454798706192e-01 8.750199482874687629e-01
8.727939810892884065e-01 8.815901371980927603e-01 8.620016348121311012e-01 8.731917357366247856e-01
8.742923552372636742e-01 8.821605138588910489e-01 8.632000999459136237e-01 8.734672993208858482e-01
8.780883857472403520e-01 8.859143953939923044e-01 8.671616378748582266e-01 8.772402131597547559e-01
