8.649843829419123775e-01 8.511453501944680200e-01 8.596851291354964397e-01 8.483716989786662666e-01
8.836136658727469229e-01 8.682210826506255863e-01 8.807374971897848903e-01 8.654627936529450949e-01
8.932804496995920829e-01 8.737812009176019190e-01 8.904321158924592972e-01 8.716466224821270981e-01
8.964011631032595684e-01 8.753759151629644242e-01 8.935971970954593724e-01 8.735613325455449107e-01
8.974182879028789195e-01 8.757665621279752122e-01 8.948195006940009577e-01 8.743057293955958098e-01
8.978546858097982142e-01 8.758928507784201622e-01 8.953450923868420119e-01 8.745724529854137508e-01
8.981477220151441454e-01 8.760527017206990452e-01 8.957617500594625692e-01 8.748994323305547827e-01
8.985724106921764154e-01 8.766581055441928783e-01 8.962279301380507990e-01 8.754561956057969052e-01
8.989733754512636565e-01 8.773888658323909517e-01 8.966673953541033359e-01 8.760700950759586769e-01
8.992902373939448690e-01 8.782031899522702023e-01 8.969485823279008674e-01 8.766149919215351360e-01
8.996001756180844744e-01 8.790402807765563820e-01 8.971104624310886066e-01 8.771033780536396929e-01
8.997523956066155737e-01 8.797768368410269213e-01 8.972157564081051362e-01 8.775492681286292118e-01
8.999472270099961868e-01 8.804735666396045213e-01 8.973164939674047602e-01 8.779566504406867145e-01
9.003938577656426245e-01 8.812075821073392934e-01 8.975755352238071749e-01 8.783900717373479550e-01
9.010407163523569407e-01 8.818653223336938574e-01 8.980677810663177940e-01 8.788584625255848604e-01
9.015607079787302247e-01 8.820969781710439328e-01 8.985417757831133390e-01 8.791640210148718992e-01
9.016204759608492658e-01 8.819199455538540011e-01 8.986614517490127962e-01 8.791534650826432484e-01
9.015007363578306787e-01 8.816976728758104676e-01 8.986022819558120434e-01 8.790800328285949261e-01
9.015895228661914285e-01 8.818266979336237821e-01 8.987001049350636928e-01 8.792449320647461875e-01
9.019300069074274173e-01 8.823075503929791452e-01 8.990049140074156675e-01 8.796442564027446842e-01
9.025425523596033450e-01 8.830593999020805995e-01 8.995684843328467517e-01 8.803696696297509394e-01
9.033645912073662299e-01 8.840406233447499762e-01 9.003291769979406833e-01 8.813306097127314720e-01
9.038767936503799838e-01 8.847480643980836224e-01 9.008239301429381563e-01 8.820361144371409168e-01
9.037923853758031978e-01 8.848859500664559841e-01 9.007747641048364784e-01 8.821451838824506675e-01
9.033815441358545861e-01 8.847546754337541897e-01 9.004343691555669604e-01 8.820175697548917615e-01
9.030801587405021813e-01 8.850397399990466152e-01 9.002227120979355846e-01 8.822406574483820929e-01
9.030611185145120956e-01 8.859356891541019241e-01 9.002608434596108822e-01 8.829758046017024409e-01
9.029281423907518089e-01 8.870809298137245502e-01 9.002787382174601838e-01 8.839655948480822367e-01
9.017339536713628867e-01 8.872730058080651183e-01 8.992781208864967235e-01 8.840065769833951315e-01
8.986728046110336043e-01 8.854900986584535172e-01 8.965262482242699615e-01 8.820789264482765679e-01
8.947202776981324490e-01 8.826678236423868285e-01 8.929126907891735687e-01 8.791785316916773674e-01
8.917450642032347385e-01 8.805834174751028254e-01 8.901167430583611928e-01 8.769577737785334559e-01
8.907784927309100320e-01 8.801199385073656956e-01 8.891778028230850062e-01 8.764086581119967523e-01
8.932734750713551275e-01 8.824372756890673797e-01 8.913676069958881287e-01 8.785170399159053511e-01
9.005235756689127236e-01 8.888383460254667412e-01 8.979326285530894181e-01 8.846164720065599063e-01
9.090021781203978524e-01 8.967630114946769648e-01 9.056516201705026026e-01 8.921184043533501029e-01
9.129499704316490494e-01 9.011957321804406895e-01 9.086825034170586957e-01 8.957012910529511540e-01
9.120606289668835576e-01 9.009056106811906828e-01 9.069112533030210255e-01 8.947460438223215906e-01
9.085614019796948160e-01 8.982495482134265075e-01 9.028857727969542557e-01 8.916917302198896778e-01
9.043766250374694060e-01 8.957012432698998605e-01 8.983359860678492570e-01 8.885892812653855000e-01
8.991714141654394421e-01 8.920790446602466783e-01 8.926253564696855491e-01 8.844782235841708307e-01
8.921595709412347697e-01 8.864905598084615868e-01 8.847645813512491353e-01 8.782262924293060546e-01
8.845100328754447183e-01 8.808121966988775586e-01 8.760029591769409318e-01 8.717629626166674139e-01
8.783693054451381377e-01 8.771885473644832620e-01 8.691132864936986779e-01 8.675556573850857767e-01
8.739935662363643720e-01 8.750563414203038626e-01 8.644711495775716514e-01 8.651524953524926120e-01
8.715421116852819505e-01 8.736706979635870951e-01 8.616285303837206699e-01 8.634824481677736419e-01
8.706036423646861255e-01 8.725400481917527928e-01 8.597824812000677275e-01 8.618179060245569900e-01
8.696626275593323241e-01 8.711344924374562204e-01 8.580813846459618421e-01 8.598975980686917042e-01
8.692622737165869307e-01 8.706087638871470302e-01 8.573739435220060212e-01 8.591194027397703881e-01
8.701509533553155595e-01 8.717889832956172702e-01 8.581879004556620671e-01 8.601807734312671982e-01
