8.462376513443418125e-01 8.396281861956786940e-01 8.480619748155846516e-01 8.403819779026980852e-01
8.812375576705027136e-01 8.712339821534296203e-01 8.834878171063091923e-01 8.724670488454757677e-01
8.894652771442348449e-01 8.776604805038770163e-01 8.913748743548723930e-01 8.790795684783451192e-01
8.925402227319527704e-01 8.798174384084321842e-01 8.940627535302818618e-01 8.811191102756736893e-01
8.940391059768796334e-01 8.807190557917105034e-01 8.952570695239088217e-01 8.819507592091220260e-01
8.949142436366954723e-01 8.812011551299364642e-01 8.961023995572078293e-01 8.825824683590159925e-01
8.944674601519634338e-01 8.810098978997208397e-01 8.958256799091608436e-01 8.824940578404473213e-01
8.937827247520494511e-01 8.806244923542435599e-01 8.953836310260787634e-01 8.822791516683140545e-01
8.931350516102124493e-01 8.801859200131738614e-01 8.949977864464544464e-01 8.821760833043688077e-01
8.925952052027265049e-01 8.798463873766841914e-01 8.946885355031994891e-01 8.820683495212504610e-01
8.922596084922258530e-01 8.796268579379915575e-01 8.945391919124451308e-01 8.820599280008607490e-01
8.922378191426970639e-01 8.796354390500985554e-01 8.945548211888596501e-01 8.821270386333436297e-01
8.923950282813537527e-01 8.797499209885115690e-01 8.947477943883668239e-01 8.823213618510623579e-01
8.926974318706094591e-01 8.799419294183872253e-01 8.949835317318093342e-01 8.824981458214412600e-01
8.930667307993066517e-01 8.801762391162460952e-01 8.952841025720392754e-01 8.827038559729875056e-01
8.934386770321521842e-01 8.803989895127765086e-01 8.956071754975302168e-01 8.829284241958456070e-01
8.936357993718151427e-01 8.805059775683887757e-01 8.957932249784957834e-01 8.830844136818680745e-01
8.936315229574216534e-01 8.805096706910915394e-01 8.958157016089093316e-01 8.831301182535635785e-01
8.934879576170680071e-01 8.804217536395388954e-01 8.957389297886065860e-01 8.831073847534446353e-01
8.933169010413271049e-01 8.803131664183692084e-01 8.956629979782742002e-01 8.830932963560729210e-01
8.931040985155547229e-01 8.801601466329490586e-01 8.955457784051662484e-01 8.830657656372222775e-01
8.928648229482984977e-01 8.799799623810740101e-01 8.954202096420519341e-01 8.830313892217247496e-01
8.926149581644488018e-01 8.798104796920733772e-01 8.952591059117153138e-01 8.829671710188884415e-01
8.923394348942381704e-01 8.796074505881842365e-01 8.950580635255248607e-01 8.828501066104900152e-01
8.920229802291180787e-01 8.793919837600048250e-01 8.948503774241159947e-01 8.827518397571385567e-01
8.916515430932242525e-01 8.791411170244458617e-01 8.945959307677019412e-01 8.826000499249087028e-01
8.911746210689570624e-01 8.787796025470466788e-01 8.942858143596292830e-01 8.824177054001003384e-01
8.906500475700190878e-01 8.784133899388061328e-01 8.939063844015953109e-01 8.821778363767712738e-01
8.900568478020044472e-01 8.779614787543761345e-01 8.934792520591953169e-01 8.818973462023498300e-01
8.894493933193445834e-01 8.775108320774407389e-01 8.930125628836553808e-01 8.815963701985426448e-01
8.887828835902982227e-01 8.769989994533557987e-01 8.925324335485931293e-01 8.812945063309397531e-01
8.881377559332195304e-01 8.765431844280014984e-01 8.920411804451381377e-01 8.809619631834635367e-01
8.874883518617471267e-01 8.760576006250045955e-01 8.915470763987540792e-01 8.806168357417056836e-01
8.868605335010230073e-01 8.755822961990676889e-01 8.910484668443483525e-01 8.802553133046064904e-01
8.862734428964276212e-01 8.751240925927045167e-01 8.905733775691069276e-01 8.799071528284276855e-01
8.856845195428064699e-01 8.746553411386761567e-01 8.901111175370459705e-01 8.795659842246965621e-01
8.851159600672496852e-01 8.742518399895624626e-01 8.896450647326956673e-01 8.792162494165203235e-01
8.845053491834899972e-01 8.738280078931154327e-01 8.891656226785180639e-01 8.788732449686994519e-01
8.838318139165114440e-01 8.733398776646357220e-01 8.886312999729566453e-01 8.784731150708087188e-01
8.831504385564781234e-01 8.728690327304613472e-01 8.880644714270353735e-01 8.780566323582010835e-01
8.824364809915417052e-01 8.723328819601063877e-01 8.874597406130668720e-01 8.776456999770332335e-01
8.816463625226446110e-01 8.717489694265738720e-01 8.868203657515411065e-01 8.771735398284714602e-01
8.808779315838861645e-01 8.711441040985266060e-01 8.861857764013605365e-01 8.767139876852114710e-01
8.801403519203951920e-01 8.706350776911732092e-01 8.855628199165243020e-01 8.762614811998955533e-01
8.794229324961877481e-01 8.700742548269175813e-01 8.849470416987058607e-01 8.758034310522287980e-01
8.787379934574932605e-01 8.695383886103911220e-01 8.843521873655985077e-01 8.753574431062144390e-01
8.780567199168500814e-01 8.690195383716795563e-01 8.837704422789948167e-01 8.749250385174569544e-01
8.773731045302297638e-01 8.684915741801657596e-01 8.831940681652309388e-01 8.744950183428221724e-01
8.766751326095740815e-01 8.679284472895584246e-01 8.826133158176829863e-01 8.740704855927358130e-01
8.759375529460831089e-01 8.673481150955621999e-01 8.820028831178563511e-01 8.736086070849108376e-01
