8.631084115849289029e-01 8.597143991576222666e-01 8.496999178928437146e-01 8.451824043382438756e-01
8.925535610720848334e-01 8.774351951493036816e-01 8.810079804001746950e-01 8.652383965740891858e-01
8.976251849040129960e-01 8.794633783763544654e-01 8.836599427856481892e-01 8.642698064310342376e-01
9.002260594103923541e-01 8.802971110621798934e-01 8.852706237211485085e-01 8.644014524687861911e-01
9.016550945535586337e-01 8.810787175363937740e-01 8.863727422568390413e-01 8.647902544088929000e-01
9.024164999543849985e-01 8.816482717693835403e-01 8.867867398978873661e-01 8.650219145214222971e-01
9.028302939566523744e-01 8.818380408102449719e-01 8.869768112447704578e-01 8.650899205829962746e-01
9.031174246373601111e-01 8.821229663109433350e-01 8.871017181818477981e-01 8.652100158370031879e-01
9.034289919717446438e-01 8.826286324355329116e-01 8.872572218457167592e-01 8.655101193412026994e-01
9.037668287088322927e-01 8.833620004301671047e-01 8.874458677211353175e-01 8.659008797676702729e-01
9.039997914738884255e-01 8.839662424437744193e-01 8.876356081549999777e-01 8.663312288971484199e-01
9.041987465625774822e-01 8.846072486687655001e-01 8.877215691752793347e-01 8.666781599121610169e-01
9.044976882925621631e-01 8.851805899298550440e-01 8.879244952201905683e-01 8.671040849183607735e-01
9.049762394270745025e-01 8.854435927415045260e-01 8.884468541473888870e-01 8.675587466066727593e-01
9.051986129755372756e-01 8.850680648535576012e-01 8.887487740945404502e-01 8.675013714473450710e-01
9.049365298648490707e-01 8.843524447217858686e-01 8.886009323397933146e-01 8.671041580080594002e-01
9.047848189732694557e-01 8.841624711691733474e-01 8.884809127334515333e-01 8.669338731698530420e-01
9.047927608857145865e-01 8.842019082291796561e-01 8.884876582680604207e-01 8.669639474915600275e-01
9.049179987358105803e-01 8.843458460288899925e-01 8.886171216228545555e-01 8.671382404971977875e-01
9.050960808494832310e-01 8.845725644350760364e-01 8.888144985109932561e-01 8.673900143832410370e-01
9.052509481421626703e-01 8.849025904708400780e-01 8.889626202690638079e-01 8.676532893428448023e-01
9.051953547550469770e-01 8.853108944993688390e-01 8.888934594481877616e-01 8.678691869767412026e-01
9.049017076333589760e-01 8.857709700183888923e-01 8.884698398747539194e-01 8.678712594679121040e-01
9.044288583847046592e-01 8.861166363260132295e-01 8.878949166873022492e-01 8.677640345760386786e-01
9.041424404397293557e-01 8.865042158872672440e-01 8.875795311257802522e-01 8.678157037855509515e-01
9.040874579689557322e-01 8.869053059205181944e-01 8.875312687347678420e-01 8.680836881434166319e-01
9.040990653794525045e-01 8.874645820021228593e-01 8.875561635757014400e-01 8.684719510101615025e-01
9.037798615907937094e-01 8.877765115223968939e-01 8.872748366002423115e-01 8.685775422295749504e-01
9.030804641986731607e-01 8.878493754237026803e-01 8.865350423650119049e-01 8.682637955507918059e-01
9.021700970298062172e-01 8.877185667591156459e-01 8.855789837447379798e-01 8.678164764487352745e-01
9.014255936477734155e-01 8.877919292421969644e-01 8.847975199240183386e-01 8.676181288805268066e-01
9.010344035501570703e-01 8.882844739179107663e-01 8.843678930065554944e-01 8.678336314226227088e-01
9.009981558472024421e-01 8.891913334732350904e-01 8.842915030089666395e-01 8.684968180358021428e-01
9.009008165100548249e-01 8.901516669473432675e-01 8.841968364308148143e-01 8.692034777855734973e-01
9.000485882130615511e-01 8.905253522925581366e-01 8.832781200719415082e-01 8.691407828836328342e-01
8.979885783080712169e-01 8.897068210971260660e-01 8.811773824108225517e-01 8.678657531917652879e-01
8.954852467776199809e-01 8.883484597425445051e-01 8.787003966476170103e-01 8.662159756086509343e-01
8.936885418160018801e-01 8.875997760216398635e-01 8.769305720050438735e-01 8.652291906329203641e-01
8.939912508634284549e-01 8.885741172131752519e-01 8.772605431942290810e-01 8.660842027364459295e-01
8.972110854435741967e-01 8.919234801161746162e-01 8.805434294318313926e-01 8.695025376538052519e-01
9.032092657274303216e-01 8.974587560237996531e-01 8.868252785371241176e-01 8.752251877493719689e-01
9.110534315578204811e-01 9.041213761848763131e-01 8.951876286997092480e-01 8.822889102697663022e-01
9.192529470604335895e-01 9.107389572817756740e-01 9.045154812310208792e-01 8.896288874857716245e-01
9.258673382945171726e-01 9.160842877900763348e-01 9.126923164644399344e-01 8.959014503105239280e-01
9.294930249644853815e-01 9.196988675192049323e-01 9.173224259650849532e-01 8.997663793856551795e-01
9.299445939605626155e-01 9.212613017568035412e-01 9.176011310912433050e-01 9.010641680777748963e-01
9.252643638650313029e-01 9.188572807961228328e-01 9.130160003062727236e-01 8.990183143535077637e-01
9.148673822804935796e-01 9.123164944261236142e-01 9.027927480564714724e-01 8.928096630272495116e-01
9.018839845430020041e-01 9.037265899418205350e-01 8.896178535006321608e-01 8.839691358582191238e-01
8.902912360385253354e-01 8.957398714256924466e-01 8.774426726286670419e-01 8.751927367024817661e-01
8.808309928449479242e-01 8.892030230883470887e-01 8.674920672513000142e-01 8.680655526664016186e-01
8.740624470539170021e-01 8.851565234554145123e-01 8.608012351099323389e-01 8.640464767194225848e-01
8.705083394153450005e-01 8.836067067030528577e-01 8.572441237993457808e-01 8.625874113230395102e-01
8.691022136350010641e-01 8.830966626601047809e-01 8.556169990323085894e-01 8.618839424641560054e-01
8.689315643368218378e-01 8.828566596895448537e-01 8.550316393573486051e-01 8.611872981040028519e-01
8.693469874493346961e-01 8.829680394372971808e-01 8.548868012746158040e-01 8.606528977624228194e-01
8.704891973699644403e-01 8.840480748404745404e-01 8.557798846019757377e-01 8.613127249776184602e-01
8.724669372075747331e-01 8.859827092208002464e-01 8.575857278538753237e-01 8.632996020280744309e-01
8.741597863910646193e-01 8.874461930744423910e-01 8.592360165322108223e-01 8.650178068838890733e-01
8.749657886848518640e-01 8.879918946899572063e-01 8.601183070041965584e-01 8.655063629396436697e-01
8.746485194646091976e-01 8.875057661817939980e-01 8.602354756676093839e-01 8.648847817405271865e-01
8.739425038121180211e-01 8.867489465784489377e-01 8.600494770963389435e-01 8.643615890992780715e-01
8.738049458157932659e-01 8.867986870400166310e-01 8.600588190254010446e-01 8.647986460990388924e-01
8.734120247885414079e-01 8.868046318421258789e-01 8.596924728590232823e-01 8.651393115459431460e-01
8.718606027382084234e-01 8.857799921174250857e-01 8.584467126184363028e-01 8.644370525984836906e-01
8.695229313558107131e-01 8.840554863510328154e-01 8.565524646808899689e-01 8.629411571958780502e-01
8.676604510680445692e-01 8.828089091500890273e-01 8.550369848753405222e-01 8.620314117534649823e-01
8.671138845807973006e-01 8.826810550822400403e-01 8.545853649695682730e-01 8.623307184740709452e-01
8.672219149539287519e-01 8.829355643649967611e-01 8.547528833214951272e-01 8.630641610020265420e-01
8.672326059899124751e-01 8.829284513455870620e-01 8.550526650614500568e-01 8.633674042135630611e-01
8.673413490987762486e-01 8.828617602766797301e-01 8.555541255587848504e-01 8.635323929404962184e-01
8.681759626412437481e-01 8.833646752532811064e-01 8.566446112291310477e-01 8.643191621976330508e-01
8.700701087594000516e-01 8.847760638246083831e-01 8.586311075343090460e-01 8.662558380232429078e-01
8.715434353373561205e-01 8.857936340484932058e-01 8.603178475543797887e-01 8.678447808757339121e-01
8.722618729554666439e-01 8.861608587068835474e-01 8.612571314300980774e-01 8.684726275806052831e-01
8.723021934340340344e-01 8.859117420487429007e-01 8.615877135356253547e-01 8.683166398591191104e-01
8.725221233171291946e-01 8.858513595808954477e-01 8.620985668717173755e-01 8.684415750309981696e-01
8.735879686950174250e-01 8.867305954570916526e-01 8.633688146756767212e-01 8.699090273095679837e-01
8.742001068696321209e-01 8.871437458838700163e-01 8.642017481982041671e-01 8.710420526010593800e-01
8.737747054568676397e-01 8.868029652596693957e-01 8.640285025055716162e-01 8.710232849908412511e-01
8.724418896375555343e-01 8.857232703781445782e-01 8.629991848339610971e-01 8.700471875134452304e-01
8.715027075812273871e-01 8.850344683985831296e-01 8.622720671128256686e-01 8.696348087495633372e-01
8.713819497843058315e-01 8.850440518467175277e-01 8.623022820169037317e-01 8.702346444278312720e-01
8.714198265975056090e-01 8.850780169974620248e-01 8.624778950103610953e-01 8.707929008389432290e-01
8.709137842276062358e-01 8.846455221359819099e-01 8.621891352194085423e-01 8.706377350175155128e-01
8.702322052287922993e-01 8.839704544059983071e-01 8.617676538531715558e-01 8.700826522210822755e-01
8.703664031852362815e-01 8.838642030144334694e-01 8.621168689071276869e-01 8.703435473905763997e-01
8.711620199012107824e-01 8.842871407919592475e-01 8.631012842276062358e-01 8.713472786575831019e-01
8.714632016577825713e-01 8.842806897544706057e-01 8.636297777730713721e-01 8.717702749456750499e-01
8.711359541372883930e-01 8.838558423050804080e-01 8.634819614731717996e-01 8.714711470609892707e-01
8.709512537632446705e-01 8.835346968797770373e-01 8.634827505734468112e-01 8.713940649319369403e-01
8.709683594208186275e-01 8.834591943975790285e-01 8.636492761863180379e-01 8.715835631882717927e-01
8.709337408281092596e-01 8.833361649727105025e-01 8.637463609749899129e-01 8.717292777672094317e-01
8.705728929088087931e-01 8.830338043270096193e-01 8.634663576516050654e-01 8.714524225601409935e-01
8.701297749221286182e-01 8.826521449640142292e-01 8.631115679860287271e-01 8.710906629723551564e-01
8.701847573929022417e-01 8.826362015838286057e-01 8.632432204577147328e-01 8.711675059057357728e-01
8.706115842771312563e-01 8.828702483070163254e-01 8.637749467688227156e-01 8.717122361557547716e-01
8.708164448904586186e-01 8.829699231431300532e-01 8.640504445841858949e-01 8.718858411237406791e-01
8.707920082367814896e-01 8.829672833888952965e-01 8.640916814372663346e-01 8.717175573749453843e-01
8.712721884815388673e-01 8.832573230109597162e-01 8.646779320318914719e-01 8.721430482134786555e-01
8.720592523687263897e-01 8.837323082797237106e-01 8.655293712286097341e-01 8.728258951483103267e-01
8.726180371828123894e-01 8.841097577783834094e-01 8.661312001899542645e-01 8.732655267561126866e-01
8.726850343416440170e-01 8.841986225512041830e-01 8.662633872134395396e-01 8.732302516774049783e-01
8.728200468532106848e-01 8.843201809614602560e-01 8.664684514655476288e-01 8.733186085737090210e-01
8.731772292744595099e-01 8.845993479553446726e-01 8.668742781005225329e-01 8.736851473791303890e-01
8.736954899711972811e-01 8.849860804487559296e-01 8.674793143726622358e-01 8.741877113282867651e-01
8.741052111978520056e-01 8.853067953586049033e-01 8.679412180368568652e-01 8.744812450740206966e-01
8.747462660793180467e-01 8.857590380607759384e-01 8.686093059664533600e-01 8.748401168724307952e-01
8.759483458014569734e-01 8.865499064416284547e-01 8.699020558556739280e-01 8.756987561431541778e-01
8.775876379856376586e-01 8.876420351119901353e-01 8.715739302447575998e-01 8.768531355690316609e-01
8.792520795592277949e-01 8.887717140626700818e-01 8.732850050991149971e-01 8.780634405942151499e-01
8.804029441280349921e-01 8.895785047767271747e-01 8.745110632876749168e-01 8.789189878848161497e-01
8.811519275632421211e-01 8.900948084216325773e-01 8.752662067959964265e-01 8.794264104442930385e-01
8.817935933610498989e-01 8.905920777619236173e-01 8.758886796387284068e-01 8.798571208157519585e-01
8.828523113816157952e-01 8.914475713372489452e-01 8.769845617367617585e-01 8.808168493863095527e-01
8.844484321443000230e-01 8.926458807804773521e-01 8.786204429713666553e-01 8.821144447978440661e-01
8.863950152484717515e-01 8.941196781302853669e-01 8.806522998149329817e-01 8.835683682885540069e-01
8.892913696255653200e-01 8.963242496119306901e-01 8.835479923659894652e-01 8.856886274287886218e-01
8.923406567269219769e-01 8.987016855761675860e-01 8.866391272367684095e-01 8.881507674380179074e-01
8.952113526176542768e-01 9.011049457526087991e-01 8.894854882932138329e-01 8.905300487202946202e-01
8.978015360880500229e-01 9.034128410710309254e-01 8.919253863434946084e-01 8.925907856742545388e-01
9.002613907388340442e-01 9.057516537513474741e-01 8.943400586398233543e-01 8.948553813946540370e-01
9.033055868706746372e-01 9.086939833802418764e-01 8.973614726830794197e-01 8.977720619198469310e-01
9.072529209946695872e-01 9.124692199949588911e-01 9.013306979759935222e-01 9.015027719205421786e-01
9.118510846616011412e-01 9.168814712676274237e-01 9.058707227710512955e-01 9.058274283354027512e-01
9.164877360580745425e-01 9.215078197655430792e-01 9.102543784374226288e-01 9.102127107335807876e-01
9.201905000065164764e-01 9.253894770719148788e-01 9.135206426595550155e-01 9.136740818651880591e-01
9.237370730102048011e-01 9.291725087650823944e-01 9.161180298518161180e-01 9.165465350561320390e-01
9.283686334371619164e-01 9.337822285501328201e-01 9.195446596137053508e-01 9.202795279368759518e-01
9.331979271201240600e-01 9.385098949914042477e-01 9.229095359153643985e-01 9.237985138883929581e-01
9.361517076333589760e-01 9.413642172435734423e-01 9.245434316718581513e-01 9.255070485756580201e-01
9.365357703736525430e-01 9.417447291150432553e-01 9.239908832954293327e-01 9.252431236187039776e-01
9.364329327894278521e-01 9.418092254257874885e-01 9.233768360072462933e-01 9.248988804847280143e-01
9.371729561182864376e-01 9.425475072352076378e-01 9.240448730271474398e-01 9.255576578996443926e-01
9.388873910125246081e-01 9.440634938564486101e-01 9.254976320882586371e-01 9.268412699796206855e-01
9.408942511957668620e-01 9.458896846959998772e-01 9.272076632938655028e-01 9.284753716039153559e-01
9.431811147023940745e-01 9.480393888372947719e-01 9.294164567829632517e-01 9.305996108207130746e-01
9.453250237850095994e-01 9.500731121728389628e-01 9.317274005754018207e-01 9.327235868298008326e-01
9.461471135424676104e-01 9.509426160950413820e-01 9.326778336743604125e-01 9.335734044449877089e-01
9.460025300082106625e-01 9.507985769888169791e-01 9.326659717153878981e-01 9.334608346076980201e-01
9.455928087815558269e-01 9.502037822743303330e-01 9.323539971034419116e-01 9.329627493269023741e-01
9.448049303392458409e-01 9.491316384732682021e-01 9.315225908717694736e-01 9.319727642961528336e-01
9.441074675155417539e-01 9.481139384850972851e-01 9.305692050104914514e-01 9.308947907163762636e-01
9.432644029636773064e-01 9.471281987420401283e-01 9.295930625154766869e-01 9.299088804272137576e-01
9.428473507409194099e-01 9.466419019669668478e-01 9.290874274231385455e-01 9.293608400828943239e-01
9.431215503590558713e-01 9.467564882176242591e-01 9.292632186005290729e-01 9.293858207791889647e-01
9.431359068930912359e-01 9.469394344623742743e-01 9.291105913344368528e-01 9.294583417331273578e-01
9.438038420936021300e-01 9.477183073702628580e-01 9.298168106257085341e-01 9.303088820778611101e-01
9.452207607293201530e-01 9.490907372309523859e-01 9.313388577819338154e-01 9.318144972882507204e-01
9.462466929062023357e-01 9.502455559848170807e-01 9.323718154967481908e-01 9.329672502008047319e-01
9.467895938953981849e-01 9.510478749530855147e-01 9.330823875669564949e-01 9.338628654343817947e-01
9.475137333993667310e-01 9.519312453604473756e-01 9.339481323880149954e-01 9.348637395905128322e-01
9.483502815102504702e-01 9.527356916854513580e-01 9.349119038271057613e-01 9.358756330799282708e-01
9.484211478059142442e-01 9.529422777399969569e-01 9.351961326551889719e-01 9.362937225092597959e-01
9.482515167016382085e-01 9.529164199417348158e-01 9.351632959018101321e-01 9.364092417501584942e-01
9.484789812196170455e-01 9.531409656900068361e-01 9.355617660858346341e-01 9.368461711913581569e-01
9.487919740254661116e-01 9.533649985539647265e-01 9.360373644580277652e-01 9.373089095075517463e-01
9.487035947946670378e-01 9.532664901218359521e-01 9.360566592324935931e-01 9.374280187165375811e-01
9.486724380612283625e-01 9.532252014353250757e-01 9.362356577206792929e-01 9.376457598080558675e-01
9.489080481304330572e-01 9.533488020791544004e-01 9.366614664110050059e-01 9.380388728718367375e-01
9.487528753795827496e-01 9.531691766446270808e-01 9.366079094116956938e-01 9.380586317065948698e-01
9.490005001368452264e-01 9.532980263023101974e-01 9.369258404579754451e-01 9.383549545875147224e-01
9.490406169766320010e-01 9.532579925465741733e-01 9.370957261107273339e-01 9.384744576473731392e-01
9.490471334176125984e-01 9.532068216685798401e-01 9.370797913761420572e-01 9.384333378631070088e-01
9.493004600607333199e-01 9.533725674193047617e-01 9.372414551131253990e-01 9.384844878274247737e-01
9.498480447418837791e-01 9.537610491849788374e-01 9.377144316360177534e-01 9.387946304899676964e-01
9.498215717004001579e-01 9.537524958307286305e-01 9.375314621916094326e-01 9.385739409283064827e-01
9.499651370407538042e-01 9.538952767143332734e-01 9.374944253883797929e-01 9.384716741729803857e-01
9.505670932763362613e-01 9.543710850830420256e-01 9.380172425028345806e-01 9.388448693115556409e-01
9.508126816457924679e-01 9.545826599091669085e-01 9.381746552802721073e-01 9.389973366621290340e-01
9.508141071172567793e-01 9.546560624972868503e-01 9.380438173637086763e-01 9.389276250576492622e-01
9.510749683952612887e-01 9.549130807886866412e-01 9.383043477286944212e-01 9.391958711763843670e-01
9.514315399001682660e-01 9.552345201922495255e-01 9.386906759504228814e-01 9.396350891737974553e-01
9.513965140298974443e-01 9.552983091886586564e-01 9.386465372447184707e-01 9.397475184378935031e-01
9.514828568728902480e-01 9.554334521666018043e-01 9.387558403602288548e-01 9.399781185406930195e-01
9.518606068109841667e-01 9.558025137150554240e-01 9.392622390979941116e-01 9.405043575171536663e-01
9.515901745102894882e-01 9.556464346083468619e-01 9.390605348857667956e-01 9.404954466017134695e-01
9.517376089874755030e-01 9.558003626672362252e-01 9.392583699611620762e-01 9.407464708381122476e-01
9.523308087554901435e-01 9.563142478940999114e-01 9.400257317963220949e-01 9.413447455706831501e-01
9.521573085143818505e-01 9.562717505424964681e-01 9.398185802467126093e-01 9.412410265156456735e-01
9.520508054321051850e-01 9.562077030550402146e-01 9.396635093152523321e-01 9.411499168351273870e-01
9.526165139647329028e-01 9.567232770464103586e-01 9.402525853979589732e-01 9.416222432884997495e-01
9.531558512752676959e-01 9.571924342373751005e-01 9.408906875171056949e-01 9.421076495006748264e-01
9.526478743369520830e-01 9.567732912655461108e-01 9.403578411927042691e-01 9.417090653451056781e-01
9.528399057070990885e-01 9.569906297680015328e-01 9.404663297530920785e-01 9.418857233202209134e-01
9.537318435663177940e-01 9.577241877083226829e-01 9.415863685014791429e-01 9.428001164846111504e-01
9.534577457675716960e-01 9.575398739260201353e-01 9.412354479727351730e-01 9.426445033007628815e-01
9.531948481017608055e-01 9.573722653943586014e-01 9.409083531813264845e-01 9.425188236734313163e-01
9.539350750694002290e-01 9.579995173547767306e-01 9.418338914393513672e-01 9.433458955021121195e-01
9.540216215511736486e-01 9.580961542676947884e-01 9.419760822179358284e-01 9.436384323172815058e-01
9.536011074691448375e-01 9.577905054292290554e-01 9.415735392582987862e-01 9.435608958580178340e-01
9.542725045289266461e-01 9.584151779646734592e-01 9.424529024228127660e-01 9.443460825480953780e-01
9.543185268933518373e-01 9.585133450450166182e-01 9.426688358948377422e-01 9.446475283984272497e-01
9.537324544826597528e-01 9.580820487897612203e-01 9.422262524599563926e-01 9.444520535817817475e-01
9.542437914608559169e-01 9.585965963693923175e-01 9.430688079148692449e-01 9.451917402870380069e-01
9.541409538766308929e-01 9.585930732367053952e-01 9.431759728231828843e-01 9.453578462685965356e-01
9.534426764978040092e-01 9.580522594121594349e-01 9.425504453987408882e-01 9.449398977394001253e-01
9.537996552802721073e-01 9.583945554798329880e-01 9.431807074248328426e-01 9.454842933228777557e-01
9.534039851294816570e-01 9.580540838806931303e-01 9.429807341422408173e-01 9.454111525712962649e-01
9.530152386972332579e-01 9.578005370896245374e-01 9.427868191133730313e-01 9.453995492673954448e-01
