7.508393331910186985e-01 7.858357714879042888e-01 7.538461538461538325e-01 7.875660758170217601e-01
7.508296299171339783e-01 7.857294750424470564e-01 7.534355754135974026e-01 7.881445799019659582e-01
7.494711715732886859e-01 7.841538252483708504e-01 7.513826832508150311e-01 7.865673140158542243e-01
7.499175221719809326e-01 7.850624452563087496e-01 7.501026446081391352e-01 7.854713702265504471e-01
7.479768673950590863e-01 7.835011740471531372e-01 7.489095519864751305e-01 7.849711995885115812e-01
7.461526519047526618e-01 7.815947510655156805e-01 7.483347421808961286e-01 7.846589701636081937e-01
7.455704554716762189e-01 7.801245137937011798e-01 7.478420480618281907e-01 7.849878354915273970e-01
7.445225018921384219e-01 7.796499590696914783e-01 7.474507909672745143e-01 7.855822762342206111e-01
7.446001280832152958e-01 7.790192979902954562e-01 7.469919091897113672e-01 7.854617846246710888e-01
7.442119971278309265e-01 7.784263258213931502e-01 7.478613693998308332e-01 7.862446506138285329e-01
7.450658852296765389e-01 7.782461605525221593e-01 7.485352010626734609e-01 7.865184552345226843e-01
7.451920277901763479e-01 7.775992640345663620e-01 7.476633256853038034e-01 7.856239976524758140e-01
7.432804828349084403e-01 7.752095725886647415e-01 7.477840840478202633e-01 7.850845368542015423e-01
7.392245143511420036e-01 7.719213032183444012e-01 7.466682767781669394e-01 7.835236205345277316e-01
7.373032661219894868e-01 7.707148125753899848e-01 7.463784567081270804e-01 7.827223725233103391e-01
7.354984571794522807e-01 7.695633445838149234e-01 7.459195749305638223e-01 7.816430075574095637e-01
7.346833821731451053e-01 7.693281869825413510e-01 7.465378577466490473e-01 7.816875512762767597e-01
7.358671815870674315e-01 7.702117392626934844e-01 7.464702330636396876e-01 7.813847310216714970e-01
7.361000601602980531e-01 7.705273307012050488e-01 7.462697741818620223e-01 7.809712555898483677e-01
7.354790506316830623e-01 7.702383211609444835e-01 7.463687960391256482e-01 7.813595661661050240e-01
7.354984571794523918e-01 7.706327828224652787e-01 7.469967395242120833e-01 7.819197975890097574e-01
7.360612470647596162e-01 7.730515961450268314e-01 7.473976572877671920e-01 7.823618381242163355e-01
7.353432047972985330e-01 7.734001805383274863e-01 7.465571790846514677e-01 7.814223955374024477e-01
7.365464107589900777e-01 7.731703091539134931e-01 7.457891558990459302e-01 7.812822550585277748e-01
7.363523452812978931e-01 7.721642475618452073e-01 7.456828885400313967e-01 7.806644846425782047e-01
7.362359059946826934e-01 7.718154087443522826e-01 7.457263615505373977e-01 7.803132452209152747e-01
7.387005375613733271e-01 7.737219828069701322e-01 7.467890351406835103e-01 7.813288565906181260e-01
7.377302101729124040e-01 7.731182272005947542e-01 7.472575775872478676e-01 7.814017247753313189e-01
7.369927613576819914e-01 7.730999099429090027e-01 7.474556213017751194e-01 7.814216236073359134e-01
7.379630887461430255e-01 7.750913700339104873e-01 7.469001328341987600e-01 7.805148594775466186e-01
7.404277203128336593e-01 7.767513942073972499e-01 7.454462021494988599e-01 7.791982166063324833e-01
7.411651691280638499e-01 7.780847593180594268e-01 7.446250452843860002e-01 7.784225959532558026e-01
7.388169768479884159e-01 7.763673857823587543e-01 7.434899166767299228e-01 7.773834566718298422e-01
7.360612470647596162e-01 7.739131679653548090e-01 7.433691583142132409e-01 7.773790272222771414e-01
7.353820178928369700e-01 7.721011500567631636e-01 7.426977418186209157e-01 7.771904257990811526e-01
7.377496167206816224e-01 7.738394872632203825e-01 7.433063639657045973e-01 7.781187401695288663e-01
7.400007762619107421e-01 7.757218769278334536e-01 7.426760053133679707e-01 7.781288463934166177e-01
7.398067107842185575e-01 7.770874418927218308e-01 7.420263253230285905e-01 7.773733266742527404e-01
7.421354965165246620e-01 7.783753650759019926e-01 7.424127520830816618e-01 7.773260273417903488e-01
7.450076655863687725e-01 7.792529857913339519e-01 7.427895181741335229e-01 7.774663833979700289e-01
7.464631566690601572e-01 7.800198879254549578e-01 7.422340297065572745e-01 7.772987948200911212e-01
7.461720584525218802e-01 7.794811823472598267e-01 7.421422533510445563e-01 7.771671521019334339e-01
7.450852917774457573e-01 7.786616294017086881e-01 7.425431711145997760e-01 7.776192279074705116e-01
7.451629179685226312e-01 7.792758892425879491e-01 7.437410940707644968e-01 7.791192944975031676e-01
7.446389411787536217e-01 7.798746997145344917e-01 7.431614539306847789e-01 7.784132594044761433e-01
7.464825632168292646e-01 7.810813173167163725e-01 7.422002173650525947e-01 7.779691093445311179e-01
7.470647596499059295e-01 7.816618040396438039e-01 7.415336312039608746e-01 7.777776821145838682e-01
7.462302780958294246e-01 7.809334573889219477e-01 7.401473252022703342e-01 7.766778336558680662e-01
7.457839274971376220e-01 7.806828014515849734e-01 7.398236927907257954e-01 7.764456743696741547e-01
7.445807215354458553e-01 7.806297434139847224e-01 7.398961478082357601e-01 7.763216720887404776e-01
7.440179316501387419e-01 7.797016743352316315e-01 7.392971863301533997e-01 7.750528784363908130e-01
7.423877816375245020e-01 7.784685757789209237e-01 7.388962685665982910e-01 7.746764393194721654e-01
7.424460012808321574e-01 7.784985736824684421e-01 7.379881656804734291e-01 7.743093986874164392e-01
7.435327679559082803e-01 7.799795398315573225e-01 7.373843738678902415e-01 7.742199315107021196e-01
7.429117584272932895e-01 7.776818987060903909e-01 7.372394638328703120e-01 7.741297657003712862e-01
7.420966834209863361e-01 7.752109440232298754e-01 7.368095640623113507e-01 7.734228845824614451e-01
7.439597120068310865e-01 7.762365836008211506e-01 7.374278468783963536e-01 7.738183295884986101e-01
7.422519358031398617e-01 7.755206960452261100e-01 7.386789035140683968e-01 7.740882816779250941e-01
7.416309262745250930e-01 7.753452700207865700e-01 7.394710783721771818e-01 7.748139488440830558e-01
7.420772768732168956e-01 7.754942034812792873e-01 7.398526747977297591e-01 7.752806426355880465e-01
7.459391798792911477e-01 7.784796902614242731e-01 7.406545103248400874e-01 7.771332968824564702e-01
7.465019697645987051e-01 7.789104206711052747e-01 7.413983818379422663e-01 7.779930970143248414e-01
7.439014923635234311e-01 7.776782992582618181e-01 7.407945900253593008e-01 7.772333854338669967e-01
7.434745483126007359e-01 7.766502433040191056e-01 7.395628547276897891e-01 7.762668742743182859e-01
7.452211376118301756e-01 7.777264972115721653e-01 7.398864871392344389e-01 7.763395580940168905e-01
7.441925905800617080e-01 7.768913684025691158e-01 7.385533148170511097e-01 7.752480107329651204e-01
7.442508102233693634e-01 7.770381499336616038e-01 7.368143943968119558e-01 7.737328473674366380e-01
7.447747870131381509e-01 7.765332731862333304e-01 7.376500422654268529e-01 7.737597911405906803e-01
7.429699780706009449e-01 7.748141698848535208e-01 7.399879241637482563e-01 7.756814169106945878e-01
7.444642822488307665e-01 7.753786863853618927e-01 7.409491607293805515e-01 7.764812570995245355e-01
7.441149643889848342e-01 7.754525824386468980e-01 7.397391619369642068e-01 7.760893473177075119e-01
7.439208989112927606e-01 7.748755347315198216e-01 7.394759087066780090e-01 7.760870473234826594e-01
7.433192959304468772e-01 7.754145900747271281e-01 7.388044922110856838e-01 7.749916259322258139e-01
7.419414310388324774e-01 7.734129209488765921e-01 7.373650525298877101e-01 7.738464072517318160e-01
7.426400667585244530e-01 7.740740518499429346e-01 7.383504407680232529e-01 7.742054271164324764e-01
7.442508102233693634e-01 7.753812701878992630e-01 7.397608984422172629e-01 7.752003591748433120e-01
7.467736614333675416e-01 7.769298337518858455e-01 7.414756671899529472e-01 7.767297744519722213e-01
7.461720584525218802e-01 7.758611171514917526e-01 7.410409370848931587e-01 7.762506503540997915e-01
7.460362126181374620e-01 7.760634237697217053e-01 7.397995411182224368e-01 7.750084401321162275e-01
7.475111102485978432e-01 7.774153524534163084e-01 7.403453689167975860e-01 7.754963697802399469e-01
7.460168060703681325e-01 7.772671586505428554e-01 7.387851708730830413e-01 7.740668871833422671e-01
7.452017310640609571e-01 7.764948294607951773e-01 7.384228957855331066e-01 7.739607963021010173e-01
7.461526519047525507e-01 7.768225999459578146e-01 7.390894819466248267e-01 7.746920400041035215e-01
7.462108715480603172e-01 7.769146063277789782e-01 7.391112184518778827e-01 7.750668017463321346e-01
7.474140775097517508e-01 7.780448079685604590e-01 7.409298393913777980e-01 7.765734386609012274e-01
7.484620310892895478e-01 7.794411215880818755e-01 7.421374230165439512e-01 7.770470069664177082e-01
7.479380542995206493e-01 7.788443332742320813e-01 7.436589783842530998e-01 7.775672188162500165e-01
7.460750257136756769e-01 7.773719939093194364e-01 7.423209757275690546e-01 7.762018726694828175e-01
7.445030953443692034e-01 7.765725604928470638e-01 7.412172442941673545e-01 7.759837215852160019e-01
7.455316423761376710e-01 7.781017991799317191e-01 7.399299601497404399e-01 7.749746638289780609e-01
7.470453531021366000e-01 7.794031537691588074e-01 7.391909189711387551e-01 7.745651329189474632e-01
7.480933066816743970e-01 7.802352004203687574e-01 7.395821760656925425e-01 7.756896959987331641e-01
7.487725358535971543e-01 7.803660978822852812e-01 7.401521555367710503e-01 7.768218066458684179e-01
7.482485590638281447e-01 7.801626212809893435e-01 7.404371452723100822e-01 7.767653954032887054e-01
7.486560965669817325e-01 7.784490199147461320e-01 7.397802197802196833e-01 7.754325307139441348e-01
7.507520037260572154e-01 7.797711763929262574e-01 7.387755102040817201e-01 7.744517358414598762e-01
7.522657144520561445e-01 7.819893037886411769e-01 7.394759087066780090e-01 7.753779694861392402e-01
7.503638727706727352e-01 7.801406083840958239e-01 7.398381837942278327e-01 7.758831896408567852e-01
7.497234566942885259e-01 7.793869514202786952e-01 7.410409370848931587e-01 7.769424777452733633e-01
7.488113489491354802e-01 7.785998932874128586e-01 7.420601376645332703e-01 7.777779087225329402e-01
7.485978769236740771e-01 7.786931517885399279e-01 7.409588213983818727e-01 7.775146399650649798e-01
7.482485590638281447e-01 7.775509691192231676e-01 7.405530733003260480e-01 7.769862767962074646e-01
7.484426245415203294e-01 7.777965063268024171e-01 7.410409370848931587e-01 7.768133977745087515e-01
7.484232179937511109e-01 7.777649570271201185e-01 7.418572636155054134e-01 7.765676347766605758e-01
7.459585864270604771e-01 7.767491053238838594e-01 7.420601376645332703e-01 7.756021860597603901e-01
7.482873721593664706e-01 7.791708918599663525e-01 7.424900374350924537e-01 7.764510523461078950e-01
7.500145549108270249e-01 7.804455720274880992e-01 7.414998188624563058e-01 7.763954879014397514e-01
7.520522424265947414e-01 7.810899515372565771e-01 7.405096002898200469e-01 7.760204199735329933e-01
7.498010828853653997e-01 7.801194576867529484e-01 7.403646902548002284e-01 7.757816788074114456e-01
7.490830406179044276e-01 7.800922595086392519e-01 7.401231735297669756e-01 7.764174151596934248e-01
7.481515263249819414e-01 7.793827857334650888e-01 7.407366260113512624e-01 7.770005612383966698e-01
7.464049370257525018e-01 7.777931811086832292e-01 7.405240912933220843e-01 7.765729000441963237e-01
7.453957965417531417e-01 7.769582827664711644e-01 7.404081632653061185e-01 7.761048070313651959e-01
7.491606668089814125e-01 7.797772209062389104e-01 7.411616954474096186e-01 7.765006198072770260e-01
7.496458305032118741e-01 7.809002056091849386e-01 7.407317956768506573e-01 7.766990129498938522e-01
7.481321197772128340e-01 7.791130174024738508e-01 7.404274846033086499e-01 7.767278239485571056e-01
7.455316423761375599e-01 7.763676144714458660e-01 7.400845308537615796e-01 7.761190780436918457e-01
7.443866560577540037e-01 7.752297436266875064e-01 7.395773457311918264e-01 7.756632033536534632e-01
7.461720584525218802e-01 7.765157742486907821e-01 7.414032121724429825e-01 7.768302678702904140e-01
7.493159191911350492e-01 7.788616305504574289e-01 7.409250090568771929e-01 7.767852145073130821e-01
7.500727745541345692e-01 7.796737313800303770e-01 7.421325926820433461e-01 7.779900954146109493e-01
7.498398959809039477e-01 7.795808781756252692e-01 7.433739886487139570e-01 7.792682959474795945e-01
7.531196025539016459e-01 7.813473950876943519e-01 7.423934307450791303e-01 7.789912653262669462e-01
7.536629858914398739e-01 7.817219452104494648e-01 7.428957855331481674e-01 7.792103041913576167e-01
7.530419763628248830e-01 7.813817214793113974e-01 7.434995773457311330e-01 7.802089007706161095e-01
7.503638727706729572e-01 7.792236685207769575e-01 7.423161453930685605e-01 7.797568669988002021e-01
7.484426245415202184e-01 7.776370700987809137e-01 7.411955077889144095e-01 7.786002091023047633e-01
7.491994799045198494e-01 7.787480382545051150e-01 7.424562250935877739e-01 7.789674610980115155e-01
7.481903394205203783e-01 7.782829609584362984e-01 7.431373022581814203e-01 7.788967580788844769e-01
7.478410215606745570e-01 7.779081075732615647e-01 7.431807752686873103e-01 7.787022952539486287e-01
7.504803120572880459e-01 7.802760996065843946e-01 7.434705953387272803e-01 7.792163055729766086e-01
7.523821537386714553e-01 7.822519065822899353e-01 7.429247675401522422e-01 7.786813981862350520e-01
7.518387704011333383e-01 7.815641734122313888e-01 7.420166646540273803e-01 7.782330661599533572e-01
7.511983543247491291e-01 7.809179026393775480e-01 7.406859074990943537e-01 7.777964046212002547e-01
7.514894525412874060e-01 7.811253125544042053e-01 7.413693998309383026e-01 7.786073461746180202e-01
7.508490364649031967e-01 7.806235832802551622e-01 7.422871633860645968e-01 7.799272640302148396e-01
7.491218537134428646e-01 7.792851861145702053e-01 7.433256853037073508e-01 7.807585308331537188e-01
7.459391798792911477e-01 7.764180502936987027e-01 7.451032483999517897e-01 7.814340080724924142e-01
7.457839274971375110e-01 7.762208416605095307e-01 7.452143460934669283e-01 7.810757488145942951e-01
7.490248209745967722e-01 7.786127440629685426e-01 7.449245260234270694e-01 7.805633780736812577e-01
7.502862465795958613e-01 7.805021493429801227e-01 7.435575413597390604e-01 7.799101348295661706e-01
7.498593025286732772e-01 7.799295515945150470e-01 7.417606569254922011e-01 7.785731153270916138e-01
7.481127132294436155e-01 7.783698402667887928e-01 7.405144306243206520e-01 7.780904395091026160e-01
7.463855304779831723e-01 7.770125658104021227e-01 7.411520347784085194e-01 7.787779431787775763e-01
7.499369287197501510e-01 7.797616465454857426e-01 7.429682405506580212e-01 7.797782257281228313e-01
7.526538454074405138e-01 7.823615989917914737e-01 7.441951455138269278e-01 7.800962488380134285e-01
7.514118263502105322e-01 7.814799988129925712e-01 7.447651249849052135e-01 7.805723277198932664e-01
7.522657144520561445e-01 7.826355808758911348e-01 7.437072817292598170e-01 7.806134800440505117e-01
7.511789477769800216e-01 7.807309418871889450e-01 7.414611761864509099e-01 7.790534787029126385e-01
7.498787090764422736e-01 7.794853579045633030e-01 7.410602584228958012e-01 7.784895394780746436e-01
7.509460692037492890e-01 7.803459728323802747e-01 7.406351889868373339e-01 7.784952983313886410e-01
7.514312328979797506e-01 7.807833084975656091e-01 7.426059654631083085e-01 7.800050665920729154e-01
7.488307554969045876e-01 7.784967221776171176e-01 7.435961840357445674e-01 7.804479663287626767e-01
7.480544935861359601e-01 7.786010680525436989e-01 7.438377007607777092e-01 7.802719982149772804e-01
7.491024471656736461e-01 7.799702662484738758e-01 7.429440888781547736e-01 7.796455600442362410e-01
7.486755031147508399e-01 7.789053987736874740e-01 7.431131505856780617e-01 7.801442246759955346e-01
7.493547322866735971e-01 7.795190310500358377e-01 7.433401763072093882e-01 7.808584322306860726e-01
7.520522424265947414e-01 7.811732986855801641e-01 7.429151068711508099e-01 7.807658361798797131e-01
7.502474334840575354e-01 7.797718156393330657e-01 7.423934307450791303e-01 7.797572114291801970e-01
7.484814376370586553e-01 7.782840425125536754e-01 7.422002173650525947e-01 7.793536482339954441e-01
7.491412602612121940e-01 7.784650696531183467e-01 7.428861248641469572e-01 7.793355595167440475e-01
7.537212055347475292e-01 7.811611267624680721e-01 7.446008936118826416e-01 7.804683035079809095e-01
7.556036406683614981e-01 7.831155676442320690e-01 7.465620094191522949e-01 7.822704247359785201e-01
7.544392478022083903e-01 7.827058712401064877e-01 7.459678782755705395e-01 7.820332646936674070e-01
7.518969900444409937e-01 7.811770142196117206e-01 7.438087187537737455e-01 7.804132669093714059e-01
7.491994799045197384e-01 7.794169649544644418e-01 7.427701968361309914e-01 7.794007704530505620e-01
7.486560965669816214e-01 7.787556074585769705e-01 7.425431711145997760e-01 7.790706722390432493e-01
7.506743775349802306e-01 7.798157887635958074e-01 7.436251660427484200e-01 7.804207613144598099e-01
7.529643501717480092e-01 7.818993136997065552e-01 7.434754256732278854e-01 7.804891683959309656e-01
7.519358031399794307e-01 7.818584723415578086e-01 7.432242482791933114e-01 7.804746739230394859e-01
7.507714102738263229e-01 7.808585007629225139e-01 7.428861248641468462e-01 7.803304151137830935e-01
7.497428632420577443e-01 7.786719072373717854e-01 7.434875015094795092e-01 7.804990471154193976e-01
7.508490364649031967e-01 7.791894698652150897e-01 7.438570220987803516e-01 7.804318445978259966e-01
7.505191251528264829e-01 7.784752129325351877e-01 7.433111943002053135e-01 7.800147776057624327e-01
7.510042888470570555e-01 7.793594141754097704e-01 7.437169423982610272e-01 7.802850498881984675e-01
7.526538454074404028e-01 7.809748685156892023e-01 7.440357444753049609e-01 7.811757406021372363e-01
7.518387704011333383e-01 7.799319345537837345e-01 7.442965825383407452e-01 7.810938805489631154e-01
7.525179995730559845e-01 7.799742693199945842e-01 7.443642072213502159e-01 7.808409146289992941e-01
7.513342001591336583e-01 7.796823182541072761e-01 7.442241275208307805e-01 7.806641957322338898e-01
7.524791864775175476e-01 7.805699802180176006e-01 7.443400555488466352e-01 7.808335043164249534e-01
7.541481495856702244e-01 7.814747881475727631e-01 7.444366622388600696e-01 7.809601155104506365e-01
7.548855984009004150e-01 7.816261966880505563e-01 7.427267238256248794e-01 7.800610384890573901e-01
7.518775834966717753e-01 7.792134980685994083e-01 7.419828523125227004e-01 7.790063433395497672e-01
7.509072561082108521e-01 7.784490592770929585e-01 7.427218934911243853e-01 7.798363989555134879e-01
7.506937840827494490e-01 7.787184594661784587e-01 7.448134283299118197e-01 7.811071742663497908e-01
7.508296299171340893e-01 7.793514298497761228e-01 7.452288370969690767e-01 7.814674585914402893e-01
7.524597799297481071e-01 7.812558407179430731e-01 7.447409733124019660e-01 7.814581121653454421e-01
7.517611442100564645e-01 7.811598176626576295e-01 7.431759449341865942e-01 7.806596360393370793e-01
7.505773447961341382e-01 7.802844103132473563e-01 7.427170631566235581e-01 7.801492875393238879e-01
7.503832793184419536e-01 7.797005423609926211e-01 7.444366622388600696e-01 7.813766037261572484e-01
7.504220924139805016e-01 7.797350623038663553e-01 7.442579398623354603e-01 7.813080230589850572e-01
7.523433406431330184e-01 7.810945977875400903e-01 7.446347059533873214e-01 7.815073093341549093e-01
7.497622697898271849e-01 7.796232578096220500e-01 7.442627701968362874e-01 7.811488092222231838e-01
7.493159191911349382e-01 7.785729331847146550e-01 7.414080425069435876e-01 7.790948603612259937e-01
7.506549709872110121e-01 7.788283011821395263e-01 7.412921144789277328e-01 7.790277911405305566e-01
7.503444662229036277e-01 7.788455775064950792e-01 7.420987803405385552e-01 7.791915983155536241e-01
7.505967513439033567e-01 7.792928165617929448e-01 7.417365052529888425e-01 7.783812639806899636e-01
7.496458305032117631e-01 7.790855535653520292e-01 7.432049269411905579e-01 7.790576812282417052e-01
7.483261852549050186e-01 7.786954476249444701e-01 7.422533510445599170e-01 7.778632959891199627e-01
7.463855304779833943e-01 7.769986931304211364e-01 7.396304794106991487e-01 7.760781060178778556e-01
7.464825632168292646e-01 7.771330621111002257e-01 7.403357082477961537e-01 7.774366683853712878e-01
7.444448757010615481e-01 7.753630284884160950e-01 7.417703175944934113e-01 7.790805693781087671e-01
7.463273108346756279e-01 7.762194929809342892e-01 7.417509962564907688e-01 7.788743801349904405e-01
7.487143162102892768e-01 7.776836252853830400e-01 7.424900374350923427e-01 7.801084221533463037e-01
7.492576995478275048e-01 7.786512859647951590e-01 7.423258060620698817e-01 7.802181783985048247e-01
7.493741388344427046e-01 7.795673493437732526e-01 7.426832508151188783e-01 7.803762301388910139e-01
7.505385317005958123e-01 7.808438268389953363e-01 7.433256853037073508e-01 7.804015935699473161e-01
7.519358031399793196e-01 7.809821106890222353e-01 7.427267238256247683e-01 7.797870820131445058e-01
7.524791864775174366e-01 7.810183823271660275e-01 7.422340297065571635e-01 7.791712854302172975e-01
7.513147936113644398e-01 7.805383894936628320e-01 7.411906774544136933e-01 7.782042886395728054e-01
7.527508781462866061e-01 7.815376016084873978e-01 7.427363844946263116e-01 7.796479682364814146e-01
7.505579382483649198e-01 7.799287721398613371e-01 7.447989373264098933e-01 7.810513578538373913e-01
7.484232179937509999e-01 7.784767903510211307e-01 7.443448858833474624e-01 7.808806452974361711e-01
7.482291525160589263e-01 7.786428890728714913e-01 7.425673227871030235e-01 7.797999321740343159e-01
7.481903394205204894e-01 7.795638000916195187e-01 7.411616954474097296e-01 7.791271643980290929e-01
7.485687671020201384e-01 7.799098342950341323e-01 7.425528317836009862e-01 7.801332343180986673e-01
7.479380542995206493e-01 7.788749123846662181e-01 7.420939500060379501e-01 7.794746269163298491e-01
7.474528906052901878e-01 7.783905777167881013e-01 7.420456466610312329e-01 7.789034234532357104e-01
7.483844048982126740e-01 7.784581878050089720e-01 7.425914744596064931e-01 7.791885593692524647e-01
7.485978769236740771e-01 7.790626433367837667e-01 7.435382200217364179e-01 7.805146413141250683e-01
7.487725358535968212e-01 7.798439951239133361e-01 7.447023306363965700e-01 7.816371768444980717e-01
7.493353257389041566e-01 7.802153372937283837e-01 7.458422895785532525e-01 7.825506018224568372e-01
7.464825632168293756e-01 7.768823850526174191e-01 7.442482791933341391e-01 7.809124812918440961e-01
7.478604281084437755e-01 7.774148698335987540e-01 7.414080425069435876e-01 7.784378243794525254e-01
7.462884977391371910e-01 7.759261966153169210e-01 7.395966670691944689e-01 7.770800646387990840e-01
7.439014923635234311e-01 7.741348077693346319e-01 7.389638932496075396e-01 7.768454598266216760e-01
7.447553804653690435e-01 7.750121971456978009e-01 7.396787827557057549e-01 7.770372654309156690e-01
7.478216150129053386e-01 7.782322381201104422e-01 7.417268445839875213e-01 7.788118297615362895e-01
7.492382930000581753e-01 7.791235985446088863e-01 7.427557058326289541e-01 7.795782801546788932e-01
7.497622697898271849e-01 7.794228248855394892e-01 7.429392585436542795e-01 7.793695733388136260e-01
7.488889751402121320e-01 7.788299215006675436e-01 7.424852071005918486e-01 7.792805400059756860e-01
7.472782316753674436e-01 7.780287099001633733e-01 7.430986595821760243e-01 7.796494565686493683e-01
7.462496846435987541e-01 7.764445744755348322e-01 7.432483999516967810e-01 7.795273837640988024e-01
7.463467173824448464e-01 7.767057053736063921e-01 7.447699553194058186e-01 7.811334389178503645e-01
7.481321197772127229e-01 7.779947608262404168e-01 7.448762226784205742e-01 7.814868779089383377e-01
7.499369287197499290e-01 7.788693990025119529e-01 7.436106750392464937e-01 7.806988899334279530e-01
7.509072561082108521e-01 7.799934600210972624e-01 7.434222919937205631e-01 7.805356275442201230e-01
7.489471947835198984e-01 7.783284723735418575e-01 7.428716338606448089e-01 7.796537184570371259e-01
7.485784703759047476e-01 7.782548318594384451e-01 7.420842893370366289e-01 7.786279617086162563e-01
7.478604281084437755e-01 7.779690273049926219e-01 7.409346697258785142e-01 7.779197705976436117e-01
7.472588251275981142e-01 7.773311787231084180e-01 7.423596184035745615e-01 7.792146295257380562e-01
7.476081429874439355e-01 7.773745773406428583e-01 7.444125105663567110e-01 7.808475813039252866e-01
7.498398959809039477e-01 7.790890392097785666e-01 7.462576983456103985e-01 7.825035131439235236e-01
7.485978769236740771e-01 7.783863549608999177e-01 7.458761019200580433e-01 7.814339415881093043e-01
7.476469560829823724e-01 7.771920237306005896e-01 7.450742663929477150e-01 7.805437150985705674e-01
7.493547322866735971e-01 7.785806582090427641e-01 7.434512740007246379e-01 7.797745796523438688e-01
7.484620310892895478e-01 7.784794862531821957e-01 7.421470836855452724e-01 7.789890636298708593e-01
7.487337227580583843e-01 7.793819197487853456e-01 7.425624924526024184e-01 7.798187499336421968e-01
7.474722971530594062e-01 7.787380347790315849e-01 7.438135490882743506e-01 7.805676411788478042e-01
7.458809602359834923e-01 7.767507407353040350e-01 7.427025721531217428e-01 7.792158793743068079e-01
7.466766286945216713e-01 7.773571372670691204e-01 7.426832508151189893e-01 7.791963074277550305e-01
7.502862465795959723e-01 7.804452205897851602e-01 7.440888781548121722e-01 7.805732443484456606e-01
7.513536067069028768e-01 7.812349794992943242e-01 7.441613331723222480e-01 7.805880543425716134e-01
7.515864852801334983e-01 7.814274532536564788e-01 7.445139475908706395e-01 7.806565048171908439e-01
7.497816763375964033e-01 7.794373600332027419e-01 7.445429295978746032e-01 7.804791351505080410e-01
7.477633953695976832e-01 7.772191291598876672e-01 7.453834078009903275e-01 7.807011914699080180e-01
7.481321197772127229e-01 7.778025291484722548e-01 7.449052046854243159e-01 7.805927206118077333e-01
7.469871334588289447e-01 7.768396919762912134e-01 7.445815722738799991e-01 7.804479589204691425e-01
7.476469560829823724e-01 7.782850095626479003e-01 7.446975003018959649e-01 7.805804336524182485e-01
7.489860078790583353e-01 7.793772867855923714e-01 7.438135490882742396e-01 7.804434666999293668e-01
7.480933066816743970e-01 7.790841011756961532e-01 7.447119913053980023e-01 7.814560831374808281e-01
7.461914650002909877e-01 7.771043102595096563e-01 7.442192971863300643e-01 7.808269836309409406e-01
7.488307554969046986e-01 7.792266276814194814e-01 7.445525902668759244e-01 7.811165798677024430e-01
7.480156804905975232e-01 7.783273144681821520e-01 7.448424103369156724e-01 7.808502141463800061e-01
7.500921811019037877e-01 7.797661829915391030e-01 7.452771404419756829e-01 7.816463812417916435e-01
7.493159191911350492e-01 7.794704557071240325e-01 7.448279193334138570e-01 7.810755370949129528e-01
7.504997186050572644e-01 7.807031446885419612e-01 7.456780582055306805e-01 7.814746586536746031e-01
7.513536067069028768e-01 7.809583456267488177e-01 7.458712715855573272e-01 7.818213315664374052e-01
7.478022084651361201e-01 7.779240660431840926e-01 7.437555850742663122e-01 7.799838103204713713e-01
7.443284364144462373e-01 7.754879748151323193e-01 7.425624924526024184e-01 7.791573358942691652e-01
7.449688524908303355e-01 7.762056492919217066e-01 7.436734693877551372e-01 7.801010803780155101e-01
7.469483203632905077e-01 7.782565800975986825e-01 7.446491969568892477e-01 7.806893587192029749e-01
7.491994799045198494e-01 7.793032334852876275e-01 7.452916314454776092e-01 7.817323710432100281e-01
7.494905781210581264e-01 7.787256585688751009e-01 7.449003743509238218e-01 7.814063774928898809e-01
7.488501620446739171e-01 7.785886224141547185e-01 7.443231493780944064e-01 7.809267462076100452e-01
7.478798346562129939e-01 7.787159991250003355e-01 7.448230889989131409e-01 7.810135796332973168e-01
7.479768673950590863e-01 7.792241415660142723e-01 7.448665620094192530e-01 7.810929954867856795e-01
7.481709328727512709e-01 7.792657089842741636e-01 7.438377007607777092e-01 7.808194902687431993e-01
7.492771060955967233e-01 7.802634100576690823e-01 7.442820915348387079e-01 7.815458489181799084e-01
7.494517650255195784e-01 7.798896069788279206e-01 7.432387392826953487e-01 7.808169645979154971e-01
7.497816763375961813e-01 7.806601899060855443e-01 7.421808960270499522e-01 7.798564000448654498e-01
7.486366900192125140e-01 7.801044371360630336e-01 7.429440888781546626e-01 7.803742248570855189e-01
7.464049370257523908e-01 7.778222588377914359e-01 7.449486776959304279e-01 7.817894766820910890e-01
7.481515263249820524e-01 7.794450039731188884e-01 7.457360222195386079e-01 7.823609462235441292e-01
7.475887364396747170e-01 7.788491658017218100e-01 7.443980195628546737e-01 7.812109217670022421e-01
7.489860078790582243e-01 7.793109962639417354e-01 7.452819707764761770e-01 7.815316461783551327e-01
7.508878495604416337e-01 7.809687614804528000e-01 7.460596546310831467e-01 7.819353955686279001e-01
7.520716489743638489e-01 7.807633465058496647e-01 7.464364207221350078e-01 7.825799062731521039e-01
7.529837567195172277e-01 7.817504947768066925e-01 7.464170993841323654e-01 7.825579998420578720e-01
7.523627471909022368e-01 7.817422828633955323e-01 7.469097935032001923e-01 7.830711075766729756e-01
7.487919424013662617e-01 7.792924473406136476e-01 7.452240067624683606e-01 7.818383764365981481e-01
7.454734227328300156e-01 7.769958227712844279e-01 7.447699553194059297e-01 7.815653232778774218e-01
7.463079042869062985e-01 7.774476363392042177e-01 7.444994565873687131e-01 7.806609792979615214e-01
7.472976382231364401e-01 7.772494472008268929e-01 7.444994565873687131e-01 7.803821385710526526e-01
7.504414989617496090e-01 7.798710927593737186e-01 7.442289578553316076e-01 7.808923405430818754e-01
7.511983543247491291e-01 7.806643329228892814e-01 7.444318319043593535e-01 7.811032614946932240e-01
7.511983543247491291e-01 7.803141709785627045e-01 7.449824900374351078e-01 7.814848788589079387e-01
7.496264239554424336e-01 7.794864780753827382e-01 7.456200941915227531e-01 7.814827649196159909e-01
7.477051757262900278e-01 7.778450324157383244e-01 7.451080787344523948e-01 7.809405685648639350e-01
7.481321197772127229e-01 7.778462127959798744e-01 7.449921507064364290e-01 7.810604931082865132e-01
