7.785324768576916687e-01 8.049074145812339376e-01 7.853447651249848560e-01 8.038025654360723138e-01
7.784742572143841244e-01 8.049966874787818361e-01 7.853882381354909681e-01 8.041371138349838743e-01
7.786877292398454165e-01 8.065051266558153076e-01 7.845042869218692427e-01 8.037094431927160887e-01
7.797550893671523209e-01 8.080623596412275234e-01 7.839343074507909570e-01 8.032677104196412898e-01
7.809582953288438656e-01 8.084494873193932563e-01 7.840985388238135290e-01 8.032744322107241430e-01
7.814822721186127641e-01 8.090579045578107920e-01 7.847458036469024956e-01 8.038418301118915865e-01
7.842380019018415638e-01 8.111677338102535328e-01 7.851998550899649265e-01 8.042911696168302260e-01
7.849948572648410838e-01 8.117550342046802037e-01 7.850211327134404282e-01 8.042245853469450756e-01
7.855964602456868562e-01 8.116170005960751110e-01 7.845719116048786024e-01 8.033089780518374301e-01
7.856934929845329485e-01 8.113424254301659921e-01 7.833305156382078804e-01 8.023355685587629793e-01
7.882939703856081115e-01 8.126826114945753243e-01 7.820649679990339109e-01 8.014690998285871615e-01
7.908168215956064007e-01 8.147108135026406295e-01 7.817606569254920146e-01 8.015553215979414059e-01
7.926604436336820436e-01 8.171426234796383969e-01 7.818137906049994479e-01 8.013057619689708533e-01
7.941353412641424248e-01 8.177991671019332331e-01 7.810892404298998004e-01 8.010419774004439164e-01
7.938636495953734773e-01 8.176404687783189740e-01 7.816109165559714800e-01 8.009312052735405585e-01
7.918647751751439756e-01 8.159402182646717794e-01 7.805772249728294421e-01 7.997892303665234959e-01
7.902928448058375022e-01 8.147655680288199420e-01 7.799686028257456494e-01 7.997259257686978318e-01
7.915930835063749171e-01 8.161843046519594580e-01 7.791667672986354320e-01 7.997140852959314650e-01
7.914378311242212805e-01 8.162629193214960832e-01 7.788962685665982155e-01 7.991969521022275202e-01
7.899823400415301178e-01 8.152681805644110824e-01 7.788093225455863244e-01 7.991413721674729409e-01
7.874983019270702655e-01 8.129227457421901448e-01 7.793648110131626838e-01 7.990821105837015992e-01
7.858293388189175888e-01 8.119055557426685388e-01 7.791088032846275047e-01 7.986431528790451928e-01
7.851112965514563946e-01 8.117916399279725415e-01 7.785822968240551090e-01 7.981513246549523100e-01
7.851889227425333795e-01 8.124716822600239752e-01 7.791136336191281098e-01 7.986699187525606591e-01
7.850530769081489613e-01 8.125367163107803936e-01 7.787175461900736062e-01 7.980639540863253556e-01
7.847619786916105733e-01 8.126852670087603148e-01 7.776548725999274936e-01 7.961042813889296355e-01
7.832676745133808627e-01 8.115247699055557762e-01 7.768578674073178814e-01 7.953729656181321994e-01
7.830347959401502411e-01 8.104594159764881844e-01 7.749112426035502654e-01 7.939506063059887930e-01
7.854994275068407639e-01 8.121501963695352266e-01 7.732979108803285095e-01 7.927312921331092221e-01
7.854800209590716564e-01 8.124959734254715293e-01 7.722980316386909294e-01 7.915996379612272316e-01
7.864115352519940316e-01 8.134635819804985069e-01 7.701437024513947405e-01 7.893525049329397358e-01
7.872460168060703145e-01 8.147101760060864173e-01 7.695302499698104537e-01 7.890387044076159206e-01
7.885074424110694036e-01 8.151897716818460315e-01 7.692355995652698786e-01 7.885467891024154907e-01
7.892060781307613793e-01 8.149101140422223555e-01 7.691100108682525915e-01 7.886631773071992590e-01
7.894001436084534529e-01 8.145976517697730568e-01 7.683564786861489804e-01 7.879621840254740217e-01
7.909332608822217114e-01 8.157567686270628116e-01 7.678879362395845121e-01 7.882953476812581961e-01
7.918647751751440866e-01 8.174067467036993939e-01 7.680714889506098375e-01 7.887823743274311461e-01
7.914766442197597174e-01 8.181186778860450870e-01 7.695060982973069841e-01 7.901677916198783791e-01
7.913407983853751881e-01 8.177240518011605896e-01 7.700277744233787747e-01 7.902937172039997682e-01
7.900987793281453175e-01 8.177464031230088359e-01 7.704142011834319570e-01 7.903868024984694873e-01
7.895359894428379821e-01 8.179970756145487076e-01 7.691341625407559501e-01 7.896718726651604792e-01
7.889926061053000872e-01 8.174001962962358370e-01 7.703562371694239186e-01 7.910115646811175516e-01
7.897688680160686037e-01 8.185254646537735157e-01 7.702934428209153861e-01 7.907357168905535527e-01
7.895359894428380931e-01 8.176551238381282172e-01 7.706846999154691735e-01 7.913199636614118848e-01
7.902152186147606283e-01 8.179599249128701732e-01 7.715928028015939244e-01 7.921576963471743671e-01
7.920588406528361602e-01 8.197934971355732570e-01 7.711629030310349631e-01 7.919368948045086842e-01
7.926216305381434957e-01 8.199003002072879909e-01 7.702161574689047052e-01 7.913110957536002577e-01
7.902152186147606283e-01 8.185445910794710844e-01 7.702837821519140649e-01 7.906282147197069010e-01
7.893613305129150159e-01 8.180102685956716080e-01 7.703948798454294256e-01 7.897813452653674737e-01
7.895748025383765301e-01 8.176337148534236210e-01 7.690713681922473066e-01 7.881046632702060073e-01
7.903316579013760501e-01 8.179528359224820244e-01 7.682453809926337307e-01 7.877271451615713849e-01
7.902346251625297358e-01 8.179999280909531212e-01 7.678975969085858333e-01 7.880288557005818983e-01
7.895553959906072006e-01 8.172013215969156086e-01 7.669266996739524389e-01 7.870488302514208057e-01
7.888761668186845544e-01 8.167669430878006231e-01 7.662890955198649046e-01 7.861020993086198505e-01
7.893807370606842344e-01 8.171990840816364399e-01 7.672599927544982990e-01 7.875332544273699886e-01
7.902928448058375022e-01 8.177069763640429922e-01 7.678203115565753745e-01 7.880862157023896808e-01
7.903510644491451576e-01 8.185766560209196685e-01 7.685013887211690209e-01 7.887504483847130876e-01
7.905257233790680127e-01 8.187714649927573252e-01 7.696703296703296671e-01 7.898002895791401690e-01
7.897688680160686037e-01 8.183223811025306382e-01 7.690230648472407005e-01 7.895950842169874306e-01
7.889731995575307577e-01 8.188221799740467155e-01 7.680956406231131961e-01 7.883710253220070907e-01
7.888761668186845544e-01 8.189889192254000694e-01 7.667238256249244710e-01 7.875421225244956247e-01
7.869937316850705855e-01 8.174953562717512945e-01 7.674532061345248346e-01 7.881597485508720080e-01
7.872654233538396440e-01 8.176195776189367770e-01 7.676850621905566552e-01 7.885175629484665327e-01
7.889731995575306467e-01 8.188658873959914208e-01 7.678396328945780169e-01 7.891624087568400725e-01
7.916124900541443576e-01 8.203542775260053155e-01 7.692839029102765958e-01 7.898231298647027110e-01
7.909526674299908189e-01 8.190221307801152095e-01 7.683130056756430903e-01 7.888890504469708853e-01
7.917095227929903389e-01 8.182616640091968652e-01 7.674338847965221921e-01 7.883182753194273307e-01
7.930679811368355203e-01 8.203378064973821937e-01 7.675256611520347994e-01 7.881065017205125534e-01
7.915348638630674838e-01 8.195586788757122099e-01 7.686124864146841595e-01 7.886888636458326829e-01
7.900211531370684437e-01 8.188081337443912089e-01 7.683878758604033576e-01 7.879471572442644511e-01
7.908362281433755081e-01 8.194738539477278705e-01 7.687573964497040890e-01 7.885706956789013677e-01
7.921170602961438156e-01 8.198730775628043643e-01 7.675015094795313297e-01 7.876024017221117113e-01
7.914378311242213915e-01 8.193829886437978827e-01 7.661296944813427157e-01 7.868320055137826285e-01
7.911273263599138961e-01 8.179636439325109754e-01 7.656708127037797906e-01 7.866192673038667760e-01
7.895359894428379821e-01 8.172360117137797975e-01 7.657046250452843594e-01 7.869466924832608790e-01
7.907974150478369602e-01 8.178191371147438549e-01 7.666078975969086162e-01 7.877257986143466617e-01
7.907586019522986343e-01 8.171991317853504189e-01 7.680569979471078002e-01 7.886117866138984134e-01
7.917095227929904500e-01 8.182811625127698330e-01 7.693418669242845231e-01 7.900054603863354563e-01
7.919812144617593974e-01 8.187726164723272415e-01 7.700326047578794908e-01 7.907682691239039663e-01
7.900017465892992252e-01 8.182753428303349841e-01 7.704093708489312409e-01 7.905537417697985347e-01
7.907197888567603083e-01 8.182838311470781445e-01 7.707813066054823858e-01 7.904009879903952651e-01
7.883327834811465484e-01 8.177024320773068622e-01 7.706363965704624563e-01 7.905690273107690569e-01
7.885268489588386220e-01 8.180479841185199774e-01 7.711387513585316045e-01 7.909950748702880841e-01
7.895165828950687636e-01 8.182220844381729030e-01 7.711580726965342469e-01 7.911386910601490019e-01
7.913602049331444066e-01 8.193558797192537213e-01 7.713947590870668947e-01 7.910152314284075725e-01
7.908556346911448376e-01 8.195687749042097625e-01 7.708489312884917455e-01 7.914248231324106930e-01
7.904092840924528129e-01 8.195095228448689983e-01 7.697041420118342359e-01 7.909313587938435752e-01
7.905063168312989053e-01 8.186627150367118411e-01 7.695060982973070951e-01 7.904085823494588769e-01
7.926216305381434957e-01 8.200873216183806047e-01 7.699263373988647352e-01 7.901561171325995891e-01
7.937860234042966034e-01 8.205036683798045960e-01 7.698635430503562027e-01 7.898652365510437923e-01
7.930485745890663019e-01 8.195448236972227019e-01 7.692549209032726321e-01 7.895833779423773180e-01
7.917483358885286648e-01 8.179831481019333994e-01 7.667431469629272245e-01 7.872450829141280915e-01
7.918065555318363202e-01 8.172855947919254183e-01 7.659847844463227862e-01 7.867943749379329166e-01
7.922917192260667818e-01 8.175446588057851960e-01 7.680956406231130851e-01 7.891175457467052290e-01
7.898853073026839144e-01 8.153151206922706340e-01 7.682598719961356570e-01 7.893001111334825293e-01
7.896136156339148560e-01 8.151180159945052850e-01 7.679120879120879817e-01 7.893198897470471431e-01
7.902055153408759081e-01 8.160028996890689168e-01 7.668107716459364731e-01 7.891049584889562318e-01
7.902346251625298468e-01 8.172937043223466036e-01 7.666562009419151114e-01 7.888097461269614197e-01
7.909138543344523820e-01 8.183918224450921208e-01 7.674193937930200438e-01 7.890384224994169138e-01
7.906033495701449976e-01 8.177383383362345493e-01 7.680328462746044416e-01 7.886719636148998847e-01
7.903704709969143760e-01 8.170957806545969815e-01 7.674049027895182284e-01 7.878015541383851517e-01
7.922529061305283449e-01 8.185596606512111073e-01 7.690085738437386631e-01 7.888257972891228320e-01
7.925440043470668439e-01 8.190581318109981801e-01 7.710904480135248873e-01 7.907172299700981899e-01
7.924081585126820926e-01 8.198392393399380751e-01 7.704335225214345995e-01 7.904365560338888486e-01
7.924857847037589664e-01 8.205702980711715444e-01 7.699987924163747000e-01 7.907245967281933963e-01
7.928933222069126652e-01 8.206976624983510771e-01 7.719405868856419328e-01 7.925160662967001279e-01
7.931844204234508311e-01 8.206985133072137728e-01 7.722980316386909294e-01 7.926606785139106437e-01
7.925440043470666218e-01 8.197219018074189956e-01 7.712401883830455329e-01 7.908631390283076268e-01
7.901569989714529729e-01 8.168361170696631923e-01 7.707281729259751746e-01 7.900241755304298064e-01
7.891090453919153980e-01 8.159430671439074079e-01 7.682550416616351630e-01 7.877221778056316959e-01
7.880999049079159269e-01 8.154508498302173169e-01 7.682743629996378054e-01 7.884923972599713338e-01
7.902734382580682837e-01 8.168256640236747357e-01 7.695737229803163437e-01 7.894074762256859668e-01
7.925828174426050587e-01 8.190560356645273377e-01 7.709020649679991788e-01 7.901529295756828386e-01
7.953967668691417359e-01 8.214968962893645088e-01 7.701775147928995313e-01 7.894203416298352094e-01
7.959013371111411939e-01 8.214706849546021816e-01 7.699891317473734897e-01 7.889357682985163045e-01
7.937472103087581665e-01 8.195661125303437267e-01 7.701098901098901717e-01 7.892644030522499854e-01
7.922723126782975633e-01 8.186809848663739730e-01 7.710952783480256034e-01 7.903891471648719635e-01
7.911661394554522220e-01 8.184346739444391394e-01 7.711918850380388157e-01 7.907380873045302128e-01
7.892448912262997052e-01 8.166641005172787793e-01 7.700374350923800959e-01 7.898876958233508327e-01
7.926798501814511511e-01 8.188240200975105409e-01 7.698732037193576350e-01 7.903380476957468925e-01
7.950862621048342405e-01 8.205091570367828435e-01 7.693225455862817697e-01 7.904160935418922396e-01
7.940189019775272250e-01 8.193519334146555089e-01 7.694046612727931667e-01 7.903548646956941592e-01
7.922917192260667818e-01 8.193425203692259462e-01 7.705011472044438481e-01 7.904636173540118271e-01
7.905645364746064496e-01 8.181652104232950418e-01 7.702644608139113114e-01 7.902909832163075299e-01
7.898853073026839144e-01 8.175745264498917031e-01 7.689602704987320569e-01 7.894364053751409260e-01
7.883133769333772189e-01 8.165309392705607516e-01 7.687042627701968778e-01 7.896524582063861875e-01
7.899435269459915698e-01 8.176178201908302912e-01 7.684627460451636249e-01 7.902552461205146761e-01
7.904092840924528129e-01 8.175360976869618934e-01 7.677720082115686573e-01 7.899979830931123104e-01
7.892642977740689236e-01 8.160748646157871544e-01 7.676029465040453692e-01 7.900627796474435360e-01
7.894001436084534529e-01 8.172061999722755044e-01 7.689167974882260559e-01 7.911766515755722651e-01
7.892642977740689236e-01 8.173469785688357581e-01 7.700857384373867021e-01 7.916713176889798032e-01
7.901958120669914098e-01 8.177522476405392204e-01 7.689312884917280932e-01 7.907370731955460919e-01
7.926022239903743882e-01 8.186119483283109677e-01 7.691196715372539128e-01 7.909671192236351622e-01
7.942711870985270650e-01 8.192746854737085194e-01 7.692500905687718049e-01 7.909421032453827216e-01
7.956102388946029169e-01 8.205360356677962042e-01 7.688250211327134487e-01 7.903657147159302010e-01
7.941547478119117542e-01 8.197274044860309861e-01 7.685931650766816281e-01 7.902113197568705338e-01
7.917483358885287759e-01 8.180723316450650984e-01 7.690617075232459854e-01 7.911823765405995301e-01
7.918259620796056497e-01 8.179021089912666964e-01 7.697959183673469541e-01 7.913858167908311980e-01
7.936695841176814037e-01 8.194725506236577584e-01 7.711049390170269247e-01 7.918647587437916968e-01
7.941741543596808617e-01 8.202830375045389033e-01 7.710566356720203185e-01 7.918196927430294352e-01
7.934367055444506711e-01 8.208358407085225572e-01 7.709986716580121691e-01 7.916144223007756109e-01
7.939606823342195696e-01 8.212177269882643404e-01 7.710711266755222448e-01 7.917562047283290827e-01
7.927962894680664618e-01 8.198778265416267752e-01 7.708392706194903132e-01 7.914843794645303188e-01
7.929903549457586465e-01 8.193446506833714782e-01 7.704286921869339944e-01 7.917952453994583362e-01
7.953385472258338584e-01 8.205513313611119131e-01 7.702741214829127436e-01 7.920346269402900319e-01
7.963670942576025480e-01 8.210585223055318904e-01 7.709890109890109589e-01 7.929140981973687996e-01
7.950862621048342405e-01 8.203393948809888370e-01 7.709600289820069952e-01 7.930427518428005973e-01
7.967358186652175878e-01 8.220410636795597581e-01 7.712981523970534603e-01 7.934303445224486495e-01
7.958625240156028680e-01 8.216868315762891894e-01 7.715541601255886395e-01 7.937694202912790598e-01
7.959013371111411939e-01 8.217950742817756726e-01 7.719743992271463906e-01 7.939324437183545857e-01
7.957072716334491203e-01 8.207389296795808420e-01 7.721241395966670362e-01 7.938063647703024195e-01
7.948727900793728374e-01 8.200971777156168541e-01 7.725733607052287510e-01 7.937119799318386182e-01
7.943488132896039389e-01 8.202482158780579624e-01 7.724429416737109699e-01 7.934401120113774297e-01
7.959207436589104123e-01 8.213695385083863432e-01 7.719937205651490331e-01 7.931301924148170812e-01
7.955132061557569356e-01 8.205734334342501546e-01 7.708972346334984627e-01 7.921414848720933488e-01
7.931844204234508311e-01 8.196943795120218423e-01 7.692742422412752745e-01 7.909083244119536893e-01
7.920006210095285049e-01 8.189129030754137561e-01 7.700374350923800959e-01 7.911411890225424903e-01
7.918647751751440866e-01 8.194854373378377410e-01 7.714285714285713524e-01 7.923586269806186522e-01
7.943876263851423758e-01 8.215344299301876596e-01 7.719019442096364259e-01 7.930574624551263163e-01
7.951638882959110033e-01 8.215007235211209125e-01 7.716507668156020738e-01 7.929281620567598665e-01
7.961730287799102523e-01 8.213008896216624777e-01 7.709213863060017102e-01 7.923125639279807730e-01
7.973762347416017970e-01 8.211059885020104421e-01 7.708875739644970304e-01 7.925875558763777473e-01
7.955326127035262651e-01 8.204446750339117189e-01 7.699359980678662785e-01 7.916299077895483371e-01
7.938636495953734773e-01 8.194094918899481605e-01 7.715155174495833545e-01 7.928865789866665903e-01
7.937472103087581665e-01 8.191218429792366251e-01 7.736891679748822970e-01 7.945286047913764360e-01
7.930291680412970834e-01 8.190407903776870668e-01 7.735104455983576877e-01 7.943441086605784740e-01
7.951638882959110033e-01 8.206867848143121202e-01 7.727327617437508289e-01 7.932493130054115715e-01
7.949698228182189297e-01 8.197710101604184230e-01 7.721096485931649989e-01 7.927876808836764599e-01
7.923111257738361113e-01 8.180619696295819976e-01 7.714768747735779586e-01 7.924910153553903491e-01
7.918065555318363202e-01 8.190291917701084667e-01 7.710856176790243932e-01 7.923928604107692841e-01
7.932814531622969234e-01 8.195529341697651571e-01 7.722738799661876818e-01 7.933291843466309112e-01
7.958625240156028680e-01 8.207197844827633926e-01 7.732109648593165074e-01 7.948185336835968950e-01
7.960371829455257231e-01 8.205897995271492773e-01 7.734959545948556503e-01 7.948160623104650879e-01
7.973956412893710155e-01 8.211561391699291335e-01 7.733317232218330783e-01 7.944769755467440131e-01
7.958819305633721974e-01 8.204181101435972234e-01 7.720951575896630725e-01 7.932816957134907199e-01
7.948339769838342894e-01 8.205575664194972862e-01 7.722207462866803596e-01 7.935010158281572412e-01
7.947757573405267451e-01 8.206391696307168138e-01 7.717135611641104953e-01 7.932967709856981742e-01
7.935919579266044188e-01 8.205884089860506769e-01 7.712546793865475703e-01 7.932784983311148563e-01
7.949504162704496002e-01 8.219011490487830862e-01 7.715010264460814282e-01 7.928999274057662028e-01
7.987735061809855264e-01 8.230693432928114506e-01 7.723318439801956092e-01 7.934358395456766466e-01
8.005589085757535139e-01 8.240665133991871283e-01 7.724719236807149336e-01 7.939027401943721252e-01
7.991422305886006772e-01 8.233037430822841563e-01 7.716604274846032840e-01 7.934362202635822925e-01
7.967552252129869172e-01 8.217782451408511823e-01 7.724719236807149336e-01 7.935552763839250900e-01
7.959401502066797418e-01 8.212481670895339647e-01 7.732157951938172236e-01 7.941668643662547211e-01
7.947175376972189786e-01 8.209599066428014957e-01 7.726313247192369005e-01 7.934852002030173823e-01
7.969881037862175388e-01 8.228233977864076731e-01 7.715734814635912819e-01 7.925172909457338655e-01
7.974926740282171078e-01 8.233426360097457763e-01 7.718439801956284985e-01 7.929095613628239780e-01
7.940965281686040989e-01 8.199969219647328389e-01 7.709358773095036366e-01 7.924437136940303272e-01
7.940965281686040989e-01 8.205163701670921128e-01 7.697476150223403479e-01 7.916712683517437288e-01
7.950668555570650220e-01 8.214025006981496846e-01 7.693660185967878817e-01 7.913698696685325107e-01
7.946399115061422158e-01 8.212179737977904903e-01 7.697524453568409530e-01 7.917162439742184699e-01
7.958431174678335385e-01 8.225756940679177509e-01 7.707040212534717050e-01 7.930130773450925208e-01
7.988899454676008371e-01 8.244096216233157692e-01 7.713995894215674998e-01 7.938434650915671131e-01
8.007723806012150281e-01 8.253911078958122705e-01 7.733268928873324732e-01 7.949416145806416090e-01
8.011216984610607383e-01 8.254753485022651160e-01 7.732157951938171125e-01 7.944418216530102494e-01
7.995691746395234833e-01 8.237684596332512932e-01 7.729984301412873293e-01 7.942403133253481684e-01
7.954937996079876061e-01 8.204527214811007108e-01 7.724767540152155387e-01 7.944335219893203792e-01
7.943682198373730463e-01 8.199386300178388431e-01 7.721096485931651099e-01 7.944211687317732640e-01
7.949310097226804928e-01 8.208806829426005258e-01 7.720227025721531078e-01 7.940416290542491318e-01
7.956490519901414649e-01 8.215865070966152928e-01 7.706846999154691735e-01 7.922989695972926238e-01
7.950280424615265851e-01 8.198848609576812052e-01 7.695302499698104537e-01 7.918771291002371093e-01
7.961536222321410339e-01 8.199083346631084179e-01 7.688781548122206599e-01 7.912035553688694378e-01
7.949504162704496002e-01 8.198202897078323836e-01 7.702572153121602927e-01 7.921570178793393424e-01
7.955326127035260431e-01 8.207915118597706172e-01 7.730950368313005416e-01 7.947335767393737260e-01
7.972403889072172678e-01 8.230592139872440205e-01 7.742060137664532604e-01 7.961750848380992895e-01
7.967746317607561357e-01 8.232398832497692664e-01 7.745393068469992315e-01 7.959563494357839719e-01
7.968522579518328985e-01 8.228020428363953531e-01 7.737374713198890142e-01 7.948963287860056903e-01
7.987152865376776489e-01 8.233407519820881149e-01 7.739596667069195135e-01 7.954776404000302170e-01
7.981330901046013171e-01 8.227039836225099600e-01 7.729163144547760433e-01 7.941885313235325095e-01
7.983271555822935017e-01 8.232551048555039053e-01 7.729259751237773646e-01 7.943248314323880788e-01
7.961730287799103634e-01 8.213182198663202538e-01 7.724912450187175761e-01 7.938460433601032262e-01
7.942905936462962835e-01 8.204891671293211841e-01 7.716169544740973940e-01 7.935545817355547094e-01
7.944846591239884681e-01 8.201083963592903370e-01 7.714092500905687100e-01 7.931409315784376801e-01
7.957460847289875572e-01 8.213307941172820481e-01 7.716217848085981101e-01 7.934539134742848443e-01
7.962312484232180188e-01 8.218530907229028015e-01 7.714768747735779586e-01 7.934279086885761556e-01
7.966581924741407139e-01 8.207417465044150040e-01 7.713367950730587452e-01 7.939271317924491145e-01
7.966581924741407139e-01 8.216294712931233590e-01 7.710421446685182811e-01 7.944228518171707609e-01
7.967746317607561357e-01 8.214204433917700054e-01 7.716555971501026789e-01 7.944147310880611546e-01
7.959401502066797418e-01 8.209333095260470392e-01 7.708296099504891030e-01 7.930224624602808525e-01
7.963865008053717665e-01 8.218515416833341858e-01 7.715686511290906768e-01 7.934998943441420316e-01
7.965223466397564067e-01 8.220152563501337273e-01 7.733655355633377582e-01 7.949155851825915331e-01
7.955132061557569356e-01 8.213330707910886375e-01 7.734621422533510815e-01 7.950628335004943370e-01
7.957072716334492313e-01 8.213013779164703987e-01 7.731336795073058266e-01 7.950614582615895820e-01
7.965805662830638401e-01 8.224032210899078210e-01 7.729452964617800070e-01 7.947903026530687143e-01
7.966387859263714954e-01 8.232083303094210880e-01 7.739789880449221560e-01 7.955886860615923872e-01
7.972986085505250342e-01 8.237214202899740823e-01 7.747953145755344107e-01 7.964055153229920858e-01
7.972015758116788309e-01 8.237732414099057099e-01 7.752928390291027316e-01 7.970785811469023319e-01
7.973956412893710155e-01 8.231838382825119593e-01 7.754329187296220560e-01 7.976830121341218494e-01
7.978613984358320366e-01 8.232732485228606567e-01 7.743026204564666948e-01 7.964560642796676415e-01
7.958819305633720864e-01 8.219023879732687554e-01 7.741915227629513341e-01 7.958814603760864248e-01
7.945234722195269050e-01 8.212939174395795794e-01 7.730274121482912930e-01 7.944592593305850325e-01
7.954355799646800618e-01 8.223032802237022487e-01 7.739161936964134014e-01 7.952240052073294985e-01
7.963670942576025480e-01 8.223415987262586713e-01 7.742494867769593725e-01 7.959967916392947096e-01
7.958043043722951015e-01 8.224130271468933495e-01 7.742832991184640523e-01 7.958949887819564140e-01
7.974926740282171078e-01 8.237515882351100771e-01 7.736601859678782223e-01 7.955368326505480869e-01
7.976285198626016371e-01 8.242408959266358526e-01 7.728921627822725737e-01 7.949440264305529524e-01
7.984047817733703756e-01 8.239001839784203529e-01 7.729259751237773646e-01 7.950989224652148524e-01
7.975314871237555447e-01 8.221377595676562233e-01 7.729187296220263459e-01 7.944936906685817757e-01
7.971433561683711755e-01 8.215322821188503211e-01 7.728535201062672888e-01 7.942008180774129400e-01
7.965611597352946216e-01 8.211448845158345611e-01 7.727134404057480754e-01 7.945129146074767501e-01
7.976673329581400740e-01 8.228059117951247448e-01 7.733607052288371531e-01 7.953420458161819528e-01
7.972986085505249232e-01 8.226327407382960644e-01 7.736118826228717271e-01 7.957933782499118092e-01
7.969881037862174278e-01 8.216826769979737044e-01 7.738147566718995840e-01 7.959821201721389849e-01
7.959983698499873972e-01 8.213410175093464050e-01 7.740031397174255146e-01 7.963129908278967495e-01
7.958819305633720864e-01 8.207545918610986702e-01 7.743074507909672999e-01 7.969318635929135697e-01
7.972403889072172678e-01 8.220144800908961713e-01 7.748001449100350158e-01 7.970322982848121462e-01
7.987929127287547448e-01 8.236848406983939830e-01 7.748291269170389794e-01 7.967612956213383502e-01
7.985018145122164679e-01 8.237196085705020820e-01 7.737664533268928668e-01 7.957956969962487470e-01
7.984241883211394830e-01 8.236203418069714122e-01 7.738775510204081165e-01 7.955519265424474407e-01
7.979390246269091325e-01 8.231066277809927501e-01 7.744427001569859081e-01 7.965352426966779698e-01
7.981719032001397540e-01 8.237603372119876033e-01 7.749692066175581928e-01 7.972800491642522136e-01
7.982107162956780799e-01 8.243447503423697587e-01 7.746890472165197661e-01 7.966426439291819372e-01
7.982301228434472984e-01 8.241051446883995713e-01 7.740417823934307995e-01 7.957582480135062530e-01
7.990257913019851443e-01 8.244802339381893663e-01 7.746262528680110115e-01 7.955924375682764671e-01
7.998990859516000862e-01 8.233601533134682349e-01 7.745006641709938355e-01 7.956747311601708450e-01
8.002289972636769111e-01 8.228523752983309958e-01 7.764424586402607353e-01 7.970340625621350483e-01
7.996273942828309167e-01 8.229450850442883159e-01 7.761671295737230247e-01 7.970609848989935742e-01
7.983659686778318276e-01 8.219223126577941407e-01 7.752831783601015214e-01 7.969024714523991193e-01
7.972597954549864863e-01 8.221460419454611479e-01 7.745344765124985154e-01 7.970130076075044867e-01
7.977061460536783999e-01 8.221877436551608964e-01 7.742060137664533714e-01 7.970840924808413330e-01
7.994139222573696246e-01 8.233729943477042790e-01 7.738751358531579250e-01 7.970074811901044498e-01
7.985794407032933417e-01 8.233646804520624585e-01 7.735201062673591199e-01 7.959432735663601877e-01
7.978225853402938217e-01 8.232039576230338884e-01 7.733268928873324732e-01 7.958115515848926957e-01
7.981330901046013171e-01 8.234565806335494287e-01 7.742253351044560139e-01 7.963652647342258639e-01
7.994139222573697356e-01 8.238789634495694569e-01 7.747421808960270884e-01 7.968093990268647620e-01
7.995691746395232613e-01 8.241206527938412796e-01 7.758724791691824496e-01 7.976852102903055908e-01
7.979584311746783509e-01 8.239132282401794294e-01 7.763361912812463128e-01 7.979017752733031932e-01
7.979196180791398030e-01 8.233596508321295859e-01 7.754135973916194136e-01 7.978372975732038741e-01
7.976673329581400740e-01 8.226197577324798615e-01 7.742929597874652625e-01 7.979055692969098112e-01
7.976285198626016371e-01 8.214554414457290177e-01 7.731505856780581665e-01 7.975692169451029656e-01
7.988123192765239633e-01 8.217664741433314823e-01 7.728100470957615098e-01 7.970825374046143219e-01
7.974732674804478894e-01 8.220390462388307284e-01 7.744910035019925143e-01 7.977240209365992207e-01
7.958043043722953236e-01 8.218152445559485653e-01 7.749788672865596251e-01 7.972421377752976213e-01
7.950280424615265851e-01 8.221001730046970657e-01 7.763313609467454857e-01 7.977493342594182968e-01
7.976091133148323076e-01 8.239469113276358669e-01 7.764327979712595251e-01 7.979748250944687094e-01
7.991034174930621292e-01 8.246792767663023715e-01 7.753846153846153388e-01 7.976239527778259397e-01
7.995691746395233723e-01 8.251535184218590224e-01 7.748725999275449805e-01 7.971296105706244806e-01
7.992586698752158769e-01 8.247252654789264392e-01 7.743267721289700534e-01 7.964113525615713618e-01
7.992392633274466585e-01 8.248243361535212426e-01 7.739983093829247984e-01 7.965383219961283956e-01
7.977061460536785109e-01 8.222759597963802403e-01 7.745393068469992315e-01 7.969157417503898166e-01
7.979972442702167879e-01 8.223323046415194071e-01 7.740828402366863870e-01 7.968608543771206199e-01
7.985018145122163569e-01 8.230401174878902992e-01 7.747083685545225196e-01 7.967869186753817612e-01
7.996662073783694646e-01 8.244907867016442182e-01 7.754957130781305885e-01 7.969459841097928932e-01
7.981719032001397540e-01 8.239951829189895438e-01 7.754860524091293783e-01 7.971245286063601831e-01
7.994527353529080616e-01 8.252268457813215496e-01 7.742736384494626201e-01 7.964080123891261742e-01
7.992198567796774400e-01 8.249576713879246403e-01 7.731481705108078639e-01 7.960031532978677493e-01
7.977837722447553848e-01 8.244594358293223513e-01 7.723463349836976466e-01 7.953399114510437684e-01
7.975120805759862153e-01 8.242213133222138222e-01 7.716072938050959618e-01 7.943069599010093018e-01
7.978613984358322586e-01 8.237665234860391816e-01 7.723511653181982517e-01 7.952243355660086888e-01
7.983853752256009351e-01 8.240031734544391862e-01 7.740659340659340470e-01 7.964044335102385963e-01
7.986570668943701046e-01 8.240973807421447805e-01 7.734862939258544401e-01 7.959992021822031028e-01
8.000737448815229413e-01 8.252739331538802015e-01 7.738678903514067953e-01 7.961454249912266468e-01
7.994915484484463875e-01 8.252825595815529436e-01 7.743750754739765485e-01 7.964007971033630895e-01
7.976091133148325296e-01 8.245323616357678187e-01 7.746117618645091962e-01 7.965698312170530482e-01
7.963282811620640000e-01 8.232143024493481231e-01 7.745586281850018739e-01 7.968595410173131555e-01
7.956490519901414649e-01 8.215780708106192876e-01 7.747373505615263722e-01 7.975213165095764722e-01
7.965805662830639511e-01 8.212916321983902979e-01 7.741432194179447279e-01 7.972293157017140697e-01
7.976479264103708555e-01 8.222431761486149737e-01 7.742011834319525443e-01 7.967077396048217741e-01
7.967940383085254652e-01 8.217889151165882478e-01 7.753363120396087327e-01 7.976713686862488828e-01
7.961730287799102523e-01 8.221068167081553302e-01 7.765052529887694899e-01 7.989241017973973680e-01
