8.421083273496476895e-01 8.781436052995301722e-01 8.027146479893731978e-01 8.407862356333299925e-01
8.417978225853404162e-01 8.778895957851395870e-01 8.026373626373626280e-01 8.402794849000069233e-01
8.425934910438781511e-01 8.784366613399241519e-01 8.043762830576017819e-01 8.413268130708339010e-01
8.454850666614915911e-01 8.799901791278355034e-01 8.083178360101437310e-01 8.446264965324998819e-01
8.475809738205670740e-01 8.816301511872595142e-01 8.115589904600893911e-01 8.478457224919129231e-01
8.470181839352597386e-01 8.817003760726973560e-01 8.135201062673590444e-01 8.489649263413967528e-01
8.472510625084903602e-01 8.820793118951331113e-01 8.152541963530975933e-01 8.500477375890591603e-01
8.487259601389508523e-01 8.826867798493494011e-01 8.171525178118584920e-01 8.517536017324205400e-01
8.510935589667953938e-01 8.835987821971605927e-01 8.189107595701003994e-01 8.533637849873126902e-01
8.506472083681032581e-01 8.826738920113087472e-01 8.199492814877429314e-01 8.537231650568943842e-01
8.511905917056415971e-01 8.833101734617101464e-01 8.214466851829490546e-01 8.543670317108360557e-01
8.524132042151022493e-01 8.836953464252145229e-01 8.228571428571428426e-01 8.554677155516967613e-01
8.521609190941021872e-01 8.834906777329745164e-01 8.245236082598719207e-01 8.567101209318084276e-01
8.534223446991013873e-01 8.836452244548204105e-01 8.259002535925612509e-01 8.578482774728390936e-01
8.552077470938694859e-01 8.844455412537735040e-01 8.270595338727206869e-01 8.592099513182979154e-01
8.553241863804846856e-01 8.845114315081348266e-01 8.273638449462625832e-01 8.599414679168799758e-01
8.579246637815598486e-01 8.863763241203593823e-01 8.298466368796038051e-01 8.619329498787269284e-01
8.596324399852510734e-01 8.871028615530840433e-01 8.320782514189106749e-01 8.636574679716876313e-01
8.603310757049429380e-01 8.872147581503699865e-01 8.331699070160608622e-01 8.639101274402377628e-01
8.602728560616351716e-01 8.873487385026186391e-01 8.345079096727449075e-01 8.641486401044536914e-01
8.610297114246346917e-01 8.871597750535966664e-01 8.343243569617195821e-01 8.635568901329792046e-01
8.611267441634806730e-01 8.869210146060924060e-01 8.337350561526386539e-01 8.621841000570957814e-01
8.610685245201731286e-01 8.860384395734799412e-01 8.340586885641830817e-01 8.627586092146978247e-01
8.605639542781733375e-01 8.852922215740437473e-01 8.334476512498490974e-01 8.627394494525255642e-01
8.592443090298665931e-01 8.845927103447703832e-01 8.331892283540635047e-01 8.627169179895347595e-01
8.578470375904829748e-01 8.835531075122754485e-01 8.341504649196956889e-01 8.635868387223469833e-01
8.577305983038677750e-01 8.840344532283656021e-01 8.334790484241033637e-01 8.632073415046992437e-01
8.568961167497913811e-01 8.843942424834410065e-01 8.331264340055548612e-01 8.626575161101207589e-01
8.566632381765606485e-01 8.842922601201453903e-01 8.339186088636637573e-01 8.631269854795844410e-01
8.554406256671001074e-01 8.837486629192589094e-01 8.342567322787102224e-01 8.631697961812965225e-01
8.554406256671001074e-01 8.835824708047267384e-01 8.342567322787103334e-01 8.631232671164755788e-01
8.563333268644840457e-01 8.847938839456239712e-01 8.333341383890835452e-01 8.625439008701717425e-01
8.563527334122531531e-01 8.851086944412286384e-01 8.329380509600290416e-01 8.622574703692943432e-01
8.532864988647169691e-01 8.829714259235221796e-01 8.323197681439440387e-01 8.614038202801974631e-01
8.530924333870246734e-01 8.828005188642330525e-01 8.316386909793502813e-01 8.610338651349432881e-01
8.543150458964854366e-01 8.830992362408836005e-01 8.326723825624924302e-01 8.622162516162094059e-01
8.548390226862543351e-01 8.832062704878793635e-01 8.345175703417462287e-01 8.639513009630750418e-01
8.545867375652546061e-01 8.831712103769471245e-01 8.342567322787102224e-01 8.636163895911062038e-01
8.537716625589475417e-01 8.830531022191283608e-01 8.337881898321458651e-01 8.630726530586319001e-01
8.535581905334860275e-01 8.830213077027959656e-01 8.331216036710541450e-01 8.624677802701767870e-01
8.556929107880999474e-01 8.841728201744141202e-01 8.338026808356477915e-01 8.628981253671558216e-01
8.569155232975607106e-01 8.847139260040622899e-01 8.343195266272189770e-01 8.628569776383495649e-01
8.580605096159444889e-01 8.852182053368087278e-01 8.349378094433039799e-01 8.632174813815168823e-01
8.588367715267132274e-01 8.851865131619309768e-01 8.354353338968724119e-01 8.635735206122907570e-01
8.572260280618679840e-01 8.846325134393673295e-01 8.349667914503079436e-01 8.630330462593240881e-01
8.539075083933318489e-01 8.830425062910921552e-01 8.334838787586040798e-01 8.614861375346154482e-01
8.546255506607929320e-01 8.835782370881573033e-01 8.337060741456345792e-01 8.617729729469660871e-01
8.549748685206387533e-01 8.831225366491879392e-01 8.338413235116531874e-01 8.624480926323654373e-01
8.558481631702535841e-01 8.833363679759929088e-01 8.345658736867529459e-01 8.636288590475359461e-01
8.562751072211763903e-01 8.842102953559816125e-01 8.347687477357806918e-01 8.635844673456181120e-01
8.577500048516368825e-01 8.851081723648718258e-01 8.358845550054341267e-01 8.637837949616334887e-01
8.579246637815600707e-01 8.850956789616526432e-01 8.354160125588696584e-01 8.628907993565666512e-01
8.561198548390227536e-01 8.837407077669509059e-01 8.348798454292959415e-01 8.627084480181457238e-01
8.554212191193308890e-01 8.836253478681298512e-01 8.340586885641830817e-01 8.629100027743653589e-01
8.558481631702535841e-01 8.837414323894915436e-01 8.339910638811737220e-01 8.631462471914131962e-01
8.579052572337907412e-01 8.849764153176897796e-01 8.352372901823450491e-01 8.638167979064081958e-01
8.582739816414057810e-01 8.849817269842961132e-01 8.363337761139958415e-01 8.645811359200233914e-01
8.571872149663297691e-01 8.845369355972779735e-01 8.359183673469388065e-01 8.641943477030212817e-01
8.534611577946398242e-01 8.823702743899037859e-01 8.351889868373385539e-01 8.638401835956712738e-01
8.531894661258707657e-01 8.817192787608263416e-01 8.353870305518658057e-01 8.645960595053748809e-01
8.555958780492538551e-01 8.833243059388373730e-01 8.353435575413596936e-01 8.648840765454346435e-01
8.561586679345610795e-01 8.838573263970516125e-01 8.358072696534235568e-01 8.649249024695843113e-01
8.567602709154068519e-01 8.840601211966516715e-01 8.350923801473251196e-01 8.631606016320702013e-01
8.563527334122532642e-01 8.835873322645693140e-01 8.337592078251419014e-01 8.619514345349029716e-01
8.578664441382521932e-01 8.847593382206399015e-01 8.335032000966067223e-01 8.619994900630763013e-01
8.568767102020222737e-01 8.834471290490213402e-01 8.329766936360343266e-01 8.617320352665769345e-01
8.541986066098702368e-01 8.820428774273025851e-01 8.334017630720926828e-01 8.622402221606850770e-01
8.539463214888702858e-01 8.820641287454695778e-01 8.351551744958338741e-01 8.633971369026425258e-01
8.535387839857166981e-01 8.818974961818621949e-01 8.355705832628910201e-01 8.641655616497883052e-01
8.540627607754857076e-01 8.819754474993594107e-01 8.354015215553677320e-01 8.642868477326079990e-01
8.543732655397932030e-01 8.821122128343591440e-01 8.354981282453809444e-01 8.642365873896020734e-01
8.563721399600224826e-01 8.836545401905619990e-01 8.349233184398019425e-01 8.636271588377905095e-01
8.549166488773310979e-01 8.826493093807977752e-01 8.335998067866200456e-01 8.629902668946822786e-01
8.537134429156397752e-01 8.821595364052067234e-01 8.344451153242362640e-01 8.634830977277615505e-01
8.545091113741776212e-01 8.822425783041902836e-01 8.348605240912934100e-01 8.636232146698422651e-01
8.567990840109453998e-01 8.833446547087628886e-01 8.334742180896026476e-01 8.623048668776676084e-01
8.580799161637135963e-01 8.843980364727350718e-01 8.338944571911605097e-01 8.628044089285875629e-01
8.582545750936365625e-01 8.844477923427422894e-01 8.347784084047820130e-01 8.637009059789182430e-01
8.553435929282540151e-01 8.821665116178433186e-01 8.348363724187899404e-01 8.634014517210492068e-01
8.528983679093325998e-01 8.811677938458909454e-01 8.351600048303344792e-01 8.639103624157654648e-01
8.532282792214093137e-01 8.815771529543119378e-01 8.355657529283901930e-01 8.644258238820125007e-01
8.541792000621009073e-01 8.824080449543860727e-01 8.353966912208670159e-01 8.645140419102214091e-01
8.553435929282541261e-01 8.831784523623951166e-01 8.356237169423982314e-01 8.640520575856471819e-01
8.565273923421762303e-01 8.839405508111163323e-01 8.344644366622387954e-01 8.629052599559794423e-01
8.567990840109453998e-01 8.837184697775835041e-01 8.348460330877912616e-01 8.635547519483913748e-01
8.583322012847134364e-01 8.845869815072061604e-01 8.360487863784566986e-01 8.646848269069331572e-01
8.568378971064838368e-01 8.838513538186569818e-01 8.361888660789759120e-01 8.646874658120387025e-01
8.560616351957149872e-01 8.836188677391305646e-01 8.352662721893491238e-01 8.644116948033681025e-01
8.570707756797143473e-01 8.838987601566949959e-01 8.353387272068590885e-01 8.643399844867698523e-01
8.572648411574064209e-01 8.845482221135454459e-01 8.350392464678179083e-01 8.636201899958624306e-01
8.566826447243299780e-01 8.844474327947826620e-01 8.353918608863662998e-01 8.640940379083622558e-01
8.570125560364068029e-01 8.841713539611358863e-01 8.358217606569253721e-01 8.649481076954558256e-01
8.575753459217139163e-01 8.842496160675845651e-01 8.355391860886365318e-01 8.646899476123732775e-01
8.567020512720991965e-01 8.837493465285520822e-01 8.342905446202150133e-01 8.636569002620986257e-01
8.568378971064838368e-01 8.842180995073164462e-01 8.342615626132110496e-01 8.638612759664349161e-01
8.568184905587145073e-01 8.847199227739448446e-01 8.338364931771524713e-01 8.631563926897667383e-01
8.562362941256379534e-01 8.845208366957204582e-01 8.336529404661272569e-01 8.628141669542876979e-01
8.559063828135612395e-01 8.841185819181374139e-01 8.333969327375920777e-01 8.627286296364948814e-01
8.554406256670999964e-01 8.838018860086238604e-01 8.327496679145031111e-01 8.623777363949600705e-01
8.559063828135612395e-01 8.844698052424906365e-01 8.323729018234512500e-01 8.617059466522920541e-01
8.574395000873293871e-01 8.856407430195089026e-01 8.332182103610674684e-01 8.622393288076464213e-01
8.584098274757903102e-01 8.856965543393502394e-01 8.342132592682043324e-01 8.629043364295704288e-01
8.595354072464047590e-01 8.858878510628991343e-01 8.355126192488830927e-01 8.642756220824746594e-01
8.599429447495583467e-01 8.861952064672051765e-01 8.345755343557541561e-01 8.633629572806955643e-01
8.577305983038677750e-01 8.853270085229703046e-01 8.335176911001086486e-01 8.626100641466809549e-01
8.578858506860214117e-01 8.850534267968562796e-01 8.332182103610674684e-01 8.624862936093973254e-01
8.591860893865590487e-01 8.858455480643632196e-01 8.343195266272189770e-01 8.632539290828407097e-01
8.576335655650215717e-01 8.845289359834415110e-01 8.343629996377247560e-01 8.631485591173072569e-01
8.545479244697160581e-01 8.825443919653033209e-01 8.348750150947952253e-01 8.634289909376504646e-01
8.541986066098701258e-01 8.829978011065968690e-01 8.346962927182708381e-01 8.633400992294735232e-01
8.567214578198683039e-01 8.844870633767000223e-01 8.345030793382441914e-01 8.632295901062788657e-01
8.589532108133283161e-01 8.860500402881885673e-01 8.338509841806545086e-01 8.629039733215164709e-01
8.593025286731742485e-01 8.862179510171469543e-01 8.340635188986837978e-01 8.633675303511045840e-01
8.587979584311746795e-01 8.858917489855676619e-01 8.341987682647022950e-01 8.635675308941681561e-01
8.572842477051757504e-01 8.848544060353324969e-01 8.339765728776717957e-01 8.634698484266767338e-01
8.564303596033302490e-01 8.844161289839720386e-01 8.338944571911605097e-01 8.634680956505833560e-01
8.550719012594849566e-01 8.839961435993460848e-01 8.342035985992029001e-01 8.630685642406504821e-01
8.545867375652544951e-01 8.834738705636102640e-01 8.339282695326650785e-01 8.625048066136272729e-01
8.549942750684080828e-01 8.838936385916167371e-01 8.351551744958338741e-01 8.638186851786892051e-01
8.566632381765608706e-01 8.849719918033772670e-01 8.343533389687234347e-01 8.637796477327577271e-01
8.580216965204059409e-01 8.856927223099836377e-01 8.348460330877913727e-01 8.642525020930841295e-01
8.573036542529448578e-01 8.857592432126042414e-01 8.351165318198284782e-01 8.640825961969713642e-01
8.566632381765607596e-01 8.856781182384602102e-01 8.347349353942760120e-01 8.632774954038862081e-01
8.583516078324826548e-01 8.864249280680809306e-01 8.348315420842893353e-01 8.635057213716634816e-01
8.576335655650215717e-01 8.855721551226125587e-01 8.356382079459002687e-01 8.643682725627780394e-01
8.581769489025596886e-01 8.856438079886618242e-01 8.353290665378577673e-01 8.643306613835592955e-01
8.574589066350986055e-01 8.851851337328908720e-01 8.353483878758604098e-01 8.644135092602969195e-01
8.572260280618680950e-01 8.848419698613536610e-01 8.353532182103611259e-01 8.642691169592110478e-01
8.578082244949445379e-01 8.852099103097463839e-01 8.346383287042627996e-01 8.635747935243830442e-01
8.580993227114829258e-01 8.853226805641383201e-01 8.341021615746891937e-01 8.629661624196683922e-01
8.582545750936365625e-01 8.856267614137345312e-01 8.338751358531577562e-01 8.626715893001886126e-01
8.577305983038677750e-01 8.852093964912539636e-01 8.338509841806545086e-01 8.629541828248035173e-01
8.571289953230218917e-01 8.850951847982999610e-01 8.342035985992031222e-01 8.637004892114803489e-01
8.571484018707911101e-01 8.858287982943484629e-01 8.345851950247555884e-01 8.643524924417853583e-01
8.571095887752526732e-01 8.859457849308673971e-01 8.350972104818258357e-01 8.647307312109491217e-01
8.563721399600225936e-01 8.854696215621081778e-01 8.348170510807872979e-01 8.639262326825697391e-01
8.574977197306370424e-01 8.854659281630495871e-01 8.359859920299481661e-01 8.649886939700381916e-01
8.575753459217140273e-01 8.853300014002035700e-01 8.352034778408405913e-01 8.640312313412591427e-01
8.570319625841759104e-01 8.850231011031085560e-01 8.339669122086703634e-01 8.632950649943061938e-01
8.573618738962525132e-01 8.853864010443657229e-01 8.334838787586040798e-01 8.632359236576838679e-01
8.592249024820974856e-01 8.863422987534779196e-01 8.348701847602946202e-01 8.644056385506180273e-01
8.585456733101746174e-01 8.859137104844830857e-01 8.348605240912934100e-01 8.646682633377660299e-01
8.574006869917909501e-01 8.852006189863563801e-01 8.342277502717063697e-01 8.641237347237940014e-01
8.565467988899454488e-01 8.851467467409078749e-01 8.340200458881775747e-01 8.633333919064778428e-01
8.554018125715616705e-01 8.841984168716485737e-01 8.345272310107475500e-01 8.635482057985958138e-01
8.548778357817927720e-01 8.837456983523641618e-01 8.362903031034899515e-01 8.649127948462931315e-01
8.575947524694832458e-01 8.852155737888576237e-01 8.374544137181499925e-01 8.655959749216990406e-01
8.587203322400978056e-01 8.851428811669065366e-01 8.375655114116653532e-01 8.660659933521716036e-01
8.597876923674048211e-01 8.859043790858824874e-01 8.371935756551140972e-01 8.665237277954309647e-01
8.594189679597896703e-01 8.850419391013181203e-01 8.373771283661394227e-01 8.669251596447660191e-01
8.595354072464050921e-01 8.854906983910837415e-01 8.362323390894819131e-01 8.660782903505768182e-01
8.603116691571736085e-01 8.858426632988165572e-01 8.352662721893491238e-01 8.652365959707992715e-01
8.597100661763279472e-01 8.856485077071517553e-01 8.352662721893491238e-01 8.648587965927472254e-01
8.606027673737118855e-01 8.862958023572417021e-01 8.363337761139958415e-01 8.652381482280218084e-01
8.609326786857884883e-01 8.867558683379332951e-01 8.371887453206134921e-01 8.656552770929175633e-01
8.613014030934037502e-01 8.871371686362348186e-01 8.380582055307330691e-01 8.663685585712688209e-01
8.588949911700207718e-01 8.858992499810097732e-01 8.366477478565389481e-01 8.649612687167519409e-01
8.571095887752526732e-01 8.846893865125464718e-01 8.350440768023186244e-01 8.636292704158555766e-01
8.573424673484835168e-01 8.848916755105031839e-01 8.345707040212534400e-01 8.630408118686105912e-01
8.576529721127909012e-01 8.853340350852596519e-01 8.358265909914260883e-01 8.645361394330151050e-01
8.586232995012517133e-01 8.860432148079449011e-01 8.375075473976572038e-01 8.662293270595982086e-01
8.583322012847134364e-01 8.859093207395853931e-01 8.371790846516120599e-01 8.662711461443214356e-01
8.569931494886375845e-01 8.845676473917323257e-01 8.357589663084168397e-01 8.648301025430098488e-01
8.557511304314074918e-01 8.832224929984197059e-01 8.350199251298152658e-01 8.645503013469555409e-01
8.564497661510994675e-01 8.838401698689927199e-01 8.364835164835164871e-01 8.657814962604740705e-01
8.564497661510993565e-01 8.841206403003003533e-01 8.368071488950610259e-01 8.658655122235890955e-01
8.562362941256378424e-01 8.844643910642664419e-01 8.373239946866321004e-01 8.655301474357739444e-01
8.573036542529449688e-01 8.844482230286888624e-01 8.369037555850743493e-01 8.652170141329746933e-01
8.572066215140988765e-01 8.846640783330710356e-01 8.364497041420118073e-01 8.651815058971406014e-01
8.583127947369442179e-01 8.852075034704993683e-01 8.371066296341020951e-01 8.657960957544570402e-01
8.592637155776358115e-01 8.861847971571545912e-01 8.373239946866319894e-01 8.656170380449648150e-01
8.587009256923285871e-01 8.863876073228067476e-01 8.367346938775510612e-01 8.644671822345462164e-01
8.585068602146364025e-01 8.866476707481638631e-01 8.369085859195749544e-01 8.645701843266362374e-01
8.574395000873293871e-01 8.862476401008498872e-01 8.364641951455139557e-01 8.645242837802873392e-01
8.570707756797142363e-01 8.859435347894943913e-01 8.359763313609467339e-01 8.646741920931007019e-01
8.575947524694831348e-01 8.857604760451991410e-01 8.356623596184036273e-01 8.642927454034005086e-01
8.578470375904829748e-01 8.858465924662184410e-01 8.357686269774182719e-01 8.639366883676163900e-01
8.587009256923285871e-01 8.860181463332318375e-01 8.364738558145150549e-01 8.645271012767006269e-01
8.604475149915582488e-01 8.873943028743964678e-01 8.373384856901340267e-01 8.656116208323743066e-01
8.613790292844805130e-01 8.879364382169994130e-01 8.379905808477238205e-01 8.661526522864544386e-01
8.603116691571737196e-01 8.871867113770430802e-01 8.373916193696413490e-01 8.657096737498490846e-01
8.585262667624056210e-01 8.861126550544198288e-01 8.360198043714526239e-01 8.641169760808617983e-01
8.592054959343282672e-01 8.864307842960921224e-01 8.366767298635430228e-01 8.643380125047486207e-01
8.601176036794814239e-01 8.875768184025942809e-01 8.369327375920783130e-01 8.641639198314990944e-01
8.606609870170195409e-01 8.876011099425727968e-01 8.374109407076441025e-01 8.645325483599454186e-01
8.612237769023267653e-01 8.878112955852089927e-01 8.385847119913053538e-01 8.659270809873378383e-01
8.610297114246346917e-01 8.876614752445979306e-01 8.394734935394276842e-01 8.671625498084584160e-01
8.594771876030972146e-01 8.865665352790566001e-01 8.384253109527834980e-01 8.662861428531494212e-01
8.587397387878670241e-01 8.862317834287005702e-01 8.369955319405868455e-01 8.647187530826832003e-01
8.594965941508665441e-01 8.870637029374948135e-01 8.369085859195749544e-01 8.645819070255404970e-01
8.603504822527119344e-01 8.871994837508316856e-01 8.376717787706798868e-01 8.656893767311841792e-01
8.623493566729414361e-01 8.883966159006764229e-01 8.381982852312521715e-01 8.662306828833887806e-01
8.616701275010187899e-01 8.877673521670190748e-01 8.376959304431832454e-01 8.653745997965444081e-01
8.616507209532495715e-01 8.885117836840710215e-01 8.375944934186692059e-01 8.653685070974317384e-01
8.605057346348656822e-01 8.881171032214566496e-01 8.379084651612124235e-01 8.657767100850247699e-01
8.607192066603270852e-01 8.880039652967379737e-01 8.384784446322908202e-01 8.660635236845546370e-01
8.589726173610976456e-01 8.867917949629158247e-01 8.387924163748339268e-01 8.664353165996367956e-01
8.590502435521745195e-01 8.865194838657367571e-01 8.399613573239947950e-01 8.677106504172102941e-01
8.595548137941740885e-01 8.872297289596520198e-01 8.399178843134886829e-01 8.678937946438110007e-01
8.590308370044053010e-01 8.872566796961969260e-01 8.386523366743147134e-01 8.666713901791208707e-01
