7.951832948436802218e-01 8.122557484775383418e-01 7.723898079942035366e-01 7.979443228917368902e-01
7.945816918628345604e-01 8.125845960410806867e-01 7.712740007245502127e-01 7.972727225932523254e-01
7.946010984106037789e-01 8.125621647977945283e-01 7.711629030310348520e-01 7.971638479415450451e-01
7.935143317355274339e-01 8.121536930953614508e-01 7.714092500905687100e-01 7.978768230599577738e-01
7.920200275572978343e-01 8.113940582383656341e-01 7.703127641589180286e-01 7.971533274413762360e-01
7.908556346911448376e-01 8.106802740653566985e-01 7.696220263253230609e-01 7.965742272591554984e-01
7.891478584874537239e-01 8.099214088832638048e-01 7.700760777683854919e-01 7.971075877499321782e-01
7.879834656213006161e-01 8.096452308389072705e-01 7.703369158314212761e-01 7.980246220977250671e-01
7.873624560926855143e-01 8.092808134198647974e-01 7.695640623113151335e-01 7.976544101288045585e-01
7.857517126278406039e-01 8.081769528951058268e-01 7.684965583866683048e-01 7.966785082883575120e-01
7.859845912010712254e-01 8.082771466550777717e-01 7.675208308175340832e-01 7.955317138715493064e-01
7.847813852393796807e-01 8.076855449332769332e-01 7.681584349716218396e-01 7.959672065829709320e-01
7.844126608317645299e-01 8.078354493529482649e-01 7.692790725757757686e-01 7.963235984686392044e-01
7.839857167808419458e-01 8.084762371025256966e-01 7.712498490520468541e-01 7.972680088127988007e-01
7.847813852393797918e-01 8.093814864705997092e-01 7.722593889626856445e-01 7.979820392680938568e-01
7.843544411884568746e-01 8.092313622089905012e-01 7.722738799661876818e-01 7.979718906858650485e-01
7.838110578509188686e-01 8.084560779125846697e-01 7.740224610554279350e-01 7.998285658025519052e-01
7.834617399910730473e-01 8.080466994392179192e-01 7.757420601376645575e-01 8.016054301333568333e-01
7.834617399910729363e-01 8.091074343887197928e-01 7.775920782514189611e-01 8.028509220296129456e-01
7.820644685516893180e-01 8.085093683728841185e-01 7.784905204685423907e-01 8.036366119340369041e-01
7.800850006792291458e-01 8.073511865993654446e-01 7.786595821760655678e-01 8.038116260311977124e-01
7.779114673290767890e-01 8.056221032986442543e-01 7.780702813669846396e-01 8.033490366846989250e-01
7.769993595839235212e-01 8.051880633985873947e-01 7.784277261200338582e-01 8.034346202679301108e-01
7.749810786159250231e-01 8.041380501476496079e-01 7.794952300446806870e-01 8.041642010931359108e-01
7.702458809602359402e-01 8.008294439491958627e-01 7.781040937084893194e-01 8.028992323922202745e-01
7.681887868966990052e-01 7.990820040393296075e-01 7.768288854003140287e-01 8.016203058479890453e-01
7.673543053426226113e-01 7.992397810296199001e-01 7.755729984301412694e-01 7.992774577129385660e-01
7.676842166546993251e-01 7.989147955012461111e-01 7.769158314213259198e-01 7.990684052468441934e-01
7.662287255720079404e-01 7.981311156085890701e-01 7.768965100833232773e-01 7.989572345472379933e-01
7.659958469987774299e-01 7.977292630067068790e-01 7.774858108924043165e-01 8.002097893002809714e-01
7.660346600943158668e-01 7.977996828038398380e-01 7.783456104335224612e-01 8.013758006140440093e-01
7.672960856993148449e-01 7.986966690907694177e-01 7.784615384615384270e-01 8.020537092761058640e-01
7.660152535465466483e-01 7.969080028125887782e-01 7.782296824055066065e-01 8.022134689770392679e-01
7.619010654194724452e-01 7.937252147430038374e-01 7.770269291148412805e-01 8.008781960266336819e-01
7.599021909992431656e-01 7.918091471585786412e-01 7.769786257698345633e-01 8.012103079074183176e-01
7.579615362223214303e-01 7.907813534181178383e-01 7.778480859799541403e-01 8.012441172736839423e-01
7.563896058530147348e-01 7.887893927985667464e-01 7.778094433039487443e-01 8.009499981121293022e-01
7.548758951270159168e-01 7.860432410377550250e-01 7.795242120516845397e-01 8.019181086342609399e-01
7.544877641716314365e-01 7.860442538975837001e-01 7.801086825262649738e-01 8.023233098703936861e-01
7.545265772671698734e-01 7.859694312595711940e-01 7.796884434247072226e-01 8.014495030443861134e-01
7.524112635603250610e-01 7.846314362069217729e-01 7.771235358048544928e-01 7.981989759081575819e-01
7.501018843757885080e-01 7.835345769767185775e-01 7.772539548363723849e-01 7.976424368975407742e-01
7.485687671020202494e-01 7.837678704957999898e-01 7.764859316507668474e-01 7.964893653249841554e-01
7.479671641211744770e-01 7.840534939205514586e-01 7.749981886245622675e-01 7.956187268867991325e-01
7.477148790001746370e-01 7.839236072903870145e-01 7.735539186088635777e-01 7.943571518109352469e-01
7.477925051912515109e-01 7.841068290795507600e-01 7.737712836613934719e-01 7.954260811396143271e-01
7.477730986434822924e-01 7.836880521410675149e-01 7.728052167612606826e-01 7.957702235077186437e-01
7.507423004521724952e-01 7.858919733387459416e-01 7.753218210361066953e-01 7.993452617305299990e-01
7.525665159424790307e-01 7.861408821907520661e-01 7.755778287646419855e-01 7.997722354358184349e-01
7.524306701080943904e-01 7.844369440446863351e-01 7.775196232339088853e-01 8.020739667940171014e-01
7.521783849870946614e-01 7.839364778067869910e-01 7.787054703538219824e-01 8.027199735092542809e-01
7.506452677133265139e-01 7.822232617150426393e-01 7.790363482671174289e-01 8.027321871109620588e-01
7.517320343884026368e-01 7.826031422044299468e-01 7.782490037435093599e-01 8.020470971005863037e-01
7.531293058277863661e-01 7.849543639748377544e-01 7.787900012075834599e-01 8.015087228486228454e-01
7.532263385666322364e-01 7.868257075061898531e-01 7.773892042023911042e-01 7.995927888241061154e-01
7.544295445283238921e-01 7.889313961524875296e-01 7.759014611761865243e-01 7.990686602596863697e-01
7.530904927322479292e-01 7.885937122539770083e-01 7.749450549450549453e-01 7.978199874148871329e-01
7.524694832036328274e-01 7.872652256618488664e-01 7.760656925492090963e-01 7.988826342132072655e-01
7.518872867705563845e-01 7.869989672503925338e-01 7.771331964738558140e-01 8.005996807024905459e-01
7.530322730889401628e-01 7.878965233771265675e-01 7.772877671778770647e-01 8.009954204150968593e-01
7.518096605794796217e-01 7.858511121579700998e-01 7.763410216157469179e-01 8.006323849083718525e-01
7.511498379553261939e-01 7.831290459263766657e-01 7.760753532182103065e-01 8.006009332764989495e-01
7.501795105668651598e-01 7.813116369901673686e-01 7.763458519502475230e-01 8.013960187444603145e-01
7.499466319936347602e-01 7.824816924589332867e-01 7.773264098538823497e-01 8.029168359741628569e-01
7.488986784140969633e-01 7.825585153726548615e-01 7.780123173529766012e-01 8.031716860343214304e-01
7.480836034077897878e-01 7.818806253492560643e-01 7.780412993599806759e-01 8.013722634721641702e-01
7.477148790001746370e-01 7.821338855275224988e-01 7.786306001690617151e-01 8.014729274663131564e-01
7.481806361466358801e-01 7.816571351964054504e-01 7.780799420359860719e-01 8.017540197081809428e-01
7.500824778280191785e-01 7.835704727283716586e-01 7.780896027049872821e-01 8.021224910692388299e-01
7.501795105668652708e-01 7.840857137588335135e-01 7.756213017751478755e-01 8.002516528540652985e-01
7.498981156242116031e-01 7.837153849557753071e-01 7.740321217244294782e-01 7.988529677858191569e-01
7.504706087834034367e-01 7.849838969861280269e-01 7.747904842410336945e-01 7.990974257540013337e-01
7.488792718663276338e-01 7.846974912090779464e-01 7.756647747856537656e-01 7.994397807279931545e-01
7.471520891148673016e-01 7.830663492648511914e-01 7.752252143460933720e-01 7.992273809549605978e-01
7.474625938791747970e-01 7.827674354921697608e-01 7.753073300326047690e-01 7.990865953407814137e-01
7.502765433057113631e-01 7.846773563106912430e-01 7.760850138872117387e-01 7.996439502481238470e-01
7.516350016495565445e-01 7.854276181965256232e-01 7.774423378818984265e-01 8.012834458085617007e-01
7.492285897261735661e-01 7.837850048501029399e-01 7.773747131988889558e-01 8.019043929584865893e-01
7.487822391274815415e-01 7.826794982981475357e-01 7.767177877067987790e-01 8.014761645707970672e-01
7.516738147450949814e-01 7.854028319050044837e-01 7.769544740973313157e-01 8.016528640967528485e-01
7.507423004521724952e-01 7.835297197568859007e-01 7.763844946262528079e-01 8.015458106943091909e-01
7.514409361718643598e-01 7.851342456276360071e-01 7.765100833232702060e-01 8.010199469760205249e-01
7.514215296240951414e-01 7.840396339828505923e-01 7.783117980920178924e-01 8.025547247349069657e-01
7.534204040443245320e-01 7.861124236309651181e-01 7.795507788914382008e-01 8.035095005503249954e-01
7.529158338023249630e-01 7.869014111501303477e-01 7.794131143581692900e-01 8.035904352940960171e-01
7.512856837897106121e-01 7.861006343408472041e-01 7.799154691462384381e-01 8.038855536325508755e-01
7.513439034330182675e-01 7.859737508803836814e-01 7.801811375437749385e-01 8.042044381575812473e-01
7.512468706941722862e-01 7.853774920708972429e-01 7.799396208187416857e-01 8.041216234992885070e-01
7.492479962739428956e-01 7.836800096353957468e-01 7.799879241637482918e-01 8.043005893629708858e-01
7.498884123503269938e-01 7.846835345317290100e-01 7.799975848327497241e-01 8.043146461802324065e-01
7.521395718915562245e-01 7.861350717223776208e-01 7.805579036348266886e-01 8.050460733265731861e-01
7.543131052417085813e-01 7.886670420500807577e-01 7.802584228957856194e-01 8.052186337894781110e-01
7.537115022608629200e-01 7.873588282237760083e-01 7.793165076681560777e-01 8.046170329390447407e-01
7.542742921461700334e-01 7.879191679645537461e-01 7.788383045525901771e-01 8.038763087526008544e-01
7.546236100060160767e-01 7.882816959833554016e-01 7.776838546069315683e-01 8.022574335960723779e-01
7.524694832036329384e-01 7.861293188853115677e-01 7.776548725999274936e-01 8.019608851060300303e-01
7.517126278406335294e-01 7.868851112139054749e-01 7.780412993599807869e-01 8.022412439594079903e-01
7.508975528343263539e-01 7.871588115683977316e-01 7.781910397295012105e-01 8.024094960543901589e-01
7.495390944904810615e-01 7.857247446166237825e-01 7.782248520710058903e-01 8.025935319666506196e-01
7.495973141337887169e-01 7.849040825223863038e-01 7.794614177031758961e-01 8.033010644122294819e-01
7.476372528090978742e-01 7.820926281925064671e-01 7.807269653423500877e-01 8.036407213949845474e-01
7.490345242484813815e-01 7.825018376604820913e-01 7.811230527714043692e-01 8.037265116238093698e-01
7.465892992295600772e-01 7.811616234768630207e-01 7.803840115928027954e-01 8.031651689406184014e-01
7.457936307710222312e-01 7.818313074187013267e-01 7.784856901340417856e-01 8.023101993705723523e-01
7.451920277901763479e-01 7.818174904743417919e-01 7.771814998188625312e-01 8.009995103224731849e-01
7.447650837392536527e-01 7.798504622101203321e-01 7.784325564545344633e-01 8.025218076999924843e-01
7.468027712550213693e-01 7.817533494942394690e-01 7.794807390411784276e-01 8.030745751047230208e-01
7.500436647324808526e-01 7.843851164825725863e-01 7.788914382320976104e-01 8.021031167582168830e-01
7.524888897514021568e-01 7.862134533972646722e-01 7.791136336191281098e-01 8.017685869093040818e-01
7.519649129616331473e-01 7.856403734939689798e-01 7.784373867890350684e-01 8.011202025098465018e-01
7.504123891400958923e-01 7.842884986595537455e-01 7.779978263494746749e-01 8.012669414989581629e-01
7.476566593568669816e-01 7.827235755459069910e-01 7.787803405385822497e-01 8.019489618440992507e-01
7.458518504143297756e-01 7.801949756136573599e-01 7.812872841444269412e-01 8.040922093823770211e-01
7.446874575481767788e-01 7.787944713474279634e-01 7.806786619973433705e-01 8.036828446223336364e-01
7.461429486308680525e-01 7.805681574075343798e-01 7.793744716821641161e-01 8.021478055782859107e-01
7.501406974713267228e-01 7.851170073620021839e-01 7.785629754860523555e-01 8.011627529077716137e-01
7.528770207067864151e-01 7.883685087318943463e-01 7.773070885158795962e-01 8.001065058527137008e-01
7.535659531525937815e-01 7.891794411853481073e-01 7.769399830938292784e-01 7.999566248967965310e-01
7.521783849870946614e-01 7.873044005914622279e-01 7.772298031638691374e-01 8.002435808192890354e-01
7.527217683246327784e-01 7.864852445960870408e-01 7.800169061707522555e-01 8.027970749322663746e-01
7.510139921209415537e-01 7.844846729448069489e-01 7.795290423861852558e-01 8.023824332427413886e-01
7.510722117642492091e-01 7.852289493632110817e-01 7.781765487259992842e-01 8.016083508635057919e-01
7.507034873566340583e-01 7.852043523674783199e-01 7.781765487259992842e-01 8.017109272762485972e-01
7.518096605794796217e-01 7.861290784520784669e-01 7.778722376524573878e-01 8.016045630852950410e-01
7.534009974965554246e-01 7.880234950315907483e-01 7.792295616471440756e-01 8.033420913586789558e-01
7.515961885540181076e-01 7.858825258029660255e-01 7.789445719116048217e-01 8.017821295066677179e-01
7.499466319936347602e-01 7.840553538394161581e-01 7.783552711025237825e-01 8.005321398514586573e-01
7.503541694967882369e-01 7.840168556507951525e-01 7.772491245018717798e-01 8.000154816823024095e-01
7.504706087834035477e-01 7.852601944978588877e-01 7.784760294650404644e-01 8.017031781361364517e-01
7.504900153311726552e-01 7.850821684401765310e-01 7.794662480376765012e-01 8.023155813282333293e-01
7.517514409361719663e-01 7.862570943114354227e-01 7.792875256611520030e-01 8.023110594791255101e-01
7.539831939296319785e-01 7.891061149631339866e-01 7.787948315420842871e-01 8.018016732877062402e-01
7.537309088086320275e-01 7.895955959159566273e-01 7.797270861007125076e-01 8.030001501230438210e-01
7.521783849870946614e-01 7.875718758142183917e-01 7.815915952179688375e-01 8.049044415510853145e-01
7.510528052164801016e-01 7.848412894367682302e-01 7.795676850621904297e-01 8.026718987519068094e-01
7.520037260571716953e-01 7.856026804690146026e-01 7.780944330394879982e-01 8.007516121888196281e-01
7.518096605794795106e-01 7.850993528823719814e-01 7.779736746769713163e-01 8.004976792223825743e-01
7.534009974965554246e-01 7.864012451608981547e-01 7.799734331602463655e-01 8.023897524286658367e-01
7.553998719167847042e-01 7.880626994713811895e-01 7.819200579640139814e-01 8.046082878266743732e-01
7.555745308467076704e-01 7.894258901510908810e-01 7.813452481584348686e-01 8.044644085498358077e-01
7.559238487065536027e-01 7.904349180174510270e-01 7.802294408887815447e-01 8.042201621428728409e-01
7.556909701333229812e-01 7.905384490164923950e-01 7.769882864388358845e-01 8.015212660927356625e-01
7.535562498787090613e-01 7.878252444256910181e-01 7.767516000483033478e-01 8.013394492056040708e-01
7.531098992800170366e-01 7.867372163906823923e-01 7.774954715614056378e-01 8.020306684762068539e-01
7.529934599934018369e-01 7.878180424852802011e-01 7.773070885158798182e-01 8.014698027067401753e-01
7.515573754584795596e-01 7.871412075820750642e-01 7.778577466489554615e-01 8.011605368710585928e-01
7.505870480700187475e-01 7.866797295694104575e-01 7.790556696051201824e-01 8.017022645434549455e-01
7.498690058025578864e-01 7.851878153128889481e-01 7.799106388117376110e-01 8.026855591701300696e-01
7.517514409361717442e-01 7.849666961116585906e-01 7.820987803405387018e-01 8.053006818045473914e-01
7.527023617768634489e-01 7.846380378402686429e-01 7.821712353580485555e-01 8.055027317859766445e-01
7.546624231015544026e-01 7.869654764635393152e-01 7.808477237048666586e-01 8.043839609556524550e-01
7.533233713054785508e-01 7.858867032681078335e-01 7.796691220867044692e-01 8.037923111531768416e-01
7.526441421335559046e-01 7.855641170617086999e-01 7.808622147083685849e-01 8.053261408530628662e-01
7.504900153311726552e-01 7.843162313708993416e-01 7.798430141287284734e-01 8.039955079895140244e-01
7.512080575986337383e-01 7.851147464171155388e-01 7.806738316628427654e-01 8.040941996399129099e-01
7.528576141590171966e-01 7.859066601825310805e-01 7.807945900253592253e-01 8.046749705080754600e-01
7.530710861844785997e-01 7.866795267681582216e-01 7.807656080183552616e-01 8.047834143614021052e-01
7.536532826175551536e-01 7.883300083641765488e-01 7.812244897959184087e-01 8.052185139660346103e-01
7.536532826175551536e-01 7.883018032365198824e-01 7.823016543895664476e-01 8.062382068792888212e-01
7.540220070251701934e-01 7.882960819532255359e-01 7.829827315541602051e-01 8.064027541292622114e-01
7.533427778532477692e-01 7.875099575000212848e-01 7.818282816085013742e-01 8.051951135252253255e-01
7.537891284519395718e-01 7.875774455293492737e-01 7.809008573843738699e-01 8.049223643634582093e-01
7.519455064138641509e-01 7.852607559921425118e-01 7.813210964859316210e-01 8.050983689164782353e-01
7.528576141590171966e-01 7.868301737359859604e-01 7.817220142494868407e-01 8.050020108479085668e-01
7.541578528595547226e-01 7.877231850381163358e-01 7.820987803405384797e-01 8.051157392296127702e-01
7.548176754837082614e-01 7.886774511910196184e-01 7.826590991426155552e-01 8.062072006017388937e-01
7.536920957130935905e-01 7.875002796672572192e-01 7.815336312039609101e-01 8.054303042841225446e-01
7.536338760697859351e-01 7.866684885050037046e-01 7.811665257819103703e-01 8.050549151361128253e-01
7.551281802480156458e-01 7.878419939224438062e-01 7.823402970655717326e-01 8.054227340551833869e-01
7.556715635855537627e-01 7.871453748275119011e-01 7.813645694964376220e-01 8.046116859087959483e-01
7.552058064390925196e-01 7.870267328792910355e-01 7.809974640743870822e-01 8.047740703462844536e-01
7.554969046556307966e-01 7.886562242830521541e-01 7.798526747977296836e-01 8.038583732255865089e-01
7.561761338275534428e-01 7.897800041250279124e-01 7.787127158555731121e-01 8.029185061354677799e-01
7.547594558404004950e-01 7.887176425387759648e-01 7.788721168940949680e-01 8.034998708079135188e-01
7.546818296493236211e-01 7.889063531925306627e-01 7.796642917522038640e-01 8.036913891800729903e-01
7.544683576238622180e-01 7.892725456688411967e-01 7.804516362758120440e-01 8.049883115636634612e-01
7.544683576238622180e-01 7.894716427506769385e-01 7.799492814877431179e-01 8.043782484001515964e-01
7.540414135729396339e-01 7.895633713592264957e-01 7.802197802197803345e-01 8.044180325043930324e-01
7.529546468978634000e-01 7.880424850957936656e-01 7.808477237048665476e-01 8.043669432762979854e-01
7.525082962991713753e-01 7.876288967785607387e-01 7.805434126313246512e-01 8.040109070695048432e-01
7.516932212928641999e-01 7.869507766365557710e-01 7.808187416978625839e-01 8.044396042609007758e-01
7.524112635603252830e-01 7.876354397098249693e-01 7.800700398502596888e-01 8.044812015413768114e-01
7.531875254710939105e-01 7.878906213106444678e-01 7.805289216278227249e-01 8.041031988405631381e-01
7.531293058277863661e-01 7.872284209611877248e-01 7.810216157468904408e-01 8.046008776702830989e-01
7.534398105920937505e-01 7.870974321371759785e-01 7.804757879483155136e-01 8.046275188060001415e-01
7.535756564264783908e-01 7.876211204653581488e-01 7.814901581934549091e-01 8.051505172977889702e-01
7.541772594073240521e-01 7.889431564168727373e-01 7.805047699553193663e-01 8.042355516710774088e-01
7.552058064390924086e-01 7.883899328102501602e-01 7.814611761864508344e-01 8.050131768450087266e-01
7.566224844262454674e-01 7.903797928837799081e-01 7.814756671899528717e-01 8.055423558834237108e-01
7.580197558656289747e-01 7.910053692502561073e-01 7.824417340900857720e-01 8.067495639650402728e-01
7.551669933435540827e-01 7.888512544571020246e-01 7.820842893370365534e-01 8.067164609878347825e-01
7.531681189233246920e-01 7.873081547466203034e-01 7.812679628064242987e-01 8.058520201370797942e-01
7.522948242737098612e-01 7.870870111960786009e-01 7.790411786016181450e-01 8.030279613150577145e-01
7.536338760697859351e-01 7.885918269749162546e-01 7.776597029344280987e-01 8.013348603021649419e-01
7.552252129868618491e-01 7.901343363735158221e-01 7.793261683371573989e-01 8.027011397571346407e-01
7.565254516873993751e-01 7.917134013577827867e-01 7.822630117135611627e-01 8.057834871165612256e-01
7.571270546682450364e-01 7.914717548080472120e-01 7.827895181741334474e-01 8.073686619040330026e-01
7.559626618020919286e-01 7.905625108527399858e-01 7.820311556575292311e-01 8.063655108712727282e-01
7.551669933435540827e-01 7.886578104679072831e-01 7.822098780340538404e-01 8.063079875080397807e-01
7.558850356110151658e-01 7.888821624587655235e-01 7.827122328221229886e-01 8.067259425634338843e-01
