7.849948572648410838e-01 8.279253924336480441e-01 7.947953145755344284e-01 8.239474332226071063e-01
7.860039977488404439e-01 8.286493123489550028e-01 7.950803043110735713e-01 8.241413938835557840e-01
7.867608531118399640e-01 8.284958317636424985e-01 7.947759932375315639e-01 8.237175492729185144e-01
7.870519513283781299e-01 8.284697769484749008e-01 7.949498852795555681e-01 8.233433488602971417e-01
7.860039977488404439e-01 8.274331016599021371e-01 7.948629392585436770e-01 8.231871378726735022e-01
7.843544411884570966e-01 8.257436028034349507e-01 7.948725999275449983e-01 8.230522127519506181e-01
7.824525995070735762e-01 8.243897847463966810e-01 7.948677695930442821e-01 8.232175025730271711e-01
7.831512352267655519e-01 8.249804962056295210e-01 7.961043352252142880e-01 8.239535347030423340e-01
7.836946185643036689e-01 8.245800724007305016e-01 7.972732761743750451e-01 8.244712391067392510e-01
7.854606144113023269e-01 8.252290195242788506e-01 7.973360705228837997e-01 8.246362114841889746e-01
7.872072037105318776e-01 8.260668227448381140e-01 7.981765487259993019e-01 8.255290606637931683e-01
7.898464942071454775e-01 8.282306102851565432e-01 7.990315179326169526e-01 8.264975479273001246e-01
7.903510644491451576e-01 8.286767455451728992e-01 8.002439318922835998e-01 8.274840004368128055e-01
7.909914805255292558e-01 8.290918185755782321e-01 8.012534718029222791e-01 8.279746906825671271e-01
7.910885132643753481e-01 8.291307956305306037e-01 8.006979833353459197e-01 8.275694672784326134e-01
7.916707096974517910e-01 8.289779333488196400e-01 8.007897596908585269e-01 8.276205639800254810e-01
7.905839430223757791e-01 8.279578392392645814e-01 8.025866441251057193e-01 8.289023553993991600e-01
7.928156960158356803e-01 8.297055326498519179e-01 8.027170631566235004e-01 8.291973051163431530e-01
7.930097614935279760e-01 8.296148922356804123e-01 8.028426518536408985e-01 8.297342872351642917e-01
7.909720739777600373e-01 8.279300179244800661e-01 8.029295978746529006e-01 8.300211260489892551e-01
7.901764055192221914e-01 8.273006118093007011e-01 8.031711145996859313e-01 8.302122571077914515e-01
7.891478584874536129e-01 8.263127977660773560e-01 8.028716338606448621e-01 8.301589915778277984e-01
7.886821013409923697e-01 8.260528140616499870e-01 8.034512740007245801e-01 8.303083891808267225e-01
7.877699935958391020e-01 8.248982738301715578e-01 8.041323511653181155e-01 8.308527665395821771e-01
7.885268489588386220e-01 8.255546452354132203e-01 8.050356237169424833e-01 8.317652743940290305e-01
7.891090453919151759e-01 8.259462371440458028e-01 8.055524695085134468e-01 8.320265973361780087e-01
7.895553959906072006e-01 8.259122582902085341e-01 8.053399347904842687e-01 8.311201091154396536e-01
7.910497001688370222e-01 8.275305489211993715e-01 8.064509117256370985e-01 8.321768670818499025e-01
7.914572376719904989e-01 8.282358162685737879e-01 8.076488346818015973e-01 8.336087016769661018e-01
7.922140930349900190e-01 8.290274279644476163e-01 8.089288733244777152e-01 8.348771647888494352e-01
7.954161734169108433e-01 8.320598416856375135e-01 8.100253592561283966e-01 8.354969080655381131e-01
7.964447204486793108e-01 8.330365382506060845e-01 8.090013283419876799e-01 8.344039175485079562e-01
7.954549865124491692e-01 8.324221157331067600e-01 8.065861610916555957e-01 8.326258895347965483e-01
7.947951638882959635e-01 8.312944156764584536e-01 8.066392947711629180e-01 8.324988934857915357e-01
7.952221079392187697e-01 8.314442744360290849e-01 8.070643642072213853e-01 8.328173321525724759e-01
7.959789633022181787e-01 8.311456265197754156e-01 8.073590146117618493e-01 8.325103730605318830e-01
7.938442430476042588e-01 8.287353033705340266e-01 8.086390532544379672e-01 8.331997455366323413e-01
7.917095227929903389e-01 8.265537066879443673e-01 8.092235237290181793e-01 8.336047960848349536e-01
7.910108870732985853e-01 8.259899824734171503e-01 8.087501509479531059e-01 8.327119237982625322e-01
7.900017465892992252e-01 8.249056857221335193e-01 8.077792537133196005e-01 8.321422088678197548e-01
7.900987793281453175e-01 8.249961897193824889e-01 8.071223282212293126e-01 8.314237996538424991e-01
7.905645364746065606e-01 8.253343965562153217e-01 8.071368192247313500e-01 8.315201847379956046e-01
7.892060781307613793e-01 8.249526118246067741e-01 8.065716700881535584e-01 8.311636850258881104e-01
7.883715965766850964e-01 8.244774921769805198e-01 8.069750030189590806e-01 8.310261538300982576e-01
7.882745638378388930e-01 8.245356008710315043e-01 8.079483154208428886e-01 8.318990202032694459e-01
7.888567602709153359e-01 8.250191564938389455e-01 8.090786136939983608e-01 8.324478832683900320e-01
7.889149799142229913e-01 8.240227756182795238e-01 8.108706677937447260e-01 8.336461675389614800e-01
7.896718352772225114e-01 8.247092800703940130e-01 8.110493901702693353e-01 8.337721495659344839e-01
7.900405596848375511e-01 8.251363169402743392e-01 8.111508271947833748e-01 8.337737826233275751e-01
7.905839430223756681e-01 8.256882706671561101e-01 8.101944209636517957e-01 8.331123952847478975e-01
7.915736769586058097e-01 8.268860429514270916e-01 8.084265185364085671e-01 8.320827665941461504e-01
7.918065555318363202e-01 8.266568366582246474e-01 8.080739041178601756e-01 8.320369250671008077e-01
7.943876263851422648e-01 8.287613647214746582e-01 8.098659582176065408e-01 8.339119455471178943e-01
7.951056686526032369e-01 8.299490036199892451e-01 8.115275932858350139e-01 8.350782321058822788e-01
7.938248364998350404e-01 8.288106186167781830e-01 8.134114237410940973e-01 8.359366120498952224e-01
7.933978924489122342e-01 8.280858815977707454e-01 8.127834802560077732e-01 8.351516930158645602e-01
7.937860234042966034e-01 8.288049420758157870e-01 8.123825624924525535e-01 8.346096455415199511e-01
7.946010984106036679e-01 8.302199467218358553e-01 8.117642796763675506e-01 8.343799614524294306e-01
7.923305323216053297e-01 8.286468659118384483e-01 8.118874532061346461e-01 8.342337426018920921e-01
7.903316579013759391e-01 8.266428383796308177e-01 8.114551382683250491e-01 8.338293375307367361e-01
7.893613305129151270e-01 8.252653060170821453e-01 8.109286318077526534e-01 8.338372171428940494e-01
7.907780085000679637e-01 8.265432223536393064e-01 8.108465161212413674e-01 8.339279860285875312e-01
7.911273263599137850e-01 8.272384460350256097e-01 8.103103489916676505e-01 8.338231520816151709e-01
7.892254846785304867e-01 8.258242387963203868e-01 8.098031638690980083e-01 8.330973746673732139e-01
7.878476197869161979e-01 8.244709888600578740e-01 8.106726240792175853e-01 8.338709539735986720e-01
7.871101709716858963e-01 8.241706572468652237e-01 8.114986112788309391e-01 8.341955585269259510e-01
7.903510644491451576e-01 8.273431791042606953e-01 8.121990097814273390e-01 8.347406773433654337e-01
7.899047138504531329e-01 8.275499195563065236e-01 8.118319043593769102e-01 8.343087665433053246e-01
7.900987793281453175e-01 8.278416977789553322e-01 8.114889506098297289e-01 8.341452958888202485e-01
7.891866715829920498e-01 8.265372974979302567e-01 8.113198889023065519e-01 8.341995237613087921e-01
7.897300549205301667e-01 8.272547337245611532e-01 8.099722255766211854e-01 8.336577787746631829e-01
7.914960507675289358e-01 8.286148494800290587e-01 8.098804492211085782e-01 8.338319853810733928e-01
7.910691067166062407e-01 8.283302545030797326e-01 8.084844825504166055e-01 8.326989146128747077e-01
7.894195501562226713e-01 8.270585753673723728e-01 8.077695930443182792e-01 8.319907207888176393e-01
7.899241203982223514e-01 8.280924478269631184e-01 8.095664774785653606e-01 8.331354160042574453e-01
7.913990180286828435e-01 8.293562002370209463e-01 8.123777321579519484e-01 8.354551947144901458e-01
7.928545091113742282e-01 8.304433018890036156e-01 8.113681922473130470e-01 8.349693326400775550e-01
7.919812144617593974e-01 8.293592742088766734e-01 8.096292718270740041e-01 8.332859071550262620e-01
7.891478584874536129e-01 8.277748463167258208e-01 8.091075957010023245e-01 8.324120292346790517e-01
7.892448912262998162e-01 8.278387180606857632e-01 8.088757396449705039e-01 8.321182715864205992e-01
7.918453686273748682e-01 8.299703769527281283e-01 8.089047216519744676e-01 8.322977314127668613e-01
7.943294067418346094e-01 8.316999367175047508e-01 8.086776959304431411e-01 8.324598565048891841e-01
7.935531448310658709e-01 8.315206580997336339e-01 8.093394517570340341e-01 8.328377110125503302e-01
7.933202662578353603e-01 8.304416515544690292e-01 8.096824055065813264e-01 8.330523600358391567e-01
7.916707096974519020e-01 8.282397171655270229e-01 8.096534234995773627e-01 8.328122408111873209e-01
7.912631721942983143e-01 8.274002919990000038e-01 8.109914261562614080e-01 8.345129238772825975e-01
7.912437656465290958e-01 8.276078772054251687e-01 8.121362154329188066e-01 8.360191984067543158e-01
7.927768829202973544e-01 8.296963664410528239e-01 8.123584108199493059e-01 8.361488754378206822e-01
7.944652525762192496e-01 8.317152326534014151e-01 8.108368554522400462e-01 8.347086384611489551e-01
7.929903549457586465e-01 8.304984775923311968e-01 8.095374954715612859e-01 8.335022296834335709e-01
7.924081585126820926e-01 8.296599664320108980e-01 8.091172563700037568e-01 8.328091110805085906e-01
7.923305323216052187e-01 8.296853253741012235e-01 8.099046008936119367e-01 8.335163884469899420e-01
7.939024626909119142e-01 8.301746065992275936e-01 8.107112667552228702e-01 8.342354989909148699e-01
7.946010984106037789e-01 8.308509477270281662e-01 8.124018838304550849e-01 8.354732736145495942e-01
7.952415144869877661e-01 8.315675545602582153e-01 8.114647989373263703e-01 8.349082968043644026e-01
7.949310097226804928e-01 8.314481598943069818e-01 8.115324236203356190e-01 8.353853124546934961e-01
7.930291680412970834e-01 8.305556406459010388e-01 8.118705470353821951e-01 8.358907396782422339e-01
7.916901162452210095e-01 8.305754218803516054e-01 8.111749788672866224e-01 8.350958757510695829e-01
7.921752799394514710e-01 8.303901426762052562e-01 8.103586523366743677e-01 8.340715823339461821e-01
7.924469716082206405e-01 8.303383084629709643e-01 8.102958579881656132e-01 8.343447422896438370e-01
7.938248364998349293e-01 8.307518617379726633e-01 8.107305880932254016e-01 8.349270738774781098e-01
7.940383085252964435e-01 8.302390536882062744e-01 8.104697500301895063e-01 8.351062318888297087e-01
7.945622853150653420e-01 8.298555946711380082e-01 8.116338606448496584e-01 8.361622052534568583e-01
7.938248364998350404e-01 8.302549999486310561e-01 8.117208066658616605e-01 8.360600103872117828e-01
7.937083972132197296e-01 8.304768759958839341e-01 8.110010868252626182e-01 8.351902869301730536e-01
7.944846591239884681e-01 8.313148707099549117e-01 8.112474338847964761e-01 8.353504664337428887e-01
7.940189019775272250e-01 8.318807264174347127e-01 8.119236807148895174e-01 8.356763907833746341e-01
7.932232335189893790e-01 8.306202192314998678e-01 8.118657167008815900e-01 8.358860066610308559e-01
7.942129674552194096e-01 8.315421859457243769e-01 8.109527834802561230e-01 8.352074304515348935e-01
7.927574763725281359e-01 8.303784552179948042e-01 8.120975727569132996e-01 8.358346395658707850e-01
7.917677424362979943e-01 8.295098991895413221e-01 8.132520227025721304e-01 8.365036805226963024e-01
7.921364668439131451e-01 8.300829990598560526e-01 8.121507064364207329e-01 8.356695699866291127e-01
7.930291680412970834e-01 8.299448333986707560e-01 8.126627218934912023e-01 8.360824130918810271e-01
7.924275650604513110e-01 8.287965396100011040e-01 8.122086704504285493e-01 8.357839877234533033e-01
7.921946864872209115e-01 8.284729031298764257e-01 8.129042386185243441e-01 8.362487834297345213e-01
7.927768829202973544e-01 8.290731282836161231e-01 8.129332206255283078e-01 8.365801462196564842e-01
7.944264394806808127e-01 8.312664480121514377e-01 8.120154570704021246e-01 8.360526119399598333e-01
7.957848978245259941e-01 8.330140637484004795e-01 8.121990097814273390e-01 8.364743746770169075e-01
7.957072716334491203e-01 8.328002903072967422e-01 8.120492694119068045e-01 8.363181844367230111e-01
7.937860234042966034e-01 8.309843315867254665e-01 8.120540997464074096e-01 8.365487044018911078e-01
7.928545091113742282e-01 8.300772760872944245e-01 8.115662359618402988e-01 8.361581669859706745e-01
7.936889906654505111e-01 8.305563279275176569e-01 8.103151793261682556e-01 8.351097136677066990e-01
7.941935609074501912e-01 8.309342554066205810e-01 8.103586523366743677e-01 8.353745547277593442e-01
7.944070329329115943e-01 8.319383958546915370e-01 8.119671537253956295e-01 8.363072815820035144e-01
7.950668555570649110e-01 8.326989754603847382e-01 8.142374109407076732e-01 8.375888954405591447e-01
7.939606823342195696e-01 8.317924805186113213e-01 8.139910638811738153e-01 8.370581209334457817e-01
7.931650138756816126e-01 8.313373639935248693e-01 8.133099867165801689e-01 8.368505428906318766e-01
7.926216305381434957e-01 8.300627025166085193e-01 8.122569737954352664e-01 8.358344276384754856e-01
7.951444817481418958e-01 8.319592125171080266e-01 8.130153363120395937e-01 8.365150673061293451e-01
7.960565894932950526e-01 8.321634251844505226e-01 8.138896268566597758e-01 8.370955350774167414e-01
7.970851365250635201e-01 8.331796502355932610e-01 8.151165318198285714e-01 8.377274774177148053e-01
7.981913097479090835e-01 8.343540618562964584e-01 8.134259147445961347e-01 8.363751701304398267e-01
7.972986085505250342e-01 8.340834537401833337e-01 8.130829609950489534e-01 8.363052202966345661e-01
7.963670942576025480e-01 8.334976532644193803e-01 8.135515034416133107e-01 8.365639665786444024e-01
7.955908323468336985e-01 8.328522418356669732e-01 8.155077889143822478e-01 8.383202431471896698e-01
7.940383085252964435e-01 8.315545782081364967e-01 8.153918608863663930e-01 8.381335525991472357e-01
7.932232335189892680e-01 8.304299237865341299e-01 8.146576500422655354e-01 8.374630199933934538e-01
7.955520192512952615e-01 8.321529736585870918e-01 8.131843980195628818e-01 8.360945930356598055e-01
7.958237109200644310e-01 8.321454270085566485e-01 8.114599686028256542e-01 8.349723058664448860e-01
7.964253139009100924e-01 8.322349068903336367e-01 8.113681922473131580e-01 8.351849051581968775e-01
7.955132061557569356e-01 8.312581981708493384e-01 8.118174133558748728e-01 8.357863466136403741e-01
7.958431174678337605e-01 8.315477329830912590e-01 8.134404057480980610e-01 8.371128759038491962e-01
7.978419918880630402e-01 8.339397158121129028e-01 8.130056756430382725e-01 8.363801955215679484e-01
8.002678103592152370e-01 8.357029829392008669e-01 8.136770921386304867e-01 8.369315263627726820e-01
7.965029400919869662e-01 8.323194687611707998e-01 8.133196473855814901e-01 8.367670509458980943e-01
7.958237109200643200e-01 8.318303345516049330e-01 8.123584108199493059e-01 8.361916306242098695e-01
7.959983698499873972e-01 8.322458841855155942e-01 8.125274725274725940e-01 8.359082095221296305e-01
7.959013371111413049e-01 8.320571755920728174e-01 8.133244777200822062e-01 8.368409809039767389e-01
7.964641269964486403e-01 8.327156208547792371e-01 8.139089481946625293e-01 8.372669750563788149e-01
7.945234722195269050e-01 8.307831115985101489e-01 8.146093466972588182e-01 8.376867568340322645e-01
7.930485745890663019e-01 8.306772310222729772e-01 8.133824417340900226e-01 8.366125633632871539e-01
7.944070329329115943e-01 8.320458289221878134e-01 8.108754981282453311e-01 8.348907450010845110e-01
7.945622853150653420e-01 8.324875703749512468e-01 8.113585315783117258e-01 8.353582202029903314e-01
7.957460847289876682e-01 8.333932611373401356e-01 8.129428812945296290e-01 8.365936937143072516e-01
7.956102388946030279e-01 8.329516720418405074e-01 8.134548967515999873e-01 8.367656743952753828e-01
7.964447204486793108e-01 8.332806408181882007e-01 8.138896268566597758e-01 8.367596033080996198e-01
7.963088746142947816e-01 8.324718685597110035e-01 8.143050356237169218e-01 8.366123765310551352e-01
7.969492906906791019e-01 8.330281208585044173e-01 8.129863543050356300e-01 8.355444274018282158e-01
7.971045430728327386e-01 8.337199124831597974e-01 8.139475908706679252e-01 8.368204669997187928e-01
7.978225853402938217e-01 8.344741814226308563e-01 8.134186692428451160e-01 8.360654154006446070e-01
7.969881037862174278e-01 8.337505464710714964e-01 8.131457553435574859e-01 8.359056556515364056e-01
7.951444817481417848e-01 8.326960309194273435e-01 8.126240792174858063e-01 8.360251620871740341e-01
7.923499388693744372e-01 8.302793504340525432e-01 8.130733003260476321e-01 8.364281246860557628e-01
7.916318966019134651e-01 8.293949443903464447e-01 8.136770921386307087e-01 8.367479501754135907e-01
7.915930835063750282e-01 8.286827668469614050e-01 8.146431590387634980e-01 8.372536730113742109e-01
7.937666168565273850e-01 8.302734185081395157e-01 8.155560922593889650e-01 8.375112116784831917e-01
7.959595567544490713e-01 8.321778070140388728e-01 8.171984059896146846e-01 8.386301844554060470e-01
7.989675716586777110e-01 8.356057291999956504e-01 8.179664291752202221e-01 8.398184229793648203e-01
7.993557026140619692e-01 8.359094825175833465e-01 8.163386064484965399e-01 8.385221511216685020e-01
7.981524966523706466e-01 8.347182033136434365e-01 8.161647144064727577e-01 8.384633975565264352e-01
7.961148091366025970e-01 8.330593921602865715e-01 8.152662721893491060e-01 8.376931736915648186e-01
7.952415144869878771e-01 8.321863922442808148e-01 8.143050356237169218e-01 8.371613317558730394e-01
7.947757573405266340e-01 8.323006759090371132e-01 8.147542567322787477e-01 8.374407640154351018e-01
7.940577150730656619e-01 8.319096529745082513e-01 8.145465523487500636e-01 8.371707258135110408e-01
7.957460847289875572e-01 8.337460435531427461e-01 8.155174495833836801e-01 8.375419208277719019e-01
7.959789633022182898e-01 8.337873771732230432e-01 8.154111822243690355e-01 8.371063309146373754e-01
7.965029400919869662e-01 8.332212889436505510e-01 8.135176911001086308e-01 8.357112519088644165e-01
7.976479264103708555e-01 8.339579160375103495e-01 8.123197681439440210e-01 8.351275226241219318e-01
7.967746317607561357e-01 8.333446549949407034e-01 8.129863543050356300e-01 8.356060588441577286e-01
7.957460847289875572e-01 8.329909766772406465e-01 8.143485086342229229e-01 8.368090062465877166e-01
7.963476877098332185e-01 8.334946324053603695e-01 8.148895060982973559e-01 8.376556265483353636e-01
7.973374216460633601e-01 8.343138715572956388e-01 8.157734573119188592e-01 8.383337328577842307e-01
7.969881037862174278e-01 8.338158187545920974e-01 8.156671899529043257e-01 8.383642897959220353e-01
7.954355799646800618e-01 8.329230278997050707e-01 8.154160125588696406e-01 8.374959372163406357e-01
7.964641269964485293e-01 8.341572706120485847e-01 8.158072696534235391e-01 8.374532821684297357e-01
7.958237109200643200e-01 8.331007970185431155e-01 8.154643159038763578e-01 8.374210875131772314e-01
7.957460847289876682e-01 8.332052469845673270e-01 8.163917401280038622e-01 8.383738382483563178e-01
7.953191406780648620e-01 8.326180289631445186e-01 8.175848327496679779e-01 8.393575764056928623e-01
7.980554639135244432e-01 8.344242280941924772e-01 8.172418790001207967e-01 8.389669168146589584e-01
7.985600341555241233e-01 8.340564898849049946e-01 8.167540152155536859e-01 8.387398841258320026e-01
7.973374216460633601e-01 8.324839984236890311e-01 8.151648351648350665e-01 8.372253268098482915e-01
7.960759960410642710e-01 8.315408797795881268e-01 8.134693877551020247e-01 8.356331435290257348e-01
7.957460847289875572e-01 8.319878083209911734e-01 8.134259147445961347e-01 8.356198906891035838e-01
7.957266781812182277e-01 8.328627083279366294e-01 8.137157348146359936e-01 8.360404456462082745e-01
7.963476877098332185e-01 8.338243008314556448e-01 8.145175703417460999e-01 8.367826039207583166e-01
7.971433561683711755e-01 8.336363885751228997e-01 8.149957734573118895e-01 8.370281626198283753e-01
7.978808049836014771e-01 8.339299154387316282e-01 8.149474701123052833e-01 8.369890090729218413e-01
7.975897067670632001e-01 8.340785559547364558e-01 8.152614418548485009e-01 8.369424915633985051e-01
7.967358186652175878e-01 8.334055668853617149e-01 8.156333776113996459e-01 8.376332503121703965e-01
7.981524966523705356e-01 8.345504104334808826e-01 8.158507426639295401e-01 8.381208986802969330e-01
