8.000058219643306767e-01 8.286548099031051384e-01 7.501074749426397403e-01 7.843371195626098746e-01
7.990937142191775200e-01 8.276337326921707760e-01 7.498442217123535425e-01 7.845039913855884617e-01
7.990354945758698646e-01 8.270044357550468961e-01 7.507813066054823681e-01 7.853087767342137315e-01
7.980069475441013971e-01 8.257238877795597398e-01 7.503707281729259382e-01 7.851957877992055135e-01
7.968425546779482893e-01 8.240073052757983518e-01 7.504625045284385454e-01 7.845691115812946093e-01
7.973471249199479693e-01 8.232532659545491738e-01 7.507668156019804417e-01 7.851485823246863172e-01
7.988996487414852243e-01 8.237550491583789380e-01 7.515348387875862013e-01 7.864126225276580895e-01
8.013836868559451876e-01 8.257370527303022900e-01 7.528535201062673821e-01 7.878148445547066281e-01
8.029750237730209905e-01 8.272986170973984921e-01 7.549692066175581751e-01 7.899876301771102671e-01
8.034213743717129041e-01 8.276424137067704967e-01 7.560995048907137583e-01 7.910952626101561691e-01
8.051097440276350214e-01 8.286115478856398431e-01 7.576790242724308344e-01 7.914298468978139267e-01
8.070309922567873162e-01 8.296657787498149528e-01 7.567757517208067997e-01 7.900348284892012574e-01
8.082147916707096424e-01 8.302957556132565253e-01 7.566743146962926492e-01 7.898286323857872659e-01
8.092627452502473284e-01 8.308830574864233265e-01 7.565438956647747570e-01 7.893952614395502998e-01
8.098449416833239933e-01 8.310713048262527991e-01 7.575341142374109049e-01 7.895193515191561984e-01
8.103106988297851254e-01 8.310965251739559356e-01 7.586354305035623025e-01 7.898189393630816735e-01
8.104077315686312177e-01 8.304269137012508795e-01 7.596981040937085261e-01 7.900711183417856720e-01
8.092045256069397841e-01 8.288574296923076901e-01 7.593406593406593075e-01 7.894037621627187917e-01
8.094762172757087315e-01 8.287108146725156166e-01 7.569737954353338294e-01 7.875143186267610229e-01
8.080595392885558947e-01 8.280085360593201216e-01 7.558676488346817157e-01 7.867604477828641363e-01
8.065458285625569657e-01 8.260495871787598698e-01 7.552034778408405202e-01 7.859491171526946651e-01
8.043917017601738273e-01 8.242900366912035981e-01 7.543412631324719619e-01 7.848302909822428841e-01
8.043528886646353904e-01 8.236526814752794801e-01 7.532544378698224907e-01 7.837910457731447345e-01
8.034213743717130152e-01 8.237719179994890117e-01 7.535056152638570648e-01 7.842365661876140592e-01
8.036154398494050888e-01 8.245224079090384128e-01 7.535394276053616336e-01 7.838912183042494597e-01
8.042558559257892981e-01 8.250896997841224989e-01 7.533317232218330606e-01 7.840390239545309559e-01
8.065652351103261841e-01 8.263976829830351756e-01 7.540562733969325970e-01 7.851049370293642360e-01
8.077102214287099624e-01 8.263902449838100850e-01 7.531868131868132421e-01 7.846280156177958265e-01
8.069339595179413349e-01 8.255942886775518019e-01 7.525685303707281282e-01 7.840330908377126651e-01
8.057695666517883382e-01 8.245469115224226542e-01 7.514285714285715567e-01 7.827992762873190458e-01
8.064293892759417659e-01 8.246018847894395210e-01 7.515444994565874115e-01 7.827266567539228337e-01
8.048962720021735073e-01 8.235037641466325109e-01 7.517280521676126259e-01 7.826338353194540742e-01
8.054396553397116243e-01 8.231235148609620245e-01 7.522448979591837004e-01 7.833598498848338698e-01
8.057889731995575566e-01 8.233986784642064460e-01 7.515734814635913752e-01 7.828873729811238746e-01
8.068563333268644611e-01 8.238203841637132818e-01 7.521531216036709822e-01 7.832697850662972971e-01
8.090104601292475994e-01 8.253498848134590560e-01 7.522062552831783044e-01 7.842076572937725087e-01
8.100972268043237223e-01 8.261463912971193091e-01 7.533462142253350979e-01 7.853267192081775372e-01
8.100196006132468485e-01 8.255701280884873983e-01 7.535104455983576699e-01 7.850324411511124811e-01
8.104853577597082026e-01 8.261013217321894198e-01 7.536843376403815631e-01 7.853979172280902699e-01
8.104077315686313288e-01 8.254952666822585883e-01 7.534524815843497425e-01 7.849580863232062944e-01
8.103883250208621103e-01 8.256035952452129845e-01 7.536118826228715983e-01 7.853948781289477044e-01
8.085058898872479194e-01 8.243422557050434918e-01 7.534234995773456678e-01 7.850043095031140616e-01
8.084088571484018271e-01 8.248852405896875961e-01 7.532737592078251332e-01 7.839826538720294780e-01
8.059442255817111933e-01 8.226441011826963745e-01 7.539017026929114573e-01 7.839361217847631291e-01
8.034795940150206706e-01 8.207896468331006279e-01 7.527182707402488848e-01 7.827035426719637368e-01
8.021793553144830335e-01 8.199340950786841997e-01 7.518005071851225907e-01 7.828903351062130866e-01
8.015583457858681538e-01 8.184952031756245194e-01 7.516894094916073410e-01 7.836574561040308140e-01
8.016941916202526830e-01 8.175229817138716104e-01 7.511097693515276230e-01 7.841580468585962471e-01
8.012672475693298768e-01 8.174268763418620631e-01 7.501243811133920802e-01 7.833343777367317573e-01
8.022957946010983443e-01 8.173324712110695556e-01 7.499939620818741881e-01 7.834016916286460352e-01
8.026062993654058397e-01 8.169609371906456641e-01 7.486076560801835367e-01 7.824130311136288096e-01
8.031690892507131752e-01 8.170889783795367567e-01 7.497113875135852368e-01 7.827871480380435010e-01
8.010925886394069106e-01 8.171405737910861777e-01 7.504286921869338656e-01 7.839982383895810480e-01
8.001222612509460985e-01 8.166727150340381547e-01 7.509841806545103360e-01 7.846311242650496620e-01
8.000252285121000062e-01 8.169671659949230280e-01 7.498925250573602597e-01 7.839588945788644736e-01
7.999670088687923508e-01 8.175075805128693140e-01 7.495544016423136835e-01 7.839237020106090137e-01
8.021211356711754892e-01 8.183540963592069728e-01 7.515348387875862013e-01 7.860490063954388429e-01
8.033243416328669229e-01 8.184601948068510602e-01 7.523221833111943813e-01 7.863299515054813504e-01
8.046827999767121042e-01 8.194150710652500225e-01 7.520806665861610174e-01 7.863125868112359473e-01
8.033825612761745782e-01 8.185208156244712097e-01 7.531143581693031663e-01 7.864936477055486375e-01
8.025480797220981843e-01 8.178688146105366208e-01 7.533558748943363081e-01 7.862698614866174829e-01
8.034019678239436857e-01 8.187544258994383650e-01 7.535345972708609175e-01 7.861950961318242559e-01
8.043140755690970645e-01 8.193624450163116135e-01 7.535587489433643871e-01 7.862453385620595814e-01
8.058665993906344305e-01 8.204784708251710024e-01 7.513899287525661608e-01 7.848025714574219380e-01
8.067593005880184798e-01 8.223450965192995454e-01 7.514237410940708406e-01 7.857565283692685698e-01
8.063905761804032180e-01 8.221780003876966170e-01 7.522738799661876641e-01 7.874715055126035868e-01
8.038871315181741473e-01 8.205023207937675034e-01 7.532785895423258493e-01 7.887203822021657817e-01
8.006462380407149970e-01 8.170498470008877856e-01 7.530129211447893489e-01 7.869528799078163717e-01
8.007626773273301968e-01 8.166724265832403518e-01 7.530660548242965602e-01 7.860876376564056578e-01
8.002192939897920798e-01 8.169452243429606852e-01 7.530902064967999188e-01 7.858483072375321843e-01
8.008597100661762891e-01 8.165206780030360711e-01 7.520033812341505586e-01 7.850040102269950637e-01
7.997923499388693847e-01 8.151024060673518479e-01 7.506943605844705880e-01 7.837467247084436428e-01
8.017524112635603384e-01 8.160146227567769417e-01 7.507619852674798366e-01 7.846974013089380584e-01
8.018494440024062087e-01 8.157803008498775155e-01 7.525492090327254857e-01 7.865399362367153646e-01
8.025092666265596364e-01 8.165730829376819377e-01 7.537084893128849217e-01 7.876171884300681159e-01
8.036930660404819626e-01 8.169950476951770568e-01 7.535973916193696720e-01 7.872411947215339767e-01
8.029168041297133351e-01 8.165803188166009807e-01 7.530177514792899540e-01 7.861840666246038278e-01
8.030332434163287569e-01 8.173614013935185385e-01 7.520661755826589800e-01 7.849578101090385340e-01
8.023928273399443256e-01 8.171689423206858205e-01 7.526699673952421676e-01 7.855726178197983689e-01
8.024510469832522030e-01 8.178874912134785902e-01 7.534041782393431363e-01 7.868455237089077015e-01
8.021599487667139261e-01 8.172481033529547245e-01 7.541987682647022240e-01 7.878993090161998669e-01
8.005880183974073416e-01 8.153281886288209490e-01 7.537761139958942813e-01 7.873970671337161553e-01
7.996953172000234034e-01 8.149374164808007581e-01 7.537133196473856378e-01 7.871185754604500540e-01
8.009567428050223814e-01 8.149544585276705666e-01 7.528535201062673821e-01 7.863978328902110349e-01
8.031496827029439567e-01 8.169543072976489517e-01 7.540514430624321029e-01 7.876101789677893983e-01
8.047410196200197596e-01 8.186548893870246868e-01 7.550513223040695721e-01 7.883530157594449417e-01
8.049738981932503812e-01 8.193124364886378297e-01 7.533558748943364192e-01 7.869612351744734724e-01
8.051291505754041289e-01 8.189256508057330963e-01 7.530225818137905591e-01 7.870822311560553564e-01
8.037706922315589475e-01 8.175711547741363328e-01 7.519309262166404828e-01 7.854196409241421817e-01
8.021405422189447076e-01 8.165693400101045052e-01 7.516797488226060198e-01 7.851191800300956203e-01
8.015001261425604984e-01 8.161128977454961131e-01 7.509358773095036188e-01 7.848317389763888041e-01
8.014030934037144061e-01 8.168448597748252382e-01 7.522932013041903065e-01 7.863410289093382133e-01
8.033243416328670339e-01 8.179787278179591059e-01 7.547518415650283918e-01 7.883599665807521362e-01
8.029944303207900980e-01 8.179359635782078586e-01 7.542736384494626023e-01 7.876345091312759727e-01
8.032855285373283749e-01 8.187880117924883905e-01 7.555536770921387202e-01 7.883823535941630878e-01
8.012090279260223324e-01 8.162308325457651170e-01 7.545634585195025723e-01 7.876079109337519313e-01
8.024704535310214215e-01 8.170459022455904829e-01 7.553508030431107523e-01 7.883835867573290024e-01
8.028391779386364613e-01 8.168998102054563226e-01 7.540755947349353505e-01 7.874874386800670978e-01
8.022181684100215815e-01 8.163387695195591931e-01 7.537664533268927380e-01 7.873606621573365771e-01
8.029556172252517721e-01 8.176344267317762204e-01 7.532061345248157735e-01 7.869570444790460195e-01
8.032079023462515011e-01 8.173415335719240726e-01 7.515106871150827317e-01 7.848603353873588873e-01
8.018688505501755381e-01 8.159089835207089525e-01 7.511145996860282281e-01 7.836981083727796449e-01
8.016359719769450276e-01 8.170705284541440738e-01 7.510518053375195846e-01 7.835625243811317198e-01
8.033825612761745782e-01 8.183965483030263277e-01 7.522159159521797367e-01 7.849975961913266964e-01
8.045275475945583565e-01 8.193655113308982996e-01 7.532013041903151684e-01 7.861816002115160629e-01
8.047216130722505412e-01 8.192483291336403184e-01 7.521965946141770942e-01 7.854627627703536508e-01
8.030914630596361903e-01 8.181288722681708814e-01 7.496751600048303654e-01 7.837916215679420207e-01
8.035572202060975444e-01 8.179049124415844751e-01 7.504238618524332605e-01 7.843681695360260608e-01
8.026839255564828246e-01 8.178782889261417832e-01 7.520420239101557325e-01 7.848762885646298759e-01
8.024704535310213105e-01 8.171526392357995050e-01 7.536022219538703881e-01 7.859356484837447532e-01
8.029168041297133351e-01 8.178793297893798275e-01 7.527424224127521324e-01 7.857544157929601258e-01
8.042170428302508611e-01 8.183311355676107235e-01 7.526699673952421676e-01 7.864655501354548273e-01
8.057889731995575566e-01 8.191880476543731415e-01 7.523463349836976288e-01 7.866411104063044668e-01
8.067204874924800428e-01 8.188880255669215291e-01 7.524332810047097420e-01 7.870109391241958408e-01
8.078072541675560547e-01 8.199067592257152093e-01 7.540369520589301766e-01 7.879313676959113222e-01
8.072444642822488303e-01 8.181911622720978716e-01 7.534138389083444576e-01 7.875747906584481539e-01
8.048574589066351814e-01 8.168242463835461153e-01 7.512401883830455152e-01 7.859205010335196251e-01
8.015195326903297168e-01 8.156786425477676739e-01 7.496944813428330079e-01 7.848657540471597471e-01
8.020629160278678338e-01 8.167517802839717733e-01 7.507764762709817630e-01 7.851574222973267680e-01
8.041006035436356614e-01 8.186830926663715147e-01 7.525347180292235594e-01 7.860494047868670231e-01
8.052844029575577656e-01 8.190006746895868162e-01 7.531336795073058088e-01 7.866912378616205404e-01
8.068563333268645721e-01 8.201372437215788125e-01 7.533848569013403829e-01 7.865640251101414515e-01
8.061771041549418149e-01 8.197654002367233961e-01 7.543943968119792842e-01 7.879486689349421980e-01
8.053814356964040799e-01 8.195119659165787107e-01 7.548098055790362082e-01 7.888404257238511574e-01
8.042752624735585165e-01 8.191943882041395897e-01 7.539451757034174584e-01 7.876949676964322133e-01
8.045275475945583565e-01 8.203034663277569694e-01 7.529308054582780629e-01 7.860786103831620686e-01
8.046245803334044489e-01 8.197867734342079160e-01 7.519116048786378403e-01 7.845868098601046503e-01
8.053426226008655320e-01 8.197831623364005837e-01 7.525975123777322029e-01 7.851642935593019512e-01
8.061576976071727074e-01 8.198974288571729829e-01 7.537519623233908117e-01 7.868834260865265051e-01
8.053814356964039689e-01 8.193202438763512729e-01 7.524477720082115573e-01 7.858395360492993476e-01
8.060412583205572856e-01 8.191006817872443779e-01 7.524574326772128785e-01 7.858940629805437617e-01
8.055949077218653720e-01 8.185207060638755028e-01 7.532109648593164897e-01 7.872048202565467001e-01
8.057307535562499012e-01 8.176746307193918373e-01 7.529259751237773468e-01 7.869585171366418885e-01
8.054590618874808428e-01 8.179734159422044071e-01 7.514672141045767306e-01 7.855845344930709739e-01
8.048380523588658519e-01 8.181423889314618503e-01 7.513657770800628022e-01 7.854226775305838126e-01
8.027227386520211505e-01 8.169254742776541622e-01 7.500857384373869063e-01 7.843758904840982815e-01
8.036542529449435257e-01 8.178092482524674800e-01 7.527520830817533426e-01 7.861831987974547964e-01
8.067593005880182577e-01 8.210347088034875007e-01 7.534766332568531011e-01 7.873085613091186374e-01
8.075161559510178888e-01 8.220804671628423321e-01 7.537036589783843166e-01 7.878877726984596652e-01
8.042946690213276240e-01 8.190665870756824729e-01 7.514309865958218593e-01 7.861238041163434165e-01
7.994818451745618892e-01 8.151978437181177650e-01 7.491051805337520797e-01 7.833111345032086614e-01
7.997535368433309477e-01 8.148903111405261246e-01 7.495544016423136835e-01 7.836024737472183643e-01
8.025286731743290769e-01 8.162189718180083986e-01 7.506460572394638708e-01 7.848283340256514418e-01
8.044499214034814827e-01 8.170961270687997491e-01 7.508634222919937651e-01 7.854426268429606228e-01
8.034990005627900000e-01 8.167245659607162978e-01 7.520033812341505586e-01 7.862927713549423547e-01
8.027809582953289169e-01 8.164390181437528593e-01 7.516121241395966601e-01 7.862554685104905516e-01
8.038095053270972734e-01 8.177817980400002851e-01 7.521096485931652031e-01 7.867428251594987820e-01
8.067981136835569167e-01 8.199893223648719864e-01 7.524091293322062723e-01 7.869101385029702023e-01
8.074191232121716855e-01 8.204322141845924454e-01 7.529549571307813105e-01 7.870183184687062905e-01
8.066040482058647321e-01 8.196147840978549315e-01 7.530370728172925965e-01 7.868284065252059145e-01
8.046827999767121042e-01 8.178680864977710963e-01 7.514865354425794841e-01 7.857452823275050680e-01
8.029168041297133351e-01 8.168274659120718928e-01 7.515976331360946228e-01 7.859768726205054179e-01
8.035960333016358703e-01 8.183208724997113048e-01 7.533751962323390616e-01 7.881623289041163050e-01
8.032661219895592675e-01 8.179585650119542972e-01 7.529452964617799893e-01 7.875509005100984616e-01
8.045663606900967935e-01 8.183092796983546524e-01 7.528728414442700245e-01 7.873781882113815023e-01
8.055172815307884981e-01 8.192985213622397955e-01 7.534959545948556325e-01 7.877597349073639510e-01
8.073220904733255932e-01 8.216741031376190163e-01 7.528825021132714568e-01 7.873076410256267810e-01
8.064293892759415439e-01 8.212589900931921427e-01 7.522545586281850216e-01 7.870746055509635353e-01
8.061965107027111443e-01 8.208470487875092481e-01 7.523801473252023087e-01 7.866636828743784893e-01
8.043722952124047199e-01 8.186328544025527343e-01 7.514913657770800892e-01 7.852487525387989997e-01
8.042170428302509722e-01 8.182875613456430663e-01 7.520565149136577698e-01 7.861757575661354469e-01
8.048380523588659630e-01 8.186834727485674534e-01 7.532254558628184160e-01 7.871741165703811660e-01
8.056337208174036979e-01 8.188901472300659234e-01 7.541963530974519214e-01 7.883342139996553088e-01
8.066622678491722764e-01 8.201598572349566574e-01 7.541045767419393142e-01 7.893380189671288516e-01
8.074385297599410150e-01 8.214087025426182187e-01 7.541383890834439940e-01 7.896213285733135745e-01
8.072638708300179378e-01 8.211788211250583558e-01 7.538727206859074936e-01 7.888852070147926998e-01
8.070698053523258642e-01 8.203583240135339238e-01 7.551141166525782156e-01 7.896981844757928748e-01
8.076131886898638701e-01 8.215443912564065476e-01 7.565921990097814742e-01 7.908015811464315092e-01
8.062935434415572367e-01 8.216289384464812162e-01 7.557807028136698246e-01 7.900632387380013277e-01
8.065458285625569657e-01 8.220545657391791217e-01 7.539886487139234594e-01 7.884874972496591639e-01
8.065070154670185287e-01 8.223677684811780964e-01 7.533027412148290969e-01 7.875206402499631553e-01
8.073609035688642521e-01 8.223593721078279462e-01 7.541287284144426728e-01 7.889032322275151277e-01
8.066816743969416059e-01 8.211156607930492068e-01 7.535539186088636709e-01 7.879096648897476740e-01
8.066816743969414949e-01 8.208651208773672936e-01 7.528148774302620971e-01 7.867501315893239422e-01
8.085252964350171379e-01 8.223314878236209768e-01 7.532447772008212805e-01 7.875225088133215312e-01
8.096702827534010272e-01 8.230490845749769413e-01 7.536553556333774884e-01 7.881097117057898060e-01
8.086999553649401040e-01 8.222696284408592682e-01 7.531723221833113158e-01 7.872722974149246600e-01
8.072832773777871562e-01 8.217578243989427378e-01 7.532979108803283808e-01 7.872604764316134540e-01
8.060024452250189597e-01 8.210419670555652027e-01 7.528197077647625912e-01 7.871501740555796323e-01
8.069921791612489903e-01 8.221971427014762579e-01 7.536070522883708822e-01 7.871216329180358295e-01
8.078266607153253842e-01 8.227183918753417924e-01 7.542494867769593547e-01 7.879129796324426671e-01
8.082536047662480794e-01 8.226543783452161529e-01 7.536070522883708822e-01 7.873498157909333273e-01
8.086999553649401040e-01 8.233058428841339982e-01 7.528100470957613810e-01 7.876200124596196561e-01
8.083312309573249532e-01 8.231001691635441153e-01 7.532979108803283808e-01 7.881169618973351554e-01
8.066428613014029469e-01 8.218630782733421514e-01 7.518777925371331605e-01 7.865234506604059650e-01
8.081371654796327686e-01 8.227500826444181792e-01 7.538147566718995662e-01 7.892598012069726998e-01
8.070115857090182088e-01 8.217334371993026965e-01 7.542977901219659609e-01 7.892839555353550196e-01
8.065458285625569657e-01 8.219566666013069511e-01 7.533172322183311342e-01 7.880013012216210422e-01
8.065458285625569657e-01 8.219687727538197430e-01 7.535780702813670295e-01 7.878961390866729975e-01
8.072832773777873783e-01 8.226034880091037671e-01 7.555633377611400414e-01 7.890659252410592295e-01
8.076714083331716365e-01 8.230963586941107968e-01 7.552831783601013926e-01 7.890765218139474957e-01
8.081371654796328796e-01 8.239189538147736469e-01 7.544523608259872116e-01 7.886875152351724427e-01
8.076325952376330886e-01 8.232780883749249989e-01 7.539500060379180635e-01 7.878862040115603982e-01
8.076131886898638701e-01 8.228885933916197937e-01 7.543364327979712458e-01 7.889634513933464488e-01
8.055172815307884981e-01 8.209843960347749103e-01 7.548001449100351090e-01 7.897926457506236897e-01
8.058860059384036489e-01 8.212553650846340370e-01 7.560512015457070412e-01 7.911721494894106144e-01
8.068757398746337905e-01 8.221202332379845545e-01 7.566018596787827954e-01 7.908631194879088833e-01
8.079625065497098024e-01 8.230644737265340183e-01 7.564038159642555437e-01 7.900506520364957153e-01
8.093209648935550948e-01 8.235141330795898718e-01 7.569834561043352616e-01 7.907880773057922585e-01
8.080789458363251132e-01 8.216457479293559629e-01 7.554184277261200009e-01 7.896365048792924890e-01
8.034990005627898890e-01 8.184143168658837286e-01 7.518584711991305181e-01 7.858358596180414768e-01
8.027033321042519320e-01 8.187340967432590322e-01 7.516266151430986975e-01 7.855428980221123014e-01
8.038289118748664919e-01 8.198954702292081675e-01 7.523753169907017035e-01 7.870195300580467013e-01
8.055755011740960425e-01 8.216442442754191555e-01 7.525757758724792579e-01 7.873219108362815577e-01
8.069145529701721165e-01 8.229518760287266588e-01 7.526603067262407354e-01 7.873445317738501092e-01
8.071474315434027380e-01 8.228338211965140481e-01 7.529742784687839530e-01 7.868919778158899314e-01
8.066428613014031690e-01 8.214349258108213370e-01 7.546938775510204644e-01 7.880932307624990418e-01
8.066040482058647321e-01 8.208623484479253829e-01 7.552348750150947865e-01 7.889391251924238180e-01
8.078460672630946027e-01 8.216512447152137799e-01 7.566791450307933653e-01 7.904364392165839082e-01
8.093015583457859874e-01 8.230859885045354041e-01 7.566501630237894016e-01 7.903007530850176821e-01
8.099419744221700856e-01 8.232542485412872590e-01 7.564183069677575810e-01 7.899746267618869000e-01
8.090492732247860364e-01 8.230177929303708062e-01 7.557807028136698246e-01 7.894655184475580789e-01
8.074967494032485593e-01 8.225925074706520457e-01 7.545296461779977815e-01 7.886156121286802545e-01
8.067398940402490393e-01 8.222080759746998035e-01 7.545537978505011401e-01 7.895609347921246357e-01
8.073414970210949226e-01 8.226213863432179085e-01 7.557034174616592548e-01 7.895478698176063848e-01
8.093209648935550948e-01 8.247801150018341243e-01 7.561767902427243282e-01 7.900736275254680585e-01
8.103106988297852364e-01 8.241838192036504696e-01 7.557179084651612921e-01 7.890634566556529172e-01
8.095732500145549349e-01 8.232963240049308018e-01 7.556116411061465366e-01 7.890054009204683361e-01
8.086029226260940117e-01 8.226981543271763009e-01 7.549257336070522850e-01 7.881742164293921160e-01
8.088940208426322886e-01 8.227911172264050776e-01 7.554232580606207170e-01 7.889564878608024134e-01
8.089328339381707256e-01 8.235781176103420531e-01 7.548098055790364302e-01 7.894479774211429213e-01
8.068757398746337905e-01 8.228019526494455560e-01 7.538872116894095310e-01 7.891411343766947528e-01
8.076714083331715255e-01 8.223699318633964639e-01 7.532157951938172058e-01 7.880600162063031711e-01
8.092821517980166579e-01 8.241138701242967102e-01 7.522932013041903065e-01 7.876422679946368799e-01
8.092627452502474394e-01 8.241072498974590932e-01 7.523463349836976288e-01 7.874564416430895886e-01
8.093209648935550948e-01 8.236176215897756947e-01 7.531626615143098835e-01 7.875843908528401549e-01
8.094568107279396241e-01 8.238832196812569952e-01 7.535973916193695610e-01 7.881298603155646454e-01
8.094956238234780610e-01 8.243545755098162786e-01 7.539838183794227433e-01 7.882082419530701545e-01
8.112228065749382822e-01 8.252049862895500798e-01 7.548098055790363192e-01 7.894600170674236361e-01
8.115915309825534329e-01 8.259986259387771534e-01 7.557130781306605760e-01 7.906394114417667485e-01
8.119990684857071317e-01 8.266464019518937612e-01 7.555488467576381151e-01 7.896948981264161338e-01
8.115527178870149960e-01 8.254973221719962284e-01 7.545103248399951390e-01 7.885541647015800182e-01
8.102912922820159070e-01 8.239961508757864816e-01 7.540224610554281393e-01 7.876581146117291876e-01
8.102136660909389221e-01 8.240755777456504338e-01 7.538099263373988501e-01 7.881860184362206034e-01
8.091074928680936917e-01 8.232715701764240501e-01 7.535925612848689559e-01 7.872744604500007126e-01
8.084282636961710455e-01 8.220998040777059979e-01 7.522593889626856267e-01 7.858735319900242988e-01
8.086999553649401040e-01 8.224591425549665491e-01 7.533800265668397778e-01 7.871421393686529600e-01
8.099031613266315377e-01 8.235925716208730707e-01 7.551286076560802529e-01 7.892022158363024564e-01
8.082730113140172978e-01 8.221476006154356808e-01 7.537181499818862429e-01 7.887087860398254158e-01
8.080401327407866763e-01 8.221014367427514902e-01 7.531626615143098835e-01 7.878510267871887685e-01
8.098061285877855564e-01 8.229629289695628014e-01 7.536167129573723145e-01 7.877890020097575441e-01
8.108540821673232424e-01 8.240829766131555489e-01 7.543267721289699246e-01 7.886572335034989223e-01
8.117855964602457286e-01 8.251613826196722012e-01 7.543267721289699246e-01 7.892028771456301994e-01
8.104465446641695436e-01 8.247042301598745961e-01 7.544427001569858904e-01 7.894304666941165394e-01
8.095538434667857164e-01 8.242672855046624392e-01 7.535587489433642761e-01 7.887948441826531099e-01
8.103301053775544549e-01 8.249966945162623411e-01 7.527279314092500950e-01 7.874893087161407568e-01
8.120184750334764612e-01 8.259422917992972346e-01 7.533413838908344928e-01 7.880016504256212029e-01
8.110093345494769901e-01 8.241564304087405368e-01 7.522110856176790206e-01 7.867709191494285381e-01
8.104465446641696547e-01 8.235533425429748533e-01 7.543122811254678872e-01 7.885100474296149464e-01
8.101748529954007072e-01 8.234140207846128989e-01 7.552735176911001824e-01 7.892533081867669775e-01
8.110093345494771011e-01 8.245837381896645724e-01 7.567177877067986502e-01 7.906924153204480943e-01
8.103301053775544549e-01 8.244362302420460420e-01 7.558386668276779741e-01 7.902014499235211487e-01
8.122125405111684238e-01 8.266710494090674377e-01 7.558434971621784682e-01 7.909123665430265460e-01
8.115721244347842145e-01 8.256295562223745499e-01 7.548001449100349980e-01 7.900969846142054109e-01
8.113198393137843745e-01 8.253559289654687214e-01 7.544934186692427991e-01 7.897807668486267474e-01
8.115527178870151070e-01 8.248629205000201914e-01 7.549353942760536063e-01 7.898677554453099603e-01
8.114362786003996852e-01 8.247575398678356207e-01 7.551914020045887854e-01 7.900716856162592894e-01
8.109123018106308978e-01 8.246680680187368218e-01 7.546793865475185381e-01 7.900179510272588024e-01
8.105435774030157470e-01 8.237086031155775867e-01 7.542060137664533537e-01 7.891242829956313098e-01
8.113780589570920299e-01 8.236773550590015258e-01 7.546214225335103887e-01 7.900171907680799688e-01
8.105435774030157470e-01 8.230850851782884892e-01 7.548822605965461729e-01 7.895629566953648037e-01
8.100196006132468485e-01 8.235662022579219865e-01 7.561139958942156847e-01 7.903032538998198131e-01
8.119602553901685837e-01 8.252277608468476799e-01 7.573070885158796894e-01 7.910048620308099965e-01
8.127365173009373223e-01 8.255346416093333195e-01 7.578335949764520851e-01 7.917414888101974579e-01
8.120961012245531130e-01 8.243109426867742950e-01 7.559642555246950391e-01 7.897180870876063796e-01
8.106406101418618393e-01 8.232501613168736743e-01 7.537954353338969238e-01 7.873562605865531694e-01
8.122707601544760792e-01 8.248858663875788810e-01 7.540369520589301766e-01 7.876838579484390923e-01
8.125036387277065897e-01 8.253105053901739208e-01 7.561284868977177220e-01 7.892720414363094683e-01
8.125230452754760302e-01 8.267472164684326330e-01 7.563748339572515800e-01 7.898848602510113448e-01
8.115527178870149960e-01 8.262455219396176442e-01 7.559401038521917915e-01 7.896832616030312613e-01
8.103106988297852364e-01 8.244963900557007452e-01 7.558241758241759367e-01 7.905369228522316494e-01
8.112810262182460486e-01 8.253550937142501986e-01 7.563458519502475053e-01 7.909607617391007928e-01
8.114750916959383442e-01 8.255313572336466788e-01 7.569979471078372990e-01 7.911848363870854772e-01
8.118826291990917099e-01 8.256585938927452073e-01 7.572298031638691196e-01 7.913963171328375346e-01
8.130858351607832546e-01 8.268705500150287380e-01 7.567081270377973290e-01 7.905917448701483830e-01
8.128335500397831925e-01 8.265128820540545984e-01 7.564279676367589023e-01 7.906976950903974455e-01
8.128723631353218515e-01 8.266171260308793345e-01 7.561091655597150796e-01 7.907815311067760700e-01
8.126006714665529040e-01 8.274427569900468793e-01 7.564617799782634711e-01 7.911916251839017367e-01
8.121155077723223314e-01 8.266859499121956834e-01 7.568047337278106523e-01 7.913859208976612436e-01
8.119796619379378022e-01 8.263102828023358715e-01 7.557468904721651448e-01 7.905196351460985760e-01
8.117661899124765101e-01 8.267577091534843436e-01 7.559642555246950391e-01 7.903857912606868652e-01
8.104659512119388731e-01 8.255747509694540964e-01 7.544137181499819267e-01 7.884844186760207041e-01
8.099419744221699746e-01 8.242754917216829069e-01 7.529791088032846691e-01 7.867323687969103307e-01
8.108928952628615683e-01 8.242476843766874950e-01 7.538220021736504739e-01 7.876771916118241457e-01
8.112422131227075006e-01 8.236574051359726312e-01 7.525298876947229543e-01 7.874511747481796053e-01
8.107182363329387131e-01 8.230984323196577357e-01 7.527665740852553800e-01 7.880288754756938907e-01
8.121155077723223314e-01 8.246044456906082010e-01 7.546262528680109938e-01 7.895180424257051133e-01
8.119408488423993653e-01 8.250374617153882761e-01 7.549740369520590022e-01 7.895114293844458508e-01
8.115721244347842145e-01 8.248261141337039914e-01 7.560173892042023613e-01 7.903495679411360886e-01
8.113974655048613593e-01 8.247625001004765810e-01 7.566066900132834006e-01 7.904668763178308577e-01
8.123677928933221715e-01 8.260579951590077963e-01 7.577997826349474053e-01 7.919824680040643550e-01
8.124842321799374822e-01 8.272132806334632216e-01 7.571331964738559073e-01 7.913619780251639479e-01
8.116303440780919809e-01 8.257867938454686030e-01 7.548870909310470001e-01 7.894516443195427335e-01
8.113780589570920299e-01 8.246589944327330501e-01 7.546310832025118209e-01 7.894778723755997429e-01
8.121931339633992053e-01 8.249573290296837724e-01 7.550175099625648922e-01 7.907904385703883321e-01
8.126200780143220115e-01 8.265042757769068826e-01 7.536553556333775994e-01 7.888799455033764785e-01
8.134739661161676239e-01 8.269824066896258596e-01 7.536939983093828843e-01 7.882056613424806013e-01
8.133575268295523131e-01 8.276494639711060586e-01 7.544088878154812106e-01 7.891930822127590783e-01
8.112228065749383932e-01 8.262306997514937690e-01 7.555874894336431780e-01 7.904914775255664772e-01
8.111839934793999563e-01 8.251469378648856878e-01 7.563748339572515800e-01 7.907270729644948482e-01
