8.446505851074153082e-01 8.816584393650456208e-01 8.480787344523608162e-01 8.848678298998199354e-01
8.446699916551844156e-01 8.813115846123263930e-01 8.508706677937447616e-01 8.868700057543313919e-01
8.465136136932600586e-01 8.823893759700487394e-01 8.530781306605481618e-01 8.883116837651899855e-01
8.476197869161053999e-01 8.829564213137514050e-01 8.546286680352614962e-01 8.894916038001575709e-01
8.478720720371052399e-01 8.826119729166919115e-01 8.557589663084168574e-01 8.902598909521867165e-01
8.481243571581050800e-01 8.830592837619718471e-01 8.566960512015457940e-01 8.910322759280177030e-01
8.495216285974886983e-01 8.837438358014185757e-01 8.578263494747011553e-01 8.916770596644727487e-01
8.522191387374099536e-01 8.858058251593726729e-01 8.604057480980558115e-01 8.936786603486462921e-01
8.544120786353315289e-01 8.875415171039631179e-01 8.633860644849656873e-01 8.957904988049376627e-01
8.570513691319451288e-01 8.893485377944826409e-01 8.650138872116892585e-01 8.970611476270486939e-01
8.580411030681751594e-01 8.897009990697968274e-01 8.656563217002777311e-01 8.978271524410716964e-01
8.609132721380193809e-01 8.914071908483665041e-01 8.674580364690255285e-01 8.991280913481183301e-01
8.639018804944786911e-01 8.927501573866292173e-01 8.682019079821277074e-01 8.995477402831744129e-01
8.659201614624774113e-01 8.938032191677542926e-01 8.686704504286921757e-01 8.998140725488779079e-01
8.678414096916299281e-01 8.949294484371309588e-01 8.696848206738316822e-01 9.004802426424804995e-01
8.704224805449358726e-01 8.967207369610555867e-01 8.721965946141770898e-01 9.021105077780688930e-01
8.711987424557043891e-01 8.975844963055977788e-01 8.745489675160005305e-01 9.030542455463376195e-01
8.719167847231655832e-01 8.981576204451071632e-01 8.757130781306605716e-01 9.033465560655791204e-01
8.717033126977042912e-01 8.974619312145564187e-01 8.765052529887694677e-01 9.039195468496020736e-01
8.717615323410118355e-01 8.977208223773436302e-01 8.779350320009661202e-01 9.049662958703846849e-01
8.718973781753964758e-01 8.983325724700802484e-01 8.782248520710058681e-01 9.050572825119065357e-01
8.712569620990122665e-01 8.983508901018290027e-01 8.792633739886487332e-01 9.056537605170639216e-01
8.712957751945504814e-01 8.981074067734174937e-01 8.796836130902064843e-01 9.060409920560748009e-01
8.719555978187040202e-01 8.988991543044855259e-01 8.794759087066779113e-01 9.060651587753532077e-01
8.732752430670107646e-01 8.997558949731601086e-01 8.812244897959182754e-01 9.072829681300926818e-01
8.751576782006249555e-01 9.018720701466048650e-01 8.815771042144668890e-01 9.072107591567084572e-01
8.753905567738553550e-01 9.022034672374564801e-01 8.809829730708851336e-01 9.069394648814743665e-01
8.744784490287023093e-01 9.018581576781767861e-01 8.807414563458519918e-01 9.066906479420657750e-01
8.750218323662404263e-01 9.021320162384374175e-01 8.797657287767177703e-01 9.061953428129498889e-01
8.744008228376253244e-01 9.011254477378547456e-01 8.780412993599806537e-01 9.050962896842402738e-01
8.747113276019329309e-01 9.012193607794322103e-01 8.759980678661997144e-01 9.036224519889951567e-01
8.744202293853946539e-01 9.008284189632664862e-01 8.750706436420722101e-01 9.032007223422361397e-01
8.728288924683187400e-01 8.994291866979088335e-01 8.753363120396087105e-01 9.035614561140015155e-01
8.733528692580876385e-01 9.002817905967583911e-01 8.770462504528437897e-01 9.045826856908109059e-01
8.737410002134720077e-01 9.008232484729312706e-01 8.786740731795676940e-01 9.056877925533062257e-01
8.733140561625492015e-01 9.005080535599263580e-01 8.801231735297669889e-01 9.066351816943086783e-01
8.746337014108560570e-01 9.009714027805019176e-01 8.821567443545466070e-01 9.079156966219408265e-01
8.750994585573173001e-01 9.008566172829778340e-01 8.835865233667431484e-01 9.086140597036979072e-01
8.759533466591628015e-01 9.018059142115942839e-01 8.833401763072092905e-01 9.083836972034040613e-01
8.748859865318557860e-01 9.008132732822282662e-01 8.831324719236807175e-01 9.086152559355527014e-01
8.743426031943177801e-01 9.005692050675132565e-01 8.821712353580486443e-01 9.079579533538102432e-01
8.739544722389334108e-01 9.003773321261346885e-01 8.805579036348267774e-01 9.072037288230158092e-01
8.745172621242406352e-01 9.007667592945076684e-01 8.796111580726965196e-01 9.068084527948393481e-01
8.749830192707019894e-01 9.012453159604357777e-01 8.798430141287283401e-01 9.064403476791387249e-01
8.737021871179335708e-01 9.003742734882512755e-01 8.801424948677697424e-01 9.063851521623823571e-01
8.752935240350094848e-01 9.007207320694057273e-01 8.817944692669967832e-01 9.072976325487779325e-01
8.756428418948551951e-01 8.998946101468703329e-01 8.828281608501389321e-01 9.078041235506852935e-01
8.753323371305478107e-01 8.991421376078465588e-01 8.823016543895664254e-01 9.075221244395954567e-01
8.758175008247781612e-01 9.003053199415936847e-01 8.816012558869702476e-01 9.070564220953933887e-01
8.763414776145471707e-01 9.010113098911877172e-01 8.823402970655718214e-01 9.074624887012072705e-01
8.757398746337013984e-01 9.009192396012495330e-01 8.824658857625891084e-01 9.073722386161365838e-01
8.759533466591626905e-01 9.008730948084673340e-01 8.820891196715372473e-01 9.074115321601232687e-01
8.755652157037783212e-01 9.008191261542517481e-01 8.813210964859315988e-01 9.068353363453931504e-01
8.752547109394710478e-01 9.006017332833827771e-01 8.819731916435213925e-01 9.076629321493769886e-01
8.742067573599332508e-01 8.995466051938948437e-01 8.816592199009780639e-01 9.075683929486472179e-01
8.745366686720099647e-01 8.994719165199277500e-01 8.813887211689410695e-01 9.074808683904533879e-01
8.749830192707019894e-01 8.997143625482904028e-01 8.808767057118704891e-01 9.072809476807631723e-01
8.737992198567795521e-01 8.983212500533083178e-01 8.813162661514311047e-01 9.072753207878169190e-01
8.739738787867026293e-01 8.987039003752037569e-01 8.810747494263977408e-01 9.072197523325263857e-01
8.738186264045488816e-01 8.990786112763894389e-01 8.813355874894336361e-01 9.073269581184126853e-01
8.738962525956258665e-01 8.993391368180503331e-01 8.807366260113512757e-01 9.071414509452457864e-01
8.721690698441655343e-01 8.980450214752839777e-01 8.803115565752928084e-01 9.067725907363648474e-01
8.730617710415493615e-01 8.984330063579734071e-01 8.794034536891679465e-01 9.062100816934355318e-01
8.737798133090104447e-01 8.989923037294593744e-01 8.786257698345610878e-01 9.057873880315350235e-01
8.742067573599331398e-01 9.002585773027009797e-01 8.795821760656925559e-01 9.063145536332135599e-01
8.746919210541636014e-01 9.016297843377774068e-01 8.798333534597271299e-01 9.063953361064396308e-01
8.731588037803954538e-01 9.006763923170042485e-01 8.805192609588214925e-01 9.068464187218228112e-01
8.746531079586251645e-01 9.013161826867766013e-01 8.806448496558386685e-01 9.068660008997981858e-01
8.756040287993168691e-01 9.016955085125410996e-01 8.810844100953990621e-01 9.071684139120440582e-01
8.762056317801626415e-01 9.015663357404111178e-01 8.808911967153726374e-01 9.070026108007788190e-01
8.753323371305478107e-01 9.007984114825997590e-01 8.802584228957853751e-01 9.065391687788373343e-01
8.771565526208543462e-01 9.014834188670572956e-01 8.798526747977296614e-01 9.062304173401625196e-01
8.785538240602380755e-01 9.023461601408733213e-01 8.803985025963046995e-01 9.067959452038916179e-01
8.755652157037783212e-01 9.006313553814436768e-01 8.800748701847602717e-01 9.067172615885916720e-01
8.736633740223951339e-01 8.993813525740237402e-01 8.798236927907256977e-01 9.066092924759499017e-01
8.738574395000873185e-01 8.993188279150802211e-01 8.812196594614177814e-01 9.073188502183033854e-01
8.747307341497020383e-01 8.996659043060518668e-01 8.809395000603792436e-01 9.070335111476102163e-01
8.745560752197791832e-01 8.993508641413310301e-01 8.801424948677695204e-01 9.068963152201177103e-01
8.740903180733178290e-01 8.992159962551957708e-01 8.805723946383285927e-01 9.074333443553627143e-01
8.745172621242407462e-01 9.001340045333637851e-01 8.804612969448133430e-01 9.071791073981813058e-01
8.750800520095480817e-01 9.009252030869027150e-01 8.810071247433886032e-01 9.074285585101056206e-01
8.749636127229326599e-01 9.011753792563741428e-01 8.807317956768505596e-01 9.071980194259011698e-01
8.743231966465485616e-01 9.008031514230954162e-01 8.795676850621905185e-01 9.062235848376085645e-01
8.742261639077023583e-01 9.003791818536058811e-01 8.789107595701002307e-01 9.059826687373403464e-01
8.750606454617787522e-01 9.007348107658036396e-01 8.796594614177032367e-01 9.062712680459292791e-01
8.764579169011623705e-01 9.016033192088871440e-01 8.797560681077163380e-01 9.060154118538013002e-01
8.761862252323933120e-01 9.011745565370581357e-01 8.803357082477960560e-01 9.067285507578766168e-01
8.741679442643948139e-01 9.002880537157634810e-01 8.804902789518175288e-01 9.065143436351835726e-01
8.750218323662403153e-01 9.013795105095530058e-01 8.812003381234150279e-01 9.070188663239197036e-01
8.752547109394710478e-01 9.020564646280229137e-01 8.816543895664775699e-01 9.073461947890411050e-01
8.766131692833162292e-01 9.028338505309062567e-01 8.814225335104455272e-01 9.075622657255592030e-01
8.772341788119311090e-01 9.029804520606601326e-01 8.815771042144668890e-01 9.078288302599678561e-01
8.753905567738553550e-01 9.007801138987820977e-01 8.809395000603792436e-01 9.074367678458459263e-01
8.745948883153176201e-01 9.000521883546874768e-01 8.806641709938411999e-01 9.068271664693086098e-01
8.741291311688563770e-01 8.999016163453035233e-01 8.806545103248399897e-01 9.069367115616987496e-01
8.766325758310854477e-01 9.021582004155792589e-01 8.807945900253593141e-01 9.070865006764490257e-01
8.761668186846240935e-01 9.022717527101128399e-01 8.806255283178360260e-01 9.067450322408094898e-01
8.763026645190087338e-01 9.020921932250942632e-01 8.800990218572637414e-01 9.062116452260444710e-01
8.770401133342389244e-01 9.019708705012446925e-01 8.795870064001931610e-01 9.060631090709425628e-01
8.769042674998545062e-01 9.013209478715638046e-01 8.796836130902064843e-01 9.064136567851357462e-01
8.769236740476236136e-01 9.011354883467221910e-01 8.801086825262649516e-01 9.068443865753902378e-01
8.780298472704690660e-01 9.023081167707389660e-01 8.828571428571430069e-01 9.087336207882894534e-01
8.785150109646994165e-01 9.027268184063835799e-01 8.852143460934668306e-01 9.104067652537435329e-01
8.777775621494692260e-01 9.025706490918694591e-01 8.848230889989132653e-01 9.101054298892731209e-01
8.770401133342390354e-01 9.023414130475728712e-01 8.840309141408042581e-01 9.095322608606548620e-01
8.755652157037785432e-01 9.012032742779036987e-01 8.836203357082477172e-01 9.089642165031982524e-01
8.757010615381630725e-01 9.014085958841591140e-01 8.829972225576621092e-01 9.085745587973885762e-01
8.739932853344718477e-01 9.005697443008658931e-01 8.828378215191401424e-01 9.083833972184927052e-01
8.737604067612412262e-01 9.004285502071897040e-01 8.825866441251057903e-01 9.081878183204158406e-01
8.749442061751634414e-01 9.006364003989943967e-01 8.833111943002053268e-01 9.086295600148627249e-01
8.767296085699314290e-01 9.017505805066298175e-01 8.828136698466368948e-01 9.085668289702558686e-01
8.771565526208542352e-01 9.023597075882403562e-01 8.831179809201786801e-01 9.088935511698011949e-01
8.770401133342390354e-01 9.024744749156163870e-01 8.815577828764640245e-01 9.080312249127737712e-01
8.778163752450076629e-01 9.026577112729265995e-01 8.816060862214707416e-01 9.085957343197230696e-01
8.765355430922392443e-01 9.016207718813615823e-01 8.828668035261441061e-01 9.094190421339620745e-01
8.752741174872401553e-01 9.008948639695106841e-01 8.827943485086342523e-01 9.091097053775080150e-01
8.762056317801625305e-01 9.017943680271756079e-01 8.840840478203115804e-01 9.094292132690877661e-01
8.773506180985465308e-01 9.029909507485861520e-01 8.833256853037071421e-01 9.086663866886416363e-01
8.768848609520851767e-01 9.029353123457940500e-01 8.822340297065571768e-01 9.079049361090522074e-01
8.765743561877777923e-01 9.026129906036364225e-01 8.821229320130419271e-01 9.078676356254098412e-01
8.776029032195461488e-01 9.030671170126683966e-01 8.833546673107113278e-01 9.087801644985533667e-01
8.764385103533931520e-01 9.024112415199643245e-01 8.830938292476753215e-01 9.093657176294469568e-01
8.759533466591628015e-01 9.024742539668115793e-01 8.833401763072092905e-01 9.098168242477499001e-01
8.762444448757011894e-01 9.021311411493493360e-01 8.831856056031879287e-01 9.096231047518630319e-01
8.759727532069319089e-01 9.018145686876077871e-01 8.826735901461176814e-01 9.091105074807824815e-01
8.748665799840865676e-01 9.009486683733016754e-01 8.825914744596063954e-01 9.088637848324603308e-01
8.748277668885481306e-01 9.009015143695484618e-01 8.819925129815239240e-01 9.084428392934940089e-01
8.755458091560093248e-01 9.022702037697352129e-01 8.809395000603791326e-01 9.078947784594799675e-01
8.764967299967008074e-01 9.025651664117543271e-01 8.824175824175823912e-01 9.087167697252809262e-01
8.757010615381629615e-01 9.017461830300430581e-01 8.836927907257576820e-01 9.093226865517107793e-01
8.751770847483941740e-01 9.012558858168457920e-01 8.841468421688201129e-01 9.096098531273316690e-01
8.766131692833161182e-01 9.025782801399252486e-01 8.844753049148653679e-01 9.101456949315920308e-01
8.759339401113935830e-01 9.020296267967418125e-01 8.846685182948919035e-01 9.104014011834752340e-01
8.771177395253159093e-01 9.029556405149840037e-01 8.834657650042265775e-01 9.093647820441481677e-01
8.778745948883154293e-01 9.038641754748569790e-01 8.818572636155053157e-01 9.081891389993084207e-01
8.779134079838537552e-01 9.038818579617865501e-01 8.821953870305516698e-01 9.083569432374640762e-01
8.774476508373926231e-01 9.034599530588308669e-01 8.835188986837338998e-01 9.091995796677685426e-01
8.764773234489317000e-01 9.023229517318738235e-01 8.836589783842530021e-01 9.095565875310580584e-01
8.755264026082401063e-01 9.014627670400492399e-01 8.826784204806183975e-01 9.088758581362176292e-01
8.761668186846242046e-01 9.022624991900642932e-01 8.822195387030552505e-01 9.085710994071524160e-01
8.785344175124686350e-01 9.039249837589138359e-01 8.816737109044801013e-01 9.083510582150547963e-01
8.769042674998545062e-01 9.019507859145410311e-01 8.837845670812704002e-01 9.095501358979890538e-01
8.764191038056239336e-01 9.014546908278808779e-01 8.847119913053980156e-01 9.101101995863993821e-01
8.780492538182382845e-01 9.028027136559487742e-01 8.839487984542929722e-01 9.098625596983693775e-01
8.793883056143142474e-01 9.042573661478111591e-01 8.824996981040936772e-01 9.091189521287719177e-01
8.788449222767762414e-01 9.041063673887657082e-01 8.820214949885281097e-01 9.082521321255193625e-01
8.778745948883152073e-01 9.037917800378530986e-01 8.827701968361308937e-01 9.087961592806416133e-01
8.758175008247781612e-01 9.022568025251660462e-01 8.834995773457311463e-01 9.093452523485876515e-01
8.745754817675482906e-01 9.011462112264003732e-01 8.839053254437869711e-01 9.096386585234985667e-01
8.753517436783170291e-01 9.017954439718258719e-01 8.839004951092862550e-01 9.098018114046666494e-01
8.770595198820081428e-01 9.035809053626782106e-01 8.838521917642796488e-01 9.098811162375274320e-01
8.803780395505443890e-01 9.059211402246168943e-01 8.829054462021496130e-01 9.093629591747124374e-01
8.796405907353139764e-01 9.053646300297772953e-01 8.831759449341866075e-01 9.092326355083362177e-01
8.789225484678531153e-01 9.039632298514647113e-01 8.840260838063035420e-01 9.095899535715420425e-01
8.784761978691609796e-01 9.038061915133034363e-01 8.834174616592199714e-01 9.091331475228405790e-01
8.780492538182382845e-01 9.036528311146043713e-01 8.827267238256248927e-01 9.089315083066604739e-01
8.780880669137767214e-01 9.039377795845248142e-01 8.837797367467696841e-01 9.097556464058766945e-01
8.777969686972384444e-01 9.038436877629711930e-01 8.832967032967032894e-01 9.091485039725270001e-01
8.783985716780842168e-01 9.040960146659008378e-01 8.839777804612969359e-01 9.095602301801758438e-01
8.776999359583923521e-01 9.035012732743310515e-01 8.841613331723221503e-01 9.095116907055064148e-01
8.771177395253159093e-01 9.028284167715514563e-01 8.840188383045524123e-01 9.096413231567916924e-01
8.774476508373925121e-01 9.031217569170703063e-01 8.837024513947591142e-01 9.094263976465425392e-01
8.765161365444701369e-01 9.028312918413097243e-01 8.827508754981282513e-01 9.091131621186748779e-01
8.769818936909312690e-01 9.033232569351687946e-01 8.838328704262768953e-01 9.098156947139661721e-01
8.764967299967008074e-01 9.028874526379142562e-01 8.836734693877550395e-01 9.099648436696607945e-01
8.766325758310853367e-01 9.022511907218436766e-01 8.827653665016301776e-01 9.091049745379544689e-01
8.785732306080071830e-01 9.034366579614582227e-01 8.827267238256248927e-01 9.089284377495674416e-01
8.791748335888527333e-01 9.045607045565355886e-01 8.830986595821761487e-01 9.091536649471401166e-01
8.782821323914687950e-01 9.041411913207363371e-01 8.830841685786741113e-01 9.092767661592566775e-01
8.772147722641618905e-01 9.035007512481738612e-01 8.841613331723222613e-01 9.098513936637436794e-01
8.770983329775465798e-01 9.034995055172434508e-01 8.838715131022822913e-01 9.098754882430568625e-01
8.790778008500067520e-01 9.048077462887179623e-01 8.838232097572756851e-01 9.097619735950746023e-01
8.799316889518522533e-01 9.053325181665869970e-01 8.842965825383408696e-01 9.100925932804395657e-01
8.805721050282364626e-01 9.057690314626363204e-01 8.843110735418429069e-01 9.099544640158536701e-01
8.799122824040830348e-01 9.053985412073501937e-01 8.846926699673952621e-01 9.102401883154238593e-01
8.784179782258533242e-01 9.036382913051457244e-01 8.850018113754377636e-01 9.104171242814104170e-01
8.783985716780842168e-01 9.038575068304041116e-01 8.833015336312038945e-01 9.093180448450698394e-01
8.803004133594674041e-01 9.051624517869317765e-01 8.831228112546793962e-01 9.093928936142410269e-01
8.809796425313900503e-01 9.052085272985823661e-01 8.839487984542928611e-01 9.097054841744327547e-01
8.809990490791591577e-01 9.053443571585199079e-01 8.854631083202511022e-01 9.106613505195699787e-01
8.781268800093150473e-01 9.035509604649207827e-01 8.863398140321216978e-01 9.112391424488891500e-01
8.779910341749306291e-01 9.037004387804008498e-01 8.866586161091655205e-01 9.116081019601165458e-01
8.788643288245454599e-01 9.041998938218607229e-01 8.857746648955439062e-01 9.111042037813359418e-01
8.788061091812378045e-01 9.038558696693732575e-01 8.851322304069557667e-01 9.107293839570508309e-01
8.797182169263909612e-01 9.039652140038646477e-01 8.852288370969689790e-01 9.106152386805270726e-01
8.798152496652370536e-01 9.044944780377264237e-01 8.860548242965825549e-01 9.109087084498689313e-01
8.806497312193133364e-01 9.060226979277300474e-01 8.858374592440526607e-01 9.105273330751461058e-01
8.793494925187758104e-01 9.051894938000105695e-01 8.861852433281004471e-01 9.107553118373145074e-01
8.789031419200837858e-01 9.044671894842745141e-01 8.863156623596182282e-01 9.108765304131133389e-01
8.780492538182382845e-01 9.030238677527121505e-01 8.863494747011230190e-01 9.110705050609241296e-01
8.788061091812376935e-01 9.036223588142218155e-01 8.850404540514430485e-01 9.101502492338102712e-01
8.787867026334685860e-01 9.040332925427106980e-01 8.849728293684336888e-01 9.100262768247353584e-01
8.781268800093151583e-01 9.039554203145954148e-01 8.852095157589662255e-01 9.105494719488480548e-01
8.786702633468532753e-01 9.042141033090792535e-01 8.851177394034536183e-01 9.106145505946650065e-01
8.778163752450076629e-01 9.038130740784297013e-01 8.848327496679144755e-01 9.105213411563718440e-01
8.788255157290069119e-01 9.043158847984253956e-01 8.854558628185003055e-01 9.109823913028231024e-01
8.799510954996214718e-01 9.049336128387126532e-01 8.841661635068228664e-01 9.103825592574708025e-01
8.799510954996214718e-01 9.045714462969317582e-01 8.836976210602583981e-01 9.100200387699675098e-01
8.801645675250828749e-01 9.044933523679717924e-01 8.845042869218693316e-01 9.105658280651114378e-01
8.796988103786217428e-01 9.050680576103611319e-01 8.849438473614297251e-01 9.107617303143459297e-01
