8.127462205748219315e-01 8.574818347150633402e-01 8.105518657167009033e-01 8.509568326823682138e-01
8.119117390207455376e-01 8.564471793863226434e-01 8.101944209636516847e-01 8.505563437677103877e-01
8.126297812882067317e-01 8.570469464612862076e-01 8.096437628305759304e-01 8.503295029249945403e-01
8.127462205748220425e-01 8.567712537436067421e-01 8.095616471440647555e-01 8.501175464189240083e-01
8.131149449824370823e-01 8.568330124496587041e-01 8.092959787465281440e-01 8.497137192302504083e-01
8.146868753517436668e-01 8.587668557232793765e-01 8.109189711387514432e-01 8.504215990372426814e-01
8.188980962176637401e-01 8.614120456238768542e-01 8.134500664170994932e-01 8.520890962098909283e-01
8.231481301791224725e-01 8.646899812039718913e-01 8.145368916797488534e-01 8.524262285149154517e-01
8.258650468668129463e-01 8.673184585847960593e-01 8.175896630841685830e-01 8.544276035535505187e-01
8.265248694909663740e-01 8.677085949031495549e-01 8.187103006883226231e-01 8.554722747664431637e-01
8.279997671214267552e-01 8.688605706082005442e-01 8.196667069194542021e-01 8.563211147180087579e-01
8.286207766500417460e-01 8.697026513607615250e-01 8.211592802801592761e-01 8.578169930056698256e-01
8.308719361912708656e-01 8.718577520954573501e-01 8.239801956285471851e-01 8.599625518801499169e-01
8.327737778726542750e-01 8.726908831208071149e-01 8.247240671416495861e-01 8.606031190626629579e-01
8.349279046750373023e-01 8.739131945811542401e-01 8.245839874411303727e-01 8.604397279351241323e-01
8.345203671718838256e-01 8.736950823816649336e-01 8.240478203115566558e-01 8.604974594032898105e-01
8.353354421781908901e-01 8.742109726381233070e-01 8.227387996618764632e-01 8.594932740452386755e-01
8.346756195540374623e-01 8.740444308468647838e-01 8.232025117739403264e-01 8.596259237866255010e-01
8.351607832482679239e-01 8.745291072110472630e-01 8.248979591836734793e-01 8.603854715637049289e-01
8.347532457451143362e-01 8.738530997145510515e-01 8.262794348508635256e-01 8.611695336741138629e-01
8.332783481146539550e-01 8.727817893011283745e-01 8.264146842168820228e-01 8.609128474455307600e-01
8.325603058471928719e-01 8.716323711955383802e-01 8.260620697983334093e-01 8.605078024748797905e-01
8.338993576432688348e-01 8.724199704986184134e-01 8.253278589542325516e-01 8.598291548434032761e-01
8.347144326495758992e-01 8.726799440211047143e-01 8.255307330032604085e-01 8.600558772190367574e-01
8.343068951464224225e-01 8.717323255461930653e-01 8.258543654148050583e-01 8.602695733904334174e-01
8.355683207514212896e-01 8.725746648797199079e-01 8.258447047458035151e-01 8.601599242477522278e-01
8.360728909934210806e-01 8.729602469995445535e-01 8.267672986354304143e-01 8.608455763847622233e-01
8.358011993246521332e-01 8.733704946682369075e-01 8.271247433884796330e-01 8.610439855723618363e-01
8.364416154010363424e-01 8.736412118507603797e-01 8.259654631083203080e-01 8.598160598972697244e-01
8.373537231461894992e-01 8.745257896607731007e-01 8.249124501871755166e-01 8.592969553947134020e-01
8.354712880125754193e-01 8.731339112747763531e-01 8.240381596425552235e-01 8.588093235909621814e-01
8.334530070445768102e-01 8.720363237657777766e-01 8.241299359980678307e-01 8.589395708235838534e-01
8.334044906751536530e-01 8.723953228212724120e-01 8.225745682888541133e-01 8.579901278183477142e-01
8.316481981020396042e-01 8.706757022964703996e-01 8.195894215674435213e-01 8.560204123295978018e-01
8.307166838091173400e-01 8.697192977270145064e-01 8.200000000000000622e-01 8.553378980205033066e-01
8.308137165479632102e-01 8.702008126856261017e-01 8.199420359859920238e-01 8.556581640627991536e-01
8.313376933377321087e-01 8.708901268023407916e-01 8.202849897355393161e-01 8.558009646982742691e-01
8.323468338217313578e-01 8.716838142938925227e-01 8.192851104939016249e-01 8.549778365917100054e-01
8.327349647771157271e-01 8.716605439876974337e-01 8.173095036831301563e-01 8.533832651167061467e-01
8.331230957325000963e-01 8.720309001223940371e-01 8.168892645815721831e-01 8.531003708311278855e-01
8.325408992994236534e-01 8.722338877296675896e-01 8.179567685062190119e-01 8.536586552303517816e-01
8.318034504841933519e-01 8.714971943741419702e-01 8.181113392102403736e-01 8.534328226826621844e-01
8.334724135923461397e-01 8.730940856288575969e-01 8.181548122207463747e-01 8.532076588390843375e-01
8.335112266878845766e-01 8.730101207869057633e-01 8.177635551261924762e-01 8.531798947494790841e-01
8.348114653884219916e-01 8.743323515413313762e-01 8.178360101437024410e-01 8.535539947623631551e-01
8.352092996176909701e-01 8.747929480060381291e-01 8.179326168337157643e-01 8.539726995127239206e-01
8.366939005220361825e-01 8.755379103452860523e-01 8.174157710421445788e-01 8.539010841554661724e-01
8.380523588658813638e-01 8.761212581800637000e-01 8.181403212172442263e-01 8.548478857460375391e-01
8.382852374391118744e-01 8.773148837489326279e-01 8.185412389807993350e-01 8.553928208085243012e-01
8.366550874264977455e-01 8.763909414355477434e-01 8.185702209878034097e-01 8.555426980808972237e-01
8.349279046750373023e-01 8.745281578956456414e-01 8.180678661997343726e-01 8.546099176524361019e-01
8.346950261018067918e-01 8.733142693667279577e-01 8.177394034536891176e-01 8.535676606094443342e-01
8.317452308408856965e-01 8.706379124915359924e-01 8.169762106025841852e-01 8.531457652863400076e-01
8.306002445225019182e-01 8.704002743079894966e-01 8.162806424344886125e-01 8.525397371002696456e-01
8.306584641658095736e-01 8.707187289083255788e-01 8.154063518898683194e-01 8.524570665092233712e-01
8.327155582293466196e-01 8.723193828159612195e-01 8.158942156744355412e-01 8.532172130655858444e-01
8.363057695666518132e-01 8.753387151622111784e-01 8.179712595097210492e-01 8.551597339774759110e-01
8.375866017194200097e-01 8.769036068678950357e-01 8.186378456708126583e-01 8.555591947220116955e-01
8.364610219488055609e-01 8.758471413533258643e-01 8.173674676971380837e-01 8.544413586862755761e-01
8.356653534902676039e-01 8.756408877232139121e-01 8.179712595097211603e-01 8.546785010289508211e-01
8.360146713501133142e-01 8.761123507843378011e-01 8.179809201787223705e-01 8.544323363974128949e-01
8.355295076558830747e-01 8.757762265846477101e-01 8.176959304431832276e-01 8.541677183688317632e-01
8.359370451590366624e-01 8.761682698330737207e-01 8.185219176427968035e-01 8.543122295147071998e-01
8.349861243183449577e-01 8.745103925716681825e-01 8.188455500543412313e-01 8.540464386270398833e-01
8.361117040889595176e-01 8.755309174917261794e-01 8.183335345972708730e-01 8.536379498040149727e-01
8.352384094393447977e-01 8.751314007869190892e-01 8.167733365535563284e-01 8.521478666466374419e-01
8.358982320634982255e-01 8.760186498335609251e-01 8.175461900736626930e-01 8.527188024679261957e-01
8.366550874264977455e-01 8.766568619427680398e-01 8.181258302137423000e-01 8.533900210874820758e-01
8.357623862291136962e-01 8.754780267207158406e-01 8.185170873082960874e-01 8.539572947103111211e-01
8.353936618214985455e-01 8.752551338064900044e-01 8.203815964255525284e-01 8.551771162255816794e-01
8.326379320382697458e-01 8.735790123331308443e-01 8.188020770438353413e-01 8.544470315853456288e-01
8.316870111975781521e-01 8.737388003745040210e-01 8.160246347059533223e-01 8.525761237660706149e-01
8.329096237070386932e-01 8.749420781230969890e-01 8.162854727689892176e-01 8.531336579711814583e-01
8.325603058471927609e-01 8.749021361132411911e-01 8.169085859195749366e-01 8.540343371862206823e-01
8.355101011081138562e-01 8.766389725729984983e-01 8.166815601980437211e-01 8.537012089401088133e-01
8.367521201653437268e-01 8.770574146675006455e-01 8.183576862697742316e-01 8.545318056361719261e-01
8.347144326495758992e-01 8.756873248680698829e-01 8.188310590508393050e-01 8.548225516290655079e-01
8.338411379999612905e-01 8.753379597254835609e-01 8.167540152155536859e-01 8.533350186029007300e-01
8.348308719361912100e-01 8.764569395652133110e-01 8.173626373626372565e-01 8.537300155356457587e-01
8.362863630188825947e-01 8.770658252182267356e-01 8.172950126796280079e-01 8.529844606236695048e-01
8.351607832482679239e-01 8.758782470427549649e-01 8.182465885762588709e-01 8.532492986006194879e-01
8.337052921655767612e-01 8.748766418742889295e-01 8.191933341383890177e-01 8.539294165650861412e-01
8.346562130062682439e-01 8.756293681934728124e-01 8.201255886970172382e-01 8.551628468788017301e-01
8.355683207514215116e-01 8.760705366350862722e-01 8.194879845429297038e-01 8.547445543332904405e-01
8.379553261270351605e-01 8.778423366404588535e-01 8.182272672382563394e-01 8.540536163403620318e-01
8.391973451842651421e-01 8.781867324985401790e-01 8.184591232942881600e-01 8.534801722613736263e-01
8.377030410060354315e-01 8.775298220253867632e-01 8.185122569737954823e-01 8.531383445315597891e-01
8.371208445729588776e-01 8.778036363477439430e-01 8.189180050718511961e-01 8.532869965222870112e-01
8.357041665858060409e-01 8.767800674071422051e-01 8.192271464798936975e-01 8.530523437160637545e-01
8.371596576684972035e-01 8.776714564506776783e-01 8.189276657408526283e-01 8.535068220073607215e-01
8.381687981524966746e-01 8.778012512355867214e-01 8.169134162540755417e-01 8.521042901391382429e-01
8.386345552989579177e-01 8.783600554076624878e-01 8.170679869580969035e-01 8.525210924238144639e-01
8.401094529294182989e-01 8.796699436344238565e-01 8.175461900736625820e-01 8.526793471437184024e-01
8.395660695918802929e-01 8.793260589502518432e-01 8.181403212172443373e-01 8.530485245219106005e-01
8.366356808787285271e-01 8.775687635906898043e-01 8.176766091051804741e-01 8.528221614498714409e-01
8.367327136175746194e-01 8.773954544868054484e-01 8.177538944571911550e-01 8.530719607306915808e-01
8.383434570824195298e-01 8.782684824719647620e-01 8.179277864992149372e-01 8.531657259166153251e-01
8.376836344582662131e-01 8.785027520242836285e-01 8.168506219055668982e-01 8.525830911818927937e-01
8.393914106619573268e-01 8.791277607900140900e-01 8.172008211568650982e-01 8.528586118656971138e-01
8.389256535154960837e-01 8.790945629538489126e-01 8.190049510928633092e-01 8.541433633493068500e-01
8.376254148149584466e-01 8.781346881530753823e-01 8.192416374833957349e-01 8.542361991857262415e-01
8.384987094645732775e-01 8.792066252470456256e-01 8.200000000000000622e-01 8.548629016818379833e-01
8.391779386364959237e-01 8.797293033601554235e-01 8.208066658616109956e-01 8.552194457541090200e-01
8.405363969803411051e-01 8.806785955419847989e-01 8.197198405989614134e-01 8.541385330210604643e-01
8.413514719866482805e-01 8.803166033109913746e-01 8.197391619369641669e-01 8.540773565366402975e-01
8.417590094898018682e-01 8.797119821328820422e-01 8.181693032242483010e-01 8.532443405445339080e-01
8.409245279357253633e-01 8.791473287523644542e-01 8.180533751962323352e-01 8.528836486921131943e-01
8.425352714005704957e-01 8.805382177910389130e-01 8.182465885762588709e-01 8.531773144879628568e-01
8.430204350948009573e-01 8.815356074565303679e-01 8.182634947470112108e-01 8.530111774968711646e-01
8.416813832987249944e-01 8.810380320158985867e-01 8.185750513223040148e-01 8.536064454057460393e-01
8.402064856682643912e-01 8.801652962186850004e-01 8.187103006883226231e-01 8.541329467249875185e-01
8.387121814900346806e-01 8.786817299760839584e-01 8.175703417461659406e-01 8.537520374692312286e-01
8.381687981524965636e-01 8.777298599029005333e-01 8.169279072575775791e-01 8.528675341255465003e-01
8.385181160123426070e-01 8.783816509866292366e-01 8.183673469387754418e-01 8.536767842348644830e-01
8.406722428147256343e-01 8.795238908201643557e-01 8.197343316024635618e-01 8.543816121043787959e-01
8.394884434008034191e-01 8.790651740141048887e-01 8.199951696654993460e-01 8.548532172668297235e-01
8.383822701779580777e-01 8.787621701506089789e-01 8.184494626252868388e-01 8.539729026406979173e-01
8.378971064837275051e-01 8.788100971953035634e-01 8.176959304431831166e-01 8.534707073307492564e-01
8.387121814900346806e-01 8.792144914177605353e-01 8.172394638328704941e-01 8.533023957670134996e-01
8.389256535154960837e-01 8.790413429932120160e-01 8.179471078372176907e-01 8.533741089011664949e-01
8.388674338721884283e-01 8.790519862093404413e-01 8.175703417461659406e-01 8.531050760486805773e-01
8.370820314774203297e-01 8.780205490290776682e-01 8.202270257215312776e-01 8.544548552188371282e-01
8.371984707640358625e-01 8.782739650597001235e-01 8.206955681680956349e-01 8.551804981117201443e-01
8.389062469677269762e-01 8.793163758344404446e-01 8.201159280280159170e-01 8.554148425597334349e-01
8.381882047002658931e-01 8.788692269964537562e-01 8.182562492452603031e-01 8.545821167299685328e-01
8.380329523181121454e-01 8.777809833716471166e-01 8.171356116411061521e-01 8.533683217054404135e-01
8.380911719614198008e-01 8.782985399161431506e-01 8.181354908827436212e-01 8.540489159261399621e-01
8.386345552989579177e-01 8.786546646677311223e-01 8.179857505132230866e-01 8.537544870677593600e-01
8.402841118593411540e-01 8.795534890724256982e-01 8.192464678178963400e-01 8.542662255245523362e-01
8.402064856682645022e-01 8.795674012257423957e-01 8.194976452119308030e-01 8.545216479955040079e-01
8.412544392478021882e-01 8.797892857169695713e-01 8.188407197198406262e-01 8.537103264974131855e-01
8.420889208018784711e-01 8.801002626287376396e-01 8.205120154570704205e-01 8.552809704423881554e-01
8.414290981777250433e-01 8.797534703654019683e-01 8.201110976935153118e-01 8.554201657400806180e-01
8.397213219740340406e-01 8.791241899551965888e-01 8.205603188020770267e-01 8.552741479041934269e-01
8.400706398338798619e-01 8.800431408713843551e-01 8.193479048424102684e-01 8.543156032049392667e-01
8.411574065089562069e-01 8.803262894358543367e-01 8.182369279072576607e-01 8.535384015731306562e-01
8.418366356808787421e-01 8.805797925185177011e-01 8.186233546673107320e-01 8.539726168746615276e-01
8.411768130567254254e-01 8.800825518430586136e-01 8.189952904238618769e-01 8.545706009170441764e-01
8.405946166236487604e-01 8.802099971900551045e-01 8.201207583625166331e-01 8.556643230042013659e-01
8.403229249548797020e-01 8.796532309885216616e-01 8.203284627460452061e-01 8.557841563090838877e-01
8.397213219740339296e-01 8.792310093352928568e-01 8.206424344885883126e-01 8.559020464287268037e-01
8.407304624580332897e-01 8.807358005512301302e-01 8.206907378335948078e-01 8.560410835322341816e-01
8.398959809039567848e-01 8.805117596377449729e-01 8.210723342591474960e-01 8.560939801864370091e-01
8.398959809039570068e-01 8.795104042578238968e-01 8.213283419876826752e-01 8.564779098030576021e-01
8.420501077063400341e-01 8.806643403543215065e-01 8.205530733003261190e-01 8.559455968502588386e-01
8.432921267635701268e-01 8.817201667497162054e-01 8.207680231856057107e-01 8.561002772990323750e-01
8.410021541268023482e-01 8.805398382741975727e-01 8.209419152276296039e-01 8.562359389777937091e-01
8.404975838848027792e-01 8.796694116450065604e-01 8.206907378335950298e-01 8.561117521545202891e-01
8.407498690058023971e-01 8.796365082661026236e-01 8.198261079579761690e-01 8.555651650294487931e-01
8.403229249548798130e-01 8.793876318659584745e-01 8.188165680473372676e-01 8.543655385657700219e-01
8.409633410312639112e-01 8.791117994986266115e-01 8.173916193696414423e-01 8.529833334898864194e-01
8.416619767509558869e-01 8.799543601337622700e-01 8.172467093346214018e-01 8.528082966234130646e-01
8.419336684197247234e-01 8.805902321953493761e-01 8.188841927303465162e-01 8.542870105122810642e-01
8.424770517572628403e-01 8.821517627538912887e-01 8.211737712836613134e-01 8.561774769652623629e-01
8.421083273496476895e-01 8.819809061822100338e-01 8.226035502958580770e-01 8.569789073714038086e-01
8.423606124706475295e-01 8.812534433147587443e-01 8.222992392223160696e-01 8.565914127392492139e-01
8.427681499738011173e-01 8.822131534778514528e-01 8.218355271102523174e-01 8.567190521447913820e-01
8.429234023559548650e-01 8.824021333466486317e-01 8.212413959666706731e-01 8.563492326141355360e-01
8.416425702031866685e-01 8.811489761791793107e-01 8.203912570945537386e-01 8.557080815084442404e-01
8.412932523433407361e-01 8.806842884456719256e-01 8.210240309141407788e-01 8.558755361900071135e-01
8.415843505598789021e-01 8.803423739326802222e-01 8.217244294167371788e-01 8.560240496047971659e-01
8.423412059228783111e-01 8.810232280411740557e-01 8.232025117739404374e-01 8.572951411752249840e-01
8.414485047254944838e-01 8.808782157433794335e-01 8.227532906653786116e-01 8.577762305778882101e-01
8.417007898464943239e-01 8.809102144562549475e-01 8.231638690979350415e-01 8.588297348598823433e-01
8.422635797318014372e-01 8.806045926413118563e-01 8.232411544499456113e-01 8.586726928652833601e-01
8.434667856934929819e-01 8.810420965245195912e-01 8.223185605603188231e-01 8.572815752900411201e-01
8.456403190436452277e-01 8.823286666634764241e-01 8.208404782031155644e-01 8.554266796249572202e-01
8.457179452347223236e-01 8.834281518720481508e-01 8.207438715131023521e-01 8.551832620556296671e-01
8.436220380756467296e-01 8.821559753185895802e-01 8.203284627460452061e-01 8.551666084991033090e-01
8.423217993751092036e-01 8.815567722661119543e-01 8.212945296461779954e-01 8.562717852239616345e-01
8.420695142541092526e-01 8.814729608325199139e-01 8.215988407197198917e-01 8.564261619912904022e-01
8.433697529546468896e-01 8.819468685366389504e-01 8.232459847844462164e-01 8.579020737184440693e-01
8.441654214131846246e-01 8.818831066093151261e-01 8.229561647144065795e-01 8.575812026924234388e-01
8.428845892604164280e-01 8.812922898486513779e-01 8.236130902064968673e-01 8.582720150240262802e-01
8.420112946108015972e-01 8.810522523879784629e-01 8.240043473010505437e-01 8.582805290527325548e-01
8.420112946108015972e-01 8.813483298376993957e-01 8.238932496075352940e-01 8.580555971026624373e-01
8.419918880630324898e-01 8.811361731191534874e-01 8.225214346093467910e-01 8.575120958848682085e-01
8.424770517572628403e-01 8.808880034472621468e-01 8.207776838546070319e-01 8.565745854776086743e-01
8.428651827126472096e-01 8.811548434677618502e-01 8.200241516725033097e-01 8.560898932325630151e-01
8.430592481903393942e-01 8.810131394891547174e-01 8.206086221470837438e-01 8.559233690723501153e-01
8.421665469929553449e-01 8.812966613465380572e-01 8.226615143098658933e-01 8.572072614323612560e-01
8.421859535407246744e-01 8.815284210841212165e-01 8.234971621784807905e-01 8.579455743525544742e-01
8.434473791457237635e-01 8.820298143814327974e-01 8.225310952783480012e-01 8.572964193333483252e-01
8.430398416425701758e-01 8.816351126058832310e-01 8.219031517932617881e-01 8.570193891372788197e-01
8.435055987890314189e-01 8.822443653029300448e-01 8.214152880086946773e-01 8.565780127855996406e-01
8.428845892604164280e-01 8.824833038577249988e-01 8.219321338002656407e-01 8.567800394894871108e-01
8.415261309165711356e-01 8.813336652006884542e-01 8.238835889385339728e-01 8.581191357993512847e-01
8.415649440121097946e-01 8.810585746989039180e-01 8.244318319043593135e-01 8.585754026739980116e-01
8.420695142541092526e-01 8.811021306463263647e-01 8.238594372660307252e-01 8.580798733015650992e-01
8.422247666362631113e-01 8.809676074792227585e-01 8.244197560681078008e-01 8.583406556072803451e-01
8.425934910438782621e-01 8.821194293058534086e-01 8.247675401521555871e-01 8.588078846559799029e-01
8.414679112732637023e-01 8.816460015376241799e-01 8.240912933220625458e-01 8.585254212981441313e-01
8.425740844961090437e-01 8.825507702847779079e-01 8.232942881294529336e-01 8.580715347251467451e-01
8.417396029420326498e-01 8.809760674928608370e-01 8.229465040454051472e-01 8.580024420546386033e-01
8.425158648528012773e-01 8.808506089928831440e-01 8.215505373747131745e-01 8.566512945717410510e-01
8.439519493877234435e-01 8.818812634952856166e-01 8.222316145393069320e-01 8.574398834097054500e-01
8.437384773622620404e-01 8.818713008861098768e-01 8.239125709455379365e-01 8.590863137845772268e-01
8.429816219992625204e-01 8.823269773787931758e-01 8.227291389928751419e-01 8.582738964303608942e-01
8.408469017446487115e-01 8.808967536375047480e-01 8.241009539910637560e-01 8.586564332910200381e-01
8.416425702031864464e-01 8.815724784153659010e-01 8.249414321941794803e-01 8.588702464643219736e-01
