7.887791340798385731e-01 8.177263837533019775e-01 8.381813790604999426e-01 8.604579133150440651e-01
7.884880358633004072e-01 8.179569297435032027e-01 8.375582659099142235e-01 8.603736168471737278e-01
7.882939703856082225e-01 8.186286916907614675e-01 8.370414201183433711e-01 8.597163229501889603e-01
7.900405596848376621e-01 8.202248430378069610e-01 8.385919574930563725e-01 8.607880464597235104e-01
7.886238816976848254e-01 8.203692324848826933e-01 8.381668880569979052e-01 8.604431804126421168e-01
7.883521900289156559e-01 8.200063862769085832e-01 8.385581451515518037e-01 8.607900454665339263e-01
7.881969376467619082e-01 8.191146775693014526e-01 8.401328341987683856e-01 8.618362899844715930e-01
7.873236429971472994e-01 8.183350977604850751e-01 8.397512377732158084e-01 8.616567889221601328e-01
7.893031108696074716e-01 8.193022333445315608e-01 8.401811375437748808e-01 8.622806146336923216e-01
7.898076811116070406e-01 8.195838113123717905e-01 8.404371452723100600e-01 8.625564902060754990e-01
7.911079198121446776e-01 8.213622886603666462e-01 8.408235720323631313e-01 8.629639827390187534e-01
7.923305323216052187e-01 8.221514743799716030e-01 8.405385822968240994e-01 8.628351388912335329e-01
7.923887519649128741e-01 8.222195660362933145e-01 8.399927544982488392e-01 8.625204846144898241e-01
7.917289293407594464e-01 8.217801769449566418e-01 8.402535925612848455e-01 8.626633089669288879e-01
7.917095227929904500e-01 8.210082964565192931e-01 8.404033329308053801e-01 8.626374265287705123e-01
7.912825787420675328e-01 8.210170963061032001e-01 8.394420963651734180e-01 8.618266511683426723e-01
7.916513031496827946e-01 8.216740920931713266e-01 8.383021374230166245e-01 8.610637625294491615e-01
7.922723126782976744e-01 8.221192730839472773e-01 8.388624562250934780e-01 8.616078690901978199e-01
7.922917192260668928e-01 8.224815403416663173e-01 8.392730346576501299e-01 8.621146967991143439e-01
7.916318966019134651e-01 8.218575952161555342e-01 8.405337519623233833e-01 8.630426299780804555e-01
7.919229948184517420e-01 8.212700009894584596e-01 8.415046491969569997e-01 8.636665804943703950e-01
7.931262007801432867e-01 8.222142531418683564e-01 8.414418548484482452e-01 8.637933371308498254e-01
7.950668555570650220e-01 8.224648017233806563e-01 8.427871030068831981e-01 8.651326893182250677e-01
7.971239496206019570e-01 8.231196812112387962e-01 8.432290786136941163e-01 8.653064478471413912e-01
7.990063847542161479e-01 8.242488476650738916e-01 8.439922714647989377e-01 8.655367493682105673e-01
7.989287585631391631e-01 8.245630625101121325e-01 8.435961840357445451e-01 8.649429773651996500e-01
7.989287585631391631e-01 8.243741319396282741e-01 8.427025721531216096e-01 8.642530606202588617e-01
7.963476877098333295e-01 8.233550947304018042e-01 8.418427726120033538e-01 8.641022000062905661e-01
7.959401502066797418e-01 8.233363604330281582e-01 8.408042506943605998e-01 8.633238869475340360e-01
7.958819305633720864e-01 8.226851436461483091e-01 8.394131143581693433e-01 8.625401476435550219e-01
7.939606823342195696e-01 8.217964352369357961e-01 8.391571066296340531e-01 8.623472303883065182e-01
7.922723126782976744e-01 8.201767576748668631e-01 8.380944330394880515e-01 8.614557109913764110e-01
7.910497001688369112e-01 8.186709334408944772e-01 8.366453326892886455e-01 8.602618059912973125e-01
7.890314192008383021e-01 8.176356554428796386e-01 8.350223402970655684e-01 8.589805086981152638e-01
7.881387180034543638e-01 8.172234171335672759e-01 8.344620214949886039e-01 8.583612829761453344e-01
7.885850686021462774e-01 8.182951010280088422e-01 8.344716821639899251e-01 8.583143308844151109e-01
7.899435269459916809e-01 8.196280724335729406e-01 8.342301654389566723e-01 8.575968090061328875e-01
7.913990180286828435e-01 8.199273277953211814e-01 8.336312039608743119e-01 8.571519115860275484e-01
7.933590793533737973e-01 8.214166343643907187e-01 8.339065330274122445e-01 8.572040610282812834e-01
7.941353412641425358e-01 8.214557431048616909e-01 8.329018234512740593e-01 8.564288229296039834e-01
7.937666168565273850e-01 8.206573700463097865e-01 8.313561164110614410e-01 8.557364819014878776e-01
7.928739156591433357e-01 8.198532171125969548e-01 8.303417461659220455e-01 8.545699940990177934e-01
7.935531448310659819e-01 8.206097652937518472e-01 8.300422654268808653e-01 8.546271941558305496e-01
7.924663781559898590e-01 8.201427187185641454e-01 8.296606690013282881e-01 8.550927790640563408e-01
7.909332608822214894e-01 8.197883295465517861e-01 8.299408284023668259e-01 8.555019263221224080e-01
7.907391954045295268e-01 8.197838468118114896e-01 8.305784325564545822e-01 8.557944064487537084e-01
7.897106483727609483e-01 8.185668153588938623e-01 8.312353580485449811e-01 8.558343977400549862e-01
7.904869102835296868e-01 8.186629285035336157e-01 8.297186330153363265e-01 8.544336098294632587e-01
7.896330221816840744e-01 8.189626034267122323e-01 8.304335225214346528e-01 8.551456912532966470e-01
7.894777697995303267e-01 8.191358642334360951e-01 8.313319647385581934e-01 8.559621167378371753e-01
7.886626947932231513e-01 8.181166319407722209e-01 8.319792295616472710e-01 8.565568235541514142e-01
7.889537930097614282e-01 8.183141198373624636e-01 8.313367950730587985e-01 8.563957875087095939e-01
7.898076811116070406e-01 8.192065468703838560e-01 8.314140804250695904e-01 8.561935346188384033e-01
7.897494614682993852e-01 8.189615370697768126e-01 8.310276536650162971e-01 8.564028944100081642e-01
7.878670263346853053e-01 8.177224837625163278e-01 8.301678541238981524e-01 8.558165214568453916e-01
7.872460168060702035e-01 8.172671187660262015e-01 8.289844221712354688e-01 8.548166582799231472e-01
7.865861941819169978e-01 8.162004841702087399e-01 8.293611882622871079e-01 8.553595817893745457e-01
7.870713578761473483e-01 8.165655678861700739e-01 8.298587127158555399e-01 8.556602198583929120e-01
7.865279745386091204e-01 8.154972833610072414e-01 8.292259388962686106e-01 8.553604076393499511e-01
7.871295775194551148e-01 8.167550275640858004e-01 8.297234633498369316e-01 8.555394487542735682e-01
7.870713578761474594e-01 8.169001405595535115e-01 8.286028257456827806e-01 8.548328277090848637e-01
7.867802596596091824e-01 8.161903425317950100e-01 8.273324477720080949e-01 8.540043245887084522e-01
7.874206757359933917e-01 8.160935474565264025e-01 8.267721289699310194e-01 8.532298068614407871e-01
7.873430495449164068e-01 8.158105202012628787e-01 8.268349233184398850e-01 8.529931553286012047e-01
7.856546798889945116e-01 8.150533414691540912e-01 8.274338847965221344e-01 8.532449471853762457e-01
7.860816239399173178e-01 8.153502532828809102e-01 8.282212293201303144e-01 8.535478854576377117e-01
7.867996662073784009e-01 8.160540818718468037e-01 8.283226663446445759e-01 8.537037551706651017e-01
7.870713578761473483e-01 8.168110723903375670e-01 8.303997101799300840e-01 8.550664547470011589e-01
7.888955733664537728e-01 8.172269544243891959e-01 8.307233425914744007e-01 8.552132182806525540e-01
7.889926061052998651e-01 8.168241241911834427e-01 8.299939620818741481e-01 8.549055793678932424e-01
7.899629334937607883e-01 8.167459280882839456e-01 8.289940828402366790e-01 8.545034842230361249e-01
7.888373537231461174e-01 8.169861017863454533e-01 8.289264581572275414e-01 8.545949121929907744e-01
7.869743251373012560e-01 8.160590786642112349e-01 8.282405506581331789e-01 8.538082282135861512e-01
7.861786566787634101e-01 8.163588438766788968e-01 8.277478565390653520e-01 8.534939002559958077e-01
7.853829882202254531e-01 8.160451655771554513e-01 8.284096123656562449e-01 8.542121308226869880e-01
7.853247685769179087e-01 8.162547975233449549e-01 8.292114478927665733e-01 8.544772685707020532e-01
7.855576471501484193e-01 8.161229703919212763e-01 8.300615867648835078e-01 8.546848079270115139e-01
7.858487453666866962e-01 8.154762969841363729e-01 8.282695326651370316e-01 8.536857201755774227e-01
7.860622173921479883e-01 8.159047832398301781e-01 8.288491728052168606e-01 8.545290048967708607e-01
7.886626947932231513e-01 8.175851419334457804e-01 8.292017872237652520e-01 8.551200408599388680e-01
7.879834656213006161e-01 8.174213257126000665e-01 8.279990339330998150e-01 8.541615884086009025e-01
7.883521900289157669e-01 8.171305288403868383e-01 8.285835044076802491e-01 8.542898256442197358e-01
7.869549185895321486e-01 8.166635358132242617e-01 8.280497524453568348e-01 8.535174277261672326e-01
7.871295775194550037e-01 8.177830550541644872e-01 8.293394517570342739e-01 8.544395247395880633e-01
7.874012691882240622e-01 8.175122167306396737e-01 8.283613090206497498e-01 8.534972241170497576e-01
7.886626947932232623e-01 8.192075980574554661e-01 8.291728052167612883e-01 8.542690707719078347e-01
7.890314192008383021e-01 8.197347856354668671e-01 8.312836613935514762e-01 8.559813553668960129e-01
7.900211531370684437e-01 8.203204202394436262e-01 8.306267359014612994e-01 8.556604091703476911e-01
7.880416852646081605e-01 8.182197586239940978e-01 8.298490520468542186e-01 8.551392265750580313e-01
7.870907644239166778e-01 8.167506382286382483e-01 8.289651008332326043e-01 8.546848282539942776e-01
7.875759281181470284e-01 8.170425809641763681e-01 8.280569979471079645e-01 8.541496004183153357e-01
7.894001436084534529e-01 8.181121056128398683e-01 8.295254196353097909e-01 8.546331512221765347e-01
7.889343864619922098e-01 8.173840416974669232e-01 8.297959183673468964e-01 8.547521980984380541e-01
7.887791340798385731e-01 8.178024567974416792e-01 8.303031034899166496e-01 8.553988856036952582e-01
7.879252459779928497e-01 8.170070487511849056e-01 8.292066175582659682e-01 8.550715828309969346e-01
7.879640590735313976e-01 8.168709605988400124e-01 8.281874169786257456e-01 8.540580186285529063e-01
7.884686293155310777e-01 8.175151019606298197e-01 8.278589542325804906e-01 8.538559879080140913e-01
7.887985406276076805e-01 8.182862010777753881e-01 8.279120879120878129e-01 8.535554288036000248e-01
7.887597275320694656e-01 8.179617127967775403e-01 8.276947228595581407e-01 8.532998504191240396e-01
7.881969376467620192e-01 8.173622863555312090e-01 8.276077768385461386e-01 8.536694768672991041e-01
7.862562828698402839e-01 8.165783815794481759e-01 8.282840236686390689e-01 8.540055304433373795e-01
7.861980632265326285e-01 8.156582626428678928e-01 8.289940828402366790e-01 8.544320655543365950e-01
7.884880358633001851e-01 8.162694980512177345e-01 8.291969568892645359e-01 8.547843496153697540e-01
7.903122513536067206e-01 8.177507738028728657e-01 8.292355995652699319e-01 8.549751491247949975e-01
7.912243590987598774e-01 8.186337211067320485e-01 8.297379543533389690e-01 8.554252335615850633e-01
7.894777697995303267e-01 8.176197946210880252e-01 8.300036227508754694e-01 8.553113240302455678e-01
7.892060781307613793e-01 8.175006512224550770e-01 8.297186330153364375e-01 8.548095195384741718e-01
7.907974150478370712e-01 8.185008541432345908e-01 8.288056997947107485e-01 8.545016174642432460e-01
7.905257233790681237e-01 8.187699887649984021e-01 8.300905687718874715e-01 8.559634551782949741e-01
7.915154573152982653e-01 8.198564027436979762e-01 8.309841806545104070e-01 8.569447801179493895e-01
7.926895534553358713e-01 8.206154457561134485e-01 8.311967153725394741e-01 8.566161153696816299e-01
7.917289293407595574e-01 8.196407826950680153e-01 8.321241395966670895e-01 8.571400202835469662e-01
7.907974150478371822e-01 8.185757638770009281e-01 8.312256973795434378e-01 8.565951404334465336e-01
7.920200275572977233e-01 8.195432878399876442e-01 8.313850984180655157e-01 8.570456265452077727e-01
7.914184245764520620e-01 8.191738099779271032e-01 8.303658978384252931e-01 8.563821156037305649e-01
7.901569989714529729e-01 8.185235301315824108e-01 8.299215070643642944e-01 8.561319954988166891e-01
7.886626947932231513e-01 8.186938373351515530e-01 8.300084530853761855e-01 8.558971797833551109e-01
7.899435269459915698e-01 8.201629596913844189e-01 8.308489312884916878e-01 8.564885586366136616e-01
7.903704709969143760e-01 8.191824065784544251e-01 8.295012679628063212e-01 8.557153019349292844e-01
7.904869102835296868e-01 8.189907384453989359e-01 8.284192730346576772e-01 8.547847481323072039e-01
7.898270876593762591e-01 8.187636539194805829e-01 8.283081753411424275e-01 8.550242472386715420e-01
7.888373537231461174e-01 8.182902313361175572e-01 8.284530853761622460e-01 8.552164689253435315e-01
7.892448912262997052e-01 8.184986481544319625e-01 8.303127641589180818e-01 8.561574737921264777e-01
7.896912418249917298e-01 8.193475573804578360e-01 8.310469750030189395e-01 8.568725156551654232e-01
7.902540317102990652e-01 8.190345642706131635e-01 8.311918850380388690e-01 8.570132338858901244e-01
7.902928448058375022e-01 8.193488526196326394e-01 8.309600289820069374e-01 8.568588285735586618e-01
7.899047138504531329e-01 8.185379172948522575e-01 8.301871754619005728e-01 8.561513294633728011e-01
7.913407983853752992e-01 8.200942006987722577e-01 8.292694119067746117e-01 8.558218409616091815e-01
7.910302936210678038e-01 8.199212978904473204e-01 8.289361188262287516e-01 8.557697345910341147e-01
7.901181858759145360e-01 8.193160854823449135e-01 8.303417461659220455e-01 8.563603565270929696e-01
7.893613305129150159e-01 8.184761053460241076e-01 8.309093104697500287e-01 8.562337003517079825e-01
7.909720739777601484e-01 8.193360082937996003e-01 8.309600289820069374e-01 8.563825432674577742e-01
7.909914805255293668e-01 8.191621017274391958e-01 8.314382320975728380e-01 8.570343139703779922e-01
7.910108870732983632e-01 8.195737146079336011e-01 8.315444994565874826e-01 8.574216501318824291e-01
7.907974150478371822e-01 8.201284525788847812e-01 8.315300084530854452e-01 8.574773777125282992e-01
7.913213918376059697e-01 8.207108401285776456e-01 8.297621060258423276e-01 8.563441875582766816e-01
7.920976537483745972e-01 8.205569786935695831e-01 8.279942035985992099e-01 8.549923138760773256e-01
7.922917192260668928e-01 8.199204398256626503e-01 8.283613090206496388e-01 8.549792478413638097e-01
7.921752799394515820e-01 8.195579914115196374e-01 8.292790725757758219e-01 8.551457286530890212e-01
7.918841817229133051e-01 8.197357247278035386e-01 8.301726844583987575e-01 8.553664705712921146e-01
7.912825787420675328e-01 8.200451340222925101e-01 8.300664170993841129e-01 8.558574309570421423e-01
7.899047138504531329e-01 8.195775277455794594e-01 8.301340417823934725e-01 8.567984248599012087e-01
7.900017465892992252e-01 8.199264717878773645e-01 8.299263373988648995e-01 8.570874980280411837e-01
7.912243590987597663e-01 8.207103110623761300e-01 8.312208670450428327e-01 8.578645113183418491e-01
7.913213918376060807e-01 8.194952655099323469e-01 8.320371935756551984e-01 8.577237158543609130e-01
7.904869102835296868e-01 8.181714316049122360e-01 8.320516845791570137e-01 8.572198236858494802e-01
7.900599662326067696e-01 8.177048820529830842e-01 8.324042989977056273e-01 8.572627017920615433e-01
7.899241203982223514e-01 8.179801649035092215e-01 8.329211447892765907e-01 8.582135008205848958e-01
7.900405596848376621e-01 8.178235284100365821e-01 8.322062552831782645e-01 8.582778068900013269e-01
7.898270876593762591e-01 8.175719594527457446e-01 8.292042023910155546e-01 8.565439832023042932e-01
7.900405596848376621e-01 8.183274948252233782e-01 8.293370365897838603e-01 8.560246063084580026e-01
7.906615692134526530e-01 8.196023163073884454e-01 8.308102886124864028e-01 8.570970478176389573e-01
7.910885132643753481e-01 8.206233389644386200e-01 8.322014249486777704e-01 8.582576082317026067e-01
7.920200275572978343e-01 8.215592083152838399e-01 8.330274121482912353e-01 8.586783096398967752e-01
7.926798501814511511e-01 8.222000938525619862e-01 8.326651370607414115e-01 8.588782742144670523e-01
7.914378311242213915e-01 8.207201367900528455e-01 8.304045405144306891e-01 8.569269808007826672e-01
7.905451299268373422e-01 8.193707663779929984e-01 8.295833836493178293e-01 8.560217548654073250e-01
7.914766442197597174e-01 8.195944778035393341e-01 8.300664170993841129e-01 8.561743318273637993e-01
7.921364668439132561e-01 8.202701016595002059e-01 8.300036227508754694e-01 8.563613273074305310e-01
7.926604436336819326e-01 8.203604979925975815e-01 8.302306484724067959e-01 8.562909144409623918e-01
7.933008597100661419e-01 8.207436658478305391e-01 8.306605482429658682e-01 8.565411988315347891e-01
7.922917192260667818e-01 8.203435015645916817e-01 8.296027049873203607e-01 8.555152175439512119e-01
7.914184245764520620e-01 8.189188433502380127e-01 8.306702089119671895e-01 8.561508093924701246e-01
7.911855460032214404e-01 8.183827341198071093e-01 8.308634222919937251e-01 8.564763421195079607e-01
7.913213918376060807e-01 8.199054200644106949e-01 8.304769955319405428e-01 8.565153606779767337e-01
7.907003823089909789e-01 8.196373529703770977e-01 8.306798695809685107e-01 8.567975291133562710e-01
7.908362281433756191e-01 8.204126917409989561e-01 8.297138026808356104e-01 8.563066483569825582e-01
7.917871489840672128e-01 8.214281844573392277e-01 8.308054582779857977e-01 8.569774927832235489e-01
7.917289293407595574e-01 8.213020148820678878e-01 8.299987924163747532e-01 8.561474600472125385e-01
7.906227561179142160e-01 8.207024450936986071e-01 8.307861369399831553e-01 8.566340503442744225e-01
7.916707096974519020e-01 8.203730298242395413e-01 8.312691703900495499e-01 8.569442399455063919e-01
7.928545091113742282e-01 8.214445267202263867e-01 8.320082115686511237e-01 8.575339179821624969e-01
7.942711870985270650e-01 8.220809094842511655e-01 8.325685303707281992e-01 8.576440485764329491e-01
7.948727900793728374e-01 8.225708615492924869e-01 8.310035019925129385e-01 8.563560217667716135e-01
7.933590793533737973e-01 8.207572441029387100e-01 8.308344402849897614e-01 8.562287165827122681e-01
7.910885132643754591e-01 8.187890151605098366e-01 8.304142011834318993e-01 8.560511725526620541e-01
7.885268489588387331e-01 8.178148729101148984e-01 8.309986716580123334e-01 8.567412231420846735e-01
7.881969376467621302e-01 8.179990311411047266e-01 8.310807873445236194e-01 8.567587905661275816e-01
7.900599662326068806e-01 8.184637439408056769e-01 8.295109286318076425e-01 8.559222849247942744e-01
7.921752799394514710e-01 8.203711872311800768e-01 8.294239826107958624e-01 8.560205237360902775e-01
7.923305323216053297e-01 8.204445995403641945e-01 8.305252988769472600e-01 8.565369004731107072e-01
7.936113644743736373e-01 8.217405754088921155e-01 8.312981523970535136e-01 8.570484487533358564e-01
7.933590793533737973e-01 8.216706353340073044e-01 8.314334017630721219e-01 8.573230807399523368e-01
7.928933222069125542e-01 8.213488864382455512e-01 8.327327617437507712e-01 8.584753266874487476e-01
7.933978924489122342e-01 8.217776420021626338e-01 8.330998671658012000e-01 8.584624722612981262e-01
7.915736769586058097e-01 8.204471576210344841e-01 8.322545586281850927e-01 8.577899408503367740e-01
7.901181858759145360e-01 8.198623800808522155e-01 8.305832628909551874e-01 8.568895000181110388e-01
7.898464942071454775e-01 8.185657150217999778e-01 8.292694119067745007e-01 8.560249210728212432e-01
7.906421626656833235e-01 8.191261267080404140e-01 8.293901702692911826e-01 8.559123405703246146e-01
7.910885132643753481e-01 8.193328677894149425e-01 8.307136819224731905e-01 8.569272888070503802e-01
7.928545091113741172e-01 8.209548588098936062e-01 8.309793503200096909e-01 8.568204943893320547e-01
7.923499388693744372e-01 8.210803995004268829e-01 8.313029827315541187e-01 8.572076670828263634e-01
7.921752799394515820e-01 8.208510340573893505e-01 8.320903272551625207e-01 8.577389188352360083e-01
7.914572376719904989e-01 8.204263191961218560e-01 8.314768747735779009e-01 8.577290772003163255e-01
7.917483358885288869e-01 8.206929047757069995e-01 8.295882139838184344e-01 8.566004710969414848e-01
7.924081585126822036e-01 8.208438417121692865e-01 8.291824658857627206e-01 8.560322070396975125e-01
7.926410370859127141e-01 8.210225517806462037e-01 8.297717666948436488e-01 8.562690316331468265e-01
7.922917192260667818e-01 8.211889173722755064e-01 8.306219055669604723e-01 8.569264966642700099e-01
7.912049525509906589e-01 8.203647779457341471e-01 8.309213863060017635e-01 8.574371124016225698e-01
7.920394341050671638e-01 8.210482357935471320e-01 8.307088515879725854e-01 8.568997162794187439e-01
