7.901667022453375822e-01 8.163182991576427572e-01 7.848978245259951025e-01 8.115724887626910578e-01
7.921461701177977544e-01 8.176017568395206325e-01 7.863339090609171578e-01 8.127667063600061415e-01
7.927283665508741972e-01 8.174284423151891854e-01 7.878476197869159758e-01 8.141822709395953872e-01
7.938927594170273050e-01 8.185945285635242152e-01 7.884104096722233113e-01 8.150229369999214546e-01
7.936016612004890280e-01 8.185590508152745803e-01 7.884492227677617482e-01 8.148688732558981851e-01
7.918162588057210405e-01 8.174476348658027414e-01 7.895748025383764190e-01 8.152242571662878801e-01
7.905354266529527330e-01 8.164655886177396571e-01 7.896330221816840744e-01 8.146544141473052170e-01
7.899726367676453975e-01 8.158973372175508665e-01 7.903704709969142650e-01 8.149978730126430371e-01
7.885753653282618902e-01 8.148660303167801766e-01 7.911273263599137850e-01 8.149946946299445605e-01
7.868287760290322286e-01 8.138320970393655429e-01 7.938442430476041478e-01 8.171165803658370086e-01
7.851986260164178777e-01 8.129541705082932168e-01 7.950086359137573666e-01 8.182695439288358852e-01
7.845193968444952315e-01 8.123384103143151957e-01 7.966581924741407139e-01 8.189837367523047362e-01
7.825205224242659519e-01 8.108483760685689656e-01 7.979196180791399140e-01 8.192033823305764351e-01
7.819965456344970534e-01 8.105012329195964149e-01 7.970269168817558647e-01 8.190931258547116123e-01
7.815113819402665918e-01 8.096682083439162847e-01 7.967940383085252432e-01 8.184718486862201381e-01
7.830056861184964134e-01 8.102408043990987352e-01 7.965417531875254031e-01 8.192813273885743985e-01
7.843641444623414838e-01 8.120693064618201840e-01 7.972403889072172678e-01 8.198242749171338328e-01
7.861301403093402529e-01 8.135219994185696191e-01 7.970657299772943016e-01 8.197150776229920055e-01
7.873527528188011271e-01 8.134640162322490653e-01 7.993168895185235323e-01 8.210317343776685206e-01
7.869064022201089914e-01 8.123441203949242073e-01 8.001125579770613783e-01 8.211131502295361262e-01
7.864600516214170778e-01 8.117730155336158049e-01 7.998408663082923198e-01 8.209319521906446315e-01
7.860525141182634901e-01 8.115055350405768753e-01 7.988123192765239633e-01 8.202750604076282093e-01
7.863242057870325485e-01 8.114037693582079047e-01 7.983659686778319386e-01 8.198262471843127397e-01
7.848687147043412748e-01 8.115224931671489728e-01 7.990646043975238033e-01 8.203132481001556009e-01
7.837043218381880560e-01 8.108522889593211547e-01 7.995885811872927018e-01 8.202558311035955674e-01
7.813755361058821736e-01 8.094835097860867412e-01 7.994333288051388431e-01 8.211495765745704389e-01
7.799006384754215704e-01 8.087972784788071134e-01 7.993945157096002951e-01 8.222314616034724910e-01
7.786586194181915888e-01 8.077352644685826810e-01 7.989287585631392741e-01 8.228224421303421687e-01
7.785615866793456075e-01 8.078150105039624274e-01 7.988317258242930707e-01 8.236062958639651654e-01
7.798618253798831335e-01 8.085800073119894238e-01 7.981136835568320986e-01 8.227870816593574332e-01
7.817248539657281059e-01 8.095590400289410793e-01 7.965999728308331695e-01 8.206674931379287496e-01
7.811038444371130041e-01 8.084175632782821808e-01 7.969298841429097724e-01 8.206598860870972789e-01
7.805604610995749981e-01 8.077970836637705654e-01 7.958237109200644310e-01 8.199045557378543680e-01
7.793960682334218903e-01 8.070723685627654298e-01 7.953773603213725174e-01 8.201254921175624713e-01
7.785809932271148259e-01 8.067114311664347337e-01 7.947757573405267451e-01 8.199841380166152938e-01
7.778047313163461984e-01 8.056990854857155604e-01 7.934367055444506711e-01 8.188318163622085866e-01
7.769314366667312566e-01 8.053447069413398607e-01 7.930679811368355203e-01 8.195167562142469109e-01
7.768538104756543827e-01 8.050026925712774339e-01 7.937472103087581665e-01 8.196531696741538031e-01
7.766985580935007460e-01 8.047134326834602946e-01 7.957460847289874462e-01 8.201972094573803940e-01
7.775136330998078105e-01 8.054361763977653244e-01 7.964835335442177477e-01 8.209613821190510086e-01
7.774748200042694846e-01 8.056750534839614009e-01 7.970463234295250832e-01 8.213849482260076051e-01
7.752042539152710354e-01 8.040517646111520200e-01 7.952221079392187697e-01 8.202187303067498547e-01
7.743503658134255341e-01 8.044492578981284892e-01 7.931650138756816126e-01 8.189888349769707254e-01
7.727202158008111832e-01 8.033826457678600041e-01 7.917289293407594464e-01 8.180241368624442400e-01
7.725455568708881060e-01 8.034139857335358403e-01 7.903122513536066096e-01 8.167695845772986463e-01
7.703720235207359712e-01 8.023228825393217134e-01 7.900599662326067696e-01 8.160130990727918476e-01
7.702943973296589864e-01 8.014264173666433289e-01 7.906421626656834345e-01 8.159569903812944336e-01
7.719245473422732262e-01 8.026881600643385184e-01 7.914184245764519510e-01 8.164054523983745870e-01
7.728754681829650419e-01 8.028660645999337042e-01 7.914184245764521730e-01 8.171442623588254239e-01
7.719051407945041188e-01 8.021435777976542170e-01 7.915930835063751392e-01 8.187228063377296472e-01
7.733606318771952814e-01 8.032967737008323006e-01 7.929321353024509911e-01 8.199005099868261759e-01
7.735352908071184697e-01 8.041090649255522305e-01 7.922140930349900190e-01 8.185021693958830502e-01
7.730113140173494601e-01 8.036533053345825683e-01 7.917289293407596684e-01 8.178910953547459117e-01
7.746220574821944815e-01 8.049561603721735459e-01 7.917289293407596684e-01 8.180095847987848279e-01
7.751654408197325985e-01 8.055978989147444258e-01 7.914378311242213915e-01 8.179536142443781799e-01
7.745444312911176077e-01 8.050859149793195835e-01 7.913019852898368622e-01 8.184886756861473600e-01
7.765044926158085614e-01 8.066755763628692399e-01 7.928351025636048988e-01 8.201061063251692262e-01
7.760969551126549737e-01 8.059893505269177805e-01 7.940771216208348804e-01 8.207864885534086330e-01
7.751654408197325985e-01 8.051851117460012697e-01 7.925828174426051698e-01 8.197264075074702783e-01
7.759805158260396629e-01 8.060643559389597534e-01 7.907197888567603083e-01 8.180393567560428902e-01
7.751654408197325985e-01 8.057627473724334743e-01 7.909914805255293668e-01 8.185784113716287891e-01
7.750295949853479582e-01 8.052820430975036192e-01 7.913407983853752992e-01 8.192123296478893701e-01
7.734964777115798107e-01 8.034733166671353954e-01 7.908362281433755081e-01 8.193817269562549965e-01
7.736711366415028879e-01 8.029298083911762252e-01 7.894001436084534529e-01 8.186847937468880732e-01
7.751460342719633800e-01 8.039121340480747113e-01 7.896136156339148560e-01 8.186763444098262843e-01
7.739622348580410538e-01 8.027723985210796220e-01 7.929127287546818836e-01 8.215302861832287640e-01
7.727784354441187276e-01 8.016672563523938866e-01 7.932038269712200496e-01 8.225231071496473811e-01
7.722932717498884880e-01 8.014305709884813611e-01 7.927962894680665729e-01 8.222562888028828176e-01
7.746608705777329185e-01 8.038513807646048281e-01 7.922529061305284559e-01 8.216931761902345199e-01
7.755147586795785308e-01 8.042019066660650584e-01 7.925440043470666218e-01 8.215302515373688053e-01
7.767179646412699645e-01 8.054037868575494308e-01 7.937083972132197296e-01 8.222816567213195871e-01
7.771449086921926597e-01 8.057992117364205509e-01 7.945428787672961235e-01 8.227424383718745515e-01
7.760581420171166478e-01 8.055333274832545687e-01 7.929515418502202095e-01 8.214788543600769488e-01
7.757476372528091524e-01 8.052953462984642208e-01 7.923499388693744372e-01 8.212917599066107410e-01
7.745832443866560446e-01 8.037254210011146593e-01 7.927574763725280249e-01 8.216619442075835389e-01
7.754953521318093124e-01 8.040911530212930813e-01 7.931262007801431757e-01 8.215885550145418659e-01
7.766015253546545427e-01 8.045854240914973587e-01 7.948921966271420558e-01 8.231807071873149528e-01
7.766209319024238722e-01 8.050658225245850286e-01 7.937472103087581665e-01 8.226111254232033598e-01
7.752042539152710354e-01 8.044368691015297834e-01 7.930679811368355203e-01 8.217270868577090104e-01
7.756894176095014970e-01 8.048629154169506528e-01 7.920588406528362713e-01 8.205220956603243021e-01
7.772807545265772999e-01 8.065081895518794175e-01 7.920006210095286159e-01 8.193713443336994029e-01
7.766985580935006350e-01 8.064513630045780923e-01 7.927768829202972434e-01 8.205929424736231326e-01
7.733606318771952814e-01 8.039768681165271325e-01 7.926992567292203695e-01 8.214585796214370905e-01
7.743115527178869861e-01 8.044975640052112187e-01 7.929321353024511021e-01 8.221933399083823923e-01
7.740592675968871461e-01 8.038678063466571100e-01 7.915348638630673728e-01 8.219487035228507654e-01
7.742339265268101123e-01 8.036560879004219782e-01 7.913019852898368622e-01 8.228524941467012521e-01
7.752624735585786908e-01 8.044607656542073215e-01 7.899047138504531329e-01 8.207784687022966486e-01
7.736323235459643399e-01 8.032971266912929398e-01 7.906227561179142160e-01 8.207748502466435392e-01
7.741174872401948015e-01 8.037955624076069672e-01 7.923305323216052187e-01 8.209496803147260380e-01
7.741951134312716754e-01 8.040899262747913667e-01 7.920588406528362713e-01 8.209247467422905453e-01
7.754371324885016570e-01 8.050124043753984493e-01 7.928933222069125542e-01 8.216207001615192240e-01
7.759805158260397739e-01 8.050844593913557556e-01 7.940965281686040989e-01 8.225183654049526005e-01
7.739234217625027279e-01 8.037823389317252376e-01 7.934755186399891080e-01 8.226954717411143481e-01
7.752430670108094724e-01 8.040183637811024742e-01 7.935919579266044188e-01 8.227905054630120230e-01
7.754565390362707644e-01 8.036832668471930452e-01 7.935531448310659819e-01 8.221527202767414666e-01
7.752236604630402539e-01 8.034369292471107427e-01 7.910108870732985853e-01 8.210474640043915473e-01
7.740204545013488202e-01 8.027867500439399562e-01 7.907197888567601973e-01 8.206288890402857472e-01
7.751848473675017059e-01 8.041697658971754814e-01 7.911273263599137850e-01 8.192742088306990134e-01
7.747967164121174477e-01 8.047189401432766065e-01 7.912049525509905479e-01 8.194411025501702195e-01
7.760581420171166478e-01 8.055965590998946935e-01 7.938442430476041478e-01 8.212801563143287131e-01
7.753012866541171277e-01 8.053575026186386987e-01 7.949116031749112743e-01 8.228698976475570248e-01
7.747967164121174477e-01 8.037739887635515501e-01 7.956684585379106833e-01 8.231663525574209883e-01
7.751266277241940506e-01 8.044038482459765493e-01 7.929709483979894280e-01 8.218558791924035489e-01
7.756894176095014970e-01 8.052602059149639446e-01 7.921170602961438156e-01 8.227530047918170109e-01
7.759999223738089924e-01 8.052725724912093153e-01 7.909526674299909299e-01 8.217322192316741658e-01
7.763880533291932506e-01 8.049209749138245273e-01 7.923305323216052187e-01 8.215491769913154663e-01
7.767761842845776199e-01 8.054195045989122059e-01 7.934949251877584375e-01 8.223229234357141149e-01
7.753789128451940016e-01 8.054729060238523530e-01 7.931844204234508311e-01 8.216387359768451137e-01
7.753789128451937795e-01 8.061121172207312835e-01 7.920782472006054897e-01 8.205997925912870139e-01
7.754953521318092013e-01 8.057967911287005069e-01 7.914184245764520620e-01 8.205004167372718094e-01
7.749325622465019769e-01 8.052224771134613990e-01 7.944458460284500312e-01 8.229630552315881920e-01
7.759417027305013370e-01 8.056091382133981904e-01 7.940771216208348804e-01 8.228049863932952457e-01
7.752236604630402539e-01 8.040265413321688870e-01 7.957266781812182277e-01 8.236174399237756738e-01
7.760775485648857552e-01 8.047532341941154854e-01 7.942711870985270650e-01 8.219138025575402073e-01
7.759999223738088814e-01 8.054469020102841270e-01 7.942323740029886281e-01 8.229139977800861150e-01
7.758640765394243521e-01 8.044614441753015210e-01 7.945622853150652309e-01 8.239762901341696200e-01
7.753595062974247831e-01 8.039618024817465347e-01 7.955520192512953725e-01 8.244257465929107909e-01
7.740980806924255830e-01 8.027570254533200611e-01 7.952609210347570956e-01 8.248094014478208891e-01
7.714976032913504200e-01 8.022717810952906259e-01 7.936695841176812927e-01 8.236133324959252766e-01
7.732635991383491891e-01 8.038370314576547271e-01 7.938636495953734773e-01 8.233520598790062817e-01
7.764656795202702355e-01 8.060010386130638249e-01 7.936889906654505111e-01 8.225709875734711352e-01
7.769314366667312566e-01 8.066366699500419069e-01 7.939412757864503511e-01 8.225718498003251611e-01
7.761551747559626291e-01 8.058618418020064844e-01 7.946787246016806527e-01 8.226790911181258714e-01
7.758058568961166968e-01 8.058582160385863169e-01 7.937083972132197296e-01 8.228712261333396283e-01
7.746220574821944815e-01 8.049304718479783904e-01 7.928351025636050098e-01 8.225201569519475786e-01
7.750490015331172877e-01 8.057822949905124599e-01 7.916513031496827946e-01 8.222392360139819667e-01
7.758640765394244632e-01 8.062942882788272092e-01 7.921558733916823636e-01 8.227505388853941781e-01
7.769702497622698045e-01 8.072361506200177450e-01 7.923111257738362223e-01 8.226659715375036486e-01
7.763104271381163768e-01 8.070473288461448291e-01 7.920782472006053787e-01 8.225954983346956961e-01
7.759805158260397739e-01 8.064744645528334477e-01 7.910302936210678038e-01 8.213672909330717031e-01
7.765238991635776689e-01 8.063931570716120767e-01 7.915348638630672617e-01 8.221343069964408556e-01
7.757282307050398229e-01 8.055053582158989700e-01 7.929127287546818836e-01 8.235486036981609637e-01
7.762328009470396140e-01 8.059809608291244043e-01 7.921558733916823636e-01 8.225617825841228248e-01
7.774942265520385920e-01 8.064451680633955011e-01 7.929515418502203206e-01 8.222282771325573059e-01
7.765044926158085614e-01 8.058315900970568491e-01 7.925634108948360623e-01 8.229896478818228278e-01
7.759222961827321186e-01 8.052572526942440856e-01 7.924469716082206405e-01 8.240230978605495027e-01
7.762522074948087214e-01 8.049285512912751628e-01 7.940771216208348804e-01 8.249409504676381566e-01
7.779793902462689426e-01 8.060556939117731190e-01 7.942517805507578466e-01 8.244499071912849697e-01
7.793184420423450165e-01 8.073786067183625903e-01 7.940189019775272250e-01 8.239573636609955898e-01
7.807351200294979643e-01 8.086020553990724835e-01 7.928351025636051208e-01 8.219044823334817895e-01
7.806380872906518720e-01 8.095458527162333606e-01 7.936695841176812927e-01 8.223424278831300560e-01
7.799976712142677737e-01 8.094291264346360482e-01 7.945040656717576866e-01 8.218775423931243829e-01
7.796677599021909488e-01 8.085091318407094940e-01 7.949892293659881481e-01 8.228271142922460868e-01
7.788332783481145549e-01 8.072892258746862115e-01 7.954549865124493913e-01 8.243950317082784363e-01
7.773583807176540628e-01 8.062054639983369242e-01 7.955520192512952615e-01 8.248141229660299611e-01
7.767761842845776199e-01 8.057822139789554416e-01 7.952415144869879882e-01 8.241596397152964881e-01
7.776494789341922287e-01 8.067909467321847661e-01 7.946787246016806527e-01 8.235584873032282260e-01
7.775524461953463584e-01 8.068323459659341168e-01 7.948145704360651820e-01 8.230370240253146452e-01
7.766209319024237612e-01 8.066821629096190271e-01 7.947369442449881971e-01 8.228372447576278725e-01
7.768926235711930417e-01 8.067782480801719558e-01 7.966970055696791508e-01 8.246335374556135189e-01
7.782510819150381121e-01 8.078317905303623592e-01 7.958431174678336495e-01 8.230563508244235216e-01
7.790079372780376321e-01 8.077253621098305914e-01 7.971045430728327386e-01 8.248725197555013544e-01
7.789885307302684136e-01 8.074487235601306434e-01 7.960371829455257231e-01 8.243431076845073591e-01
7.789691241824991952e-01 8.077077710711050296e-01 7.948727900793727263e-01 8.239339467043476084e-01
7.809679986027284748e-01 8.089728824482738112e-01 7.953579537736031879e-01 8.243109555947039091e-01
7.792214093034989242e-01 8.078964642108354965e-01 7.966581924741407139e-01 8.244154020800742444e-01
7.764656795202701245e-01 8.065953080298612354e-01 7.976479264103708555e-01 8.240467878954021996e-01
7.748743426031943216e-01 8.054392804694496810e-01 7.981719032001397540e-01 8.248397189623692949e-01
7.748937491509634290e-01 8.050520836607822917e-01 7.979584311746783509e-01 8.251237258277854814e-01
7.742727396223485492e-01 8.050886601458551173e-01 7.969686972384482093e-01 8.246253524386704115e-01
7.752430670108094724e-01 8.057300184619601291e-01 7.960954025888334895e-01 8.235496792447344339e-01
7.771255021444234412e-01 8.063892931999214753e-01 7.955714257990645910e-01 8.232968439215853085e-01
7.770866890488850043e-01 8.066758168619958536e-01 7.952997341302956436e-01 8.245569294962039608e-01
7.777465116730385430e-01 8.081034128811607209e-01 7.964059073531408739e-01 8.249276085301422423e-01
7.763686467814240322e-01 8.075680738897530464e-01 7.965417531875254031e-01 8.243439828770467992e-01
7.758640765394242411e-01 8.074760653000885302e-01 7.970657299772943016e-01 8.246872124333709531e-01
7.763686467814241432e-01 8.080880347288437182e-01 7.967164121174483693e-01 8.249825898411244918e-01
7.762133943992703955e-01 8.074893904749511631e-01 7.969298841429097724e-01 8.257455901685268884e-01
7.768926235711930417e-01 8.072568186971882387e-01 7.969492906906789909e-01 8.261466159503692008e-01
7.782510819150381121e-01 8.071707555977825077e-01 7.976867395059092924e-01 8.267121278132364415e-01
7.808515593161131640e-01 8.094263961518787243e-01 7.957266781812184497e-01 8.247991807393060260e-01
7.812979099148052997e-01 8.091616856738308439e-01 7.942129674552194096e-01 8.232899728376310566e-01
7.797841991888063706e-01 8.080802800787096896e-01 7.929321353024509911e-01 8.216350049795617672e-01
7.762910205903472693e-01 8.053306953333875251e-01 7.946399115061422158e-01 8.229033716464824177e-01
7.753012866541171277e-01 8.046259009747145363e-01 7.976285198626016371e-01 8.252252446228087734e-01
7.769702497622698045e-01 8.056291505662321883e-01 7.981330901046012061e-01 8.258083056426375190e-01
7.786586194181915888e-01 8.076673276428659731e-01 7.985212210599856864e-01 8.264776560736627475e-01
7.792796289468065796e-01 8.085480388443763156e-01 7.973180150982941417e-01 8.260248774181571108e-01
7.782316753672688936e-01 8.082352349972667938e-01 7.961536222321411449e-01 8.244084534883487914e-01
7.787556521570377921e-01 8.082991973024451493e-01 7.975703002192938706e-01 8.250919081465368787e-01
7.789885307302684136e-01 8.089068187158229284e-01 7.983077490345241722e-01 8.257164032749689797e-01
7.791631896601912688e-01 8.093440356666233848e-01 7.983465621300627202e-01 8.257591528994145946e-01
7.786003997748840444e-01 8.088308865120801272e-01 7.978419918880630402e-01 8.259101536058659487e-01
7.788332783481146659e-01 8.084073846713883960e-01 7.960759960410642710e-01 8.247643111311506736e-01
7.793378485901142350e-01 8.090134502787537096e-01 7.958819305633719754e-01 8.236591622072549912e-01
7.795319140678065306e-01 8.095868133004426870e-01 7.956878650856797908e-01 8.230980406057623044e-01
7.796095402588832934e-01 8.094700968942145636e-01 7.967746317607560247e-01 8.242009761288082714e-01
7.792796289468065796e-01 8.089520243806063160e-01 7.967746317607560247e-01 8.237553557267377480e-01
7.781540491761921308e-01 8.071594640623360739e-01 7.963282811620640000e-01 8.240529004815656533e-01
7.789109045391915398e-01 8.073488186189111682e-01 7.957848978245259941e-01 8.249357452764055632e-01
7.797841991888063706e-01 8.077179536707140839e-01 7.961342156843719264e-01 8.248940344791866330e-01
7.788720914436531029e-01 8.076849307600313388e-01 7.948339769838344004e-01 8.231656699225948781e-01
7.795707271633449675e-01 8.073826089591902289e-01 7.952027013914495512e-01 8.231124519959135410e-01
7.792214093034990352e-01 8.073906321923516316e-01 7.952997341302956436e-01 8.237572024981294483e-01
7.799976712142676627e-01 8.081527939222123980e-01 7.967940383085252432e-01 8.254794838095116383e-01
7.778823575074229613e-01 8.067064781013612018e-01 7.967746317607560247e-01 8.255958120114080812e-01
7.774360069087310476e-01 8.069894083728073042e-01 7.972986085505250342e-01 8.260960844523050906e-01
7.787750587048070106e-01 8.080856814155358281e-01 7.975703002192939817e-01 8.255255201878820559e-01
7.795707271633449675e-01 8.088183615369917145e-01 7.972403889072172678e-01 8.254083237353337932e-01
7.797453860932679337e-01 8.091210408759945683e-01 7.969881037862174278e-01 8.249622467834663020e-01
