7.639260362301031337e-01 7.785334132257890616e-01 7.528733970420274924e-01 7.826396758123737030e-01
7.643452991947259356e-01 7.786222649249396888e-01 7.530107418063005653e-01 7.827418596106183735e-01
7.654151426216947440e-01 7.793639100221803062e-01 7.533721753964927048e-01 7.831227462674950068e-01
7.664994433922711625e-01 7.800096852896707400e-01 7.539504691408001058e-01 7.834935542394368957e-01
7.665572727667018249e-01 7.799418659915444696e-01 7.535312061761771929e-01 7.825780197267713234e-01
7.676560308808859645e-01 7.816380650699363830e-01 7.522878746259162863e-01 7.815484316255482122e-01
7.673957986959476507e-01 7.817345245570010981e-01 7.515360927583165651e-01 7.810470608225283939e-01
7.669331637005016855e-01 7.812160081138228573e-01 7.510300857320476586e-01 7.812997989565984014e-01
7.660946377712558597e-01 7.803335392521657532e-01 7.511457444809092054e-01 7.815134253973270440e-01
7.658922349607483193e-01 7.801286026232658877e-01 7.514782633838857917e-01 7.818654241358636847e-01
7.663114979253713432e-01 7.806844534157313387e-01 7.510300857320475476e-01 7.813844383795314208e-01
7.657910335554944936e-01 7.817745928514630016e-01 7.505674507366016934e-01 7.808109171306663043e-01
7.648946782518180054e-01 7.823193711016953600e-01 7.500325290231173447e-01 7.801610385803205983e-01
7.642874698202952732e-01 7.822551193046500817e-01 7.506252801110324668e-01 7.801492317559222123e-01
7.641573537278261163e-01 7.826787501415258808e-01 7.504228773005248154e-01 7.800433705879628032e-01
7.647501048157412384e-01 7.830616221762762841e-01 7.501626451155865016e-01 7.802032973937197413e-01
7.654151426216947440e-01 7.835661073301878332e-01 7.485000506007025711e-01 7.783988511049257930e-01
7.656320027758098945e-01 7.838521977775179117e-01 7.478639274819645077e-01 7.780258532654291681e-01
7.650970810623256568e-01 7.836492807723749454e-01 7.475314085789876994e-01 7.778557488910914364e-01
7.648079341901719008e-01 7.834553716623422481e-01 7.476615246714568563e-01 7.782186227911563892e-01
7.646633607540951338e-01 7.833927888995688704e-01 7.478783848255721178e-01 7.783410646125678012e-01
7.646344460668794696e-01 7.829838138649027890e-01 7.484855932570949610e-01 7.785708474527304190e-01
7.652127398111869816e-01 7.834947342816701576e-01 7.488325695036793794e-01 7.782572765407336224e-01
7.649669649698562779e-01 7.834959863128818647e-01 7.489482282525410373e-01 7.785437970436510646e-01
7.641573537278260053e-01 7.825943319403436682e-01 7.492662898119100134e-01 7.779697612069067514e-01
7.627839060850958308e-01 7.813175047919522775e-01 7.492084604374791290e-01 7.771780195030333349e-01
7.634055718602263951e-01 7.814702188432776087e-01 7.487458254420332748e-01 7.769347908464705466e-01
7.637670054504186457e-01 7.814746852853476922e-01 7.488036548164640482e-01 7.772357023163709577e-01
7.642151831022566677e-01 7.813749374778407031e-01 7.485434226315257344e-01 7.765150807217716666e-01
7.647356474721334063e-01 7.813055548244791648e-01 7.486012520059563968e-01 7.767401707131587063e-01
7.649235929390333366e-01 7.809758690859913699e-01 7.483771631800373303e-01 7.766121499473749301e-01
7.646633607540949118e-01 7.806290441045538042e-01 7.479362142000030023e-01 7.764942099039965351e-01
7.647645621593488485e-01 7.801863409918733394e-01 7.475747806098107517e-01 7.757935856758004789e-01
7.647067327849179641e-01 7.800063386061244497e-01 7.474157498301262637e-01 7.752482400730112966e-01
7.642007257586491686e-01 7.797868228301723104e-01 7.468808281166418039e-01 7.739619135304792730e-01
7.643308418511183255e-01 7.796498881098620215e-01 7.452326909453657056e-01 7.717062817843511890e-01
7.643163845075106044e-01 7.795285604495229004e-01 7.438592433026356421e-01 7.700562654898515103e-01
7.640272376353568484e-01 7.790735080116237832e-01 7.427893998756669447e-01 7.692314756061893188e-01
7.630441382700342556e-01 7.787604247660218082e-01 7.419075019155979556e-01 7.683674996977571947e-01
7.617429773453425756e-01 7.778200361594715950e-01 7.402304500571065260e-01 7.669866632142758878e-01
7.607598779800199829e-01 7.771521402545196189e-01 7.388859171015917937e-01 7.660457435630678713e-01
7.598346079891281635e-01 7.757823808988359993e-01 7.384088247625382184e-01 7.656621544678494651e-01
7.590394540907052789e-01 7.748242485433818327e-01 7.370353771198080439e-01 7.644991264907265993e-01
7.585912764388671459e-01 7.747869543690841798e-01 7.341872804290939802e-01 7.615717274339293130e-01
7.582298428486751174e-01 7.737774872479687982e-01 7.319174774826873175e-01 7.594978036646958808e-01
7.572467434833523026e-01 7.721861822254887375e-01 7.313102690511645854e-01 7.590208252362283803e-01
7.560323266203068382e-01 7.708563751925067153e-01 7.303849990602726550e-01 7.587927831100909071e-01
7.551070566294150188e-01 7.701917014854804400e-01 7.297199612543192604e-01 7.585282840280194172e-01
7.540227558588386003e-01 7.685843787416859474e-01 7.292139542280501319e-01 7.580226509845748861e-01
7.534300047709234782e-01 7.679288814159899168e-01 7.300235654700805155e-01 7.587655057880506870e-01
7.535167488325695828e-01 7.674054321205863172e-01 7.308620913993263413e-01 7.595372983380879184e-01
7.513192326042013036e-01 7.659828700468436224e-01 7.313391837383800276e-01 7.599649663739149741e-01
7.503795052697017631e-01 7.653725870397506403e-01 7.317006173285719450e-01 7.599854409173886216e-01
7.501626451155863906e-01 7.654750825949586668e-01 7.303127123422341604e-01 7.585806471509664028e-01
7.495120646532407171e-01 7.650992838084577086e-01 7.284332576732353015e-01 7.568820363290856834e-01
7.488614841908947106e-01 7.647026925695901145e-01 7.265682603478437196e-01 7.557556501227878920e-01
7.482542757593719784e-01 7.644035128093261688e-01 7.268574072199973646e-01 7.563735531607450602e-01
7.483699345082333032e-01 7.655671164207795698e-01 7.263080281629054058e-01 7.562144505459562627e-01
7.486157093495642290e-01 7.665012806584404759e-01 7.267995778455667022e-01 7.574051182305442387e-01
7.484855932570950721e-01 7.667152055684630652e-01 7.277826772108892950e-01 7.583161390784749489e-01
7.488036548164640482e-01 7.665107416096834658e-01 7.272766701846203885e-01 7.575675673375795727e-01
7.486446240367794491e-01 7.660857191731563764e-01 7.275513597131662014e-01 7.585655957970718344e-01
7.487458254420333859e-01 7.656730071971927787e-01 7.275224450259509812e-01 7.587343586324424294e-01
7.493674912171639502e-01 7.664417905206724058e-01 7.273344995590509399e-01 7.591992720667976036e-01
7.489337709089332051e-01 7.657505423502996011e-01 7.273200422154433298e-01 7.590535517179333169e-01
7.477771834203184032e-01 7.655291936484065474e-01 7.276091890875970858e-01 7.591780008842021754e-01
7.474302071737338737e-01 7.657600514153299898e-01 7.282742268935505914e-01 7.596020089876686088e-01
7.469675721782880196e-01 7.656828639426347394e-01 7.290549234483656438e-01 7.598639325680813794e-01
7.471988896760110022e-01 7.658921405086425160e-01 7.295609304746346613e-01 7.603299053432213128e-01
7.474735792045570371e-01 7.658034394077642970e-01 7.291994968844424108e-01 7.594590033548147545e-01
7.470687735835417342e-01 7.652488281401843562e-01 7.294163570385577833e-01 7.589822113143303017e-01
7.474591218609492049e-01 7.646831774582116825e-01 7.293585276641270099e-01 7.586257117097244818e-01
7.479795862308260546e-01 7.657648930360988482e-01 7.284766297040582428e-01 7.582101795312048420e-01
7.480807876360797692e-01 7.657333991630353998e-01 7.276236464312048069e-01 7.580015655158062193e-01
7.472856337376569957e-01 7.651943407563150945e-01 7.264381442553744517e-01 7.573722582916921908e-01
7.476036952970261940e-01 7.658510847558362977e-01 7.252526420795442075e-01 7.571825499002714510e-01
7.471266029579725076e-01 7.653236781535182054e-01 7.247032630224523597e-01 7.562268741522142346e-01
7.462302476542960195e-01 7.649041130016294154e-01 7.247900070840984643e-01 7.562384234680501471e-01
7.464615651520190021e-01 7.653376321179735653e-01 7.250936112998597194e-01 7.564892896015490420e-01
7.473868351429108214e-01 7.660750617385494454e-01 7.264092295681592315e-01 7.579709685802142882e-01
7.477916407639260132e-01 7.658359409196640044e-01 7.271899261229741729e-01 7.590153752031346679e-01
7.476615246714568563e-01 7.662116848582902762e-01 7.275658170567740335e-01 7.591111547907024582e-01
7.471699749887955599e-01 7.658219110983314204e-01 7.277826772108892950e-01 7.590457548315485692e-01
7.475169512353799783e-01 7.662706066002129557e-01 7.276959331492431904e-01 7.584752960998472071e-01
7.479362142000030023e-01 7.667247427259018533e-01 7.276091890875969748e-01 7.585222888258587037e-01
7.478494701383567866e-01 7.665642815135564891e-01 7.278983359597508418e-01 7.583220084421491425e-01
7.482398184157641463e-01 7.667516821866581234e-01 7.282597695499428703e-01 7.586557202560132440e-01
7.494542352788098327e-01 7.678630928812901768e-01 7.287946912634272190e-01 7.590674576907445736e-01
7.498012115253944732e-01 7.682750467423922203e-01 7.286645751709579510e-01 7.596206736843972296e-01
7.505819080802094145e-01 7.687592963988325589e-01 7.291416675100116374e-01 7.602856174331666939e-01
7.507698535471092338e-01 7.693279289056584869e-01 7.289537220431117071e-01 7.600867825223988072e-01
7.494686926224174428e-01 7.692911441876858492e-01 7.286645751709580621e-01 7.593705669614880804e-01
7.489771429397562574e-01 7.689557326813896143e-01 7.278405065853199574e-01 7.581719794104784249e-01
7.478060981075338454e-01 7.679586764280907918e-01 7.266983764403127655e-01 7.575531001655225749e-01
7.486735387239948913e-01 7.682888961512781556e-01 7.260622533215748131e-01 7.568883994226194289e-01
7.498879555870405778e-01 7.687001238701028916e-01 7.256719050441672314e-01 7.568451299904574991e-01
7.505385360493863622e-01 7.690502704015712565e-01 7.259755092599285975e-01 7.581518866359410191e-01
7.515216354147089550e-01 7.699760332822733755e-01 7.272477554974048353e-01 7.589700364881640793e-01
7.511891165117321467e-01 7.698657383958520395e-01 7.288236059506425502e-01 7.604872682407293194e-01
7.497867541817866410e-01 7.682169018314450870e-01 7.291994968844424108e-01 7.607463161336472934e-01
7.487024534112102225e-01 7.670663851350826290e-01 7.291272101664040273e-01 7.609117193213918995e-01
7.478639274819643967e-01 7.668391410421142584e-01 7.294308143821655044e-01 7.607452391396143376e-01
7.481964463849413161e-01 7.668720314115562431e-01 7.287224045453887245e-01 7.602695154188588988e-01
7.495409793404559373e-01 7.689137660583155176e-01 7.277248478364585216e-01 7.595387462340592588e-01
7.503795052697017631e-01 7.701079912247263959e-01 7.286212031401350098e-01 7.589974561337250458e-01
7.499891569922942924e-01 7.694755132998860603e-01 7.289392646995042080e-01 7.589437667303968738e-01
7.493241191863406758e-01 7.688333402160688612e-01 7.287802339198194979e-01 7.590075560348704675e-01
7.500759010539403970e-01 7.690486024002434196e-01 7.274501583079124867e-01 7.584463025435157491e-01
7.498156688690020832e-01 7.681066742499793598e-01 7.273634142462664931e-01 7.583642651638611287e-01
7.500903583975478961e-01 7.682123841919389351e-01 7.274357009643048766e-01 7.581901045019785457e-01
7.493241191863406758e-01 7.680217391384522863e-01 7.272622128410126674e-01 7.572057418311846089e-01
7.477916407639260132e-01 7.665620518024374164e-01 7.270019806560742426e-01 7.570531668624487232e-01
7.476759820150644664e-01 7.658543744000907427e-01 7.270453526868974059e-01 7.572364988163818866e-01
7.475314085789878105e-01 7.653708300009256504e-01 7.278115918981047372e-01 7.576845536880985055e-01
7.475024938917723683e-01 7.658147803809218779e-01 7.280429093958276088e-01 7.579481815582762572e-01
7.478783848255721178e-01 7.663577661381594242e-01 7.291850395408348007e-01 7.593171279941792751e-01
7.486735387239948913e-01 7.667408519928680111e-01 7.297777906287499228e-01 7.594961925419360105e-01
7.487891974728563271e-01 7.672390321056141715e-01 7.294452717257731145e-01 7.597666584637406961e-01
7.496710954329252052e-01 7.681670373608389113e-01 7.296187598490653237e-01 7.602299571424331326e-01
7.486012520059565079e-01 7.663572420207696023e-01 7.289537220431118181e-01 7.601380196698569458e-01
7.483265624774103619e-01 7.656190334809267473e-01 7.286934898581735043e-01 7.591755536301968421e-01
7.478783848255722289e-01 7.655533271281983465e-01 7.286645751709580621e-01 7.589869841725880306e-01
7.471988896760110022e-01 7.657145988075311216e-01 7.269586086252513013e-01 7.578957543152906595e-01
7.474302071737338737e-01 7.664330162483240505e-01 7.266839190967050444e-01 7.574808187755286415e-01
7.484277638826641876e-01 7.679607155904082383e-01 7.275224450259508702e-01 7.582834950090010517e-01
7.497144674637481465e-01 7.689944599215219334e-01 7.283465136115889749e-01 7.590108843695848595e-01
7.508855122959707806e-01 7.699017688609175458e-01 7.269441512816434692e-01 7.572730975179865487e-01
7.507843108907170659e-01 7.694823890101579744e-01 7.272188408101895041e-01 7.570238430737789015e-01
7.502204744900172750e-01 7.687761133617065923e-01 7.261489973832208067e-01 7.567880370039223870e-01
7.498156688690020832e-01 7.685444218758163970e-01 7.269875233124666325e-01 7.576333533594926672e-01
7.498301262126096933e-01 7.685824757326458201e-01 7.275513597131663124e-01 7.575802496972834366e-01
7.491072590322255254e-01 7.677072809690799193e-01 7.283031415807660336e-01 7.588475735153208390e-01
7.480085009180412747e-01 7.667288105565598366e-01 7.284766297040581318e-01 7.591253596356185573e-01
7.484711359134872399e-01 7.671717045467447704e-01 7.274357009643048766e-01 7.588931937090712676e-01
7.482687331029795885e-01 7.668984458786862746e-01 7.268429498763897545e-01 7.587900173408612670e-01
7.470254015527187930e-01 7.653462812958424788e-01 7.264092295681592315e-01 7.583878559782253337e-01
7.471699749887956710e-01 7.655984758347631480e-01 7.263947722245515104e-01 7.581860734250474021e-01
7.470398588963264030e-01 7.659019095300372282e-01 7.269441512816434692e-01 7.577689960326993157e-01
7.484277638826641876e-01 7.679208666611145873e-01 7.264526015989820618e-01 7.570312910235188486e-01
7.494108632479867804e-01 7.685248904819277360e-01 7.271754687793665628e-01 7.572552759405150047e-01
7.500325290231173447e-01 7.685811847357540971e-01 7.284766297040581318e-01 7.581243824351489025e-01
7.492229177810868501e-01 7.668447222440359923e-01 7.284621723604505217e-01 7.581443203166275957e-01
7.490494296577947519e-01 7.660947928433310405e-01 7.272332981537972252e-01 7.578562395801152762e-01
7.500469863667249548e-01 7.676272206631107320e-01 7.270453526868974059e-01 7.575511646815803468e-01
7.504373346441325365e-01 7.675269132815368822e-01 7.277393051800662427e-01 7.581615520792934770e-01
7.507698535471093448e-01 7.688662074361738430e-01 7.281296534574734913e-01 7.586641264368271242e-01
7.497433821509635887e-01 7.683386685253625892e-01 7.282453122063350381e-01 7.595792216442216471e-01
7.487169107548179436e-01 7.671452686028894519e-01 7.279417079905737831e-01 7.595242581233647705e-01
7.488181121600717693e-01 7.674224179829725045e-01 7.279995373650046675e-01 7.596758451017180391e-01
7.484133065390564665e-01 7.672847175055256264e-01 7.271176394049356784e-01 7.590116258827360740e-01
7.494542352788099437e-01 7.678849590530748559e-01 7.266550044094897132e-01 7.582748371083223304e-01
7.490349723141871419e-01 7.677916307853307476e-01 7.255273316080903534e-01 7.568940115779975164e-01
7.480374156052566059e-01 7.662781604987219941e-01 7.246743483352369175e-01 7.557570524469450213e-01
7.477771834203182921e-01 7.665231976837869610e-01 7.257297344185980048e-01 7.560909193802607398e-01
7.481386170105105426e-01 7.670302102616048945e-01 7.272622128410125564e-01 7.565503616181601387e-01
7.494397779352022226e-01 7.681863053007278452e-01 7.276091890875970858e-01 7.572817721701059490e-01
7.499168702742557979e-01 7.690772880204661544e-01 7.277103904928509115e-01 7.576367692102052853e-01
7.492662898119100134e-01 7.691024461370453702e-01 7.267272911275283187e-01 7.569443957862004302e-01
7.500325290231173447e-01 7.697097944489585952e-01 7.261634547268284168e-01 7.578529543499848975e-01
7.498445835562175255e-01 7.688631574889700504e-01 7.256574477005595103e-01 7.574192431097457323e-01
7.508132255779322861e-01 7.697724231075531165e-01 7.265971750350590508e-01 7.578761475128843461e-01
7.512758605733780293e-01 7.705455413541590914e-01 7.277971345544970161e-01 7.580763040332507696e-01
7.515794647891396174e-01 7.703295418176492326e-01 7.284910870476657418e-01 7.581976457621752985e-01
7.522445025950932340e-01 7.706052546389032809e-01 7.298211626595728641e-01 7.588110523903415228e-01
7.513047752605935825e-01 7.700776086312719482e-01 7.291272101664039162e-01 7.584838477174633553e-01
7.499891569922944035e-01 7.689057380941064501e-01 7.269441512816434692e-01 7.571983529149299841e-01
7.497433821509635887e-01 7.688813758134672716e-01 7.266405470658821031e-01 7.570142356131708272e-01
7.488325695036792684e-01 7.681841255934058754e-01 7.273489569026585500e-01 7.577004636951663041e-01
7.490638870014023620e-01 7.682593009878124768e-01 7.286212031401351208e-01 7.585697115042830951e-01
7.503650479260939310e-01 7.690418015973592425e-01 7.299079067212190797e-01 7.598289230493158186e-01
7.503505905824865430e-01 7.682510931581918445e-01 7.293585276641271209e-01 7.591431625186051413e-01
7.496421807457098740e-01 7.683641796801407020e-01 7.287079472017810033e-01 7.580124537587294986e-01
7.495554366840636584e-01 7.678098707852940574e-01 7.282453122063352602e-01 7.580210827321669509e-01
7.489626855961485363e-01 7.670782892957781485e-01 7.289537220431119291e-01 7.591754344202008564e-01
7.481097023232951004e-01 7.662164693590430842e-01 7.285489164220966263e-01 7.583933503836065571e-01
7.472133470196186122e-01 7.657624190468155234e-01 7.273489569026585500e-01 7.572128500729051748e-01
7.465338518700573855e-01 7.657979029413164440e-01 7.250646966126442772e-01 7.560589093690515128e-01
7.461290462490421938e-01 7.651318962953119751e-01 7.239803958420678587e-01 7.551460986015210430e-01
7.466061385880958801e-01 7.658254873357643877e-01 7.236767916263064926e-01 7.558815200334766393e-01
7.475820092816145568e-01 7.668752244155392361e-01 7.247032630224522487e-01 7.570026062161918645e-01
7.484277638826642987e-01 7.674651868200820237e-01 7.266405470658821031e-01 7.586781746874365906e-01
7.502927612080555475e-01 7.688702630655537273e-01 7.277465338518700477e-01 7.589266773200300520e-01
7.508565976087554494e-01 7.691712914718191740e-01 7.288091486070349401e-01 7.592102465774663855e-01
7.511168297936938743e-01 7.696868996920565031e-01 7.290982954791886961e-01 7.594213305067158970e-01
7.505674507366016934e-01 7.695570717909470115e-01 7.282019401755120969e-01 7.586665703378490111e-01
7.493819485607715603e-01 7.683967177049060293e-01 7.280718240830429400e-01 7.582130144759923196e-01
7.494976073096329960e-01 7.683731543180903900e-01 7.293006982896962365e-01 7.586192058171296049e-01
7.497144674637482575e-01 7.682805414784987796e-01 7.291416675100117484e-01 7.577915698423129953e-01
7.502060171464095539e-01 7.684779918894968365e-01 7.291561248536194695e-01 7.580358340997042088e-01
7.496277234021021529e-01 7.679275790632792420e-01 7.287224045453889465e-01 7.570902174977355292e-01
7.501915598028019438e-01 7.683048571930958248e-01 7.285489164220965153e-01 7.573430822321058908e-01
7.508565976087554494e-01 7.688287590668798632e-01 7.286356604837427309e-01 7.581815512687030134e-01
7.491795457502639088e-01 7.668886156089194106e-01 7.270598100305049050e-01 7.575317339182454646e-01
7.492229177810868501e-01 7.668693211645211116e-01 7.272911275282278876e-01 7.577861770647810191e-01
7.482398184157643684e-01 7.663325706764168022e-01 7.278838786161428986e-01 7.571357293117539911e-01
7.478783848255721178e-01 7.662643416622025860e-01 7.284043429860196373e-01 7.577234158732173430e-01
7.479362142000028912e-01 7.670268246344068563e-01 7.285778311093120685e-01 7.580701744602507119e-01
7.483988491954489675e-01 7.673958144268847592e-01 7.287802339198194979e-01 7.580906704364973603e-01
7.489626855961486473e-01 7.679189793031473421e-01 7.266983764403128765e-01 7.566589695023272499e-01
7.485867946623487867e-01 7.675267064627304681e-01 7.274646156515202078e-01 7.573089257996854506e-01
7.486301666931718390e-01 7.673375840171554607e-01 7.289248073558964869e-01 7.591555664885186738e-01
7.490928016886175822e-01 7.675352874537965109e-01 7.307319753068570733e-01 7.600068082608744113e-01
7.498445835562175255e-01 7.679448432482570697e-01 7.310789515534414917e-01 7.600836872456131488e-01
7.498445835562173034e-01 7.678384107685862769e-01 7.302259682805880558e-01 7.589276691492663485e-01
7.489916002833639785e-01 7.678495825708110400e-01 7.298934493776114696e-01 7.586413492051542473e-01
7.486012520059563968e-01 7.674066251028029972e-01 7.294163570385578943e-01 7.589365724450795048e-01
7.481675316977258738e-01 7.668566378485446311e-01 7.286356604837427309e-01 7.582267121695830392e-01
7.478060981075336233e-01 7.668236085367783339e-01 7.283754282988043061e-01 7.580623989038155486e-01
7.487313680984256647e-01 7.668259002350351627e-01 7.284332576732350795e-01 7.585110409993144343e-01
7.486590813803870592e-01 7.665660296006293617e-01 7.270887247177203472e-01 7.575806757941514480e-01
7.499313276178635190e-01 7.678142035073347582e-01 7.267417484711360398e-01 7.575286167307563323e-01
7.502204744900171640e-01 7.680987398897500817e-01 7.270019806560743536e-01 7.576401703236388396e-01
7.505963654238170246e-01 7.693144569145295986e-01 7.291416675100117484e-01 7.589427579669248969e-01
7.508999696395786128e-01 7.691596163672738129e-01 7.288525206378579924e-01 7.586672368917604103e-01
7.502783038644479374e-01 7.679123902367597232e-01 7.272477554974048353e-01 7.578825180386216109e-01
7.508421402651476173e-01 7.678668185513073396e-01 7.265827176914512187e-01 7.578183569775173156e-01
7.505963654238170246e-01 7.678569842091358399e-01 7.261489973832208067e-01 7.580904341121824652e-01
7.499313276178635190e-01 7.675114455146146986e-01 7.267995778455667022e-01 7.581115343514548410e-01
7.490928016886176932e-01 7.672094271585597758e-01 7.262501987884746324e-01 7.574367664812571288e-01
7.491072590322254143e-01 7.674165877952731085e-01 7.261056253523976434e-01 7.566625417113965746e-01
7.476615246714569674e-01 7.663472650193261515e-01 7.256863623877749525e-01 7.567578394527075814e-01
7.475314085789876994e-01 7.663130759359991773e-01 7.261779120704363599e-01 7.569836135941029331e-01
7.476036952970261940e-01 7.660570913368519586e-01 7.262935708192975737e-01 7.579355079418927943e-01
7.484277638826641876e-01 7.665604970731285661e-01 7.265248883170207783e-01 7.578338867184694072e-01
7.485578799751333445e-01 7.673279307010492101e-01 7.272332981537972252e-01 7.583205370903924880e-01
7.501337304283712815e-01 7.686904064215370758e-01 7.274935303387355390e-01 7.582385459529091820e-01
7.507264815162862925e-01 7.691250544288092961e-01 7.280862814266506611e-01 7.588544145906424010e-01
7.507987682343246760e-01 7.688893112875176961e-01 7.286645751709581731e-01 7.588958971680369592e-01
7.494108632479867804e-01 7.675142681766313757e-01 7.294597290693807246e-01 7.595959741259024067e-01
7.498662695716289406e-01 7.671180061787891136e-01 7.298067053159651429e-01 7.600038841476803864e-01
7.494253205915946126e-01 7.663335736939740350e-01 7.296476745362807659e-01 7.601375659421774067e-01
7.489626855961486473e-01 7.658979773148583137e-01 7.290260087611502016e-01 7.602117214606354256e-01
7.498590408998250245e-01 7.666730585042913493e-01 7.271899261229741729e-01 7.593385594478603284e-01
7.504228773005248154e-01 7.677303451208070673e-01 7.277826772108891840e-01 7.596417059813833639e-01
7.506686521418555191e-01 7.690814212354483148e-01 7.278549639289277895e-01 7.590616160975913740e-01
7.497000101201405364e-01 7.681105507518546371e-01 7.265538030042359985e-01 7.582109131806706870e-01
7.504228773005248154e-01 7.685412538721442255e-01 7.256285330133440681e-01 7.575392112783727594e-01
7.505096213621710310e-01 7.682946058108781617e-01 7.249490378637828414e-01 7.559902779302865028e-01
7.512035738553397568e-01 7.684615582183325078e-01 7.256574477005595103e-01 7.567503475039492056e-01
7.511602018245169265e-01 7.684919097065617821e-01 7.268140351891744233e-01 7.575714068705483584e-01
7.511023724500860421e-01 7.689721590771290138e-01 7.284621723604502996e-01 7.589870307850969944e-01
7.502783038644480484e-01 7.694420652435342012e-01 7.298067053159651429e-01 7.602827641893716848e-01
7.509867137012246063e-01 7.697603496034837178e-01 7.303127123422341604e-01 7.600765430842968406e-01
7.509722563576168852e-01 7.694573025472658534e-01 7.292139542280502429e-01 7.594155319781177305e-01
7.502638465208402163e-01 7.685110051214050220e-01 7.278694212725353996e-01 7.585413147905870623e-01
7.504662493313478677e-01 7.680683956368277165e-01 7.265538030042359985e-01 7.583076762361933287e-01
7.505240787057786411e-01 7.686971451504887032e-01 7.274646156515202078e-01 7.592039336207929701e-01
7.504951640185631989e-01 7.686449604728696761e-01 7.268574072199973646e-01 7.579818350878525512e-01
7.508855122959707806e-01 7.689342357503161640e-01 7.258453931674593296e-01 7.559906346625353546e-01
7.506541947982479090e-01 7.688443315620435703e-01 7.257297344185980048e-01 7.552368951869081748e-01
7.498445835562174144e-01 7.683632269282740790e-01 7.261489973832209177e-01 7.555503446092072251e-01
7.499313276178635190e-01 7.683891999302685516e-01 7.266839190967051554e-01 7.565029526429546403e-01
7.504228773005248154e-01 7.687264073761765903e-01 7.269875233124665215e-01 7.570776901502013212e-01
7.511746591681245366e-01 7.696730150868132947e-01 7.275658170567739225e-01 7.576227742644940921e-01
7.503361332388788218e-01 7.689602668297095267e-01 7.283465136115889749e-01 7.576745212832812770e-01
7.505240787057785301e-01 7.693569874539002429e-01 7.283898856424121382e-01 7.574232859229562687e-01
7.499891569922942924e-01 7.694916530195318183e-01 7.290404661047578116e-01 7.580270090130787342e-01
7.497000101201405364e-01 7.692893858536959950e-01 7.293585276641270099e-01 7.585821595526744954e-01
7.504951640185633099e-01 7.697361249343284140e-01 7.287079472017812254e-01 7.585924082674958546e-01
7.502204744900171640e-01 7.696237973419242095e-01 7.284477150168428006e-01 7.585325813035724840e-01
7.499746996486864603e-01 7.683509108345432104e-01 7.275947317439892537e-01 7.577430899169868006e-01
7.494976073096328850e-01 7.674841454260190599e-01 7.268574072199975866e-01 7.570637716466928069e-01
7.506541947982477980e-01 7.689427553377939928e-01 7.260767106651823122e-01 7.567226827311916981e-01
7.521288438462316872e-01 7.703052884730088312e-01 7.270598100305050160e-01 7.570359530536612258e-01
7.530396564935157855e-01 7.711855407823201558e-01 7.286790325145656722e-01 7.582458062280142963e-01
7.532131446168081057e-01 7.713511878828541724e-01 7.281296534574737134e-01 7.586610904121978693e-01
7.535456635197848030e-01 7.710946931954870687e-01 7.285778311093120685e-01 7.598351366481999047e-01
7.535312061761771929e-01 7.709263725337434092e-01 7.285633737657042364e-01 7.595697047854643724e-01
7.529818271190851231e-01 7.704339980677371580e-01 7.296187598490653237e-01 7.598635387281960085e-01
7.525047347800315478e-01 7.700273733362350548e-01 7.297922479723576439e-01 7.594027534906602206e-01
7.522878746259162863e-01 7.699519897065492113e-01 7.294452717257731145e-01 7.584171512840778284e-01
7.518975263485088156e-01 7.703739321082030411e-01 7.288669779814656025e-01 7.574476537064228632e-01
7.511891165117321467e-01 7.699444867904805534e-01 7.291272101664040273e-01 7.576084532653861725e-01
7.516083794763550596e-01 7.697910623414377929e-01 7.284043429860196373e-01 7.575624854323839141e-01
7.523457040003469487e-01 7.706011180986438447e-01 7.281730254882967657e-01 7.577983251120001817e-01
7.522300452514854019e-01 7.710994041356676876e-01 7.274790729951279289e-01 7.584637493352056614e-01
7.506831094854631292e-01 7.697663007842053817e-01 7.251080686434675515e-01 7.574342500619598573e-01
7.510011710448322164e-01 7.701388230585706207e-01 7.252670994231520396e-01 7.572864499729623500e-01
7.520565571281931927e-01 7.708785565401834461e-01 7.265971750350590508e-01 7.581593653559006718e-01
7.525047347800315478e-01 7.699159613825771187e-01 7.282163975191198180e-01 7.589597489308320677e-01
7.524613627492084955e-01 7.692156359733747228e-01 7.289392646995040970e-01 7.591502581574929298e-01
7.521866732206625716e-01 7.694833400575512572e-01 7.295175584438114980e-01 7.591826835507433646e-01
7.521866732206624606e-01 7.705401155851308026e-01 7.303849990602726550e-01 7.593707573132451039e-01
7.521866732206623496e-01 7.708805015853971154e-01 7.302837976550189403e-01 7.589439368372501438e-01
7.524469054056006634e-01 7.706370325149742850e-01 7.296765892234959860e-01 7.583383557004691466e-01
7.522011305642700707e-01 7.705519080501386231e-01 7.281007387702582712e-01 7.582780298154452314e-01
7.531986872732002736e-01 7.713164039781861270e-01 7.292428689152654631e-01 7.598562600841061165e-01
7.534589194581389204e-01 7.713690457053805627e-01 7.295320157874192191e-01 7.602376314061740636e-01
7.536324075814310186e-01 7.717701710391442482e-01 7.280284520522199987e-01 7.588631471493303415e-01
7.525914788416776524e-01 7.704221909110139377e-01 7.267706631583513710e-01 7.581754941129954517e-01
7.524035333747778331e-01 7.696175531959212890e-01 7.259899666035363186e-01 7.574384656920428727e-01
7.524902774364239377e-01 7.696586504509901339e-01 7.266260897222744930e-01 7.580290700257636960e-01
7.512035738553398678e-01 7.692566594676389924e-01 7.282597695499427592e-01 7.589693480694601480e-01
7.504951640185633099e-01 7.693634549600532058e-01 7.283320562679812538e-01 7.595187479635994166e-01
7.508565976087553384e-01 7.696162258731688022e-01 7.295031011002038879e-01 7.607226722029163390e-01
7.508710549523630595e-01 7.692472682996713829e-01 7.289681793867195392e-01 7.610710991091045319e-01
7.514493486966705715e-01 7.693673879559247419e-01 7.277971345544969051e-01 7.597867529395412323e-01
7.508132255779322861e-01 7.680697884233700368e-01 7.264670589425898939e-01 7.586628080944902708e-01
7.515505501019243972e-01 7.684493204697467883e-01 7.259321372291055452e-01 7.580290481482576670e-01
7.515650074455320073e-01 7.684713334568651355e-01 7.272188408101893931e-01 7.591429180428292955e-01
