7.286645751709580621e-01 7.417640407580146089e-01 7.113880495597737497e-01 7.432341314965352774e-01
7.295175584438116090e-01 7.423305335546745987e-01 7.108097558154664597e-01 7.430090889384871611e-01
7.304717431219187596e-01 7.435462978692187752e-01 7.105639809741358670e-01 7.433452162507936389e-01
7.309054634301492825e-01 7.443063464883313829e-01 7.106218103485665294e-01 7.428156854814171872e-01
7.313536410819876377e-01 7.453499241915272355e-01 7.106073530049589193e-01 7.428831023168629422e-01
7.326403446630715965e-01 7.468022673202190376e-01 7.107085544102127450e-01 7.423664285682634034e-01
7.320909656059795267e-01 7.471663098757426180e-01 7.104194075380589890e-01 7.421196096047872892e-01
7.324090271653487250e-01 7.478382723192453785e-01 7.113591348725585295e-01 7.425099106867699694e-01
7.324090271653485029e-01 7.488818393347151936e-01 7.124578929867426691e-01 7.429503739219152081e-01
7.327270887247177011e-01 7.498206981362731671e-01 7.126892104844655407e-01 7.425093170953954713e-01
7.333487544998482655e-01 7.509320187379333600e-01 7.127470398588964251e-01 7.418082012738774766e-01
7.340137923058017710e-01 7.512025833599559332e-01 7.129494426694039655e-01 7.419093549965474210e-01
7.343029391779554160e-01 7.503902760999081600e-01 7.128771559513655820e-01 7.416278460947878237e-01
7.346788301117551656e-01 7.507286294983304131e-01 7.131373881363038958e-01 7.420969670709927080e-01
7.347655741734012702e-01 7.507701808928685105e-01 7.124578929867425581e-01 7.419097104503989959e-01
7.355028986973932703e-01 7.514830762678496034e-01 7.127181251716809829e-01 7.421882023742643053e-01
7.352860385432781198e-01 7.509050605064804262e-01 7.125880090792117150e-01 7.423810384263347384e-01
7.356474721334702593e-01 7.515826596035612983e-01 7.140482007835879941e-01 7.433662324355222450e-01
7.352282091688474575e-01 7.514680215881406333e-01 7.139614567219418895e-01 7.431196303375998680e-01
7.346499154245399454e-01 7.514932615109652936e-01 7.134699070392804821e-01 7.426650204262675858e-01
7.345197993320707885e-01 7.520638194490693040e-01 7.117494831499660002e-01 7.410876318076525804e-01
7.342740244907401959e-01 7.521842210376007420e-01 7.098844858245745293e-01 7.395003121538176183e-01
7.341005363674477646e-01 7.521986368725014360e-01 7.094507655163441173e-01 7.394766900136012788e-01
7.332330957509867186e-01 7.509166455661422379e-01 7.082941780277292043e-01 7.386115088075568824e-01
7.337246454336480150e-01 7.509508896987766580e-01 7.081206899044369951e-01 7.379793104827188088e-01
7.331463516893406140e-01 7.499448048501498043e-01 7.082941780277292043e-01 7.374287322013983736e-01
7.319030201390797075e-01 7.492129916113516863e-01 7.092628200494441870e-01 7.378347968399064927e-01
7.313247263947721954e-01 7.489341849743114121e-01 7.093784787983055118e-01 7.380887735344400236e-01
7.308476340557186202e-01 7.485538539761560362e-01 7.100290592606514073e-01 7.380770647605796597e-01
7.302115109369804458e-01 7.472313384399978942e-01 7.104483222252743202e-01 7.386982199442395647e-01
7.297633332851423127e-01 7.474373976934037822e-01 7.097977417629285357e-01 7.378016561784446203e-01
7.297777906287498118e-01 7.479628987998394596e-01 7.088290997412136640e-01 7.369588614660618209e-01
7.300380228136882366e-01 7.485573958673505945e-01 7.088146423976059429e-01 7.362419489890017488e-01
7.312524396767337009e-01 7.503177412722512596e-01 7.084676661510214135e-01 7.346646572471722259e-01
7.314982145180644046e-01 7.514721406476677634e-01 7.094652228599518384e-01 7.348447080552839017e-01
7.320475935751564744e-01 7.525120350501192101e-01 7.105784383177433661e-01 7.356664082331341170e-01
7.306741459324264110e-01 7.514668638181269955e-01 7.104338648816667101e-01 7.352631585363154088e-01
7.303271696858419926e-01 7.511562360075401124e-01 7.108386705026817909e-01 7.355171645074667364e-01
7.304862004655263696e-01 7.507583615348741857e-01 7.109109572207202854e-01 7.357846786887249912e-01
7.307898046812879578e-01 7.510694384477114571e-01 7.112579334673047038e-01 7.348926182736128521e-01
7.316283306105335615e-01 7.512613877026057541e-01 7.107085544102126340e-01 7.331256296216358548e-01
7.323511977909179516e-01 7.517122878560784649e-01 7.110555306567972744e-01 7.329059447965653451e-01
7.322933684164871782e-01 7.515352095963886425e-01 7.099423151990054137e-01 7.319060785060071961e-01
7.318596481082565441e-01 7.510744679688049485e-01 7.076725122525986400e-01 7.298902921472497640e-01
7.317584467030028295e-01 7.505498192973922844e-01 7.062846072662608554e-01 7.284045032840340550e-01
7.319897642007258121e-01 7.506278664661064637e-01 7.064147233587301233e-01 7.283767712580196951e-01
7.322644537292717359e-01 7.511807257289830897e-01 7.066315835128453848e-01 7.280799303461114036e-01
7.326114299758561543e-01 7.515708733104167205e-01 7.063424366406916288e-01 7.281759529429183697e-01
7.336234440283941893e-01 7.528792848807819293e-01 7.066749555436684371e-01 7.288908149544415238e-01
7.343607685523861894e-01 7.529749442839759332e-01 7.061978632046148618e-01 7.287571420326643956e-01
7.339270482441556664e-01 7.523561289233019478e-01 7.064870100767685068e-01 7.286823984158657952e-01
7.330596076276945094e-01 7.515944949164607980e-01 7.055472827422688553e-01 7.279530507227502945e-01
7.324090271653486139e-01 7.507692914855813582e-01 7.048967022799231819e-01 7.275882375740214680e-01
7.330740649713022306e-01 7.515471041970180899e-01 7.055906547730919076e-01 7.283740157664940762e-01
7.330740649713021195e-01 7.516772179250759134e-01 7.052870505573306525e-01 7.284583682044220021e-01
7.338258468389018407e-01 7.526377029869847357e-01 7.052147638392921580e-01 7.279229839756695686e-01
7.335656146539635269e-01 7.526382269298080852e-01 7.055617400858765764e-01 7.282681386350797759e-01
7.329584062224407948e-01 7.524456821735769907e-01 7.061111191429686462e-01 7.285433264798353292e-01
7.333053824690252132e-01 7.525530312550811063e-01 7.057786002399919489e-01 7.283356034749395302e-01
7.332475530945945508e-01 7.520544872727419339e-01 7.057496855527766177e-01 7.283926250432708471e-01
7.316427879541413937e-01 7.505640709896663765e-01 7.048244155618846873e-01 7.276185809976892793e-01
7.319319348262950387e-01 7.503056031094241796e-01 7.044340672844772167e-01 7.276922792018920561e-01
7.326114299758561543e-01 7.505167488544028931e-01 7.033497665139006871e-01 7.268573776276483489e-01
7.329584062224407948e-01 7.508024823233168110e-01 7.029305035492778853e-01 7.258596035800355395e-01
7.332764677818097709e-01 7.516474838663794733e-01 7.028582168312393907e-01 7.254806977285402914e-01
7.331029796585175617e-01 7.519518892612351291e-01 7.031618210470007568e-01 7.257034004007233419e-01
7.321777096676257424e-01 7.519133965818806109e-01 7.033208518266853559e-01 7.256750018440677463e-01
7.315415865488875680e-01 7.517992369232335825e-01 7.033931385447238505e-01 7.259374344975086935e-01
7.316427879541412826e-01 7.521980708496882606e-01 7.042172071303618441e-01 7.271038626481753919e-01
7.322066243548410736e-01 7.526984046944322770e-01 7.047521288438460818e-01 7.279369781435650610e-01
7.337969321516863985e-01 7.536683905431820207e-01 7.049111596235306809e-01 7.276432269730448432e-01
7.340282496494094922e-01 7.538182895669998107e-01 7.043473232228310010e-01 7.270053674000913624e-01
7.327126313811100911e-01 7.530909760072601600e-01 7.043328658792232799e-01 7.276346551525449957e-01
7.319319348262949276e-01 7.527389694819326404e-01 7.046075554077694258e-01 7.279103279602976428e-01
7.315705012361028992e-01 7.527734635799785412e-01 7.047232141566308616e-01 7.281043163955913666e-01
7.317729040466104395e-01 7.539125216776467742e-01 7.054749960242305828e-01 7.298363722089199479e-01
7.323078257600947882e-01 7.544159562811733055e-01 7.049545316543537332e-01 7.295724974658270856e-01
7.319897642007257010e-01 7.548313862516553563e-01 7.044774393153002690e-01 7.291969873087480458e-01
7.319753068571180910e-01 7.547178319951057812e-01 7.038702308837774257e-01 7.289964498670227222e-01
7.321343376368026901e-01 7.542680051137139463e-01 7.033497665139007982e-01 7.280507953463298820e-01
7.321198802931949690e-01 7.536468913842269135e-01 7.043328658792233909e-01 7.282263009838896295e-01
7.318307334210413240e-01 7.527392669115487989e-01 7.043473232228310010e-01 7.283559551183189651e-01
7.326981740375023699e-01 7.530433682183564903e-01 7.038846882273851469e-01 7.278936759509735399e-01
7.330596076276943984e-01 7.535285819848654976e-01 7.046220127513770359e-01 7.281038496440540575e-01
7.334499559051020912e-01 7.542149137278265636e-01 7.059520883632841581e-01 7.295042764476320496e-01
7.325680579450332131e-01 7.537048917539518333e-01 7.047955008746693562e-01 7.287546637800043081e-01
7.326258873194639865e-01 7.538545299330066118e-01 7.040292616634620249e-01 7.284045319513083871e-01
7.315705012361028992e-01 7.527500894483357685e-01 7.030461622981394321e-01 7.279234143010262503e-01
7.298789920340036375e-01 7.509067659538181116e-01 7.009787621622403098e-01 7.261866242125850635e-01
7.278694212725353996e-01 7.493884377340894742e-01 6.987667885902644205e-01 7.259240945406943979e-01
7.276670184620278592e-01 7.498110907155556282e-01 6.978848906301955424e-01 7.253292356046443512e-01
7.281296534574737134e-01 7.494343208638187814e-01 6.979860920354494791e-01 7.250477690704624223e-01
7.295753878182423824e-01 7.501686814916848078e-01 6.998366320172331179e-01 7.261046584940060722e-01
7.294018996949500622e-01 7.502600517617298292e-01 7.002558949818560308e-01 7.266257489306271466e-01
7.294018996949500622e-01 7.506581058145938012e-01 7.010799635674940244e-01 7.277215769839082693e-01
7.295609304746346613e-01 7.516700981114248226e-01 7.006462432592635015e-01 7.272457950611743716e-01
7.304139137474880972e-01 7.531604800352483808e-01 7.023088377741473209e-01 7.284366056980540183e-01
7.310644942098338817e-01 7.539416768201404606e-01 7.033353091702930771e-01 7.294985593420355574e-01
7.311223235842645440e-01 7.537445094907768706e-01 7.026847287079471815e-01 7.288783974635977270e-01
7.307753473376801256e-01 7.538208324166275620e-01 7.030461622981393210e-01 7.292358275683373803e-01
7.313536410819875266e-01 7.540227817171559765e-01 7.027714727695932861e-01 7.285997836725239818e-01
7.315560438924951780e-01 7.545086989973588398e-01 7.019329468403475714e-01 7.273243632282050397e-01
7.325391432578177708e-01 7.552158085362281614e-01 7.006751579464789437e-01 7.264106318042280463e-01
7.324957712269948296e-01 7.542509157400364428e-01 7.002558949818561418e-01 7.269998234334243969e-01
7.323801124781332827e-01 7.535904534812756239e-01 6.997643452991947344e-01 7.267770030910893908e-01
7.310789515534416028e-01 7.526990662624685191e-01 6.997788026428024555e-01 7.261788515747386041e-01
7.303416270294496027e-01 7.520386238868804751e-01 6.996197718631178564e-01 7.264561388724002367e-01
7.296187598490653237e-01 7.507318470241557407e-01 6.996053145195102463e-01 7.259721500585162302e-01
7.296476745362807659e-01 7.509894531170113741e-01 7.006317859156558914e-01 7.263998712623169762e-01
7.298645346903960274e-01 7.516337734999123388e-01 7.009353901314172575e-01 7.264591237308953842e-01
7.304139137474879862e-01 7.525073782826501301e-01 6.997643452991947344e-01 7.261200161122041141e-01
7.299223640648266898e-01 7.522901811721660614e-01 6.992149662421027756e-01 7.251477935552600451e-01
7.308042620248955679e-01 7.534898782873621359e-01 7.001691509202099262e-01 7.263843473918580873e-01
7.311512382714799863e-01 7.536364366474971321e-01 7.013546530960401704e-01 7.272192489542219640e-01
7.312235249895184808e-01 7.537585802961932480e-01 7.019184894967398503e-01 7.275031366086014417e-01
7.314548424872413523e-01 7.534730662931665712e-01 7.026847287079471815e-01 7.287177173746612890e-01
7.320620509187641956e-01 7.537339362563564293e-01 7.011956223163555713e-01 7.276621881457912000e-01
7.317873613902180496e-01 7.532833456761419688e-01 6.995041131142564206e-01 7.254433248531348966e-01
7.322210816984486836e-01 7.538965675415938428e-01 7.002414376382483097e-01 7.259050835649526467e-01
7.323511977909178405e-01 7.540614601069492995e-01 7.005739565412250069e-01 7.265254199281547809e-01
7.316861599849644460e-01 7.532215655454639336e-01 7.020196909019937870e-01 7.276639658316612636e-01
7.316717026413567249e-01 7.531909764512262351e-01 7.019329468403475714e-01 7.277280947099856734e-01
7.315849585797107313e-01 7.533650047422606466e-01 7.020775202764244494e-01 7.282075008496037283e-01
7.304139137474880972e-01 7.523060571660555862e-01 7.011377929419249089e-01 7.272382627228375362e-01
7.305151151527418119e-01 7.521202996056044476e-01 7.019763188711707347e-01 7.274197288605298573e-01
7.294163570385576723e-01 7.511871410656958403e-01 7.015281412193323796e-01 7.277337646109861558e-01
7.292428689152654631e-01 7.509375429903516475e-01 7.016148852809784842e-01 7.285217659629878995e-01
7.307464326504649055e-01 7.525660052827869428e-01 7.020775202764244494e-01 7.288743781475540695e-01
7.304572857783109274e-01 7.527941988334805323e-01 7.010510488802788043e-01 7.278752805082875366e-01
7.314114704564183000e-01 7.530454921557521164e-01 7.009787621622403098e-01 7.273958653276710873e-01
7.313536410819876377e-01 7.532105116951881563e-01 7.008341887261634318e-01 7.271452812693836032e-01
7.311367809278723762e-01 7.533591425034336098e-01 7.010799635674941355e-01 7.273134830182371724e-01
7.308620913993262302e-01 7.530077996806686658e-01 7.002848096690714730e-01 7.265620042200238160e-01
7.313247263947723065e-01 7.522507294852600612e-01 7.006317859156557804e-01 7.261682362629283682e-01
7.319608495135103698e-01 7.535659148029327792e-01 7.006751579464788326e-01 7.256803573814925024e-01
7.307175179632494633e-01 7.520272954875945048e-01 7.003715537307175776e-01 7.252736538487336571e-01
7.308620913993262302e-01 7.522677384623137620e-01 7.013257384088247282e-01 7.256719548905830042e-01
7.312958117075567532e-01 7.521372314307707141e-01 7.010510488802788043e-01 7.256978175897168537e-01
7.310211221790108294e-01 7.522202380119511478e-01 7.017305440298400310e-01 7.278766585185383331e-01
7.314982145180644046e-01 7.530229399789640787e-01 7.029015888620625541e-01 7.282532846013427541e-01
7.315415865488875680e-01 7.536881988341086469e-01 7.018606601223091879e-01 7.275304661589134803e-01
7.306163165579955265e-01 7.534353823318119536e-01 7.010944209111018566e-01 7.276569251854063669e-01
7.306163165579955265e-01 7.534365972453886950e-01 7.008486460697710418e-01 7.272945244096086226e-01
7.303127123422343825e-01 7.529205981064190922e-01 6.997498879555870133e-01 7.264268476294553079e-01
7.300669375009035678e-01 7.520238376558697757e-01 6.996053145195101353e-01 7.264364649245121930e-01
7.295175584438114980e-01 7.515874935629540676e-01 6.994462837398256472e-01 7.271095113506920171e-01
7.298789920340036375e-01 7.520568919719652357e-01 7.009498474750248675e-01 7.289007617609200018e-01
7.299801934392575742e-01 7.524272750672363896e-01 7.017739160606630833e-01 7.290460097943698425e-01
7.305295724963496440e-01 7.528709474718512373e-01 7.021787216816782751e-01 7.286874714625186655e-01
7.313391837383798055e-01 7.535809934778978647e-01 7.021931790252859962e-01 7.285224660177698208e-01
7.297488759415344806e-01 7.523664021195999307e-01 7.006896152900867758e-01 7.270319154765850778e-01
7.302404256241957770e-01 7.536445132552593851e-01 7.010076768494557520e-01 7.267537703631963275e-01
7.303994564038804871e-01 7.532621867509335933e-01 7.020630629328167283e-01 7.275908801998069997e-01
7.302982549986265504e-01 7.527596961225065941e-01 7.022654657433242686e-01 7.280281797430442348e-01
7.310211221790108294e-01 7.528553363122304498e-01 7.031618210470008679e-01 7.281581488553688919e-01
7.305584871835648642e-01 7.522788103878151889e-01 7.033642238575084082e-01 7.290553547718987559e-01
7.293440703205192888e-01 7.513558981716097485e-01 7.016727146554091465e-01 7.284844159177819023e-01
7.286934898581736153e-01 7.512712857254446597e-01 7.011811649727478502e-01 7.285924846121512033e-01
7.296910465671037072e-01 7.528360486302604349e-01 7.019184894967398503e-01 7.282881991631406926e-01
7.314692998308490735e-01 7.545986741996699720e-01 7.028437594876318917e-01 7.277847257991716390e-01
7.314982145180645157e-01 7.545622609652185009e-01 7.031473637033932578e-01 7.281919151830508197e-01
7.311801529586954285e-01 7.535065894139707510e-01 7.035521693244084496e-01 7.282756621818460285e-01
7.310934088970493239e-01 7.532378557779935146e-01 7.018606601223091879e-01 7.275691800799932718e-01
7.305729445271724742e-01 7.531762342660190956e-01 7.017016293426245888e-01 7.276352148955497201e-01
7.296765892234959860e-01 7.524166111883050512e-01 7.005739565412251180e-01 7.263118133480338523e-01
7.286501178273503410e-01 7.516211282105857983e-01 6.993595396781795426e-01 7.254010851907839452e-01
7.278260492417123473e-01 7.512371770498682544e-01 6.985354710925415489e-01 7.250261891769331779e-01
7.285778311093120685e-01 7.515176931115696846e-01 6.992583382729258279e-01 7.253144457719749028e-01
7.295753878182422714e-01 7.517673438429943733e-01 7.002414376382484207e-01 7.261776432531463765e-01
7.300669375009035678e-01 7.514837201724005045e-01 7.005594991976175079e-01 7.269446420320739843e-01
7.289537220431118181e-01 7.506197368846215801e-01 7.001980656074253684e-01 7.275591177995621717e-01
7.286790325145657832e-01 7.498980832586462641e-01 7.013980251268631116e-01 7.288600637837223672e-01
7.292284115716578530e-01 7.507931083494333580e-01 7.011956223163555713e-01 7.281235378289572235e-01
7.299223640648269118e-01 7.508356242480825893e-01 7.019763188711706237e-01 7.277268797494291785e-01
7.311367809278722651e-01 7.517654243107261269e-01 7.015859705937630419e-01 7.270106223883179286e-01
7.308187193685031779e-01 7.523071039890389944e-01 6.994318263962180371e-01 7.255493668424235487e-01
7.302837976550188293e-01 7.523589523011701141e-01 6.983619829692493397e-01 7.246977471444548957e-01
7.299657360956497421e-01 7.516981046119337595e-01 6.992149662421027756e-01 7.257715576585586081e-01
7.297344185979267595e-01 7.519057904149868410e-01 7.014992265321170484e-01 7.279096183164163181e-01
7.297199612543190383e-01 7.519433850384222850e-01 7.033063944830777459e-01 7.291696751216294459e-01
7.297633332851423127e-01 7.525822452375443561e-01 7.039136029146004780e-01 7.297113428458730233e-01
7.297633332851420906e-01 7.515537873558408855e-01 7.044629819716925478e-01 7.297914000841703164e-01
7.293874423513422300e-01 7.504177075091296167e-01 7.029883329237086587e-01 7.286891694938479880e-01
7.295609304746346613e-01 7.509905224884259045e-01 7.018172880914861356e-01 7.277197016785352801e-01
7.304283710910957073e-01 7.516477470429352437e-01 7.021353496508551117e-01 7.279875950501948356e-01
7.288236059506425502e-01 7.502406313843683616e-01 7.019329468403475714e-01 7.277700955386028348e-01
7.272911275282278876e-01 7.488901265410637942e-01 7.008920181005942052e-01 7.271098343046813461e-01
7.283754282988044171e-01 7.505971664733930293e-01 7.014413971576862750e-01 7.278121093864987623e-01
7.286212031401350098e-01 7.512319362603234740e-01 7.015281412193323796e-01 7.280651577458303603e-01
7.295464731310268292e-01 7.519348696717044200e-01 7.022076363688936063e-01 7.273680649158045242e-01
7.299512787520419099e-01 7.515683745547367955e-01 7.046075554077694258e-01 7.293145153185343066e-01
7.295175584438113869e-01 7.515670086486316848e-01 7.044629819716925478e-01 7.290878118564267929e-01
7.297199612543190383e-01 7.519366667460942733e-01 7.043762379100463322e-01 7.289002703475799816e-01
7.303922277320764600e-01 7.522192334284101278e-01 7.044629819716926589e-01 7.280474669811838329e-01
7.302837976550189403e-01 7.519254145976363990e-01 7.038268588529543734e-01 7.278609595676881483e-01
7.294163570385576723e-01 7.514056772850483679e-01 7.037256574477005477e-01 7.281118413947962331e-01
7.289970940739349814e-01 7.517191846787940612e-01 7.035087972935852862e-01 7.289796341176453254e-01
7.298500773467881952e-01 7.522077309407696477e-01 7.041304630687157395e-01 7.292408970246565536e-01
7.299368214084344109e-01 7.518230424236238552e-01 7.041882924431465129e-01 7.287799835776596069e-01
7.305151151527418119e-01 7.522840674640288716e-01 7.047521288438463039e-01 7.295824657134881708e-01
7.307464326504647945e-01 7.530423993285783046e-01 7.045786407205540947e-01 7.294007920457128424e-01
7.301536815625496724e-01 7.525610785514064149e-01 7.038846882273851469e-01 7.290100174101404873e-01
7.307753473376801256e-01 7.531732957868038092e-01 7.043762379100465543e-01 7.290916570386156703e-01
7.311512382714799863e-01 7.534569005887756799e-01 7.047232141566308616e-01 7.290745091936797762e-01
7.313536410819876377e-01 7.534135428656333344e-01 7.049111596235309030e-01 7.291073657372857397e-01
7.324668565397793873e-01 7.544039364810996018e-01 7.050991050904307222e-01 7.294868135119348951e-01
7.319897642007258121e-01 7.533790833539385501e-01 7.044774393153001579e-01 7.297218680424657489e-01
7.320620509187643066e-01 7.539405568916237588e-01 7.038124015093466523e-01 7.287010736019932100e-01
7.317006173285720561e-01 7.530146820182794798e-01 7.039136029146004780e-01 7.283098474920891574e-01
7.308042620248955679e-01 7.527437055506627228e-01 7.027136433951625127e-01 7.278716808508618463e-01
7.305440298399572541e-01 7.522767502803412443e-01 7.017450013734476411e-01 7.269408908286294491e-01
7.302837976550190513e-01 7.522215050707343753e-01 7.013112810652171181e-01 7.272972015983651950e-01
7.291850395408348007e-01 7.513977328984697834e-01 7.012534516907864557e-01 7.277005229594495361e-01
7.292284115716578530e-01 7.518396000803461154e-01 7.014124824704708328e-01 7.283700615648028842e-01
7.288525206378579924e-01 7.503028527396153891e-01 7.016437999681939264e-01 7.285651055475093063e-01
7.287224045453888355e-01 7.497878152696308973e-01 7.022365510561090485e-01 7.289419771513243607e-01
7.284188003296274694e-01 7.497987239261945103e-01 7.020341482456013971e-01 7.282241345053630521e-01
7.290260087611502016e-01 7.504071773378779842e-01 7.019184894967399613e-01 7.276452798524561949e-01
7.289681793867195392e-01 7.509807566184762972e-01 7.004727551359714033e-01 7.265114032530648469e-01
7.297488759415344806e-01 7.514988842293895965e-01 7.005739565412251180e-01 7.271062094102456186e-01
7.304139137474880972e-01 7.511294469602547430e-01 7.025690699590858568e-01 7.283260022095583430e-01
7.310644942098338817e-01 7.516363886702803754e-01 7.043473232228310010e-01 7.301300197185141005e-01
7.302693403114112192e-01 7.509471144427517508e-01 7.049545316543538442e-01 7.306439271124761659e-01
7.305729445271725853e-01 7.515966738183406104e-01 7.057207708655610645e-01 7.310275235651788606e-01
7.305151151527418119e-01 7.521157599203913691e-01 7.057207708655611755e-01 7.311800323510286859e-01
7.290115514175425915e-01 7.516839255125263852e-01 7.039569749454236414e-01 7.303464298449751091e-01
7.292862409460885154e-01 7.526103519203746206e-01 7.027714727695932861e-01 7.292221662498368229e-01
7.291705821972270796e-01 7.526585023723892931e-01 7.015715132501554319e-01 7.287755638298196725e-01
7.281441108010813235e-01 7.524896760904586923e-01 7.000534921713486014e-01 7.276096929346341780e-01
7.284766297040581318e-01 7.529245092488661140e-01 7.004149257615406299e-01 7.280556271307507821e-01
7.290260087611502016e-01 7.527111319515985555e-01 7.018317454350939677e-01 7.289771259479305154e-01
7.287802339198194979e-01 7.521300672416499911e-01 7.021498069944629439e-01 7.284548227645181173e-01
7.277971345544970161e-01 7.512423339920102361e-01 7.019474041839552925e-01 7.285481643694793341e-01
7.275224450259509812e-01 7.509848973594892563e-01 7.005161271667944556e-01 7.277184648861230176e-01
7.276381037748123060e-01 7.506686220759972716e-01 7.014992265321170484e-01 7.280901298013673362e-01
7.284621723604505217e-01 7.511809866035124017e-01 7.014413971576862750e-01 7.273286694950824582e-01
7.288669779814658245e-01 7.512935352577483350e-01 7.018606601223090768e-01 7.275518660059229203e-01
7.294886437565961668e-01 7.522866968555443901e-01 7.011956223163555713e-01 7.270993383971702251e-01
7.291850395408348007e-01 7.515854345730321739e-01 7.002125229510329785e-01 7.264465410518028410e-01
7.299512787520420209e-01 7.521090145171061003e-01 7.007619020081250483e-01 7.272445515390925097e-01
7.302548829678034981e-01 7.521589950416061043e-01 7.015136838757246585e-01 7.277482466749927159e-01
7.309922074917956092e-01 7.525386720836764187e-01 7.020775202764244494e-01 7.292232713706712222e-01
7.306741459324266330e-01 7.525466050435507537e-01 7.012823663780016759e-01 7.289298163213893123e-01
7.294452717257731145e-01 7.511627739796851166e-01 7.012534516907863447e-01 7.290736969421928171e-01
7.294163570385576723e-01 7.507641773063686852e-01 7.013401957524324493e-01 7.287863588891823063e-01
7.294018996949501732e-01 7.508722556371856260e-01 7.011811649727479612e-01 7.282896024110045996e-01
7.291416675100117484e-01 7.505826061269799121e-01 7.014124824704708328e-01 7.284205207583915875e-01
7.292284115716578530e-01 7.508707927232454171e-01 7.008341887261635428e-01 7.278900657267339813e-01
7.295175584438113869e-01 7.518933707714587911e-01 7.013835677832556126e-01 7.284282611363893656e-01
7.305295724963494219e-01 7.530018872613490899e-01 7.017160866862324209e-01 7.281658891452094107e-01
7.298500773467884173e-01 7.523394074288490829e-01 7.014703118449014951e-01 7.281300710804009535e-01
7.288958926686811557e-01 7.518830946236727542e-01 7.016148852809784842e-01 7.284365017925596986e-01
7.286212031401350098e-01 7.515800987216134654e-01 7.024678685538319201e-01 7.289798960133225814e-01
7.293151556333039576e-01 7.524628548812584139e-01 7.030461622981394321e-01 7.294197344570996222e-01
7.290982954791886961e-01 7.517136622298082882e-01 7.044485246280848267e-01 7.308947886928122140e-01
7.287946912634273300e-01 7.511196508806168293e-01 7.032919371394699137e-01 7.301718707904283345e-01
7.288669779814657135e-01 7.504581728555165254e-01 7.022799230869319898e-01 7.296396638562349102e-01
7.293006982896963475e-01 7.508008844604611154e-01 7.014847691885092162e-01 7.286977183325589191e-01
7.303127123422343825e-01 7.517061037347376740e-01 7.005594991976175079e-01 7.280841303895744243e-01
7.298067053159651429e-01 7.511839236082835658e-01 6.995763998322948041e-01 7.276107011956522985e-01
7.289826367303271493e-01 7.506488671720363826e-01 6.996197718631178564e-01 7.279057000147547418e-01
7.286212031401351208e-01 7.508441591441155083e-01 7.011233355983170767e-01 7.294594472017787989e-01
7.284332576732350795e-01 7.508443685785960442e-01 7.013691104396478915e-01 7.294915592780685243e-01
7.290982954791885851e-01 7.512568191675912388e-01 7.008486460697711529e-01 7.291263089698709621e-01
7.306163165579956376e-01 7.529294714543713907e-01 7.005594991976176189e-01 7.279177167911647928e-01
7.312524396767337009e-01 7.539485014627156367e-01 7.013112810652171181e-01 7.282569898730866242e-01
7.317295320157873872e-01 7.541588667266594381e-01 7.015715132501554319e-01 7.277951187968249025e-01
7.315126718616720147e-01 7.531182263441538183e-01 7.024244965230087567e-01 7.285398554377553459e-01
7.308620913993262302e-01 7.522842193731160698e-01 7.022799230869318787e-01 7.291054276286341729e-01
7.307898046812878468e-01 7.522273034845550210e-01 7.018028307478784145e-01 7.283220947930513223e-01
7.298356200031805852e-01 7.510734511474969066e-01 7.022943804305397109e-01 7.286083426819339737e-01
7.298500773467883063e-01 7.503566728125383722e-01 7.028726741748471118e-01 7.291676079901714402e-01
7.299801934392575742e-01 7.504450029460614235e-01 7.029160462056701641e-01 7.296674223032586504e-01
7.300813948445112889e-01 7.504251686491401063e-01 7.029883329237085476e-01 7.296932061805310177e-01
7.290549234483656438e-01 7.498720323379524100e-01 7.013257384088247282e-01 7.287522076482303435e-01
7.289103500122886548e-01 7.501414243393181858e-01 7.011956223163555713e-01 7.284729306255732784e-01
7.287657765762118878e-01 7.495975314474332407e-01 7.011305642701211038e-01 7.283754288537249710e-01
7.291994968844425218e-01 7.502002481893237373e-01 7.012389943471787346e-01 7.283973710806945778e-01
7.287513192326040556e-01 7.505468494919912414e-01 7.002269802946406996e-01 7.278226821825251047e-01
7.288380632942503823e-01 7.513348424668072623e-01 6.997498879555870133e-01 7.282944091976343293e-01
7.283320562679813648e-01 7.508508561973870066e-01 7.000534921713486014e-01 7.278398020479446284e-01
7.281585681446890446e-01 7.492146217867534652e-01 7.004293831051482400e-01 7.285304286032179277e-01
7.287079472017812254e-01 7.493482927734649301e-01 7.004004684179330198e-01 7.282422278040365793e-01
7.280139947086122776e-01 7.490866925655296216e-01 6.998510893608408390e-01 7.277203152708319189e-01
7.295898451618498814e-01 7.510850611153971901e-01 7.008052740389482116e-01 7.283992705137529722e-01
7.306018592143880275e-01 7.524567126273394857e-01 7.013401957524325603e-01 7.282205174466152009e-01
7.301247668753343412e-01 7.522112464674526322e-01 7.016437999681938154e-01 7.289608279638085664e-01
7.295898451618501035e-01 7.507400120651943620e-01 7.019474041839551814e-01 7.299715949948997196e-01
7.293006982896962365e-01 7.501557645492188398e-01 7.009498474750249786e-01 7.289181427158334392e-01
7.281730254882968767e-01 7.494126020134543875e-01 7.010365915366709721e-01 7.289981906336098216e-01
7.280718240830430510e-01 7.492956045267329390e-01 7.012679090343940658e-01 7.292859020049143881e-01
7.278115918981045152e-01 7.494188509148498323e-01 7.016582573118015365e-01 7.300765511666748031e-01
7.284910870476658529e-01 7.503004006204070375e-01 6.993450823345719325e-01 7.286938912389607781e-01
7.287657765762118878e-01 7.499587192363728061e-01 6.985788431233646012e-01 7.286589066484878696e-01
7.290693807919732539e-01 7.505152565295426514e-01 6.983330682820337865e-01 7.288599165939090296e-01
7.294741864129884457e-01 7.509153944510418288e-01 6.995619424886869719e-01 7.289422126556091008e-01
7.303994564038803761e-01 7.517960153331576523e-01 7.001402362329945950e-01 7.283788922862005633e-01
7.306596885888185788e-01 7.525966408772628569e-01 6.999956627969177170e-01 7.277762602637447564e-01
7.303416270294497137e-01 7.523740076501109764e-01 6.999812054533101069e-01 7.273462552978099405e-01
7.293006982896962365e-01 7.514067896116241041e-01 6.995619424886870830e-01 7.268317692790232654e-01
