8.587009256923285871e-01 8.939414041827682400e-01 8.703060412583204508e-01 8.954342873588472251e-01
8.587591453356362425e-01 8.938969177196244287e-01 8.717033126977042912e-01 8.964416993676810330e-01
8.617671602398648822e-01 8.956524191607102559e-01 8.748859865318558970e-01 8.988287032227934015e-01
8.628733334627103346e-01 8.961413170532086525e-01 8.780686603660072809e-01 9.008668087548783454e-01
8.647363620485550850e-01 8.979663295253785815e-01 8.807079508626211028e-01 9.025061829765377297e-01
8.649498340740164881e-01 8.984077660555694900e-01 8.814065865823128565e-01 9.026277956710411221e-01
8.646587358574782112e-01 8.985478341959100002e-01 8.824157270663123276e-01 9.031388213161258838e-01
8.654932174115546051e-01 8.991283075740321706e-01 8.839682508878494716e-01 9.042016817442997123e-01
8.664053251567079839e-01 8.998534696127059584e-01 8.847639193463874285e-01 9.047438621337431375e-01
8.694133400609365125e-01 9.019535714551407679e-01 8.877913407983852867e-01 9.066423104589375059e-01
8.717227192454735096e-01 9.037462583997819543e-01 8.899842806963069730e-01 9.079512230090769354e-01
8.720332240097807830e-01 9.045740074697945499e-01 8.896349628364609297e-01 9.076844048807402032e-01
8.721496632963962048e-01 9.048571936897522594e-01 8.914591783267674652e-01 9.090055425281928780e-01
8.722855091307807340e-01 9.049816315896130892e-01 8.934386461992276374e-01 9.101233471064544833e-01
8.741485377166257065e-01 9.056331450240940883e-01 8.963884414601486217e-01 9.121918541261010427e-01
8.751382716528557371e-01 9.067447905051215784e-01 8.984261289759164493e-01 9.138652882420607027e-01
8.742261639077024693e-01 9.064800591308643796e-01 9.002891575617613107e-01 9.155326908253264007e-01
8.750024258184712078e-01 9.065200914736366578e-01 9.025985367462981968e-01 9.170222603368278769e-01
8.754487764171632325e-01 9.060989084768102941e-01 9.017640551922218028e-01 9.162495646013218975e-01
8.771953657163926721e-01 9.075715436362490340e-01 9.017252420966833659e-01 9.159003411196570132e-01
8.770983329775466908e-01 9.080837933854577493e-01 9.003279706572996366e-01 9.146230017431207227e-01
8.772341788119311090e-01 9.084436720346902305e-01 9.010266063769916123e-01 9.153131033711405795e-01
8.763608841623163892e-01 9.081494576671030883e-01 9.013371111412991077e-01 9.154073337961359247e-01
8.756040287993168691e-01 9.070773408375986113e-01 9.033553921092976058e-01 9.162835105307548522e-01
8.739350656911641924e-01 9.058719052174177833e-01 9.024238778163753416e-01 9.155189615415548765e-01
8.733528692580876385e-01 9.059639297208370579e-01 9.025403171029905414e-01 9.158691547749643336e-01
8.713539948378582478e-01 9.046040427867143574e-01 9.017058355489140364e-01 9.152287818152576859e-01
8.716644996021656322e-01 9.045250887290831043e-01 9.002115313706844368e-01 9.142184310360872423e-01
8.709270507869355527e-01 9.037774762871005896e-01 9.001339051796074520e-01 9.143825148167157302e-01
8.711599293601660632e-01 9.041816088784446759e-01 9.008325408992994277e-01 9.149898355377387160e-01
8.730423644937801431e-01 9.050072056587633584e-01 9.012400784024530154e-01 9.153438650482936811e-01
8.725377942517804630e-01 9.049046341616343581e-01 9.027537891284518334e-01 9.166252966547915326e-01
8.710823031690891893e-01 9.040686070095443894e-01 9.040734343767587999e-01 9.174584502791742757e-01
8.704807001882435280e-01 9.032189543265711773e-01 9.042480933066816551e-01 9.175063340584079796e-01
8.711793359079352816e-01 9.037306999232908034e-01 9.031419200838362027e-01 9.160684833039924868e-01
8.741679442643948139e-01 9.051956560091312110e-01 9.033553921092976058e-01 9.156644311144008785e-01
8.741097246210870475e-01 9.055419731425707885e-01 9.045197849754508246e-01 9.166739767443030651e-01
8.764579169011624815e-01 9.072149477909101645e-01 9.007258048865687261e-01 9.139190231191134384e-01
8.778940014360845367e-01 9.083333265273932922e-01 8.975722408740708369e-01 9.116421476817493375e-01
8.762056317801626415e-01 9.071103103274276158e-01 8.973781753963787633e-01 9.116819454579312421e-01
8.734110889013952939e-01 9.061523583508579449e-01 8.978633390906092249e-01 9.121881140795637943e-01
8.723437287740883894e-01 9.052179601587762026e-01 8.990277319567623326e-01 9.129821974192483536e-01
8.709658638824739896e-01 9.051600831583388462e-01 8.998428069630693971e-01 9.139709124438938348e-01
8.711987424557045001e-01 9.053341230541648299e-01 8.984649420714547752e-01 9.127425692575229510e-01
8.704418870927049801e-01 9.037660701570811028e-01 8.972229230142250156e-01 9.118991080441328778e-01
8.702672281627821249e-01 9.031234358280095798e-01 8.978245259950706769e-01 9.125759994300656208e-01
8.701701954239360326e-01 9.023508220819255188e-01 8.973393623008403264e-01 9.121547274092669522e-01
8.709852704302432080e-01 9.029043831600886971e-01 8.965242872945331509e-01 9.110646273701599185e-01
8.690058025577829248e-01 9.019480569966895622e-01 8.976498670651478218e-01 9.117399550759770488e-01
8.704030739971665431e-01 9.032078196209102350e-01 8.989306992179160183e-01 9.128823970537323085e-01
8.707523918570124755e-01 9.046365396835596151e-01 9.003473772050689661e-01 9.134402110637457328e-01
8.707523918570125865e-01 9.050063881415948419e-01 9.006384754216072430e-01 9.137166997557920611e-01
8.714704341244736696e-01 9.053147092319950850e-01 9.019581206699139875e-01 9.145887543156220323e-01
8.719361912709348017e-01 9.052099710348269213e-01 9.002697510139920922e-01 9.133668382554467335e-01
8.720526305575501125e-01 9.049952077113757598e-01 8.992412039822236247e-01 9.127587389185418676e-01
8.710046769780123155e-01 9.044539322358831068e-01 8.993188301733004986e-01 9.133283154949927152e-01
8.714898406722427771e-01 9.045720010661220112e-01 9.010848260202992677e-01 9.147147015818728466e-01
8.714316210289350106e-01 9.046231589199930090e-01 9.003861903006072920e-01 9.140302417266146229e-01
8.715868734110889804e-01 9.038630396328297678e-01 8.995517087465310091e-01 9.135161598902451496e-01
8.707523918570125865e-01 9.037264263401739717e-01 8.975722408740708369e-01 9.119386452858464498e-01
8.707329853092433680e-01 9.040384482517626052e-01 8.955151468105339019e-01 9.103082246637581587e-01
8.709076442391663342e-01 9.044629353990969456e-01 8.974752081352248556e-01 9.119791469886225910e-01
8.713345882900890293e-01 9.047047799070535579e-01 8.995128956509926832e-01 9.135047901448636321e-01
8.731588037803953428e-01 9.062108547251562785e-01 9.015117700712220739e-01 9.153456436002538332e-01
8.738768460478565370e-01 9.066926395224365054e-01 9.000174658929922522e-01 9.142450723363668708e-01
8.736439674746260264e-01 9.063404243651342895e-01 8.984067224281472308e-01 9.132670286623083555e-01
8.731588037803954538e-01 9.055998711466091144e-01 8.985619748103009785e-01 9.129195817201505303e-01
8.736439674746259154e-01 9.061275259165254559e-01 9.007549147082224428e-01 9.139372363326875304e-01
8.736051543790874785e-01 9.059328191037284705e-01 9.013371111412991077e-01 9.142224873550434117e-01
8.717421257932426171e-01 9.047423560155849476e-01 9.006384754216072430e-01 9.139691110869171409e-01
8.716256865066271953e-01 9.050138607771658350e-01 8.971064837276095938e-01 9.119110872007096802e-01
8.731199906848570169e-01 9.064016562045915659e-01 8.954957402627646834e-01 9.106752479579172110e-01
8.734499019969336198e-01 9.061603583255373184e-01 8.952628616895340619e-01 9.102909186097204453e-01
8.739544722389334108e-01 9.065711431153086197e-01 8.980962176638397354e-01 9.125257287529936479e-01
8.737215936657027893e-01 9.065121362553929529e-01 8.985813813580701970e-01 9.128879281880641905e-01
8.737798133090104447e-01 9.061712371941219590e-01 8.986978206446855078e-01 9.122769400558872199e-01
8.739156591433948629e-01 9.061368293226041981e-01 8.980768111160706280e-01 9.119995441080135379e-01
8.735857478313182600e-01 9.058696023874576175e-01 8.986007879058394154e-01 9.127773441872116811e-01
8.726542335383957738e-01 9.051093895794097843e-01 8.995128956509925722e-01 9.135764145710534301e-01
8.721302567486268753e-01 9.049132733249245497e-01 8.996099283898386645e-01 9.138150634812868267e-01
8.723825418696268263e-01 9.058894615201367184e-01 9.001727182751458889e-01 9.141829266145686805e-01
8.736439674746260264e-01 9.067198285292770166e-01 8.993964563643773724e-01 9.132996136154361011e-01
8.751576782006248445e-01 9.074993855246850094e-01 8.991053581478389845e-01 9.128792330450989922e-01
8.766131692833161182e-01 9.082917148442963828e-01 8.992800170777619506e-01 9.123863511088218248e-01
8.745366686720098537e-01 9.073739534179879884e-01 9.003085641095305292e-01 9.132811752163608743e-01
8.726154204428574479e-01 9.059902844141721756e-01 9.004832230394533843e-01 9.139919973098433736e-01
8.705001067360126354e-01 9.047401966929679018e-01 9.017446486444526954e-01 9.159947260718844797e-01
8.707135787614740385e-01 9.046197777719804378e-01 9.010848260202992677e-01 9.153767639375547382e-01
8.719750043664732386e-01 9.049574454999219641e-01 9.017446486444525844e-01 9.152942446069727289e-01
8.712763686467814850e-01 9.042536323906484874e-01 8.999786527974538153e-01 9.140198223530278110e-01
8.717421257932426171e-01 9.043566315387145949e-01 8.996293349376079940e-01 9.132329681300852542e-01
8.729453317549340507e-01 9.051954372825627981e-01 9.015699897145296182e-01 9.148189514726252636e-01
8.740126918822410662e-01 9.060533312401691797e-01 9.017640551922218028e-01 9.151196203980911381e-01
8.749636127229326599e-01 9.066527141942757329e-01 8.994934891032233537e-01 9.133423622222367477e-01
8.760503793980088938e-01 9.077353852769052267e-01 8.998816200586078340e-01 9.138566227911343320e-01
8.763608841623162782e-01 9.083922104973711775e-01 9.004832230394534953e-01 9.140590614422674509e-01
8.780492538182381734e-01 9.093932559535128357e-01 9.032389528226822950e-01 9.158556990259349995e-01
8.769430805953928321e-01 9.081027609654717114e-01 9.016864290011449290e-01 9.142538639185856519e-01
8.746337014108559460e-01 9.063006742680972394e-01 8.997845873197616307e-01 9.131023037514010010e-01
8.738768460478565370e-01 9.064019698616074816e-01 8.988918861223775814e-01 9.124894310598473668e-01
8.738768460478565370e-01 9.066022059732350424e-01 8.999010266063769414e-01 9.132765237190212382e-01
8.727318597294727587e-01 9.061438802719301577e-01 8.999980593452230337e-01 9.133430516316257686e-01
8.727706728250110846e-01 9.059142245641679247e-01 8.992800170777620616e-01 9.130678726139118684e-01
8.727318597294727587e-01 9.052543694877563940e-01 8.989501057656853478e-01 9.129478858998557600e-01
8.733334627103185310e-01 9.052455147426655691e-01 8.995711152943003386e-01 9.135994671364539021e-01
8.753129305827785922e-01 9.070664654102711388e-01 9.008713539948378646e-01 9.144611901154884315e-01
8.760309728502396753e-01 9.076396074113638468e-01 9.024626909119136675e-01 9.152051806425529623e-01
8.752158978439324999e-01 9.068782887574688978e-01 9.031807331793746396e-01 9.159440038866346612e-01
8.752741174872402663e-01 9.068849877082442168e-01 9.025791301985288673e-01 9.151840497540482122e-01
8.742067573599332508e-01 9.057821154615147696e-01 9.005414426827611507e-01 9.132679321529008076e-01
8.734693085447029492e-01 9.054943426428139208e-01 8.992217974344544063e-01 9.125875153907464510e-01
8.745754817675482906e-01 9.067393413129243296e-01 8.991247646956083139e-01 9.127346956522093269e-01
8.747501406974712568e-01 9.067774649379685137e-01 9.010266063769916123e-01 9.141314826477029420e-01
8.735081216402413862e-01 9.060879228889797687e-01 9.025597236507598708e-01 9.156118758473544839e-01
8.749053930796251155e-01 9.073975336922883717e-01 9.022880319819907013e-01 9.152248028732642426e-01
8.750024258184710968e-01 9.072960353661554400e-01 9.040928409245280184e-01 9.165508686396559579e-01
8.752741174872402663e-01 9.074160875066928922e-01 9.039569950901433781e-01 9.159041604486510835e-01
8.743620097420869985e-01 9.067082434245956613e-01 9.048885093830657533e-01 9.160697921418371470e-01
8.740709115255487216e-01 9.064330485252605207e-01 9.050825748607580490e-01 9.161601877758546175e-01
8.746531079586251645e-01 9.071208313821526037e-01 9.028508218672980368e-01 9.142995960199240546e-01
8.749830192707018783e-01 9.070589592179867378e-01 9.008907605426070830e-01 9.132872104008691316e-01
8.735081216402413862e-01 9.063126551302765899e-01 9.001727182751461109e-01 9.133747610341560463e-01
8.742455704554715767e-01 9.070767356097699796e-01 9.014535504279143074e-01 9.145745050939232401e-01
8.744784490287021983e-01 9.069857214505915310e-01 9.010848260202992677e-01 9.141149379162523125e-01
8.749247996273943340e-01 9.069658076939155489e-01 8.991247646956083139e-01 9.123187513062605003e-01
8.750606454617788632e-01 9.070436997766275766e-01 9.004055968483766215e-01 9.132820478288060650e-01
8.742067573599331398e-01 9.065173869853691002e-01 8.995711152943003386e-01 9.125983586800068270e-01
8.742261639077024693e-01 9.064687624343092942e-01 9.000756855363000186e-01 9.126950103435345074e-01
8.733140561625492015e-01 9.062404357835087687e-01 9.024626909119136675e-01 9.142536149844755489e-01
8.741873508121639214e-01 9.070481686099798324e-01 9.034330183003744796e-01 9.148023953080564041e-01
8.745560752197791832e-01 9.076043609423021241e-01 9.030837004405286583e-01 9.144921174142195408e-01
8.754099633216246845e-01 9.077512129450228118e-01 9.021715926953753906e-01 9.139101223599301882e-01
8.749636127229326599e-01 9.076200220367615090e-01 9.010654194725300492e-01 9.134934726448007414e-01
8.740320984300101737e-01 9.072170396967879080e-01 9.023074385297599198e-01 9.145309609658011096e-01
8.732558365192416572e-01 9.065447350814606065e-01 9.035494575869897904e-01 9.154316989668982441e-01
8.722272894874730786e-01 9.058299740083244345e-01 9.043645325932970769e-01 9.157728781068714685e-01
8.734693085447029492e-01 9.058026687004250288e-01 9.039764016379125966e-01 9.153383417989970905e-01
8.750218323662403153e-01 9.069514892999246403e-01 9.037241165169127566e-01 9.148872394369138572e-01
8.758757204680860387e-01 9.071505316127006502e-01 9.031419200838363137e-01 9.147604705251762836e-01
8.747113276019328199e-01 9.070756463369411549e-01 9.037047099691435381e-01 9.157932236067516385e-01
8.752741174872401553e-01 9.072593704355005340e-01 9.048691028352966459e-01 9.168592088262403905e-01
8.744590424809329798e-01 9.065004328854968652e-01 9.045780046187582579e-01 9.165286467982103336e-01
8.752353043917017184e-01 9.073790763545581672e-01 9.046362242620660243e-01 9.165947485549318374e-01
8.754099633216246845e-01 9.076673212546375602e-01 9.031613266316054212e-01 9.153067311260296712e-01
8.776999359583923521e-01 9.086556331870692116e-01 9.035494575869897904e-01 9.152832914727109248e-01
8.778940014360845367e-01 9.089310313335643432e-01 9.028702284150672552e-01 9.149185598772026085e-01
8.776805294106231337e-01 9.093428998301000821e-01 9.028120087717595998e-01 9.151808654431077272e-01
8.763996972578547151e-01 9.085420505120649359e-01 9.031807331793746396e-01 9.157986871592287415e-01
8.759339401113935830e-01 9.076098004684225451e-01 9.012594849502222338e-01 9.140617431271784721e-01
8.760697859457781123e-01 9.075427914208452629e-01 9.027149760329135075e-01 9.149553819040159297e-01
8.752547109394709368e-01 9.069493154247645350e-01 9.030060742494518955e-01 9.153250061218235478e-01
8.763608841623162782e-01 9.076367545978669682e-01 9.040734343767587999e-01 9.161722738962885249e-01
8.762638514234702969e-01 9.081692867041388784e-01 9.039181819946049412e-01 9.162556686650396021e-01
8.755652157037785432e-01 9.075448179061996745e-01 9.019193075743755506e-01 9.147023246511420957e-01
8.763026645190087338e-01 9.082733597454490937e-01 9.019387141221448800e-01 9.142785627199703224e-01
8.775446835762386044e-01 9.090866362772817011e-01 9.040928409245280184e-01 9.161113403084673035e-01
8.758563139203167092e-01 9.084673065613381171e-01 9.053930796250655444e-01 9.170823035320101457e-01
8.761862252323933120e-01 9.084881426733091292e-01 9.055483320072191811e-01 9.170922730814822232e-01
8.767684216654698659e-01 9.085044345803092725e-01 9.060140891536804242e-01 9.174554022521768104e-01
8.763026645190086228e-01 9.081276372738149583e-01 9.061887480836033903e-01 9.175036710912765070e-01
8.757980942770090538e-01 9.082098989747322548e-01 9.063245939179879196e-01 9.176671183983542424e-01
8.771565526208542352e-01 9.094205095143529372e-01 9.073919540452948240e-01 9.186879859900294321e-01
8.772147722641618905e-01 9.092176921122383515e-01 9.056647712938344918e-01 9.177515307800199196e-01
8.767684216654698659e-01 9.082407920746666807e-01 9.038405558035280674e-01 9.162810260342203472e-01
8.768072347610083028e-01 9.088885277504198390e-01 9.038599623512971748e-01 9.159506098604381918e-01
8.768072347610084138e-01 9.089804270174385303e-01 9.049079159308350828e-01 9.165281837474865689e-01
8.780880669137768324e-01 9.098098507147556191e-01 9.061887480836033903e-01 9.177653074885383511e-01
8.782045062003919211e-01 9.097539322809187201e-01 9.042869064022202030e-01 9.162322963206156468e-01
8.777387490539307890e-01 9.092042688853962940e-01 9.049661355741427382e-01 9.165378014377012494e-01
8.762250383279317489e-01 9.085731136593353519e-01 9.054512992683730888e-01 9.168713301155982931e-01
8.765355430922392443e-01 9.090380292515547467e-01 9.053154534339885595e-01 9.168573679544350652e-01
8.789613615633914412e-01 9.105813270616220922e-01 9.050631683129888305e-01 9.169198704964161006e-01
8.793300859710067030e-01 9.101192082494221625e-01 9.038211492557588489e-01 9.159813092518331867e-01
8.783985716780841058e-01 9.092411491478675778e-01 9.039569950901434892e-01 9.158814486397524046e-01
8.773700246463156383e-01 9.083756724161317075e-01 9.044809718799121656e-01 9.166109941217696067e-01
8.763608841623163892e-01 9.084350910367509080e-01 9.056259581982959439e-01 9.173591783809056377e-01
8.777775621494691149e-01 9.094730822443788387e-01 9.048108831919888795e-01 9.167304304256178593e-01
8.809020163403132875e-01 9.114194864571515398e-01 9.045974111665275874e-01 9.164082873585054356e-01
8.812513342001589978e-01 9.115778100585526511e-01 9.040346212812202520e-01 9.160168675613340472e-01
8.791360204933144074e-01 9.098641082024709892e-01 9.032001397271439691e-01 9.155717594618393296e-01
8.780492538182381734e-01 9.091884729697106149e-01 9.029866677016825660e-01 9.156618132777725183e-01
8.770595198820081428e-01 9.087619298603213380e-01 9.041316540200663443e-01 9.166649769507364542e-01
8.775640901240078229e-01 9.092073364884564191e-01 9.059364629626035503e-01 9.175662982960046676e-01
8.787090764423916012e-01 9.095002189800061032e-01 9.069067903510644735e-01 9.182220968320424781e-01
8.790195812066990966e-01 9.094548766474768176e-01 9.075666129752179012e-01 9.189657734951334200e-01
8.781268800093151583e-01 9.087653184174705467e-01 9.072367016631410763e-01 9.194216382368024520e-01
8.782627258436996875e-01 9.094640887844125388e-01 9.065380659434493227e-01 9.188476628312263195e-01
8.780298472704689550e-01 9.092770139161576726e-01 9.073337344019871686e-01 9.190455743256735754e-01
8.783209454870073429e-01 9.096724064240324648e-01 9.083428748859865287e-01 9.195043207922167783e-01
8.783403520347765614e-01 9.094987311828048870e-01 9.079353373828329410e-01 9.191548392538093637e-01
8.781074734615458288e-01 9.091342549350074353e-01 9.055677385549883995e-01 9.173235651142301883e-01
8.774864639329309490e-01 9.082646075504496874e-01 9.045585980709891505e-01 9.168416521218148985e-01
8.783791651303149983e-01 9.092067439892361769e-01 9.046168177142968059e-01 9.169062866266446399e-01
8.796405907353140874e-01 9.104820506484966325e-01 9.060140891536804242e-01 9.179050823631198508e-01
8.795435579964679951e-01 9.109140384125568035e-01 9.103417493062158083e-01 9.214875490377688605e-01
8.800287216906984566e-01 9.109046868452230772e-01 9.098177725164471319e-01 9.213175269438222958e-01
8.792330532321604997e-01 9.101797541323560781e-01 9.067321314211413963e-01 9.187153859634109576e-01
8.781850996526227027e-01 9.092669882337482967e-01 9.058976498670651134e-01 9.179256685348831102e-01
8.783791651303149983e-01 9.097037920264057220e-01 9.053348599817578890e-01 9.168867576024398724e-01
8.785344175124686350e-01 9.101747519558905930e-01 9.061111218925265165e-01 9.174935512606656740e-01
