8.465136136932601696e-01 8.780327463332751048e-01 8.568573036542529442e-01 8.835202013920938624e-01
8.499485726484115045e-01 8.809502473496111374e-01 8.598070989151740395e-01 8.856764734608526535e-01
8.528013351704866185e-01 8.830268236934357695e-01 8.615536882144034792e-01 8.866659279183169984e-01
8.546255506607929320e-01 8.845740920478156744e-01 8.643676376409401563e-01 8.889700783289046226e-01
8.590114304566360826e-01 8.880786908295765780e-01 8.672980263540919221e-01 8.908502291942547169e-01
8.612043703545575468e-01 8.897295366079519541e-01 8.684624192202448079e-01 8.919822502552305910e-01
8.618059733354033192e-01 8.903870449514645902e-01 8.689281763667060510e-01 8.922852366184883532e-01
8.639989132333247834e-01 8.923931835553454706e-01 8.696656251819363526e-01 8.929448266244832677e-01
8.650468668128625804e-01 8.932778514687765847e-01 8.697432513730132264e-01 8.929903870423722134e-01
8.674726852840147773e-01 8.952319711761044241e-01 8.699373168507054110e-01 8.935148148344337349e-01
8.700925692328591587e-01 8.970731783158436556e-01 8.707329853092433680e-01 8.936325004221634671e-01
8.715674668633196509e-01 8.980616118949904525e-01 8.706941722137049311e-01 8.936720052247200119e-01
8.715092472200119955e-01 8.978985485834181102e-01 8.691416483921675651e-01 8.920565681167644811e-01
8.718585650798578168e-01 8.983893268819199696e-01 8.670457412330919711e-01 8.900587395178507499e-01
8.718197519843193799e-01 8.985695783490941224e-01 8.677443769527837247e-01 8.901493701931255664e-01
8.718585650798579278e-01 8.983040020439359008e-01 8.677443769527838358e-01 8.901396570231733252e-01
8.731782103281647833e-01 8.995068773078611635e-01 8.683459799336294971e-01 8.904457857880561100e-01
8.735081216402413862e-01 8.997622719180360384e-01 8.682683537425527343e-01 8.900435840771993012e-01
8.743620097420869985e-01 9.004870394967197100e-01 8.692969007743212018e-01 8.903705192767731313e-01
8.752935240350093737e-01 9.010003025004960087e-01 8.692192745832443279e-01 8.903963626310511525e-01
8.773894311940848567e-01 9.028893005282671025e-01 8.705777329270895093e-01 8.910191600281539559e-01
8.784179782258534352e-01 9.038654357348392399e-01 8.716839061499350727e-01 8.917483013276308323e-01
8.779134079838537552e-01 9.034948577234276357e-01 8.748277668885481306e-01 8.934304915735320485e-01
8.795629645442372135e-01 9.045835577954239870e-01 8.762638514234701859e-01 8.940981048029166267e-01
8.805526984804673551e-01 9.056083940233938812e-01 8.783015389392381245e-01 8.952486546748420482e-01
8.791360204933145184e-01 9.044884455350805652e-01 8.768266413087775213e-01 8.942848435444057387e-01
8.793106794232373735e-01 9.047659846786856308e-01 8.755069960604708879e-01 8.937257818389598985e-01
8.788061091812376935e-01 9.043627331497988697e-01 8.740126918822411772e-01 8.932413403585162115e-01
8.779328145316229737e-01 9.037793730263724568e-01 8.736245609268566970e-01 8.931507230888302562e-01
8.782239127481612506e-01 9.043077745766239239e-01 8.741291311688563770e-01 8.930921734610361984e-01
8.784567913213918722e-01 9.039633933611944672e-01 8.731199906848570169e-01 8.920822781313747507e-01
8.791554270410837368e-01 9.039990028027726776e-01 8.720526305575501125e-01 8.910803366552213500e-01
8.799316889518523643e-01 9.041694041374511714e-01 8.688699567233985066e-01 8.887702344672145927e-01
8.775058704807001675e-01 9.021561094941230596e-01 8.677831900483221617e-01 8.882017839272710047e-01
8.750800520095480817e-01 9.008265839280957810e-01 8.683071668380912822e-01 8.885466022920082141e-01
8.762250383279318600e-01 9.020869444158265971e-01 8.693551204176288572e-01 8.901650584787754728e-01
8.767102020221623215e-01 9.032068629471929899e-01 8.719555978187041312e-01 8.921296111712173627e-01
8.778940014360845367e-01 9.043052596826430811e-01 8.726542335383958848e-01 8.924913141655779203e-01
8.780298472704690660e-01 9.042302751697443020e-01 8.718003454365502725e-01 8.910738309068311214e-01
8.772341788119309980e-01 9.038248120825882470e-01 8.714122144811660142e-01 8.905189153946718728e-01
8.775058704807001675e-01 9.043561611527926036e-01 8.711793359079353927e-01 8.908227467604895589e-01
8.789807681111607707e-01 9.055036552428754604e-01 8.698790972073978667e-01 8.895069330169204092e-01
8.807273574103903213e-01 9.067502816315220482e-01 8.712181490034738296e-01 8.905510976660373501e-01
8.812707407479284383e-01 9.071741121543965836e-01 8.720914436530884384e-01 8.913242323595192973e-01
8.815230258689281673e-01 9.073175335381509221e-01 8.716256865066273063e-01 8.908248349840521829e-01
8.801257544295445490e-01 9.061924193023874752e-01 8.718779716276271463e-01 8.912940136907142596e-01
8.790389877544684261e-01 9.048386019967269434e-01 8.711793359079353927e-01 8.911586945174704288e-01
8.780880669137767214e-01 9.042973721949659760e-01 8.723437287740883894e-01 8.919836282118726034e-01
8.786896698946224937e-01 9.051021353861228302e-01 8.718585650798580389e-01 8.915933079696480856e-01
8.789031419200838968e-01 9.049627227416071618e-01 8.691416483921674541e-01 8.891541869123480435e-01
8.789031419200838968e-01 9.051184369646889660e-01 8.695297793475518233e-01 8.892681317892840998e-01
8.800675347862368936e-01 9.059219338998238946e-01 8.717809388887810540e-01 8.900690286598653689e-01
8.800093151429293492e-01 9.056704826384395224e-01 8.734304954491647344e-01 8.917188664585528057e-01
8.805138853849289182e-01 9.056174176173603652e-01 8.725377942517805741e-01 8.913224943798003785e-01
8.803004133594675151e-01 9.054699126073596505e-01 8.717227192454733986e-01 8.907469266540339881e-01
8.790195812066992076e-01 9.050768434146343466e-01 8.716256865066274173e-01 8.909796257740001391e-01
8.779910341749306291e-01 9.043153865356289289e-01 8.711405228123968447e-01 8.902259626666952919e-01
8.772729919074696570e-01 9.036348544872183641e-01 8.710628966213199709e-01 8.906060541075506709e-01
8.768363445826620195e-01 9.032723585972698421e-01 8.711211162646277373e-01 8.913399844589510179e-01
8.781074734615459398e-01 9.038690083551629284e-01 8.695879989908594787e-01 8.904821541360006254e-01
8.798928758563139274e-01 9.050249683541057300e-01 8.693357138698596387e-01 8.902986771262570986e-01
8.783985716780842168e-01 9.039270486947483807e-01 8.720526305575502235e-01 8.918841593312961669e-01
8.789807681111607707e-01 9.043768368682594261e-01 8.732558365192415462e-01 8.923656836708024898e-01
8.783403520347765614e-01 9.036731684087560001e-01 8.716062799588579768e-01 8.903806034564942795e-01
8.774282442896232936e-01 9.028901394116789492e-01 8.698985037551669741e-01 8.888716709983015551e-01
8.775058704807001675e-01 9.033118983335961527e-01 8.684818257680141373e-01 8.882554754344634818e-01
8.782821323914689060e-01 9.040404552670709970e-01 8.696656251819363526e-01 8.891165600329815621e-01
8.791360204933145184e-01 9.045692010416396256e-01 8.711793359079351706e-01 8.904406349947828758e-01
8.796211841875448689e-01 9.047672352443473232e-01 8.727124531817035402e-01 8.924047688787205557e-01
8.776805294106232447e-01 9.037067096775857067e-01 8.726348269906266664e-01 8.922369655421127366e-01
8.771371460730850167e-01 9.037066515775620257e-01 8.737410002134720077e-01 8.923086153513454244e-01
8.782821323914689060e-01 9.044252349831362059e-01 8.754681829649322289e-01 8.930715983173536099e-01
8.802810068116981856e-01 9.057987366175228594e-01 8.755458091560092138e-01 8.930669092521599239e-01
8.817364978943895704e-01 9.072492036098541712e-01 8.753323371305478107e-01 8.932820384033205441e-01
8.824933532573889794e-01 9.071730785338613101e-01 8.735857478313182600e-01 8.922510742335825196e-01
8.798152496652370536e-01 9.051335292538023047e-01 8.726736400861649923e-01 8.918485028626452760e-01
8.782627258436996875e-01 9.040043627496460177e-01 8.726930466339342107e-01 8.922881001535012402e-01
8.806497312193134475e-01 9.057860143514175899e-01 8.724795746084728076e-01 8.917322379757727235e-01
8.798928758563139274e-01 9.052272732617885342e-01 8.741873508121639214e-01 8.931646217938044030e-01
8.797182169263909612e-01 9.047881597965362621e-01 8.755069960604707768e-01 8.937683222165709873e-01
8.799899085951599087e-01 9.044839851208691384e-01 8.760115663024704569e-01 8.946441668570801475e-01
8.810960818180053611e-01 9.053716871875974181e-01 8.752935240350093737e-01 8.945563098920219502e-01
8.819693764676201919e-01 9.058283689004178463e-01 8.720138174620115645e-01 8.918101854642688231e-01
8.813095538434667642e-01 9.049283520538229375e-01 8.729453317549340507e-01 8.926778751150743485e-01
8.815424324166973857e-01 9.051556096582853428e-01 8.722078829397038602e-01 8.924275650386284120e-01
8.814453996778512934e-01 9.055660486128883635e-01 8.722855091307807340e-01 8.925071826359857186e-01
8.812901472956976567e-01 9.054722478665435670e-01 8.725183877040112446e-01 8.924448677362764037e-01
8.796599972830833059e-01 9.043220896837542711e-01 8.734110889013954049e-01 8.929049497353869214e-01
8.789807681111607707e-01 9.035822569056823905e-01 8.728288924683188510e-01 8.923756751375138130e-01
8.789613615633914412e-01 9.034896074528816490e-01 8.715674668633196509e-01 8.911941532948104427e-01
8.775446835762386044e-01 9.023965473204369481e-01 8.724213549651652633e-01 8.913106368482748287e-01
8.785926371557761794e-01 9.033466732250617914e-01 8.733722758058568569e-01 8.919020480381832927e-01
8.805332919326981367e-01 9.051137287639924311e-01 8.728094859205495215e-01 8.915359618088074534e-01
8.799510954996216938e-01 9.050177333603580676e-01 8.725960138950882294e-01 8.915900035757130526e-01
8.788643288245454599e-01 9.049020333561812457e-01 8.732752430670106536e-01 8.920511304028614363e-01
8.786120437035456199e-01 9.045089788783953200e-01 8.730035513982417061e-01 8.918614972070713076e-01
8.805915115760056811e-01 9.051742978374144322e-01 8.736439674746260264e-01 8.925486727582858659e-01
8.807273574103902103e-01 9.045433184427265072e-01 8.743231966465485616e-01 8.927932343353959244e-01
8.807855770536978657e-01 9.042844851703402131e-01 8.747113276019329309e-01 8.927196416361875553e-01
8.790778008500067520e-01 9.036481693482504296e-01 8.735663412835490416e-01 8.919116387970145166e-01
8.799899085951600197e-01 9.042742460872975618e-01 8.727512662772419771e-01 8.906666711432462691e-01
8.805915115760059031e-01 9.049477499884260867e-01 8.740515049777795031e-01 8.921129631650968062e-01
8.813289603912359826e-01 9.061109687723596373e-01 8.750800520095479706e-01 8.931508746357603723e-01
8.788449222767762414e-01 9.040953599990023681e-01 8.740320984300102847e-01 8.931326579675100685e-01
8.796794038308525243e-01 9.047842953271616473e-01 8.717033126977041801e-01 8.925948851311675813e-01
8.802227871683907523e-01 9.050668297171918786e-01 8.698402841118593187e-01 8.910506808353937380e-01
8.810378621746977057e-01 9.057858370529805470e-01 8.713539948378583588e-01 8.919368455900839043e-01
8.821052223020047212e-01 9.064453810567022485e-01 8.718003454365501614e-01 8.920054096243099639e-01
8.810184556269284872e-01 9.057688528079148593e-01 8.723825418696268263e-01 8.919185232290187670e-01
8.809020163403132875e-01 9.057957072852015346e-01 8.736245609268566970e-01 8.919025833216498445e-01
8.801451609773137674e-01 9.056283585163045213e-01 8.758951270158551461e-01 8.933704232351807883e-01
8.801257544295446600e-01 9.051673508132028756e-01 8.744590424809330909e-01 8.923576218218781664e-01
8.795823710920064320e-01 9.042575967129570236e-01 8.729259252071648323e-01 8.915106138740231945e-01
8.796988103786217428e-01 9.041451676014893302e-01 8.714704341244736696e-01 8.907372519804915845e-01
8.813677734867745306e-01 9.052347617335290142e-01 8.706941722137049311e-01 8.907179757873925352e-01
8.834054610025422472e-01 9.070632370700760783e-01 8.732364299714723277e-01 8.926826823973477154e-01
8.829591104038502225e-01 9.069636160393738100e-01 8.759727532069319089e-01 8.950950602544874846e-01
8.809214228880823949e-01 9.055370723952207435e-01 8.776805294106230226e-01 8.959343926910636746e-01
8.801063478817754415e-01 9.055475223214508596e-01 8.776805294106231337e-01 8.958882532526571962e-01
8.803974460983134964e-01 9.056396063678289199e-01 8.759921597547013494e-01 8.948724532833660650e-01
8.781656931048535952e-01 9.040638499481604695e-01 8.740709115255486106e-01 8.943666872254285582e-01
8.779910341749305180e-01 9.038165346816066092e-01 8.706553591181664942e-01 8.915239945820858658e-01
8.787867026334686971e-01 9.043942027286204777e-01 8.715092472200119955e-01 8.914018510508124882e-01
8.810960818180054721e-01 9.057232878082630556e-01 8.717033126977040691e-01 8.917538981426790246e-01
8.825515729006966348e-01 9.066933116330579967e-01 8.721496632963962048e-01 8.919810956069027519e-01
8.834248675503114656e-01 9.075593719506538370e-01 8.756040287993168691e-01 8.947793511848446402e-01
8.827844514739273674e-01 9.074188434442354012e-01 8.756816549903936320e-01 8.948478723191615192e-01
8.827262318306196009e-01 9.068299518704016071e-01 8.738768460478565370e-01 8.934815342287872886e-01
8.826486056395428381e-01 9.063957558823841909e-01 8.730229579460109246e-01 8.925412235981262654e-01
8.829785169516194410e-01 9.063491788182213016e-01 8.719167847231655832e-01 8.913376686858238696e-01
8.807855770536978657e-01 9.051417785310321706e-01 8.734887150924720567e-01 8.924575219097197198e-01
8.817753109899281183e-01 9.059266597502994012e-01 8.751576782006248445e-01 8.935514000726493267e-01
8.822410681363892504e-01 9.058108211846711555e-01 8.752158978439324999e-01 8.930894509628101163e-01
8.837353723146189610e-01 9.070306259116104330e-01 8.756234353470861986e-01 8.934870714449383300e-01
8.832890217159269364e-01 9.067864146744953890e-01 8.773506180985464198e-01 8.950947570882891169e-01
8.831531758815424071e-01 9.067819984536487077e-01 8.764191038056240446e-01 8.940976303059195995e-01
8.807855770536978657e-01 9.049844333584627920e-01 8.750218323662403153e-01 8.925797173229397252e-01
8.793300859710067030e-01 9.040826167410758174e-01 8.771759591686235646e-01 8.940900947933019260e-01
8.801257544295445490e-01 9.045740652928336845e-01 8.783597585825457799e-01 8.953184534147975437e-01
8.796211841875449799e-01 9.043305508465001585e-01 8.770595198820080318e-01 8.946129207097158753e-01
8.798152496652370536e-01 9.045799535695433491e-01 8.781656931048534842e-01 8.950615022876584614e-01
8.799510954996215828e-01 9.046485905895860213e-01 8.766131692833161182e-01 8.944148959229794027e-01
8.808632032447748506e-01 9.054134841892174101e-01 8.755458091560091027e-01 8.944058965838991293e-01
8.809602359836208318e-01 9.051807068082660113e-01 8.746531079586252755e-01 8.936728755876113262e-01
8.797376234741602907e-01 9.045164412275319421e-01 8.725960138950881184e-01 8.924793349139418241e-01
8.793494925187758104e-01 9.041277251203398979e-01 8.723437287740883894e-01 8.920050743728091813e-01
8.795241514486988876e-01 9.042254962537938923e-01 8.744784490287023093e-01 8.928558059444390294e-01
8.796794038308524133e-01 9.041031047027114909e-01 8.772923984552387644e-01 8.951445124018979627e-01
8.818917502765432070e-01 9.051111215980669478e-01 8.769818936909312690e-01 8.953979840508554666e-01
8.829591104038502225e-01 9.062770680901922615e-01 8.780104407226999585e-01 8.959402076206254284e-01
8.827650449261581489e-01 9.070155466040795700e-01 8.782045062003920322e-01 8.960526308238331294e-01
8.818141240854664442e-01 9.061075612890296949e-01 8.775640901240077119e-01 8.950202283128247949e-01
8.805526984804672441e-01 9.046807803753824651e-01 8.762056317801626415e-01 8.934960181709112881e-01
8.818529371810048811e-01 9.058078902443025271e-01 8.759145335636244756e-01 8.928817914713652604e-01
8.830173300471579889e-01 9.067416176123156424e-01 8.761280055890856566e-01 8.933550603344718732e-01
8.825515729006966348e-01 9.063566539056407967e-01 8.766325758310853367e-01 8.945358142093419174e-01
8.812513342001591088e-01 9.054002461724313111e-01 8.760309728502396753e-01 8.946279947814168576e-01
8.819111568243125365e-01 9.058603015512061152e-01 8.755069960604708879e-01 8.945405380416170393e-01
8.835995264802344318e-01 9.070364651823188407e-01 8.746919210541637124e-01 8.939726038132655983e-01
8.841235032700034413e-01 9.076288863887361780e-01 8.744784490287023093e-01 8.940944772164638454e-01
8.828232645694658043e-01 9.067490496548891166e-01 8.740515049777795031e-01 8.932638826912562280e-01
8.815230258689281673e-01 9.058341098062588914e-01 8.748277668885481306e-01 8.929353597359753758e-01
8.822604746841584689e-01 9.064264175108178723e-01 8.755264026082401063e-01 8.936687816990589450e-01
8.823381008752353427e-01 9.066686194886077743e-01 8.762832579712395153e-01 8.940617577400993277e-01
8.824933532573890904e-01 9.068820091256810656e-01 8.770401133342389244e-01 8.952909235186621295e-01
8.822410681363892504e-01 9.066077602307305305e-01 8.772535853597003275e-01 8.951081550910052753e-01
8.820081895631586288e-01 9.063356909890045721e-01 8.770401133342389244e-01 8.952643408045382056e-01
8.827262318306196009e-01 9.060261791768612349e-01 8.759339401113935830e-01 8.943974778278007687e-01
8.811154883657745795e-01 9.048388265795561658e-01 8.758563139203167092e-01 8.947045341703255827e-01
8.806109181237748995e-01 9.049636591046887890e-01 8.756234353470860876e-01 8.938388494449950317e-01
8.828814842127733487e-01 9.069391890390492428e-01 8.747889537930098047e-01 8.929075555137996334e-01
8.836771526713114167e-01 9.080494203502462724e-01 8.746725145063944939e-01 8.927962166320231319e-01
8.833084282636960438e-01 9.078857454371047631e-01 8.756234353470859766e-01 8.936301902835448452e-01
8.827844514739273674e-01 9.073632931065712670e-01 8.785538240602379645e-01 8.956715442664163751e-01
8.828814842127734597e-01 9.073644395700155574e-01 8.778357817927768814e-01 8.946060896754652880e-01
8.835607133846959949e-01 9.075631628045918164e-01 8.771371460730850167e-01 8.944826586773420019e-01
8.837547788623880685e-01 9.073652221514491023e-01 8.760891924935472197e-01 8.940708479489580807e-01
8.834442740980806841e-01 9.073321426358929020e-01 8.781850996526228137e-01 8.955293834588626822e-01
8.820275961109278473e-01 9.064959579570666115e-01 8.791942401366219517e-01 8.958729719137559222e-01
8.823381008752352317e-01 9.064838145496685318e-01 8.800481282384676751e-01 8.962040107293840485e-01
8.813871800345436380e-01 9.057694880934321624e-01 8.784956044169301981e-01 8.953316094603256392e-01
8.830367365949270964e-01 9.070690442471918136e-01 8.768654544043159582e-01 8.944068736889700943e-01
8.837353723146189610e-01 9.071018151205869628e-01 8.763608841623163892e-01 8.945473909763199671e-01
8.838906246967727087e-01 9.074270409726453712e-01 8.769624871431621616e-01 8.950619339692342802e-01
8.843951949387723888e-01 9.072863722470242420e-01 8.774864639329309490e-01 8.952063275118716801e-01
8.838518116012342718e-01 9.069690657579407844e-01 8.783403520347765614e-01 8.955904166227164342e-01
8.829397038560811151e-01 9.066565881617948408e-01 8.780880669137767214e-01 8.958853002996776116e-01
8.831046595121192500e-01 9.067570318539915908e-01 8.772729919074695459e-01 8.946990457536456720e-01
8.841235032700032193e-01 9.072763154351782822e-01 8.778357817927768814e-01 8.947483451275350941e-01
8.838324050534650533e-01 9.066320241387031409e-01 8.777387490539307890e-01 8.946213249285834834e-01
8.836771526713113056e-01 9.064187853941316764e-01 8.764967299967008074e-01 8.936365120334963663e-01
8.839100312445418162e-01 9.063887006319427675e-01 8.774670573851617306e-01 8.947708678147288097e-01
8.852684895883871086e-01 9.075503878232717980e-01 8.780492538182382845e-01 8.958204801111455673e-01
8.855207747093870596e-01 9.080756840960740872e-01 8.791748335888528443e-01 8.973204447618675639e-01
8.848221389896950839e-01 9.078139439949874934e-01 8.786896698946224937e-01 8.969108888867132201e-01
8.835607133846959949e-01 9.071894026843602132e-01 8.783403520347765614e-01 8.968726990010068567e-01
8.831143627860040812e-01 9.071136995736781561e-01 8.780880669137767214e-01 8.963335100044036441e-01
8.833278348114654843e-01 9.070547902035958066e-01 8.776029032195462598e-01 8.960210519793412320e-01
8.839876574356188010e-01 9.074394598026189751e-01 8.765549496400085738e-01 8.952331823363000041e-01
8.836771526713114167e-01 9.071258241638880948e-01 8.760503793980088938e-01 8.949273334620200249e-01
