7.770575792272311766e-01 8.193333832617121226e-01 7.683828523743910788e-01 7.968036900994535099e-01
7.779308738768460074e-01 8.194802146651004593e-01 7.691591142851597063e-01 7.974912811751393438e-01
7.778726542335383520e-01 8.199267102933160967e-01 7.690426749985443955e-01 7.983749109956446155e-01
7.788041685264608383e-01 8.206475776023083313e-01 7.713714607308506110e-01 7.997647079301993811e-01
7.774263036348463274e-01 8.195961526585147094e-01 7.732441925905801927e-01 8.000771708502113500e-01
7.767858875584622291e-01 8.196579561844052897e-01 7.769605464883850843e-01 8.035271867611354368e-01
7.780473131634613182e-01 8.214465583776591195e-01 7.787265423353839644e-01 8.054054504180835350e-01
7.785906965009994352e-01 8.227046852643953301e-01 7.793087387684605183e-01 8.062283946357828857e-01
7.809971084243823025e-01 8.245953095473828043e-01 7.795804304372295768e-01 8.068263317244830368e-01
7.830347959401502411e-01 8.257715406164691796e-01 7.792699256729220814e-01 8.061157953795514697e-01
7.847037590483029179e-01 8.271823071510975289e-01 7.805119447301519520e-01 8.062690909464004241e-01
7.852665489336103644e-01 8.279334448119122225e-01 7.837140251120727763e-01 8.088321533292869292e-01
7.862756894176095024e-01 8.293449210214360878e-01 7.855188340546099823e-01 8.102507417468375328e-01
7.859651846533020070e-01 8.291465949771934518e-01 7.861204370354557547e-01 8.104777311278212881e-01
7.858099322711482593e-01 8.286195563669114250e-01 7.855188340546099823e-01 8.102443537731115475e-01
7.863921287042248132e-01 8.293264490122009835e-01 7.854412078635331085e-01 8.090771822766935628e-01
7.879640590735312866e-01 8.301518922530715106e-01 7.863727221564555947e-01 8.096258273869799682e-01
7.897688680160686037e-01 8.309549900558903524e-01 7.862562828698402839e-01 8.084400501742782241e-01
7.904286906402218094e-01 8.312679179429340870e-01 7.859263715577634590e-01 8.079974259756887989e-01
7.908362281433756191e-01 8.317810304676662714e-01 7.851695161947640500e-01 8.074468068407850696e-01
7.906227561179142160e-01 8.326349766432636912e-01 7.866832269207630901e-01 8.096033537986178086e-01
7.889926061052998651e-01 8.312885378529912828e-01 7.881775310989928007e-01 8.124525548720993307e-01
7.892837043218381421e-01 8.308413349057297559e-01 7.862562828698402839e-01 8.117609483218404254e-01
7.905645364746063386e-01 8.316463346073780238e-01 7.864115352519939206e-01 8.118160628918397181e-01
7.915736769586056987e-01 8.331615377553749369e-01 7.886626947932231513e-01 8.135420260747383558e-01
7.923111257738361113e-01 8.339207305384810365e-01 7.900211531370685547e-01 8.138658278952880520e-01
7.933396728056045788e-01 8.342923941803286336e-01 7.894001436084535639e-01 8.125352184242973230e-01
7.942129674552194096e-01 8.351881917601189365e-01 7.865667876341477793e-01 8.105167688094654377e-01
7.945622853150653420e-01 8.357709266299137019e-01 7.870907644239164558e-01 8.107898919699418894e-01
7.951250752003726774e-01 8.366719969145992586e-01 7.894971763472995452e-01 8.132432822910323766e-01
7.959983698499875082e-01 8.370909331623338501e-01 7.883133769333773300e-01 8.114564018749557128e-01
7.947563507927575266e-01 8.365832020984098616e-01 7.886238816976848254e-01 8.117004994613440383e-01
7.968134448562944616e-01 8.381704485137311256e-01 7.881581245512234712e-01 8.111778152909145945e-01
7.955132061557569356e-01 8.371025523652750877e-01 7.873042364493779699e-01 8.096931415735062476e-01
7.949116031749112743e-01 8.362485441039091416e-01 7.846261328572261551e-01 8.069398810748251716e-01
7.942129674552194096e-01 8.356788269828279159e-01 7.839274971375340684e-01 8.062221488301540839e-01
7.948921966271420558e-01 8.358940546997879473e-01 7.821809078383046288e-01 8.034525042901109471e-01
7.936695841176812927e-01 8.351908296039007862e-01 7.807254167556133551e-01 8.022161253540287529e-01
7.941935609074501912e-01 8.362600220058221678e-01 7.823167536726890470e-01 8.060628913951447538e-01
7.947175376972190897e-01 8.378659030290078746e-01 7.834617399910730473e-01 8.083709264531750982e-01
7.954355799646800618e-01 8.382327183423632366e-01 7.832288614178423147e-01 8.079412871315674316e-01
7.965223466397561847e-01 8.372699405953316631e-01 7.825302256981505611e-01 8.052919325932750283e-01
7.971239496206019570e-01 8.359594045131096829e-01 7.816569310485357303e-01 8.026018765675474453e-01
7.969298841429098834e-01 8.352432943301089097e-01 7.824720060548429057e-01 8.025281213530810476e-01
7.974732674804478894e-01 8.343350977703535287e-01 7.833453007044576255e-01 8.022487146125589774e-01
7.982689359389858463e-01 8.353673879801255531e-01 7.839857167808419458e-01 8.034402453227857954e-01
7.985794407032933417e-01 8.361681211511307055e-01 7.844320673795337484e-01 8.038794453775315318e-01
7.980942770090628802e-01 8.353526074888888431e-01 7.859651846533020070e-01 8.059822058830905522e-01
7.962894680665255631e-01 8.346874207246475219e-01 7.868966989462244932e-01 8.072922733027450004e-01
7.973956412893710155e-01 8.371427841688732219e-01 7.874788953793009361e-01 8.084089703526673443e-01
7.985406276077547938e-01 8.391900453522626036e-01 7.862950959653787208e-01 8.094497991925223568e-01
7.980942770090628802e-01 8.400084913521392860e-01 7.846067263094567146e-01 8.088239935471149833e-01
7.978225853402937107e-01 8.396566000760714577e-01 7.842185953540723453e-01 8.092760518514932055e-01
7.959013371111413049e-01 8.378670414175874992e-01 7.855188340546099823e-01 8.100187715031532676e-01
7.952415144869878771e-01 8.372971470777856862e-01 7.832288614178424258e-01 8.076515035822482425e-01
7.947757573405266340e-01 8.364834369924065705e-01 7.827825108191504011e-01 8.067276521306367965e-01
7.962312484232179077e-01 8.368020131759634772e-01 7.828795435579963824e-01 8.061793066668390129e-01
7.977255526014477294e-01 8.368671688537754338e-01 7.858099322711482593e-01 8.083434269824296692e-01
7.980166508179860063e-01 8.373412468491393534e-01 7.843932542839954225e-01 8.072783906993490355e-01
7.975120805759863263e-01 8.376789293440880524e-01 7.822197209338430657e-01 8.063365114907415920e-01
7.974344543849093414e-01 8.384218474121409859e-01 7.825690387936889980e-01 8.080064059190429360e-01
7.969298841429098834e-01 8.381386266219912340e-01 7.819092161695355703e-01 8.067489353745361802e-01
7.973956412893710155e-01 8.386037470528420190e-01 7.824914126026121242e-01 8.068626329485260040e-01
8.003648430980613293e-01 8.407779354020081808e-01 7.833453007044575145e-01 8.064060133860038171e-01
8.005006889324457475e-01 8.415424644319249303e-01 7.865667876341477793e-01 8.089446676273428505e-01
8.001901841681382521e-01 8.412774289491951052e-01 7.858487453666866962e-01 8.089145127209980135e-01
7.996273942828311387e-01 8.406003814867396562e-01 7.859651846533020070e-01 8.094405656228391699e-01
7.995885811872927018e-01 8.409139792051859574e-01 7.862368763220710655e-01 8.104639365050168021e-01
7.982495293912166279e-01 8.396982371008903101e-01 7.857128995323021670e-01 8.104739709495981659e-01
7.968134448562945726e-01 8.380349233920743046e-01 7.847037590483028069e-01 8.086614406620935558e-01
7.978419918880630402e-01 8.374855934334377583e-01 7.830930155834578965e-01 8.064012773909569054e-01
7.983659686778319386e-01 8.376165093153706831e-01 7.824525995070736872e-01 8.059594431809149473e-01
7.987735061809853043e-01 8.383647905696913760e-01 7.824525995070736872e-01 8.060707355619224357e-01
7.976673329581400740e-01 8.386189485338992888e-01 7.820256554561508811e-01 8.062281622865340447e-01
7.985406276077549048e-01 8.397739380873672221e-01 7.816957441440742782e-01 8.079428298209113679e-01
7.991422305886005661e-01 8.402979833886192740e-01 7.823749733159967024e-01 8.091266238532537347e-01
7.999573055949076306e-01 8.409760429311576857e-01 7.837916513031496502e-01 8.088804780330549615e-01
7.995497680917541539e-01 8.406377150709221091e-01 7.845485066661491702e-01 8.081264529154374987e-01
8.003842496458305478e-01 8.408665626429855378e-01 7.850142638126103023e-01 8.065863263865598043e-01
8.029459139513672739e-01 8.425762303063710768e-01 7.837528382076112132e-01 8.035796931571452806e-01
8.042267461041354704e-01 8.437489420893535819e-01 7.836169923732266840e-01 8.039521307175574449e-01
8.032758252634438767e-01 8.434455250055086228e-01 7.846843525005335884e-01 8.063343285809385641e-01
8.014904228686758891e-01 8.418594448712996003e-01 7.853441751246870162e-01 8.071257962641944506e-01
8.009858526266762091e-01 8.410804491473721223e-01 7.854606144113023269e-01 8.072248598359825777e-01
7.999961186904461785e-01 8.396497402532451249e-01 7.857905257233790408e-01 8.073872563701034455e-01
7.979972442702167879e-01 8.378862588594345739e-01 7.836363989209959025e-01 8.060357605222534527e-01
7.994721419006772800e-01 8.386950895592970578e-01 7.818898096217663518e-01 8.048784191823454837e-01
7.988123192765238523e-01 8.384414310628495182e-01 7.828601370102272750e-01 8.058965365042545237e-01
7.989093520153700556e-01 8.389436369400913307e-01 7.824137864115352503e-01 8.064022821263122642e-01
8.010052591744454276e-01 8.415519386971416216e-01 7.854218013157638900e-01 8.088212307190396633e-01
8.028682877602901780e-01 8.431315442608446897e-01 7.866638203729937606e-01 8.100143638373755728e-01
8.021308389450600984e-01 8.432746704259750370e-01 7.862756894176095024e-01 8.100681581923812047e-01
8.007917871489840245e-01 8.417242288962676344e-01 7.863533156086862652e-01 8.111307591181138310e-01
8.004618758369074216e-01 8.410047754493943373e-01 7.846455394049952625e-01 8.086677097433963013e-01
8.010440722699839755e-01 8.407330937956445371e-01 7.835393661821499212e-01 8.069500290059854475e-01
8.016262687030603074e-01 8.413017067214703104e-01 7.840633429719185976e-01 8.065208679784877654e-01
8.022084651361369723e-01 8.415344055115523414e-01 7.854218013157638900e-01 8.080750874702543607e-01
8.023443109705215015e-01 8.425753070205928008e-01 7.862368763220710655e-01 8.093329699622635598e-01
8.005200954802149660e-01 8.416008683980593652e-01 7.867802596596091824e-01 8.099410870939116602e-01
8.005006889324458585e-01 8.411090829451262074e-01 7.868966989462244932e-01 8.089001332823976265e-01
8.012575442954452676e-01 8.423538111730293210e-01 7.867996662073784009e-01 8.092791542099535551e-01
8.020726193017523320e-01 8.428103626090183154e-01 7.877505870480699945e-01 8.102016542096347473e-01
8.009082264355993352e-01 8.409874231957462642e-01 7.879640590735313976e-01 8.101917332584915865e-01
7.998602728560616493e-01 8.395390616681548401e-01 7.868966989462244932e-01 8.102343287786399895e-01
7.984824079644471384e-01 8.387088440988099691e-01 7.863921287042248132e-01 8.095881012391020759e-01
7.979778377224475694e-01 8.380804779563248985e-01 7.855382406023793118e-01 8.087497097946706459e-01
7.976673329581400740e-01 8.376302912953478286e-01 7.851307030992256131e-01 8.080908037966376689e-01
7.973180150982941417e-01 8.382414296635828377e-01 7.871101709716858963e-01 8.100650035564191942e-01
7.979972442702167879e-01 8.388345402831621778e-01 7.861107337615711455e-01 8.100301439031414308e-01
7.989675716586777110e-01 8.393590461645845657e-01 7.873430495449164068e-01 8.113919163866005757e-01
7.998602728560616493e-01 8.406333062190010086e-01 7.859845912010712254e-01 8.109594493419327588e-01
8.000737448815230524e-01 8.407459672561400366e-01 7.851307030992256131e-01 8.100284897028260378e-01
8.009470395311377722e-01 8.413094521521866653e-01 7.857711191756098223e-01 8.094213632680895554e-01
8.010246657222146460e-01 8.415877319912106191e-01 7.884298162199925297e-01 8.109724727179759007e-01
7.993557026140619692e-01 8.403182908998512168e-01 7.890702322963768500e-01 8.116865350180267891e-01
8.004618758369073106e-01 8.410908475995362288e-01 7.887209144365309177e-01 8.120556196665816850e-01
8.020920258495215505e-01 8.423247411736040080e-01 7.896718352772225114e-01 8.133425040089042879e-01
8.014904228686758891e-01 8.416463072888118457e-01 7.884686293155309667e-01 8.121186614893307620e-01
8.021114323972908799e-01 8.421999999099518686e-01 7.887015078887615882e-01 8.118201621601432993e-01
8.014710163209067817e-01 8.419189887800216932e-01 7.906809757612218714e-01 8.124492967483522010e-01
8.016844883463680738e-01 8.425033323905984917e-01 7.911273263599136740e-01 8.137976345243702614e-01
8.009858526266762091e-01 8.416494400321061775e-01 7.888179471753768990e-01 8.129608922193968246e-01
8.010828853655223014e-01 8.418412009269384821e-01 7.887597275320693546e-01 8.140308746259284911e-01
7.990063847542159259e-01 8.400449990184561955e-01 7.877311805003007761e-01 8.126626198029489601e-01
7.993557026140620803e-01 8.403267249809509565e-01 7.866444138252246532e-01 8.113088282292766351e-01
7.998796794038307567e-01 8.411518887768948405e-01 7.890702322963767390e-01 8.137889321103902729e-01
8.012381377476759381e-01 8.421098375966798999e-01 7.901375924236837545e-01 8.134489269209207452e-01
8.025771895437520120e-01 8.431457095729304463e-01 7.891866715829920498e-01 8.121061683276208365e-01
8.014322032253682337e-01 8.417303499488976160e-01 7.891672650352228313e-01 8.120711894332409697e-01
8.006947544101379322e-01 8.420523216528270627e-01 7.907974150478371822e-01 8.124917595327563191e-01
8.021890585883677538e-01 8.433469299236795447e-01 7.900017465892992252e-01 8.119902229660611592e-01
8.018397407285218215e-01 8.426470874890676921e-01 7.900405596848376621e-01 8.125773489130430072e-01
7.997244270216770090e-01 8.402251912606648609e-01 7.903898775446835945e-01 8.141052425826358352e-01
8.001707776203690337e-01 8.406978576338526299e-01 7.909720739777600373e-01 8.152256189249192930e-01
7.997438335694462275e-01 8.409110592115554006e-01 7.906615692134526530e-01 8.157645460926887804e-01
8.007335675056763691e-01 8.418036290712709313e-01 7.892837043218380311e-01 8.143442808873231353e-01
8.007335675056763691e-01 8.407136041558352924e-01 7.896524287294532929e-01 8.135352604198584636e-01
8.007141609579072616e-01 8.405596485123003614e-01 7.905839430223757791e-01 8.142241703261394736e-01
8.023637175182907200e-01 8.417166563936036017e-01 7.917871489840672128e-01 8.156978529184217841e-01
8.037998020532128862e-01 8.436145901086710142e-01 7.913407983853752992e-01 8.160916825711496125e-01
8.031981990723668918e-01 8.432739807133918797e-01 7.894583632517611083e-01 8.136703757495588052e-01
8.018591472762910399e-01 8.425364526450909164e-01 7.906809757612218714e-01 8.143230141794678412e-01
8.012575442954452676e-01 8.423385231712345877e-01 7.903704709969143760e-01 8.148736489165544494e-01
8.021114323972908799e-01 8.426671817896460581e-01 7.914184245764519510e-01 8.162143618371984211e-01
8.031205728812900180e-01 8.436367359688756729e-01 7.913213918376058587e-01 8.160867533174813726e-01
8.026548157348288859e-01 8.440245790412669313e-01 7.920782472006053787e-01 8.170315905585240346e-01
8.017038948941374032e-01 8.430308466256003497e-01 7.931650138756816126e-01 8.174057902611866488e-01
8.018591472762910399e-01 8.418722455804071858e-01 7.914572376719904989e-01 8.142955305989745263e-01
8.018009276329832735e-01 8.409838189497286232e-01 7.879058394302237422e-01 8.110816172848976935e-01
8.022084651361368612e-01 8.407768263694579414e-01 7.860622173921480993e-01 8.097298818595548564e-01
8.016844883463679627e-01 8.406738563347928572e-01 7.864697548953016870e-01 8.105281716251755419e-01
8.025965960915212305e-01 8.421111031390693391e-01 7.870907644239165668e-01 8.107047087205475622e-01
8.019367734673678028e-01 8.421548765896416100e-01 7.875371150226087025e-01 8.115661723079733436e-01
8.016456752508296368e-01 8.415017146360780353e-01 7.885656620543771700e-01 8.129980665829235065e-01
8.011993246521377232e-01 8.414186419420832674e-01 7.897494614682993852e-01 8.145652665452692842e-01
8.006559413145994952e-01 8.416436172617531852e-01 7.906421626656832125e-01 8.157779303247145730e-01
8.000349317859843934e-01 8.410146200148203022e-01 7.915542704108365912e-01 8.174420183774034898e-01
8.014904228686758891e-01 8.416789462630768215e-01 7.893031108696074716e-01 8.142670832564992134e-01
8.008888198878301168e-01 8.411807731126879073e-01 7.883910031244540928e-01 8.127473516521128705e-01
8.014127966775990153e-01 8.421718306267280685e-01 7.886044751499156069e-01 8.124188483610077505e-01
8.031787925245976734e-01 8.437409167449114733e-01 7.892837043218381421e-01 8.128023377248643211e-01
8.030817597857515810e-01 8.428337083825920839e-01 7.902734382580682837e-01 8.137886483333418575e-01
8.024607502571368123e-01 8.429907577225406179e-01 7.909138543344523820e-01 8.154231386338092191e-01
8.010634788177530830e-01 8.421097218758918368e-01 7.904869102835295758e-01 8.148484078411922793e-01
7.998408663082924308e-01 8.412595439491294957e-01 7.915542704108364802e-01 8.166636549983399274e-01
7.995885811872924798e-01 8.406282100662306744e-01 7.908362281433755081e-01 8.145851357948552529e-01
7.981524966523705356e-01 8.398532127354224608e-01 7.906421626656833235e-01 8.143953226804026002e-01
7.979002115313706955e-01 8.401757915109946406e-01 7.919035882706825236e-01 8.159640272376169623e-01
7.998796794038307567e-01 8.414446654129766889e-01 7.919424013662209605e-01 8.155798324605663119e-01
8.020532127539831135e-01 8.426681850195021362e-01 7.900599662326068806e-01 8.135108615027139001e-01
8.030041335946747072e-01 8.428513255994775077e-01 7.891284519396843944e-01 8.119270974845660405e-01
8.023249044227522830e-01 8.413340993472850915e-01 7.880222787168390530e-01 8.101852164011680291e-01
8.013351704865221414e-01 8.412203353736033007e-01 7.884880358633001851e-01 8.106874654197858687e-01
8.017621145374449476e-01 8.428404729065800405e-01 7.910108870732983632e-01 8.130484993468505284e-01
8.011022919132916309e-01 8.424944204159015015e-01 7.925051912515281849e-01 8.144685106964462129e-01
7.993168895185234213e-01 8.408208077831804683e-01 7.930291680412971944e-01 8.148817993157644324e-01
7.999573055949077416e-01 8.402020297751139344e-01 7.906033495701449976e-01 8.133467976425554635e-01
8.019949931106755692e-01 8.422583197562727442e-01 7.909526674299907079e-01 8.142905898245786922e-01
8.033146383589823136e-01 8.430484366990994571e-01 7.918647751751440866e-01 8.164715317848665332e-01
8.027130353781365413e-01 8.420166398652679796e-01 7.924275650604513110e-01 8.160961798406025647e-01
8.024219371615983754e-01 8.413354431241432119e-01 7.905839430223757791e-01 8.144834296807450524e-01
8.043431853907507811e-01 8.434133850498789498e-01 7.912049525509907699e-01 8.158191383498063498e-01
8.054105455180577966e-01 8.451927037284565625e-01 7.909526674299907079e-01 8.159472602196145008e-01
8.056434240912884182e-01 8.451942113748794894e-01 7.913602049331444066e-01 8.160723004392835822e-01
8.036057365755205906e-01 8.435480970917114130e-01 7.900987793281452065e-01 8.146185886453261027e-01
8.022860913272138461e-01 8.426219614099156319e-01 7.894001436084534529e-01 8.145023674867640784e-01
8.038774282442895380e-01 8.433546750937471748e-01 7.892254846785304867e-01 8.146944624591987427e-01
8.052164800403656120e-01 8.441634522571284105e-01 7.881387180034542528e-01 8.128585029170549703e-01
8.045760639639814027e-01 8.440372997499236973e-01 7.898659007549146960e-01 8.140800932439913318e-01
8.048865687282888981e-01 8.442592983818678620e-01 7.927962894680664618e-01 8.171047717721066084e-01
8.033728580022899690e-01 8.440282341988972759e-01 7.939412757864503511e-01 8.183383183859112009e-01
8.029847270469055998e-01 8.434037577959224707e-01 7.930097614935279760e-01 8.166018809449573368e-01
8.023443109705213905e-01 8.416646299307608547e-01 7.919424013662208495e-01 8.144996104429435002e-01
8.019755865629062397e-01 8.413148738305923358e-01 7.923305323216053297e-01 8.153064021125162597e-01
8.036833627665973534e-01 8.431060622047117370e-01 7.930873876846047388e-01 8.159791915277365693e-01
8.040132740786740673e-01 8.437387204205185620e-01 7.938248364998350404e-01 8.169390774377407460e-01
8.053135127792115933e-01 8.460262690244759742e-01 7.955908323468336985e-01 8.193229031375965921e-01
8.058374895689806028e-01 8.465553081189970408e-01 7.976285198626016371e-01 8.213816588396913865e-01
8.040520871742125042e-01 8.445763715363281410e-01 7.968910710473713355e-01 8.210242236834519591e-01
8.038968347920587565e-01 8.431910313977197813e-01 7.937083972132197296e-01 8.188470936238680942e-01
