7.528867239806710243e-01 7.911416542182110323e-01 7.775233363736925307e-01 8.177730797586733047e-01
7.551572900696695845e-01 7.933421875854090866e-01 7.774651167303848753e-01 8.178343007705868306e-01
7.565545615090532028e-01 7.936148235292528330e-01 7.765336024374625001e-01 8.163116279848618984e-01
7.575248888975139039e-01 7.935742434775153731e-01 7.767276679151545737e-01 8.168392490120576221e-01
7.606493430883579654e-01 7.953445712388182987e-01 7.758737798133090724e-01 8.158470175255885248e-01
7.630945681072794917e-01 7.977437976377499407e-01 7.779017640551922907e-01 8.168781286197341895e-01
7.646276853810476393e-01 7.989443981490501612e-01 7.779502804246152259e-01 8.169659429538329576e-01
7.671311300432765989e-01 8.010086751697145235e-01 7.790370470996914598e-01 8.176848431658294558e-01
7.681596770750450665e-01 8.018674781862692447e-01 7.803566923479980932e-01 8.192786477209663687e-01
7.681984901705835034e-01 8.015657772943995951e-01 7.813852393797666718e-01 8.208107847515284661e-01
7.688194996991984942e-01 8.027288898569568953e-01 7.832288614178424258e-01 8.222666154358930779e-01
7.698480467309669617e-01 8.034500358396171604e-01 7.838886840419958535e-01 8.223592289147579892e-01
7.705078693551203894e-01 8.039505865273659513e-01 7.854023947679946716e-01 8.235745034050696578e-01
7.691688175590443155e-01 8.033068564722094518e-01 7.850918900036871761e-01 8.229996196378184248e-01
7.685089949348909988e-01 8.014939486767138632e-01 7.846455394049952625e-01 8.222827849860572247e-01
7.680432377884298667e-01 8.005402949512550048e-01 7.836169923732266840e-01 8.215218057921083172e-01
7.671893496865842543e-01 7.990913488902438022e-01 7.819092161695355703e-01 8.206656498818698520e-01
7.658891109860467283e-01 7.969765110697035748e-01 7.809388887810747581e-01 8.205308186749942223e-01
7.665295270624308266e-01 7.962312358994774186e-01 7.802596596091522230e-01 8.205390716637782633e-01
7.657338586038928696e-01 7.945880303751504670e-01 7.813076131886899089e-01 8.210301323688471431e-01
7.655786062217391219e-01 7.955800713273351032e-01 7.836363989209959025e-01 8.231342921288625769e-01
7.652681014574317375e-01 7.961643077736749730e-01 7.846455394049952625e-01 8.237485357093031757e-01
7.660249568204311466e-01 7.968125037149436096e-01 7.841991888063032379e-01 8.245633241013922143e-01
7.666265598012769189e-01 7.970361292842461642e-01 7.841409691629955825e-01 8.240209136160006054e-01
7.653845407440469373e-01 7.967268838237069328e-01 7.840245298763803827e-01 8.231526685123959908e-01
7.634050728715868761e-01 7.953396821150516827e-01 7.821420947427661918e-01 8.208251922387399535e-01
7.621048341710493501e-01 7.942585930250248838e-01 7.817733703351511521e-01 8.195867024703038517e-01
7.620272079799724763e-01 7.939634005715927589e-01 7.814628655708435456e-01 8.193685949457182316e-01
7.623765258398184086e-01 7.947416876649864292e-01 7.806866036600749181e-01 8.181195378903580728e-01
7.633468532282792207e-01 7.954087169775121424e-01 7.786683226920763090e-01 8.159697533527665581e-01
7.654233538395853742e-01 7.960045804394633162e-01 7.783966310233072505e-01 8.158834058455310956e-01
7.659861437248927096e-01 7.962242462783886143e-01 7.777174018513846043e-01 8.151005521357814754e-01
7.648605639542782608e-01 7.959383133292626811e-01 7.773486774437694535e-01 8.151444237334644072e-01
7.629393157251256330e-01 7.947279486921312586e-01 7.780667197112304256e-01 8.158089914125122855e-01
7.615614508335111221e-01 7.937282138436756451e-01 7.763201304120009860e-01 8.147800177590927007e-01
7.603388383240505810e-01 7.922010071994900482e-01 7.751945506413864262e-01 8.139986183624090543e-01
7.590385996235129440e-01 7.910887092966397693e-01 7.763201304120008750e-01 8.157583657933318300e-01
7.585534359292824824e-01 7.912448708895345462e-01 7.751363309980787708e-01 8.149572829356963588e-01
7.579906460439751470e-01 7.906525877852081940e-01 7.754662423101554847e-01 8.149580538108975869e-01
7.565933746045916397e-01 7.897797836742893596e-01 7.737196530109259340e-01 8.144264829858740562e-01
7.566904073434376210e-01 7.899544163905538596e-01 7.745347280172329985e-01 8.152075943794654389e-01
7.560305847192841933e-01 7.895931030912717308e-01 7.746511673038483092e-01 8.151265535421630126e-01
7.573890430631295967e-01 7.918608673272404808e-01 7.759902190999243832e-01 8.151275859600544127e-01
7.576219216363602182e-01 7.914930454878665866e-01 7.777368083991538228e-01 8.162956019270937169e-01
7.594849502222049686e-01 7.912056457925391584e-01 7.784160375710764690e-01 8.161259774919228382e-01
7.614450115468960334e-01 7.921923622026900702e-01 7.793863649595373921e-01 8.165948277401434696e-01
7.614838246424344703e-01 7.917185823752871388e-01 7.803372858002289858e-01 8.161548882796355597e-01
7.610762871392807716e-01 7.916357312949340308e-01 7.803955054435367522e-01 8.158045264403440688e-01
7.596402026043588274e-01 7.906629333793014913e-01 7.790758601952298967e-01 8.151501928920659168e-01
7.584369966426672827e-01 7.898100911543670666e-01 7.781443459023074105e-01 8.149427562239277556e-01
7.585728424770517009e-01 7.890105906453286355e-01 7.786489161443069795e-01 8.155196841314924505e-01
7.582235246172057685e-01 7.876157410939266246e-01 7.784548506666149059e-01 8.157199371116576891e-01
7.602321023113198795e-01 7.900853306647470653e-01 7.796580566283063396e-01 8.162187403172473932e-01
7.633468532282792207e-01 7.937912950524750322e-01 7.796774631760755581e-01 8.162853705205630472e-01
7.636961710881251530e-01 7.945639649701086160e-01 7.789594209086145860e-01 8.162717220522948125e-01
7.638708300180481192e-01 7.945485538492673694e-01 7.798133090104599763e-01 8.169392195866299611e-01
7.628228764385103222e-01 7.940092195391468266e-01 7.787265423353839644e-01 8.167896901766700246e-01
7.597566418909740271e-01 7.925225160327991070e-01 7.793475518639989552e-01 8.174398767176397351e-01
7.595431698655126240e-01 7.923235491074959169e-01 7.793669584117680627e-01 8.173511798710595411e-01
7.599895204642046487e-01 7.923428498735618497e-01 7.813464262842282348e-01 8.182048084184677661e-01
7.604940907062042177e-01 7.934865842080767173e-01 7.821226881949969734e-01 8.192536345627072780e-01
7.613091657125113931e-01 7.934544535121945685e-01 7.821032816472277549e-01 8.193737443118486174e-01
7.629199091773564145e-01 7.938926444565883589e-01 7.815016786663820936e-01 8.184253186932803903e-01
7.637349841836634790e-01 7.947166675832524341e-01 7.790370470996913488e-01 8.167726948361635486e-01
7.622018669098953314e-01 7.939506692410240873e-01 7.784354441188456875e-01 8.163954733969313038e-01
7.624929651264336083e-01 7.943166480425141174e-01 7.772904578004617981e-01 8.158215711668737047e-01
7.608628151138194795e-01 7.937687816274966446e-01 7.787071357876147459e-01 8.164994957523683539e-01
7.611151002348193195e-01 7.946429073401557464e-01 7.802208465136135640e-01 8.169525211006247734e-01
7.610956936870501011e-01 7.933257254899753752e-01 7.811911739020744871e-01 8.179831581131309370e-01
7.605134972539733251e-01 7.915717342623731501e-01 7.789012012653069306e-01 8.171314266137932325e-01
7.605134972539735472e-01 7.911965207973513659e-01 7.774651167303848753e-01 8.163724902215122592e-01
7.617555163112033068e-01 7.919118217381471148e-01 7.775039298259233123e-01 8.166358966722675472e-01
7.620660210755108022e-01 7.919991712806138118e-01 7.770575792272312876e-01 8.165553486490035873e-01
7.631527877505869251e-01 7.941061413228409638e-01 7.782995982844611582e-01 8.159694121240977926e-01
7.633468532282792207e-01 7.949687022599958297e-01 7.812105804498437056e-01 8.181600712450384227e-01
7.637543907314328084e-01 7.945120759777584141e-01 7.820838750994585364e-01 8.190082545825838611e-01
7.648799705020474793e-01 7.953700204577738297e-01 7.830542024879193486e-01 8.203234775640950716e-01
7.633468532282792207e-01 7.946727735729864905e-01 7.827825108191505121e-01 8.204721936031575957e-01
7.623959323875875160e-01 7.942785209724658735e-01 7.818898096217663518e-01 8.192150607721810918e-01
7.625705913175104822e-01 7.944749396084043180e-01 7.814240524753051087e-01 8.194140004547241229e-01
7.619689883366647098e-01 7.938574259303310399e-01 7.822585340293815026e-01 8.190688953350713231e-01
7.622406800054337683e-01 7.936724133469613696e-01 7.813658328319975643e-01 8.176912122831421215e-01
7.620466145277415837e-01 7.935505964125862954e-01 7.803760988957674227e-01 8.170446991658321112e-01
7.627064371518950114e-01 7.931412489677468480e-01 7.801432203225368012e-01 8.173325700910066827e-01
7.650740359797395529e-01 7.952359749609750894e-01 7.814628655708435456e-01 8.171746984598291519e-01
7.646276853810476393e-01 7.944001862747271936e-01 7.823167536726892690e-01 8.182792661986906246e-01
7.641037085912786297e-01 7.938687794127320396e-01 7.838886840419958535e-01 8.211187088325049288e-01
7.645694657377399839e-01 7.939050104018277043e-01 7.829571697490733673e-01 8.214725575830814641e-01
7.617749228589725252e-01 7.929299993171712302e-01 7.804925381823828445e-01 8.196274457861898455e-01
7.619301752411262729e-01 7.929559684741064318e-01 7.784160375710765800e-01 8.181214595710794013e-01
7.631333812028178176e-01 7.939479920357679354e-01 7.776785887558461674e-01 8.171502867048265895e-01
7.633468532282792207e-01 7.942468820699333243e-01 7.779502804246152259e-01 8.169901772941748908e-01
7.643754002600477993e-01 7.947160186558671624e-01 7.787459488831531829e-01 8.170523162621248225e-01
7.654815734828931406e-01 7.955107778958165898e-01 7.799491548448446165e-01 8.177304259062885272e-01
7.655591996739699034e-01 7.957796367235776547e-01 7.808030429466903399e-01 8.184398336186125000e-01
7.661025830115081314e-01 7.962418381623164176e-01 7.821226881949969734e-01 8.196952025784621787e-01
7.667041859923537928e-01 7.978306318399296382e-01 7.824525995070736872e-01 8.191670976072042976e-01
7.661608026548156758e-01 7.964348004157086880e-01 7.828407304624580565e-01 8.192961242024947577e-01
7.648993770498164757e-01 7.960852832501671417e-01 7.832870810611499701e-01 8.201071822931254029e-01
7.644530264511245621e-01 7.957797698256799945e-01 7.835199596343805917e-01 8.202382269754635580e-01
7.648993770498165867e-01 7.952811930844738697e-01 7.839080905897648499e-01 8.213265804331787434e-01
7.647829377632012759e-01 7.945987316769898001e-01 7.845291001183798407e-01 8.223959657898550768e-01
7.639096431135865561e-01 7.948086318268432482e-01 7.844708804750724074e-01 8.218363397564061312e-01
7.628228764385103222e-01 7.950413674859933000e-01 7.852665489336101423e-01 8.222570151507577751e-01
7.634632925148945315e-01 7.951579485543149861e-01 7.839469036853032868e-01 8.208472596733689119e-01
7.637349841836635900e-01 7.945768826310565247e-01 7.844708804750722964e-01 8.223241530909590757e-01
7.643754002600477993e-01 7.940193257552684569e-01 7.845873197616874961e-01 8.228660859027656649e-01
7.648993770498165867e-01 7.957529110336774014e-01 7.832094548700730963e-01 8.215952210808427081e-01
7.646470919288167467e-01 7.956446335782324519e-01 7.818509965262279149e-01 8.202835213263721670e-01
7.637349841836634790e-01 7.945088025644553298e-01 7.801820334180752381e-01 8.187426724963785540e-01
7.642977740689708144e-01 7.944779707489878495e-01 7.810747346154592874e-01 8.164627549105284432e-01
7.639096431135865561e-01 7.937035891582818747e-01 7.808612625899978843e-01 8.153818240962688035e-01
7.645888722855092023e-01 7.934736405904061485e-01 7.817248539657279949e-01 8.171247137883674849e-01
7.653069145529701744e-01 7.949721356546372020e-01 7.851695161947641610e-01 8.212154133553160040e-01
7.654815734828931406e-01 7.962275547037740431e-01 7.868772923984552747e-01 8.232062186664985681e-01
7.646859050243551836e-01 7.965840483761073010e-01 7.870519513283780189e-01 8.236744656871795023e-01
7.645403559160861562e-01 7.963171254287657597e-01 7.854023947679946716e-01 8.220702534609403145e-01
7.631916008461254730e-01 7.949428853555986496e-01 7.846261328572259330e-01 8.212184017295673932e-01
7.636767645403559346e-01 7.950455435880765531e-01 7.832094548700730963e-01 8.200680601389945812e-01
7.660637699159695835e-01 7.965477983245158322e-01 7.819868423606124441e-01 8.188514940235506190e-01
7.667429990878922297e-01 7.977379448209248602e-01 7.815016786663819826e-01 8.185850511633498972e-01
7.667429990878923407e-01 7.985039462832203006e-01 7.828213239146888380e-01 8.191732930602814156e-01
7.664519008713539527e-01 7.985952674932533801e-01 7.843156280929185487e-01 8.203834930323543606e-01
7.661413961070464573e-01 7.980194057469724989e-01 7.831900483223039888e-01 8.196617416812507217e-01
7.669564711133535218e-01 7.985464608671509756e-01 7.812493935453822536e-01 8.182826684186985666e-01
7.666071532535077004e-01 7.978991616279516030e-01 7.815016786663820936e-01 8.193019043202285356e-01
7.665683401579692635e-01 7.968732796744917302e-01 7.814046459275360013e-01 8.191217303861225707e-01
7.657726716994314176e-01 7.962709931246945150e-01 7.822197209338430657e-01 8.198712198319999533e-01
7.671505365910458174e-01 7.979139400492880618e-01 7.835005530866113732e-01 8.206382069192359463e-01
7.657726716994314176e-01 7.968093734151995289e-01 7.824331929593044688e-01 8.195018495755113097e-01
7.643754002600477993e-01 7.963939156212528347e-01 7.829959828446118042e-01 8.192799819405374162e-01
7.659667371771234912e-01 7.978461558081924032e-01 7.836363989209959025e-01 8.199125086534917450e-01
7.650546294319704455e-01 7.971450596775434549e-01 7.833064876089191886e-01 8.198425112846771112e-01
7.651322556230473193e-01 7.966207875188122678e-01 7.841021560674571456e-01 8.214305747854879769e-01
7.668012187311998851e-01 7.969770026618869796e-01 7.830736090356886780e-01 8.214997686902435481e-01
7.685672145781986542e-01 7.978227952989581651e-01 7.823167536726891580e-01 8.211078540001832682e-01
7.683149294571987031e-01 7.976592870267740221e-01 7.826854780803043088e-01 8.209351160140027082e-01
7.677327330241223713e-01 7.964773697245268735e-01 7.818704030739971333e-01 8.198257788575487037e-01
7.658891109860466173e-01 7.966235449415106640e-01 7.813270197364591274e-01 8.195302641642289165e-01
7.642395544256632700e-01 7.958677595323150333e-01 7.805701643734596074e-01 8.182728216907586560e-01
7.650158163364317865e-01 7.964216816844915670e-01 7.803566923479982043e-01 8.179096939099377295e-01
7.649575966931241311e-01 7.957483657648858344e-01 7.816957441440741672e-01 8.193960638458629431e-01
7.649964097886625680e-01 7.950217389771316867e-01 7.814240524753051087e-01 8.194582669010000986e-01
7.637349841836635900e-01 7.943032961608255116e-01 7.828795435579963824e-01 8.211599456219553783e-01
7.625802945913952025e-01 7.944569434988659751e-01 7.838304643986879761e-01 8.228242589614072067e-01
7.626482175085874671e-01 7.942156251417862300e-01 7.857711191756098223e-01 8.239686065424318695e-01
7.635603252537406238e-01 7.948556075432214874e-01 7.856352733412252931e-01 8.234572834081655968e-01
7.647053115721242911e-01 7.971668757993668475e-01 7.861980632265325175e-01 8.240329828124624001e-01
7.658697044382773989e-01 7.968683866848467190e-01 7.847037590483028069e-01 8.213423190606654600e-01
7.672087562343533618e-01 7.969370601813999810e-01 7.834229268955344994e-01 8.204930806009920197e-01
7.674416348075842054e-01 7.969966346387227230e-01 7.812299869976129241e-01 8.183479039033010327e-01
7.677521395718915898e-01 7.975887843127154042e-01 7.811717673543053797e-01 8.182665854626314239e-01
7.655786062217392329e-01 7.958665048373182449e-01 7.815987114052280749e-01 8.199925001061848517e-01
7.645500591899707654e-01 7.961773817305194401e-01 7.817927768829202595e-01 8.190626882720103419e-01
7.666653728968154669e-01 7.980144565516092969e-01 7.852277358380717054e-01 8.222204840428233297e-01
7.671505365910458174e-01 7.979918559357076502e-01 7.864697548953015760e-01 8.232829527373255463e-01
7.665877467057384820e-01 7.966860694539197318e-01 7.861204370354555326e-01 8.233767511238009318e-01
7.655980127695083404e-01 7.959847783589608650e-01 7.839274971375341794e-01 8.215599514219824595e-01
7.660249568204312576e-01 7.964172009852388268e-01 7.835005530866112622e-01 8.217248855342358382e-01
7.678103592151993562e-01 7.966921957518724451e-01 7.836363989209959025e-01 8.216729619903182513e-01
7.688389062469676016e-01 7.972400776390595745e-01 7.829183566535348193e-01 8.210459774007302647e-01
7.668400318267383220e-01 7.950093048829840470e-01 7.821032816472277549e-01 8.214030130143012975e-01
7.672281627821226913e-01 7.966811374105859933e-01 7.812493935453821425e-01 8.200809659863718126e-01
7.674222282598148759e-01 7.978395441259600318e-01 7.828019173669196196e-01 8.204235676452060755e-01
7.664130877758155158e-01 7.974268386509115736e-01 7.829571697490733673e-01 8.199249724194251909e-01
7.670340973044305066e-01 7.977396101389955252e-01 7.845291001183799517e-01 8.212549110100590966e-01
7.667818121834306666e-01 7.970877444197834727e-01 7.841409691629955825e-01 8.206025999245936120e-01
7.664130877758154048e-01 7.963277166521108841e-01 7.828019173669196196e-01 8.201985108394471702e-01
7.644336199033554546e-01 7.937509675913878571e-01 7.818898096217662408e-01 8.203992657736465244e-01
7.641231151390478482e-01 7.940477333222155654e-01 7.838886840419956314e-01 8.225946553725198562e-01
7.644530264511244511e-01 7.955416227025582376e-01 7.844126608317646410e-01 8.229618190468628303e-01
7.632304139416637989e-01 7.954285370384251985e-01 7.854412078635332195e-01 8.236265446340136354e-01
7.624541520308951714e-01 7.942270686035908245e-01 7.837916513031496502e-01 8.219563153218930607e-01
7.631333812028178176e-01 7.943642753830097991e-01 7.841215626152262530e-01 8.216031637171923308e-01
7.653263211007395039e-01 7.969413702947172329e-01 7.833841137999961735e-01 8.208885920559610971e-01
7.665877467057384820e-01 7.984245243021163008e-01 7.835393661821496991e-01 8.213485249849467040e-01
7.672087562343534728e-01 7.989222629894114913e-01 7.842962215451494412e-01 8.229654588495972645e-01
7.671311300432765989e-01 7.994777535207349128e-01 7.857128995323021670e-01 8.243864999717723796e-01
7.672087562343534728e-01 7.988547713256216598e-01 7.857808224494944316e-01 8.243458301610551153e-01
7.683731491005064695e-01 7.988479467988991445e-01 7.855382406023792008e-01 8.242147344061805381e-01
7.653457276485085004e-01 7.968595897228352154e-01 7.833841137999961735e-01 8.225784892755158006e-01
7.650158163364318975e-01 7.967545417282282383e-01 7.844514739273030779e-01 8.229015360341205287e-01
7.646082788332781988e-01 7.959077466628532438e-01 7.851889227425332685e-01 8.229831238887095335e-01
7.644336199033554546e-01 7.957123567794505137e-01 7.845096935706106223e-01 8.223707118601868427e-01
7.644530264511245621e-01 7.952185213463667246e-01 7.835393661821499212e-01 8.218248450907669200e-01
7.650546294319704455e-01 7.957161014913372021e-01 7.815598983096896379e-01 8.203721971107915678e-01
7.659861437248927096e-01 7.956360693387665162e-01 7.814046459275360013e-01 8.203864388120191142e-01
7.657920782472006360e-01 7.959277704985433521e-01 7.824525995070736872e-01 8.214894270154987632e-01
7.655980127695083404e-01 7.968579251351997073e-01 7.831706417745347704e-01 8.218225416549671536e-01
7.661996157503542237e-01 7.978866020002598480e-01 7.854606144113023269e-01 8.242574983300234859e-01
7.679073919540453375e-01 7.987655328968132906e-01 7.860039977488405549e-01 8.240728825872246643e-01
7.671117234955073805e-01 7.986365731223611375e-01 7.837140251120726653e-01 8.218226742420440267e-01
7.673640086165072205e-01 7.982587733156609744e-01 7.841991888063033489e-01 8.229270039003746540e-01
7.676939199285839344e-01 7.989516364200714982e-01 7.849948572648410838e-01 8.237495220599536649e-01
7.674804479031225313e-01 7.986957327388941597e-01 7.841021560674572566e-01 8.227856049457431542e-01
7.675580740941992941e-01 7.984010118990633176e-01 7.830542024879195706e-01 8.224220317869429531e-01
7.686448407692756390e-01 7.991748002551266605e-01 7.857517126278406039e-01 8.240377870433087670e-01
7.686060276737370911e-01 7.999296823366246478e-01 7.879252459779929607e-01 8.253703789577480077e-01
7.676162937375069495e-01 7.988023263657579864e-01 7.879640590735312866e-01 8.254244482088670676e-01
7.676745133808147159e-01 7.986301243299376296e-01 7.862756894176095024e-01 8.241535229918474093e-01
