8.650274602650933620e-01 8.846139018561127720e-01 8.380911719614198008e-01 8.650053279837045528e-01
8.682489471947835158e-01 8.874093975360959341e-01 8.392167517320343606e-01 8.659474405863659685e-01
8.684624192202449189e-01 8.878071577772227441e-01 8.389838731588037390e-01 8.650756093132629942e-01
8.698014710163208818e-01 8.885050539747199050e-01 8.391003124454190498e-01 8.650067469199367309e-01
8.699373168507054110e-01 8.884918858661862151e-01 8.388674338721884283e-01 8.644381283374243941e-01
8.690446156533213617e-01 8.881059239962466600e-01 8.400512332861106435e-01 8.651513234979124611e-01
8.691998680354752205e-01 8.886082833526602887e-01 8.398377612606492404e-01 8.644766743905070161e-01
8.690252091055523653e-01 8.895093272520211425e-01 8.403229249548798130e-01 8.643509753258986628e-01
8.688893632711676140e-01 8.901163213583251910e-01 8.409245279357254743e-01 8.644819917702308842e-01
8.677637835005529432e-01 8.894545770864006329e-01 8.408663082924179299e-01 8.648926882400684857e-01
8.691416483921674541e-01 8.907464096353761018e-01 8.423412059228783111e-01 8.660868342813752285e-01
8.709852704302432080e-01 8.920824805151389425e-01 8.428845892604164280e-01 8.664175427179389155e-01
8.731782103281646723e-01 8.933865324297065591e-01 8.431562809291854865e-01 8.672476355102716195e-01
8.754099633216246845e-01 8.944913440973839558e-01 8.426905237827242434e-01 8.671347996422393845e-01
8.750606454617788632e-01 8.939474576634358627e-01 8.439907624832618804e-01 8.680301429320566031e-01
8.731393972326263464e-01 8.922537155170409129e-01 8.461642958334141262e-01 8.704696643414612245e-01
8.716450930543965248e-01 8.920483423212405283e-01 8.478720720371053510e-01 8.712083951430139583e-01
8.716062799588580878e-01 8.926823707493998228e-01 8.497545071707193198e-01 8.725852686990456242e-01
8.696462186341671341e-01 8.914921961833962571e-01 8.501426381261036891e-01 8.722876915167562251e-01
8.689475829144753805e-01 8.914575286896450068e-01 8.505307690814879473e-01 8.718788294105348502e-01
8.704030739971665431e-01 8.931854659710838362e-01 8.496574744318732275e-01 8.708900365769187690e-01
8.711017097168584078e-01 8.933645581575857531e-01 8.495022220497194798e-01 8.707985553193495765e-01
8.701701954239360326e-01 8.926088378798358036e-01 8.510935589667953938e-01 8.718652691913828523e-01
8.683459799336294971e-01 8.915371224973970277e-01 8.500067922917191598e-01 8.711497698911820908e-01
8.681907275514757494e-01 8.915232203656111576e-01 8.486095208523356526e-01 8.701047597109391463e-01
8.675114983795531032e-01 8.906945802767627374e-01 8.480273244192589877e-01 8.697513743732567804e-01
8.683653864813989376e-01 8.910437049339807736e-01 8.484542684701819049e-01 8.701703987948806729e-01
8.693939335131672941e-01 8.918149258810988966e-01 8.489588387121814739e-01 8.702128899717357369e-01
8.689281763667062730e-01 8.913518470950179129e-01 8.494245958586427170e-01 8.705395983423287465e-01
8.707329853092432570e-01 8.925390999986948515e-01 8.497156940751808829e-01 8.702468668003703334e-01
8.720332240097808940e-01 8.926386684171359054e-01 8.505501756292572768e-01 8.705415517888126509e-01
8.715286537677811030e-01 8.924212784643585916e-01 8.506278018203341507e-01 8.705658111009910716e-01
8.708300180480893493e-01 8.920876795277503657e-01 8.489782452599505813e-01 8.689597932007683267e-01
8.693939335131674051e-01 8.907370569766586144e-01 8.501814512216421260e-01 8.689067578904960953e-01
8.665993906343999464e-01 8.884824732643921141e-01 8.513652506355644523e-01 8.697400135950459354e-01
8.646005162141705558e-01 8.875847548590821701e-01 8.533059054124860765e-01 8.720501472787612895e-01
8.642317918065555160e-01 8.875788980580590071e-01 8.557511304314074918e-01 8.746636084697942959e-01
8.662888858700925621e-01 8.890361239316297848e-01 8.560616351957149872e-01 8.752847813118126430e-01
8.679966620737836758e-01 8.908062685357098776e-01 8.567214578198683039e-01 8.763132534793802719e-01
8.704030739971666542e-01 8.926114996873484309e-01 8.547613964951774612e-01 8.749155573919327189e-01
8.737604067612412262e-01 8.949694043535473265e-01 8.538492887500243045e-01 8.743431485073661635e-01
8.744396359331638724e-01 8.956560384756561133e-01 8.504531428904112955e-01 8.719337694378781478e-01
8.718585650798580389e-01 8.933574388250102860e-01 8.506278018203341507e-01 8.713618710028711023e-01
8.699567233984746295e-01 8.922893369188028556e-01 8.511129655145646122e-01 8.714802124205633937e-01
8.689475829144752694e-01 8.913987824607503274e-01 8.516563488521027292e-01 8.718498208892172530e-01
8.684430126724757004e-01 8.909111223448515915e-01 8.508412738457955538e-01 8.708586439257989253e-01
8.674726852840148883e-01 8.900555974562160966e-01 8.498127268140269752e-01 8.699342113726106218e-01
8.682683537425527343e-01 8.906823227911879748e-01 8.516175357565642923e-01 8.713727442804880541e-01
8.678802227871683650e-01 8.903730198737203061e-01 8.525878631450252154e-01 8.720768970894432481e-01
8.675309049273225437e-01 8.898414974667210320e-01 8.542956393487162181e-01 8.736267317134280841e-01
8.666187971821692759e-01 8.892885217319146385e-01 8.552659667371771413e-01 8.742410192056209173e-01
8.679772555260145683e-01 8.909164191225515950e-01 8.561586679345611905e-01 8.745825792472192717e-01
8.689087698189368325e-01 8.913156559703055981e-01 8.536746298201013383e-01 8.723839342846776423e-01
8.709076442391663342e-01 8.929539748316870362e-01 8.520638863552563169e-01 8.713274041983289919e-01
8.734499019969337308e-01 8.947808075533171257e-01 8.509577131324108645e-01 8.710591281810741160e-01
8.728094859205495215e-01 8.937737256820112997e-01 8.520832929030254244e-01 8.713983973096317559e-01
8.705195132837820760e-01 8.921574178834351665e-01 8.507636476547185689e-01 8.709854928541567176e-01
8.700731626850899403e-01 8.913965405767703132e-01 8.502396708649497814e-01 8.706610144846351762e-01
8.693939335131672941e-01 8.912638032605384453e-01 8.490558714510276772e-01 8.705048037909071112e-01
8.701507888761669252e-01 8.920176458699653477e-01 8.495216285974888093e-01 8.708902285668912446e-01
8.693551204176288572e-01 8.913170536008541145e-01 8.524132042151021382e-01 8.726693357985821908e-01
8.715092472200121065e-01 8.922292335801015328e-01 8.524326107628714677e-01 8.719919432690850236e-01
8.717615323410118355e-01 8.924814044883815356e-01 8.525102369539481195e-01 8.716061894532569632e-01
8.722661025830114045e-01 8.926579471377611430e-01 8.514040637311028892e-01 8.710035235222823857e-01
8.744590424809330909e-01 8.948681244816159008e-01 8.522191387374099536e-01 8.720766142649147845e-01
8.732170234237031092e-01 8.939271222844860088e-01 8.537134429156396642e-01 8.729508995000521132e-01
8.710628966213199709e-01 8.921570867748214173e-01 8.555958780492538551e-01 8.744102034549026126e-01
8.696462186341672451e-01 8.912219285334099794e-01 8.542180131576394553e-01 8.725523693845690376e-01
8.691028352966291282e-01 8.907802730880964859e-01 8.517921946864872584e-01 8.699048900354244829e-01
8.696462186341671341e-01 8.907883686805608825e-01 8.515010964699489815e-01 8.699786676017681186e-01
8.717227192454733986e-01 8.925340188213866099e-01 8.530536202914863475e-01 8.718644997425659682e-01
8.712957751945507034e-01 8.927411243108416272e-01 8.532864988647168580e-01 8.729949833788684943e-01
8.680742882648605496e-01 8.905256961988515796e-01 8.537716625589473196e-01 8.732314784773160810e-01
8.697432513730132264e-01 8.919218036809057892e-01 8.544702982786391843e-01 8.739018057708330955e-01
8.708106115003202419e-01 8.926848781896838947e-01 8.548972423295619905e-01 8.740119529382301966e-01
8.703254478060896693e-01 8.915627252752569287e-01 8.538686952977934119e-01 8.730645111262247404e-01
8.711987424557046111e-01 8.923360224720492395e-01 8.522773583807176090e-01 8.716714223395551908e-01
8.701313823283975957e-01 8.914815795293487000e-01 8.491140910943353326e-01 8.694379954818844958e-01
8.689475829144752694e-01 8.903493816213805534e-01 8.486289274001048710e-01 8.690624562903639383e-01
8.694327466087057310e-01 8.906093802931221992e-01 8.503949232471035291e-01 8.703201533721480754e-01
8.704807001882435280e-01 8.908803312953477160e-01 8.522385452851792831e-01 8.714568140610453595e-01
8.722078829397039712e-01 8.922036140569608031e-01 8.522579518329482795e-01 8.713046232978421957e-01
8.731782103281646723e-01 8.937848214354964238e-01 8.526460827883326488e-01 8.717853005558082735e-01
8.704224805449357616e-01 8.919214366096446245e-01 8.505307690814880583e-01 8.708243997894067334e-01
8.696462186341671341e-01 8.916786436674746241e-01 8.495992547885655721e-01 8.703521078817278989e-01
8.683847930291681561e-01 8.905445852831703757e-01 8.503755166993343106e-01 8.701668884658896319e-01
8.690834287488597987e-01 8.906074808388028119e-01 8.509189000368724276e-01 8.702039052309402667e-01
8.713345882900891404e-01 8.920323367753301147e-01 8.498515399095654121e-01 8.696663215609128361e-01
8.718391585320887094e-01 8.927362080540988121e-01 8.492596402026043600e-01 8.693361207384602274e-01
8.707717984047818049e-01 8.921560235061265498e-01 8.505695821770264953e-01 8.701176729688389067e-01
8.694909662520133864e-01 8.911532445131653546e-01 8.540239476799471596e-01 8.718961948164137832e-01
8.710823031690891893e-01 8.922383393631577730e-01 8.549942750684080828e-01 8.724982723574278287e-01
8.715480603155505435e-01 8.921474535993938471e-01 8.537522560111782122e-01 8.717580240575580897e-01
8.698596906596285372e-01 8.917409808817717831e-01 8.537522560111781011e-01 8.722336525591621870e-01
8.688893632711676140e-01 8.916811700080808922e-01 8.541015738710241445e-01 8.729398432078536718e-01
8.719944109142423461e-01 8.941507041913954179e-01 8.552659667371771413e-01 8.734167489254444083e-01
8.729065186593957248e-01 8.942446243139319240e-01 8.557899435269460398e-01 8.734566994563586206e-01
8.718779716276271463e-01 8.928383292419903583e-01 8.530730268392556770e-01 8.711734779056790057e-01
8.705001067360126354e-01 8.915658125022568603e-01 8.502978905082574368e-01 8.696591061713112580e-01
8.697432513730132264e-01 8.916177221215234594e-01 8.510159327757185199e-01 8.710801810785858690e-01
8.699373168507054110e-01 8.917903549381910322e-01 8.521026994507947538e-01 8.723344469000722246e-01
8.728677055638571769e-01 8.938470492044012783e-01 8.547225833996390243e-01 8.740089312722040260e-01
8.711211162646275152e-01 8.926782100616051929e-01 8.556540976925613995e-01 8.736658089858615472e-01
8.704030739971665431e-01 8.923233351917115863e-01 8.545091113741776212e-01 8.730593551482966896e-01
8.708688311436277862e-01 8.919918719553654451e-01 8.529565875526403662e-01 8.723816351580867545e-01
8.711405228123969557e-01 8.921242270694007548e-01 8.508412738457955538e-01 8.713996884121480990e-01
8.718003454365502725e-01 8.927184093952434951e-01 8.511129655145646122e-01 8.712777199636750902e-01
8.727706728250110846e-01 8.934274625429686756e-01 8.512294048011799230e-01 8.704937395504294129e-01
8.724407615129344817e-01 8.930747917949789505e-01 8.521997321896406241e-01 8.707620805392840557e-01
8.727318597294727587e-01 8.932203809912319104e-01 8.520056667119486615e-01 8.704409545292098871e-01
8.713734013856274663e-01 8.921664470278239945e-01 8.527043024316404152e-01 8.710482008471972515e-01
8.702284150672436880e-01 8.911298350287474301e-01 8.522385452851792831e-01 8.713175805982391608e-01
8.703642609016282172e-01 8.908561953508249420e-01 8.517533815909487105e-01 8.707640748282389209e-01
8.715674668633196509e-01 8.922640215684964904e-01 8.541986066098701258e-01 8.730228946395894862e-01
8.697432513730132264e-01 8.915661507473556791e-01 8.546255506607930430e-01 8.737911672661194951e-01
8.692969007743213128e-01 8.908280794000762448e-01 8.538104756544858676e-01 8.728376528022929737e-01
8.698402841118593187e-01 8.911259618098685831e-01 8.521997321896408462e-01 8.714378739579298205e-01
8.717809388887810540e-01 8.925315248688642233e-01 8.523549845717945939e-01 8.716490661211837576e-01
8.720720371053193309e-01 8.928009979322586442e-01 8.531894661258708767e-01 8.719075553380847277e-01
8.710046769780122045e-01 8.924030533731618364e-01 8.530730268392554549e-01 8.722149084135248920e-01
8.711793359079352816e-01 8.927925479505273154e-01 8.531312464825631103e-01 8.721802557323359295e-01
8.727706728250111956e-01 8.938088357228652914e-01 8.530924333870246734e-01 8.723914532850418624e-01
8.731782103281646723e-01 8.935605891496480879e-01 8.517727881387180400e-01 8.714191670038915483e-01
8.727124531817034292e-01 8.931825962456556578e-01 8.533059054124862985e-01 8.721250713561433665e-01
8.731782103281646723e-01 8.934835410152859314e-01 8.548972423295618794e-01 8.733184783015892627e-01
8.725183877040113556e-01 8.930871171393781616e-01 8.564109530555609195e-01 8.745435755923874899e-01
8.734304954491645123e-01 8.942285095874159540e-01 8.583516078324826548e-01 8.756081968038327279e-01
8.742843835510101247e-01 8.954375647446917164e-01 8.580216965204059409e-01 8.763585548870667097e-01
8.719750043664733496e-01 8.938456699854654408e-01 8.570513691319452398e-01 8.760278272453988491e-01
8.720914436530886604e-01 8.932573536060035568e-01 8.557899435269460398e-01 8.745567267499033681e-01
8.724989811562422481e-01 8.935671349004594699e-01 8.540821673232548150e-01 8.726098515136281319e-01
8.710046769780124265e-01 8.915662318225673344e-01 8.522385452851792831e-01 8.708724752709120498e-01
8.724601680607038112e-01 8.928646572758942579e-01 8.543344524442546550e-01 8.723330406274960591e-01
8.743426031943176691e-01 8.945288144367260497e-01 8.567408643676376334e-01 8.746209140595673226e-01
8.755652157037785432e-01 8.962389267502688384e-01 8.577111917560984455e-01 8.756831930087275451e-01
8.765161365444701369e-01 8.969358685704942324e-01 8.580216965204060520e-01 8.757353948651318554e-01
8.751964912961632814e-01 8.958151164911390962e-01 8.569931494886373624e-01 8.750479476343994145e-01
8.754099633216246845e-01 8.956822960464295713e-01 8.567408643676376334e-01 8.747517297700430072e-01
8.748083603407790232e-01 8.947556881395311024e-01 8.558869762657920210e-01 8.737898611691892192e-01
8.730423644937802541e-01 8.932440597691110318e-01 8.563139203167149383e-01 8.740738341261820032e-01
8.719750043664731276e-01 8.926912777008042532e-01 8.562945137689456088e-01 8.750827458161017924e-01
8.736827805701643523e-01 8.939444466511620169e-01 8.560422286479457687e-01 8.750994522748347659e-01
8.730617710415494725e-01 8.936938915157058849e-01 8.556346911447922921e-01 8.746249035158359941e-01
8.715092472200118845e-01 8.923704601678256187e-01 8.551107143550233936e-01 8.739519386713600069e-01
8.727318597294727587e-01 8.932675219489412122e-01 8.543732655397930920e-01 8.727263392113836504e-01
8.736827805701643523e-01 8.941705020690258188e-01 8.533059054124861875e-01 8.715135964583732298e-01
8.732752430670107646e-01 8.936803853881144510e-01 8.531894661258708767e-01 8.717321892649469994e-01
8.731782103281647833e-01 8.942442309587611549e-01 8.536552232723321199e-01 8.726311668675810207e-01
8.738962525956257554e-01 8.946311913438687036e-01 8.548778357817926610e-01 8.740743973651859955e-01
8.752741174872401553e-01 8.954794376440453618e-01 8.556346911447922921e-01 8.744667152451377490e-01
8.747113276019329309e-01 8.946418677889258486e-01 8.547808030429467907e-01 8.736143971126060226e-01
8.751576782006249555e-01 8.951257715358816869e-01 8.547419899474082428e-01 8.735354803196587747e-01
8.746337014108560570e-01 8.943240051082135267e-01 8.548390226862543351e-01 8.735746216940655229e-01
8.732558365192416572e-01 8.934124809740596751e-01 8.575171262784062609e-01 8.758833054223600367e-01
8.727512662772419771e-01 8.931255162873761311e-01 8.581769489025596886e-01 8.762560256521243485e-01
8.735081216402413862e-01 8.939279271566399343e-01 8.596324399852509623e-01 8.770496360791681933e-01
8.730035513982417061e-01 8.937428244005620748e-01 8.585844864057132764e-01 8.759197871528024981e-01
8.729647383027032692e-01 8.935694595154779485e-01 8.569931494886373624e-01 8.751731164825808928e-01
8.735857478313182600e-01 8.941691107779139447e-01 8.572260280618679840e-01 8.756225817923033450e-01
8.739350656911641924e-01 8.944410686188941639e-01 8.588173649789438979e-01 8.769807935417465172e-01
8.742455704554716878e-01 8.945418268879273826e-01 8.595160006986357626e-01 8.779212079777151123e-01
8.761862252323933120e-01 8.961400496999196719e-01 8.587591453356361315e-01 8.769500284330151718e-01
8.761862252323935341e-01 8.960850668634756655e-01 8.582545750936365625e-01 8.755990707834400144e-01
8.753711502260862476e-01 8.957483062029554244e-01 8.590114304566360826e-01 8.763232111381915601e-01
8.745560752197791832e-01 8.954364200381315086e-01 8.588173649789438979e-01 8.765860134061578268e-01
8.737798133090104447e-01 8.947587534830828693e-01 8.589143977177899902e-01 8.763862102490584949e-01
8.749053930796248935e-01 8.953467268782312471e-01 8.584486405713288582e-01 8.761264812800435564e-01
8.736827805701643523e-01 8.941149351009133328e-01 8.589532108133284272e-01 8.768348505372312029e-01
8.733722758058569680e-01 8.930538446511089301e-01 8.593025286731743595e-01 8.768860914411928942e-01
8.746531079586251645e-01 8.943080220861032714e-01 8.582157619980981256e-01 8.764093405170453321e-01
8.767684216654699769e-01 8.960213609880499641e-01 8.584874536668671841e-01 8.766862092964440301e-01
8.780492538182381734e-01 8.966771880062197608e-01 8.587591453356361315e-01 8.766440815592578817e-01
8.768654544043160692e-01 8.960818465340226746e-01 8.601952298705582978e-01 8.781650900629247580e-01
8.761474121368548751e-01 8.961523592856097675e-01 8.616895340487880084e-01 8.797858233996498356e-01
8.748665799840864565e-01 8.954129797937026014e-01 8.616507209532495715e-01 8.792699659018492486e-01
8.741873508121640324e-01 8.945581648828480059e-01 8.613014030934037502e-01 8.791256733080343722e-01
8.740320984300102847e-01 8.934766352603122908e-01 8.597294727240971657e-01 8.774040573902534002e-01
8.751770847483941740e-01 8.941824066649401992e-01 8.581575423547905812e-01 8.757308902733369482e-01
8.765743561877777923e-01 8.953624351269172665e-01 8.582351685458674551e-01 8.764927721819857354e-01
8.773894311940848567e-01 8.964244464185460171e-01 8.573230608007140763e-01 8.762117371346145323e-01
8.767684216654698659e-01 8.960736506560025294e-01 8.567408643676376334e-01 8.758331910598202708e-01
8.754487764171631214e-01 8.954270148337195590e-01 8.582351685458673440e-01 8.769843068351916848e-01
8.757010615381629615e-01 8.953530226631207789e-01 8.595160006986357626e-01 8.775689012144699541e-01
8.736633740223951339e-01 8.937143159353255761e-01 8.601564167750199719e-01 8.784449667123379601e-01
8.746725145063943829e-01 8.944299203884671368e-01 8.600593840361738796e-01 8.788470875064644527e-01
8.762250383279318600e-01 8.956411641242456589e-01 8.582157619980981256e-01 8.771069032171331381e-01
8.758369073725473797e-01 8.951839290922177783e-01 8.581381358070212517e-01 8.773642943530471916e-01
8.768654544043159582e-01 8.960515019339603260e-01 8.580799161637137074e-01 8.771051315905094015e-01
8.771565526208542352e-01 8.963930019321754150e-01 8.594577810553281072e-01 8.783559304015596814e-01
8.781462865570843768e-01 8.970536419367411973e-01 8.590114304566360826e-01 8.775470406357934738e-01
8.768072347610084138e-01 8.960538917163913819e-01 8.609714917813269253e-01 8.788617635516147164e-01
8.757301713598169002e-01 8.950416041304213310e-01 8.612043703545576578e-01 8.789581886983559578e-01
8.749053930796250045e-01 8.942146408034493676e-01 8.612819965456344207e-01 8.790327239684374572e-01
8.763414776145471707e-01 8.956044483577463300e-01 8.626792679850181500e-01 8.802177425321290327e-01
8.762638514234702969e-01 8.958847355973753590e-01 8.611073376157114545e-01 8.790435647276542142e-01
8.769818936909312690e-01 8.959588247879939349e-01 8.590890566477129564e-01 8.768182955990366789e-01
8.767878282132391954e-01 8.959651984666486824e-01 8.592054959343282672e-01 8.770081543467191931e-01
8.774476508373925121e-01 8.964219753531720292e-01 8.592054959343281562e-01 8.771412306952151017e-01
8.773506180985465308e-01 8.965413300675502128e-01 8.611267441634806730e-01 8.789654231713800447e-01
8.764385103533931520e-01 8.959287639691511096e-01 8.608744590424808329e-01 8.791545899487632765e-01
