7.514797492674027968e-01 7.856344033568101182e-01 6.977139086727861539e-01 7.458967074446422041e-01
7.495002813949426246e-01 7.843553470405604244e-01 6.984513574880164555e-01 7.466356940090950189e-01
7.485299540064818125e-01 7.842727040404242622e-01 6.988977080867083691e-01 7.466147686094350977e-01
7.489180849618661817e-01 7.844586199064766951e-01 6.986260164179393106e-01 7.468852917043009576e-01
7.489568980574046186e-01 7.842273667084802558e-01 7.003726057171689723e-01 7.490762459873009371e-01
7.492285897261735661e-01 7.843725635737683888e-01 6.983931378447088001e-01 7.482051371718835275e-01
7.504512022356344403e-01 7.853879761217933408e-01 6.975392497428632987e-01 7.456302293515817414e-01
7.513244968852490491e-01 7.865277252789424356e-01 6.979079741504784495e-01 7.439218245588342660e-01
7.518096605794795106e-01 7.870760812908871307e-01 6.991111801121698832e-01 7.426633718456612243e-01
7.523336373692482981e-01 7.889403902048615080e-01 7.001591336917076802e-01 7.426905433332642303e-01
7.533427778532475472e-01 7.902846636074321029e-01 7.010324283413222890e-01 7.426243111609605041e-01
7.529934599934017259e-01 7.903175900916302732e-01 7.008189563158609969e-01 7.432127428608614750e-01
7.526053290380174676e-01 7.903425536706625287e-01 7.009353956024761967e-01 7.428473224946321452e-01
7.505676415222496400e-01 7.895420408004132362e-01 6.999068485707078402e-01 7.416171345400499604e-01
7.494614682994042987e-01 7.892497485347473862e-01 7.003531991693996428e-01 7.417329667184809905e-01
7.481612295988666617e-01 7.883322535555805644e-01 7.013429331056297844e-01 7.415965837351434775e-01
7.488016456752508709e-01 7.894975377948258988e-01 7.012264938190144736e-01 7.404155027475775031e-01
7.505482349744804216e-01 7.897735908507611535e-01 7.014593723922452062e-01 7.391496555993353201e-01
7.514409361718643598e-01 7.902657885811706917e-01 7.018280967998602460e-01 7.385647618262831671e-01
7.534204040443245320e-01 7.912149550757063832e-01 7.044285742009352980e-01 7.407324469458600458e-01
7.548564885792466983e-01 7.928364456145331474e-01 7.051272099206272737e-01 7.408049302404344783e-01
7.557491897766307476e-01 7.930808270327426301e-01 7.036911253857052184e-01 7.389834712563037034e-01
7.565254516873993751e-01 7.938699136557778591e-01 7.018280967998602460e-01 7.381590963229386348e-01
7.565836713307070305e-01 7.938367094421185932e-01 7.012459003667838031e-01 7.377018031706943368e-01
7.573017135981681136e-01 7.936491856127598776e-01 6.998486289274000738e-01 7.369917307313330612e-01
7.580003493178597562e-01 7.941858984289303924e-01 6.988006753478623878e-01 7.365984989926996906e-01
7.575345921713986241e-01 7.943507865046856020e-01 6.984707640357856739e-01 7.359515754819463407e-01
7.591065225407053196e-01 7.956793989372643594e-01 6.986842360612470770e-01 7.361425735962179306e-01
7.594558404005511409e-01 7.962767433903363834e-01 6.985677967746316552e-01 7.362249993761447175e-01
7.599604106425507100e-01 7.965146692945945794e-01 6.996739699974772186e-01 7.357920046900975342e-01
7.586989850375516209e-01 7.954589547381644143e-01 6.981020396281705231e-01 7.340012260671021638e-01
7.600962564769353502e-01 7.948613834766862229e-01 6.976556890294786095e-01 7.343776996154595116e-01
7.638223136486249620e-01 7.971537242217870967e-01 6.951134312717111019e-01 7.326246691154782997e-01
7.658405946166235712e-01 7.978452599524807898e-01 6.935415009024044064e-01 7.319184584440575625e-01
7.659764404510081004e-01 7.977409230511864902e-01 6.927264258960972310e-01 7.314526782658156145e-01
7.653748374701625501e-01 7.979973820956196562e-01 6.917366919598670894e-01 7.302538305288073239e-01
7.645597624638551526e-01 7.969390928484316738e-01 6.913873741000213791e-01 7.304356229239659104e-01
7.633759630499329374e-01 7.958905454416884684e-01 6.912321217178676314e-01 7.301131989783637977e-01
7.623086029226261440e-01 7.960324244755271339e-01 6.929593044693279635e-01 7.307598589065589234e-01
7.617264064895495901e-01 7.963052787528130949e-01 6.934832812590968620e-01 7.315915310158419560e-01
7.608142987443963223e-01 7.962934471981635287e-01 6.939878515010964311e-01 7.318167925363265880e-01
7.600768499291661318e-01 7.961529984972974816e-01 6.947253003163267326e-01 7.333786390744824191e-01
7.597275320693201994e-01 7.967469767670922742e-01 6.916396592210211081e-01 7.316495474876421046e-01
7.598633779037047287e-01 7.971564365630507965e-01 6.891944342020998038e-01 7.305600443555233525e-01
7.605134972539735472e-01 7.965945853706182245e-01 6.893302800364843330e-01 7.304947202147115126e-01
7.610277707698577254e-01 7.963551561493871223e-01 6.902423877816374898e-01 7.311042729650456540e-01
7.638611267441635100e-01 7.983989948769094624e-01 6.908051776669448252e-01 7.309449427435869007e-01
7.646567952027014670e-01 7.989164162372833777e-01 6.926876128005590161e-01 7.324463146653259482e-01
7.649090803237013070e-01 7.994485396536259447e-01 6.956180015137107819e-01 7.339667490286470031e-01
7.642104446040094423e-01 8.003005073677157410e-01 6.968600205709405415e-01 7.351902391361914146e-01
7.642492576995477682e-01 8.009315077218205348e-01 6.980632265326320862e-01 7.356624198480176124e-01
7.642298511517785498e-01 8.010150171379160078e-01 6.979467872460167754e-01 7.359837226771950291e-01
7.655494964000855163e-01 8.017214189736432406e-01 6.970540860486328372e-01 7.362968535297709227e-01
7.658405946166236822e-01 8.013623219102383732e-01 6.948805526984804803e-01 7.360091057405064863e-01
7.661316928331618481e-01 8.006652536550329380e-01 6.933280288769430033e-01 7.359052761986129010e-01
7.637835005530866361e-01 7.992296108242056274e-01 6.927264258960972310e-01 7.353639575457532329e-01
7.619786916105495411e-01 7.980968218521833357e-01 6.945506413864037665e-01 7.369346642505617551e-01
7.612800558908575654e-01 7.976132574160045285e-01 6.933668419724815513e-01 7.357322352431816537e-01
7.611053969609345993e-01 7.974643191653487673e-01 6.921054163674824622e-01 7.343945795733086701e-01
7.620369112538570855e-01 7.982364634369460976e-01 6.915038133866366898e-01 7.337188331887821713e-01
7.633953695977022669e-01 7.986404685261843106e-01 6.909022104057909175e-01 7.331494565177039124e-01
7.635894350753944515e-01 7.985348117610051588e-01 6.920860098197132437e-01 7.334286883685918745e-01
7.642298511517786608e-01 7.988826278117693303e-01 6.914844068388673604e-01 7.322794186299246277e-01
7.619398785150108822e-01 7.970914073598059923e-01 6.934444681635584251e-01 7.330954704547586465e-01
7.610859904131653808e-01 7.966239291617768226e-01 6.932504026858662405e-01 7.328997513528128227e-01
7.594170273050127040e-01 7.964015497329018922e-01 6.933280288769432254e-01 7.330070715294663142e-01
7.602126957635506610e-01 7.968559262568332136e-01 6.945700479341730960e-01 7.343024294315606548e-01
7.601156630247045687e-01 7.967100191962305233e-01 6.936385336412506097e-01 7.342774100876695575e-01
7.590288963496283348e-01 7.959769036248155460e-01 6.924935473228666094e-01 7.327688726187890911e-01
7.599021909992431656e-01 7.971472353553274992e-01 6.932309961380970220e-01 7.350003007333278937e-01
7.612412427953192395e-01 7.987383525810897167e-01 6.960255390168642586e-01 7.374775074613323378e-01
7.626967338780104022e-01 8.000047636276339524e-01 6.946670806730190773e-01 7.353353554809376469e-01
7.658017815210852453e-01 8.007959831974457154e-01 6.952298705583263017e-01 7.359782608664221515e-01
7.652583981835470173e-01 8.005691840797808378e-01 6.946476741252498588e-01 7.356969686347849535e-01
7.637640940053174177e-01 7.994190695735506891e-01 6.913097479089445052e-01 7.334319200573682362e-01
7.654136505657008760e-01 8.022375999498165822e-01 6.927846455394048863e-01 7.332707940876629360e-01
7.641134118651633500e-01 8.014949650526989045e-01 6.942013235265578341e-01 7.351175467285870901e-01
7.624250422092413437e-01 8.007831788161603459e-01 6.944342020997884557e-01 7.353764115583736327e-01
7.622503832793183776e-01 8.002194139249658722e-01 6.950746181761726650e-01 7.356716494967946440e-01
7.623474160181645809e-01 8.007072659848766261e-01 6.932698092336353479e-01 7.332718182300701493e-01
7.625997011391643099e-01 7.997993352611681983e-01 6.910186496924062283e-01 7.313710550494412210e-01
7.622115701837800517e-01 7.992306704946114948e-01 6.899512895650993238e-01 7.311612610229727416e-01
7.637543907314328084e-01 8.008981370643547537e-01 6.900871353994838531e-01 7.314830630580020365e-01
7.645209493683169377e-01 8.022572939411757309e-01 6.910962758834831021e-01 7.325656358767143050e-01
7.648120475848551036e-01 8.020573880212886753e-01 6.913291544567137237e-01 7.328406729565124511e-01
7.648508606803936516e-01 8.016073279884785574e-01 6.934250616157890956e-01 7.332780617665048961e-01
7.638611267441633990e-01 7.996450262466250347e-01 6.957538473480953112e-01 7.351323701372156627e-01
7.633565565021639410e-01 7.996320127694056534e-01 6.951134312717111019e-01 7.329706746463178213e-01
7.608725183877040887e-01 7.978289416774049236e-01 6.924159211317899576e-01 7.323701983511486935e-01
7.599604106425507100e-01 7.982045399875968839e-01 6.914844068388673604e-01 7.323643048608188266e-01
7.625026684003182176e-01 8.004351867980581403e-01 6.916784723165595450e-01 7.330570038387153042e-01
7.653554309223931096e-01 8.022435319755669703e-01 6.919501639853286035e-01 7.327336755795547107e-01
7.668109220050846053e-01 8.034979520501606132e-01 6.950746181761726650e-01 7.343134964570825485e-01
7.660928797376234112e-01 8.025598989704132435e-01 6.956374080614800004e-01 7.350276925182146481e-01
7.645403559160862672e-01 8.015950914624078161e-01 6.955209687748645786e-01 7.349658973431212328e-01
7.641522249607016759e-01 8.007432372528083819e-01 6.940460711444040864e-01 7.338423858876084171e-01
7.653554309223931096e-01 8.013999984651929420e-01 6.923965145840206281e-01 7.325921276885988265e-01
7.663645714063924697e-01 8.024176712981299087e-01 6.934444681635583141e-01 7.329253669018722661e-01
7.657532651516621991e-01 8.027282441760575926e-01 6.948029265074036065e-01 7.341739372664983776e-01
7.645403559160860452e-01 8.022844199415721800e-01 6.936385336412506097e-01 7.326804466390222093e-01
7.641522249607017869e-01 8.016980827910998864e-01 6.928234586349434343e-01 7.322815982987753713e-01
7.630266451900870051e-01 8.003463350538966292e-01 6.930757437559431633e-01 7.330533735095721148e-01
7.645015428205476082e-01 8.010657382728596509e-01 6.950746181761726650e-01 7.352563053600580378e-01
7.642298511517786608e-01 8.002309543830803396e-01 6.970346795008635077e-01 7.374377206485062120e-01
7.632983368588561746e-01 7.990348399939488644e-01 6.957538473480953112e-01 7.359314138219543722e-01
7.637252809097789807e-01 7.994908327846035334e-01 6.949969919850957911e-01 7.356410837438127626e-01
7.631042713811639899e-01 7.991101243955358591e-01 6.946670806730189662e-01 7.349256043782861347e-01
7.634535892410099223e-01 7.995067309017159785e-01 6.935220943546352990e-01 7.334638121273251432e-01
7.629296124512411348e-01 7.987039505277470086e-01 6.910962758834831021e-01 7.323167057079051911e-01
7.640745987696249131e-01 7.997184858532166984e-01 6.933086223291737848e-01 7.345468259521226173e-01
7.630460517378563345e-01 7.995617755880822797e-01 6.946670806730190773e-01 7.364154423682909290e-01
7.639193463874711654e-01 8.008430004391051682e-01 6.954821556793262527e-01 7.371299891276390515e-01
7.634729957887791407e-01 8.012992755676824341e-01 6.963748568767101910e-01 7.374584782559651108e-01
7.630654582856255530e-01 8.007463919039228273e-01 6.951522443672495388e-01 7.361190720025376777e-01
7.646762017504706854e-01 8.016523614640663764e-01 6.950163985328650096e-01 7.353900614233473965e-01
7.634535892410099223e-01 8.006815613143545285e-01 6.934056550680198772e-01 7.344268885665766744e-01
7.640940053173941315e-01 7.998035305572316345e-01 6.927070193483282345e-01 7.346949723561693180e-01
7.659764404510081004e-01 8.012404641781842862e-01 6.951522443672495388e-01 7.364584560905192978e-01
7.653554309223933316e-01 7.999897867391587702e-01 6.970152729530942892e-01 7.376609852046924765e-01
7.650449261580856142e-01 8.012792439099274411e-01 6.979079741504783385e-01 7.375463979280019178e-01
7.655689029478546237e-01 8.026692853412381590e-01 6.989559277300161355e-01 7.378143380338813007e-01
7.644821362727785008e-01 8.013402211949789411e-01 6.959285062780182773e-01 7.353914407476880299e-01
7.646373886549321375e-01 8.013872280209192178e-01 6.927846455394051084e-01 7.333391517816489902e-01
7.639387529352402728e-01 8.009305703283572386e-01 6.917560985076365299e-01 7.317850181941156773e-01
7.629296124512409127e-01 7.999866218077515967e-01 6.935415009024045174e-01 7.332466693038881544e-01
7.622309767315491591e-01 7.994808935237550651e-01 6.942789497176348190e-01 7.353279086964833455e-01
7.626773273302412948e-01 7.994495105971574089e-01 6.941236973354808493e-01 7.360109289495758711e-01
7.610083642220885070e-01 7.978308855541538236e-01 6.924935473228668315e-01 7.347350158270136156e-01
7.599215975470122730e-01 7.970006149482355973e-01 6.932504026858662405e-01 7.354816279905429521e-01
7.607366725533194485e-01 7.981314351079769054e-01 6.925905800617127017e-01 7.338722860426203365e-01
7.620175047060877560e-01 8.001075227276490676e-01 6.948417396029420434e-01 7.346675835702694002e-01
7.625220749480874360e-01 7.999600113163963799e-01 6.948805526984804803e-01 7.342711369044159220e-01
7.629490189990102422e-01 7.999515763172582172e-01 6.945700479341729849e-01 7.353737685350451025e-01
7.630654582856255530e-01 7.997520486133959938e-01 6.939684449533274346e-01 7.358725519486013500e-01
7.639775660307787097e-01 8.006024433491487624e-01 6.947253003163267326e-01 7.365254320504445174e-01
7.660928797376234112e-01 8.024861622268295580e-01 6.981796658192473970e-01 7.388570412756760852e-01
7.658211880688543527e-01 8.024363308889531643e-01 6.970928991441712741e-01 7.372296481982429928e-01
7.649284868714704144e-01 8.010006296303132656e-01 6.962390110423257727e-01 7.360230704221026876e-01
7.638417201963941805e-01 8.006055905912812243e-01 6.969764598575559633e-01 7.365737454768460646e-01
7.648896737759318665e-01 8.004288420022918071e-01 6.972287449785559144e-01 7.378629271047224547e-01
7.653748374701623280e-01 7.999436769477181741e-01 6.955403753226339081e-01 7.361951425193562493e-01
7.664421975974692325e-01 8.012862573885088935e-01 6.940072580488656495e-01 7.344125024425929293e-01
7.668885481961613682e-01 8.020098218998044093e-01 6.956568146092492189e-01 7.367694210406648958e-01
7.655494964000852942e-01 8.017591233808327722e-01 6.941431038832502898e-01 7.363509168876816169e-01
7.645791690116245931e-01 8.016453807596120029e-01 6.940848842399425234e-01 7.361112059597169077e-01
7.635118088843176887e-01 8.007109326241534930e-01 6.945700479341729849e-01 7.367096884272240631e-01
7.643462904383939716e-01 8.012517714459543861e-01 6.960061324690950402e-01 7.367038499461432410e-01
7.651807719924702544e-01 8.015280194416238846e-01 6.968794271187099820e-01 7.375150619525991935e-01
7.641134118651633500e-01 8.001331451352791113e-01 6.968406140231713231e-01 7.383791371188196395e-01
7.637835005530866361e-01 8.000789478677536870e-01 6.973839973607094400e-01 7.387014826147997315e-01
7.637835005530866361e-01 8.003643989564954708e-01 6.946864872207882957e-01 7.363867921427131868e-01
7.629102059034719163e-01 8.001037811083603346e-01 6.931339633992509297e-01 7.344135450147011301e-01
7.642492576995477682e-01 8.011882603798765601e-01 6.957150342525567632e-01 7.360986137658555029e-01
7.641910380562401128e-01 8.007415782394596837e-01 6.963942634244794094e-01 7.371192871222695953e-01
7.643268838906247531e-01 8.001056760967057979e-01 6.932115895903278036e-01 7.354682310330318273e-01
7.645597624638552636e-01 8.008823865122173258e-01 6.937937860234042464e-01 7.365416342971068397e-01
7.633759630499330484e-01 8.007993988062174218e-01 6.948999592462495878e-01 7.369301922967789187e-01
7.625414814958566545e-01 8.003339216611937701e-01 6.970928991441712741e-01 7.381109219941395239e-01
7.617458130373189196e-01 7.994263045986892413e-01 6.987230491567855140e-01 7.382358731944285157e-01
7.624444487570105622e-01 7.992136466676712514e-01 6.965689223544023756e-01 7.370479578147285382e-01
7.607560791010887780e-01 7.975502311698812186e-01 6.951328378194803204e-01 7.359160455842632675e-01
7.614159017252419837e-01 7.982907893218930129e-01 6.953269032971725050e-01 7.352243600456775940e-01
7.625802945913950914e-01 7.992778325023710551e-01 6.953851229404801604e-01 7.358977418115959512e-01
7.625026684003182176e-01 7.989864893137139656e-01 6.965689223544023756e-01 7.380225068419887791e-01
7.639775660307788208e-01 7.995791678905435074e-01 6.953463098449416124e-01 7.381214159270435005e-01
7.650061130625473993e-01 8.003994842844567303e-01 6.951328378194803204e-01 7.379505717031626943e-01
7.644239166294707344e-01 8.005626399452577813e-01 6.958314735391720740e-01 7.373938587432695702e-01
7.639387529352403838e-01 8.006016777605498014e-01 6.961613848512487879e-01 7.371471124713646628e-01
7.652001785402394729e-01 8.010891460332388858e-01 6.969279434881329172e-01 7.372264170217999180e-01
7.647732344893166667e-01 8.008816045649657100e-01 6.978691610549399016e-01 7.375663087722025280e-01
7.636670612664713254e-01 8.005842428494438501e-01 6.991693997554775386e-01 7.392798121220236496e-01
7.632595237633177376e-01 7.995181407299639664e-01 6.990141473733237909e-01 7.388499101629776300e-01
7.635506219798559036e-01 7.985880131836362583e-01 6.968018009276329972e-01 7.379965439926706727e-01
7.626967338780104022e-01 7.984101812741456472e-01 6.968018009276329972e-01 7.386111952021674476e-01
7.634729957887791407e-01 7.987668243606720342e-01 6.961807913990180063e-01 7.378536803224392537e-01
7.639775660307788208e-01 7.992087587463492238e-01 6.962390110423257727e-01 7.378142747385276756e-01
7.648896737759320885e-01 8.003809012225714392e-01 6.974228104562478769e-01 7.384788350335582674e-01
7.628519862601640389e-01 7.989068857523328182e-01 6.961031652079411325e-01 7.375974740919568617e-01
7.618234392283954604e-01 7.990871731289699298e-01 6.968406140231714341e-01 7.384361759375737133e-01
7.614741213685497501e-01 7.980773371472025257e-01 6.972093384307864739e-01 7.388778108340319228e-01
7.612024296997806916e-01 7.978954283508792322e-01 6.954627491315569232e-01 7.377306475405576158e-01
7.618040326806263529e-01 7.977957060441910331e-01 6.940266645966349790e-01 7.365289213932737500e-01
7.631042713811639899e-01 7.990614902946969744e-01 6.948999592462496988e-01 7.373109322252516806e-01
7.632013041200100822e-01 7.998957394792111097e-01 6.954627491315570342e-01 7.371645795326748907e-01
7.625414814958567655e-01 8.002428375558326978e-01 6.947447068640959511e-01 7.357420004381197698e-01
7.647344213937783408e-01 8.029092336326114632e-01 6.956180015137106709e-01 7.367932962427868882e-01
7.651419588969318175e-01 8.033822706675091130e-01 6.953657163927108309e-01 7.362850329106618297e-01
7.644627297250092823e-01 8.028170630617945669e-01 6.943759824564808003e-01 7.361994516408529865e-01
7.627549535213180576e-01 8.010495936095165526e-01 6.942983562654039265e-01 7.357325233704590239e-01
7.627355469735488391e-01 8.007620959389737392e-01 6.949387723417881357e-01 7.363771396550662374e-01
7.648120475848549926e-01 8.019220261899033808e-01 6.965883289021717051e-01 7.386506943304811390e-01
7.648120475848551036e-01 8.015132142714266328e-01 6.984125443924780186e-01 7.405092707259820495e-01
7.661899124764695035e-01 8.032219443925043834e-01 6.976168759339401726e-01 7.379761317594788483e-01
7.659376273554696635e-01 8.029514249527573977e-01 6.957926604436336371e-01 7.369562278535740640e-01
7.651225523491625991e-01 8.016489483049918929e-01 6.965495158066331571e-01 7.385093344968672868e-01
7.645597624638552636e-01 8.019652142944833084e-01 6.986842360612470770e-01 7.389052313370042535e-01
7.643656969861631900e-01 8.019945062475841713e-01 6.979467872460167754e-01 7.375207086278896540e-01
7.640551922218556946e-01 8.016205323706824259e-01 6.963942634244794094e-01 7.363575380329581144e-01
7.630654582856255530e-01 8.007786196659734124e-01 6.946088610297114219e-01 7.359011301037099440e-01
7.634535892410099223e-01 8.007155935757379606e-01 6.950552116284034465e-01 7.365564903507462180e-01
