8.232156023652215104e-01 8.516730569431303355e-01 8.165073949312553481e-01 8.600672249716019291e-01
8.250083129725744868e-01 8.533593534027694716e-01 8.180398733536700107e-01 8.613518538249672618e-01
8.270323410776503348e-01 8.551415109013180693e-01 8.192542902167154750e-01 8.621306509265889151e-01
8.283479593459498469e-01 8.560125529826365653e-01 8.215819225375529111e-01 8.640685795160243377e-01
8.315574896268560501e-01 8.593695751671575067e-01 8.244733912590901381e-01 8.663455365329704172e-01
8.333068282033859742e-01 8.611121518072762937e-01 8.257167228093510447e-01 8.672346795235590378e-01
8.347814772513698633e-01 8.622124434220627132e-01 8.265697060822044806e-01 8.676744773969509161e-01
8.362850409865691947e-01 8.635533753441144711e-01 8.281455565354421955e-01 8.686383848606940017e-01
8.388150761179140602e-01 8.657682001182851472e-01 8.300394685480489976e-01 8.697231743291907735e-01
8.394078272058291823e-01 8.663685287922924250e-01 8.307623357284333876e-01 8.700779491430115087e-01
8.405788720380515944e-01 8.674917667525057219e-01 8.334369442958551311e-01 8.719678084453845734e-01
8.431956512310428975e-01 8.691222030250043140e-01 8.357501192730849571e-01 8.732699380898197861e-01
8.452630513669416867e-01 8.705320495441708495e-01 8.379910075322759555e-01 8.748424985183744784e-01
8.468389018201797347e-01 8.716616757166515406e-01 8.392343390825369731e-01 8.756575816884900609e-01
8.485737830531019377e-01 8.728578566857241317e-01 8.411137937515361651e-01 8.768066592278329630e-01
8.494990530439937571e-01 8.734144338454710166e-01 8.431233645130042920e-01 8.781732494269367528e-01
8.496291691364628029e-01 8.733297530787991203e-01 8.449449898075727106e-01 8.790414870886070764e-01
8.492099061718400010e-01 8.722244071517721853e-01 8.453642527721956235e-01 8.790806513633401265e-01
8.492388208590555543e-01 8.718056513105627570e-01 8.453642527721956235e-01 8.786877178401180100e-01
8.494701383567783148e-01 8.716393841712242185e-01 8.454365394902338959e-01 8.780814887683432435e-01
8.499906027266550534e-01 8.716688260858804771e-01 8.470268472870793319e-01 8.787240720852511622e-01
8.500050600702626635e-01 8.713210660172262534e-01 8.486460697711403212e-01 8.794898105199704386e-01
8.505544391273547333e-01 8.717324622637586673e-01 8.488629299252554716e-01 8.793904773705356614e-01
8.507568419378622737e-01 8.712087143493568719e-01 8.498026572597552342e-01 8.793789350677976291e-01
8.507857566250778270e-01 8.713527654880018902e-01 8.497737425725395699e-01 8.790553422906792758e-01
8.511182755280545242e-01 8.718059624140162001e-01 8.510749034972314719e-01 8.800342343448208648e-01
8.515519958362849362e-01 8.722640960550591682e-01 8.520869175497693959e-01 8.807283586748066995e-01
8.512773063077390123e-01 8.716163478903760087e-01 8.527519553557230125e-01 8.814466232537887525e-01
8.515664531798927683e-01 8.712041502932313941e-01 8.530989316023074309e-01 8.813666653877314516e-01
8.505399817837470122e-01 8.703115702950681154e-01 8.536338533157916686e-01 8.811594981500467938e-01
8.490219607049400707e-01 8.690282267957807338e-01 8.540097442495915292e-01 8.807416425022078776e-01
8.479954893087944257e-01 8.682865802059935856e-01 8.544290072142144421e-01 8.808973594508859861e-01
8.473593661900562513e-01 8.678301140614607112e-01 8.543711778397837797e-01 8.811419968333974451e-01
8.480388613396174780e-01 8.679948947079955124e-01 8.548916422096605183e-01 8.817802508343381973e-01
8.488340152380402515e-01 8.686146686619247159e-01 8.547181540863681981e-01 8.820893514036702854e-01
8.493400222643092690e-01 8.693595606808919296e-01 8.552675331434602679e-01 8.823285436790957448e-01
8.501062614755164892e-01 8.697581013655828475e-01 8.540531162804145815e-01 8.812698046607183588e-01
8.498026572597551231e-01 8.697102668226323052e-01 8.538940855007300934e-01 8.807396229901649498e-01
8.483280082117712340e-01 8.691691872182392142e-01 8.533736211308535768e-01 8.800740553280037570e-01
8.473738235336639724e-01 8.691372439111325621e-01 8.527953273865460648e-01 8.796706772665305873e-01
8.460003758909337979e-01 8.679518621958548508e-01 8.530844742586997098e-01 8.794486810058195214e-01
8.452630513669416867e-01 8.672095862090736240e-01 8.529977301970537162e-01 8.792336687763382397e-01
8.436438288828812526e-01 8.656473865010205770e-01 8.522025762986309427e-01 8.790414823585843695e-01
8.426751868611661589e-01 8.648445413109374647e-01 8.515086238054621059e-01 8.783581695322155714e-01
8.438028596625657407e-01 8.661644703156012870e-01 8.509303300611545939e-01 8.784987759214337721e-01
8.439474330986423967e-01 8.669182109569019135e-01 8.502074628807702039e-01 8.785379422801580240e-01
8.441498359091501591e-01 8.676217781038368937e-01 8.502219202243779250e-01 8.788283079586280966e-01
8.447136723098497280e-01 8.683408599803857930e-01 8.500628894446933259e-01 8.788915097776184293e-01
8.445112694993421876e-01 8.677126544943651876e-01 8.514074224002082802e-01 8.800033575177486078e-01
8.435570848212349260e-01 8.668656069463045455e-01 8.511616475588774655e-01 8.798955202159841615e-01
8.435281701340194838e-01 8.668216680165155008e-01 8.514074224002082802e-01 8.802070416821855536e-01
8.433402246671195535e-01 8.666556259202672363e-01 8.516821119287542041e-01 8.803749557247411150e-01
8.425306134250892809e-01 8.659163663812263767e-01 8.522025762986309427e-01 8.806988372887251115e-01
8.413161965620437055e-01 8.649164961431647924e-01 8.519278867700847968e-01 8.807903872491107400e-01
8.402318957914672870e-01 8.639679818894437924e-01 8.509881594355854784e-01 8.796370115763409991e-01
8.395234859546907291e-01 8.639871252506121646e-01 8.490364180485477918e-01 8.782870481910234339e-01
8.405788720380518164e-01 8.650448984521995621e-01 8.482412641501249073e-01 8.777831345467512758e-01
8.421258078040740891e-01 8.661295121014547238e-01 8.480822333704405303e-01 8.772727747447112145e-01
8.430510777949660195e-01 8.661890780452033978e-01 8.487906432072170881e-01 8.773528224633208028e-01
8.445980135609884032e-01 8.676279844057122048e-01 8.504676950657086287e-01 8.787611559432575437e-01
8.461304919834031768e-01 8.684431655443172193e-01 8.518845147392617445e-01 8.804448278281394868e-01
8.465497549480258677e-01 8.686851102390616974e-01 8.525784672324306923e-01 8.811568674015506364e-01
8.449449898075728216e-01 8.676804121577429418e-01 8.516965692723619252e-01 8.805415111926014893e-01
8.446269282482037344e-01 8.678358528074289202e-01 8.518845147392618555e-01 8.806244504348830215e-01
8.417210021830590083e-01 8.658927938402687374e-01 8.508869580303315416e-01 8.798269606496927908e-01
8.399572062629212521e-01 8.649089714518595207e-01 8.493833942951322102e-01 8.783911813595738360e-01
8.410993364079283330e-01 8.655280762487080892e-01 8.496869985108936874e-01 8.784806946822361073e-01
8.406077867252671476e-01 8.649022253517409942e-01 8.500339747574781057e-01 8.786515733695670072e-01
8.421691798348971414e-01 8.649810348884016120e-01 8.523326923910998776e-01 8.805411887651384273e-01
8.435137127904118737e-01 8.654478539973755602e-01 8.530844742586995988e-01 8.807692619197300399e-01
8.434558834159811003e-01 8.653630937867585748e-01 8.534892798797149016e-01 8.811916734663002293e-01
8.433546820107273856e-01 8.653538129491450404e-01 8.526652112940769079e-01 8.811956692255188406e-01
8.420679784296434267e-01 8.649101406576945594e-01 8.519278867700849078e-01 8.806535963869583927e-01
8.401162370426058512e-01 8.634368685532047838e-01 8.511616475588774655e-01 8.799430870303959207e-01
8.393355404877907988e-01 8.625507685584513640e-01 8.492388208590555543e-01 8.785676009365228634e-01
8.400150356373520255e-01 8.636736230668575764e-01 8.487183564891787046e-01 8.782107559266600916e-01
8.400728650117826879e-01 8.634893007502683071e-01 8.505544391273547333e-01 8.798155348568497125e-01
8.398270901704519842e-01 8.640037728949779838e-01 8.495279677312089772e-01 8.793002827693323642e-01
8.400439503245673567e-01 8.649468503735592284e-01 8.479376599343635412e-01 8.787586529171513838e-01
8.413740259364744789e-01 8.657359591754858474e-01 8.486605271147481533e-01 8.794242660960788216e-01
8.415041420289437468e-01 8.652481321834405437e-01 8.499183160086165589e-01 8.792748218703662078e-01
8.422848385837584662e-01 8.653534877276387594e-01 8.502219202243779250e-01 8.794461451884926229e-01
8.432679379490812810e-01 8.654778880472413505e-01 8.520001734881234023e-01 8.805884472386135142e-01
8.440486345038963334e-01 8.658679038404819561e-01 8.524049791091385941e-01 8.807433613546320483e-01
8.446124709045961243e-01 8.659485666207787924e-01 8.511616475588774655e-01 8.801191395052250233e-01
8.453497954285879024e-01 8.663999216833637718e-01 8.501785481935548727e-01 8.798289980423603662e-01
8.422703812401509671e-01 8.645600451048872648e-01 8.494267663259552625e-01 8.795832103425809123e-01
8.399282915757060319e-01 8.634056540913566113e-01 8.481111480576559725e-01 8.786189921286594595e-01
8.391042229900678162e-01 8.631397866963994581e-01 8.482412641501251294e-01 8.785504780833267580e-01
8.394222845494370144e-01 8.640434378551293815e-01 8.488051005508248092e-01 8.785533876702584788e-01
8.406945307869132522e-01 8.655509297535829427e-01 8.490075033613324607e-01 8.786347325039555178e-01
8.411571657823592174e-01 8.654198570994009465e-01 8.492099061718398900e-01 8.786250098178682855e-01
8.414896846853358037e-01 8.651728552345969714e-01 8.498171146033627332e-01 8.788177539310784159e-01
8.423860399890124029e-01 8.656975058102187592e-01 8.502219202243780360e-01 8.796861852344681765e-01
8.428486749844582571e-01 8.660646298782579411e-01 8.504676950657086287e-01 8.803058947595514550e-01
8.407812748485594678e-01 8.646455302452635827e-01 8.494701383567782038e-01 8.792691572615958240e-01
8.406945307869131412e-01 8.649141651704179701e-01 8.486171550839249900e-01 8.787486363624241736e-01
8.406656160996979210e-01 8.645422941312010945e-01 8.485014963350634432e-01 8.785256365999390971e-01
8.411427084387514963e-01 8.642780025390809362e-01 8.493544796079167680e-01 8.790343072203782304e-01
8.404198412583673283e-01 8.637150261978508992e-01 8.497448278853243497e-01 8.794373356032069156e-01
8.403475545403287228e-01 8.638406633010252689e-01 8.498315719469704543e-01 8.796673591073167486e-01
8.397548034524137117e-01 8.639931041465488404e-01 8.495857971056397506e-01 8.792608380796285150e-01
8.407957321921669669e-01 8.645766487032273684e-01 8.503231216296316397e-01 8.797640854025248203e-01
8.418077462447051129e-01 8.648466743455880401e-01 8.503664936604548030e-01 8.794967881668608323e-01
8.421980945221124726e-01 8.648472599738519229e-01 8.502942069424164195e-01 8.798232616569692244e-01
8.421258078040740891e-01 8.648247445645430576e-01 8.504532377221010186e-01 8.806344635807556998e-01
8.417354595266666184e-01 8.644509721186037776e-01 8.509881594355851453e-01 8.811231004457840132e-01
8.412439098440052110e-01 8.642617789338709056e-01 8.511616475588775765e-01 8.809608290980183165e-01
8.433835966979427168e-01 8.650802076995811607e-01 8.523326923911000996e-01 8.813147839699986275e-01
8.447715016842805014e-01 8.662247514951747496e-01 8.517110266159694243e-01 8.807237696098143553e-01
8.438606890369961810e-01 8.656524532630082147e-01 8.519712588009078491e-01 8.804920509245335314e-01
8.419667770243894900e-01 8.645495267765707093e-01 8.511182755280544132e-01 8.794608871285598539e-01
8.424149546762277341e-01 8.649950105583921189e-01 8.508435859995084893e-01 8.798361364987727917e-01
8.434269687287656581e-01 8.656916085027680507e-01 8.510893608408391930e-01 8.806291607327045856e-01
8.420246063988203744e-01 8.648475155097239409e-01 8.505833538145701755e-01 8.800062001195491090e-01
8.402897251658980604e-01 8.645050189701274368e-01 8.506990125634317224e-01 8.800045537389656891e-01
8.408680189102055724e-01 8.650996137558994992e-01 8.503664936604548030e-01 8.801631712526059026e-01
8.399427489193136420e-01 8.648696430653302070e-01 8.500918041319089902e-01 8.800816344696709148e-01
8.411282510951436642e-01 8.649015788089899903e-01 8.503954083476702452e-01 8.796984799672389332e-01
8.406800734433055311e-01 8.643559985780769894e-01 8.503809510040627462e-01 8.791064940451478460e-01
8.408535615665977403e-01 8.642176669753012241e-01 8.512628489641312912e-01 8.796476435638727054e-01
8.432101085746503966e-01 8.655775852649247870e-01 8.527664126993306226e-01 8.815204594196108800e-01
8.434558834159811003e-01 8.653611532757748970e-01 8.528531567609767272e-01 8.815864380863251970e-01
8.437161156009195251e-01 8.654903168040035677e-01 8.529109861354073896e-01 8.813220394023538740e-01
8.430077057641429672e-01 8.658780537059949101e-01 8.518989720828693546e-01 8.808945178671293563e-01
8.433546820107272746e-01 8.670869509471774705e-01 8.510170741228009206e-01 8.806953443545885163e-01
8.422125518657200827e-01 8.662867172187108666e-01 8.500484321010857158e-01 8.801355985742065346e-01
8.419523196807818799e-01 8.662911956705476868e-01 8.493689369515246002e-01 8.795127816359564754e-01
8.418944903063511065e-01 8.659492513584160500e-01 8.499616880394397223e-01 8.802199273422047776e-01
8.415619714033744092e-01 8.657100789105703909e-01 8.497592852289319598e-01 8.799103758755622007e-01
8.423137532709741304e-01 8.660611199014882633e-01 8.498315719469705654e-01 8.796783452489320698e-01
8.420535210860357056e-01 8.655302144746613857e-01 8.513351356821696747e-01 8.802426942842580537e-01
8.405644146944439843e-01 8.647311595931365114e-01 8.511038181844469142e-01 8.797428412005271481e-01
8.399716636065289732e-01 8.638499771640717473e-01 8.499327733522242800e-01 8.798522140453735041e-01
8.412872818748282633e-01 8.645106141972016545e-01 8.504676950657086287e-01 8.806527445842906587e-01
8.418511182755279432e-01 8.648452723716764101e-01 8.506267258453930058e-01 8.806626297449102747e-01
8.417643742138819496e-01 8.653286177488350717e-01 8.507568419378623847e-01 8.804682067157907355e-01
8.409836776590668972e-01 8.651334097373850618e-01 8.505110670965316810e-01 8.796674879260154567e-01
8.415185993725513569e-01 8.654485210686095886e-01 8.509014153739392627e-01 8.798555169994353164e-01
8.439908051294656710e-01 8.669592013806028952e-01 8.509592447483699251e-01 8.800248687932319402e-01
8.446269282482037344e-01 8.673890700832077583e-01 8.506990125634315003e-01 8.796983655498975541e-01
8.429498763897120828e-01 8.668075761950168046e-01 8.511616475588775765e-01 8.800701565894233358e-01
8.407523601613440256e-01 8.654359251541294817e-01 8.505255244401394021e-01 8.794718169850246348e-01
8.394511992366521236e-01 8.643984765026812012e-01 8.498026572597550121e-01 8.789221241454088229e-01
8.399861209501366943e-01 8.638961408072975967e-01 8.492099061718400010e-01 8.787798723234364617e-01
8.407523601613440256e-01 8.648081569376568911e-01 8.500628894446933259e-01 8.797028311785595189e-01
8.428486749844583681e-01 8.666162652528949240e-01 8.505255244401395132e-01 8.801761154324715397e-01
8.418944903063512175e-01 8.658649501856943154e-01 8.493255649207016589e-01 8.791325253447543897e-01
8.422414665529355249e-01 8.657588390796090438e-01 8.497448278853243497e-01 8.794322142013667465e-01
8.413451112492590367e-01 8.650953515902564117e-01 8.508869580303314306e-01 8.800956346617411219e-01
8.421402651476816992e-01 8.653176908723814176e-01 8.510170741228006985e-01 8.798182764950178703e-01
8.433402246671197755e-01 8.661546331575384894e-01 8.508146713122930471e-01 8.795649016838706924e-01
8.429787910769275250e-01 8.660049147707189476e-01 8.511038181844468031e-01 8.798321372932942364e-01
8.419667770243894900e-01 8.655287182432997994e-01 8.512050195897006288e-01 8.798581181335136669e-01
8.418222035883127230e-01 8.654318177358313324e-01 8.509592447483700361e-01 8.802083993499626446e-01
8.411860804695746596e-01 8.646416930822522495e-01 8.511038181844468031e-01 8.802337033857968729e-01
8.411716231259668275e-01 8.645984625349685260e-01 8.512773063077390123e-01 8.806247909398703388e-01
8.413884832800819780e-01 8.644711767210800923e-01 8.510315314664085307e-01 8.802926252265976803e-01
8.423571253017970717e-01 8.649340005337048387e-01 8.520290881753387335e-01 8.803600506583471041e-01
8.436149141956656994e-01 8.659673962804517178e-01 8.518411427084388032e-01 8.801343289004430748e-01
8.433546820107273856e-01 8.663434023738305623e-01 8.509592447483699251e-01 8.798488305235359075e-01
8.405788720380517054e-01 8.647301638998385886e-01 8.497159131981091296e-01 8.790612232347483346e-01
8.385114719021526941e-01 8.629629620727741202e-01 8.496147117928551928e-01 8.787341646937448791e-01
8.380632942503145610e-01 8.629017471910309656e-01 8.489930460177248506e-01 8.786962713673185377e-01
8.392632537697524153e-01 8.639005352331043941e-01 8.486605271147479312e-01 8.787194898399796061e-01
8.407957321921670779e-01 8.649736202562692267e-01 8.500050600702626635e-01 8.798944715099146219e-01
8.413884832800822000e-01 8.652059340805585697e-01 8.505544391273547333e-01 8.800232726959835716e-01
8.421258078040740891e-01 8.657571814434559254e-01 8.507857566250777159e-01 8.802237199286818692e-01
8.418800329627433854e-01 8.657616068597483450e-01 8.506845552198238902e-01 8.798845547833769043e-01
8.428342176408507580e-01 8.660535244955838152e-01 8.511905622460929077e-01 8.798243385412862771e-01
8.435570848212349260e-01 8.659472308319525746e-01 8.508146713122932692e-01 8.802573381617861958e-01
8.426318148303431066e-01 8.653458528576231101e-01 8.497159131981089075e-01 8.799912315215914216e-01
8.419017189781549115e-01 8.649577950982184626e-01 8.493255649207014368e-01 8.794126544285991720e-01
8.405933293816594265e-01 8.649474592752025570e-01 8.496147117928550818e-01 8.792737620641351004e-01
8.413451112492591477e-01 8.656394954990319635e-01 8.500773467883012691e-01 8.792738300975242449e-01
8.418655756191356643e-01 8.652100926590358121e-01 8.506700978762162801e-01 8.800859399195053445e-01
8.413306539056514266e-01 8.648102567303199706e-01 8.493400222643091579e-01 8.793566138962590761e-01
8.419812343679972111e-01 8.648161151812909786e-01 8.486460697711404322e-01 8.787146025794516646e-01
8.427185588919892112e-01 8.651463945438293557e-01 8.488484725816477505e-01 8.787205491314400430e-01
8.425739854559123332e-01 8.656073475656577143e-01 8.492388208590555543e-01 8.790170667164792784e-01
8.423715826454047928e-01 8.658125695546223799e-01 8.500195174138704957e-01 8.789882776969608624e-01
8.427619309228122635e-01 8.667896306767960413e-01 8.494267663259552625e-01 8.787586773133752027e-01
8.434125113851580480e-01 8.679506993627974509e-01 8.482412641501251294e-01 8.781899402361643681e-01
8.443956107504808628e-01 8.684558246941721515e-01 8.490942474229785653e-01 8.788183867727510368e-01
8.448582457459266060e-01 8.681270076226779153e-01 8.500195174138703846e-01 8.791051211098855900e-01
8.450751059000418675e-01 8.681850718021857372e-01 8.504966097529240709e-01 8.797054406582934805e-01
8.431811938874350654e-01 8.670210681108427853e-01 8.501207188191242103e-01 8.795533694978273642e-01
8.422992959273662983e-01 8.659228649923434995e-01 8.493689369515244891e-01 8.790151698949416614e-01
8.397403461088059906e-01 8.640270158008289680e-01 8.496002544492474717e-01 8.790342661806381797e-01
8.396246873599444438e-01 8.640268765273456664e-01 8.493833942951322102e-01 8.787694457727097674e-01
8.408824762538130715e-01 8.650261434312327413e-01 8.498315719469703433e-01 8.795057223800561985e-01
8.415619714033742982e-01 8.649130154937807458e-01 8.497303705417167397e-01 8.794920575954809916e-01
8.410704217207130018e-01 8.643320392761704163e-01 8.499038586650088378e-01 8.794501917063106688e-01
8.411716231259670495e-01 8.644667662926244223e-01 8.504676950657085177e-01 8.794915709461695874e-01
8.419956917116051542e-01 8.648844469030534388e-01 8.510170741228006985e-01 8.803065509423059209e-01
8.424004973326201240e-01 8.652201045938312518e-01 8.507857566250777159e-01 8.800066795387107010e-01
8.433402246671196645e-01 8.662438629029677317e-01 8.506411831890009489e-01 8.799550742341876175e-01
8.434125113851581590e-01 8.664491134965814911e-01 8.498315719469705654e-01 8.796917910150126030e-01
8.425161560814816708e-01 8.662796468205143929e-01 8.485882403967096588e-01 8.791387625424009755e-01
8.421402651476818102e-01 8.655738984744181241e-01 8.490797900793707331e-01 8.795305779358072451e-01
8.406945307869131412e-01 8.645873309458458333e-01 8.490364180485477918e-01 8.787555286399897359e-01
8.398270901704520952e-01 8.641279899696194811e-01 8.496436264800706351e-01 8.789045099155896601e-01
8.400150356373520255e-01 8.643097626775122500e-01 8.498894013214013388e-01 8.788414120073050340e-01
8.401162370426058512e-01 8.641374520833935424e-01 8.492243635154477222e-01 8.786208425710162473e-01
8.416631728086281239e-01 8.646169390400527677e-01 8.496436264800704130e-01 8.787223293562892446e-01
8.437161156009194141e-01 8.662172289604957998e-01 8.492388208590553322e-01 8.791647104205029262e-01
8.443666960632651985e-01 8.666933291505913850e-01 8.499038586650089488e-01 8.795878919885832259e-01
8.432823952926887801e-01 8.659330172598669328e-01 8.497159131981089075e-01 8.788209285069054078e-01
8.420679784296434267e-01 8.650959590911362351e-01 8.506556405326084480e-01 8.792743910434384080e-01
8.427185588919892112e-01 8.658151996958802776e-01 8.504532377221009076e-01 8.794594724797419882e-01
8.431811938874350654e-01 8.665309636226883327e-01 8.497303705417165176e-01 8.790710987275299759e-01
8.428631323280659782e-01 8.660318105357005525e-01 8.495568824184243084e-01 8.790915521906366159e-01
8.440486345038963334e-01 8.664528022981038413e-01 8.504966097529239599e-01 8.795184871652852454e-01
8.434558834159811003e-01 8.658521353514222474e-01 8.509303300611545939e-01 8.797134006664447670e-01
8.424004973326200130e-01 8.653892500345455874e-01 8.511327328716620233e-01 8.800106662734235030e-01
8.433546820107274966e-01 8.664503021832856700e-01 8.505833538145700645e-01 8.795826668005595206e-01
8.430799924821812397e-01 8.664365232908811665e-01 8.504243230348855764e-01 8.794092955262804434e-01
8.422125518657201937e-01 8.656502600666436953e-01 8.502797495988088095e-01 8.794048553141815550e-01
8.419378623371742698e-01 8.655628340851464486e-01 8.495135103876012561e-01 8.787204746613618278e-01
8.415908860905896294e-01 8.647171457090048197e-01 8.502363775679857572e-01 8.792221176017886997e-01
8.410704217207132238e-01 8.646464295574781689e-01 8.502652922552008663e-01 8.795220601437832020e-01
8.414029406236898101e-01 8.651587817471749764e-01 8.509303300611545939e-01 8.797690670459652473e-01
8.410125923462823394e-01 8.647292972159592583e-01 8.509737020919776462e-01 8.797946774235682055e-01
8.410559643771052807e-01 8.647448668765518320e-01 8.493111075770938267e-01 8.792417397233185383e-01
8.408391042229901302e-01 8.649194242836322211e-01 8.492966502334859946e-01 8.791770793061634004e-01
8.409981350026745073e-01 8.650666470057399859e-01 8.496436264800705240e-01 8.792581623119842815e-01
8.427041015483814901e-01 8.663533752592273984e-01 8.498026572597550121e-01 8.787742310870513274e-01
8.437594876317424664e-01 8.667423788852834932e-01 8.490942474229785653e-01 8.784626267072607186e-01
8.431811938874351764e-01 8.658702067819487036e-01 8.492388208590553322e-01 8.785458651390345430e-01
8.426318148303429956e-01 8.657458185583162269e-01 8.494123089823476525e-01 8.785300487058131935e-01
8.425306134250893919e-01 8.655847684268948017e-01 8.502363775679856461e-01 8.793102967946908599e-01
8.410704217207130018e-01 8.646966236344246770e-01 8.497303705417165176e-01 8.791244932887773977e-01
8.404053839147594962e-01 8.638394469400498821e-01 8.498026572597550121e-01 8.792845195579601647e-01
8.396969740779829383e-01 8.635740610037045961e-01 8.488195578944324193e-01 8.785313394211178295e-01
8.409547629718516770e-01 8.648676593152777592e-01 8.483280082117711229e-01 8.779133519965056642e-01
8.416487154650205138e-01 8.654556946765767922e-01 8.482123494629095761e-01 8.776498979098078523e-01
8.425595281123046121e-01 8.662969765295311930e-01 8.488340152380402515e-01 8.785007142098441024e-01
8.423571253017970717e-01 8.660843703592970844e-01 8.489641313305094084e-01 8.781512010222554121e-01
8.428775896716736993e-01 8.669266438308574907e-01 8.495279677312090882e-01 8.781232153831717291e-01
8.429787910769275250e-01 8.670230479070315521e-01 8.491376194538016176e-01 8.783897051707896253e-01
8.426896442047738800e-01 8.666961590396208281e-01 8.487761858636093670e-01 8.787083541198968950e-01
8.423571253017971827e-01 8.662441700133525213e-01 8.484292096170250597e-01 8.785753570689059933e-01
8.413884832800820890e-01 8.656206100728134345e-01 8.489496739869015762e-01 8.790163905350624196e-01
8.405499573508363742e-01 8.653498716477010522e-01 8.486026977403171578e-01 8.789300856080318747e-01
8.409981350026746183e-01 8.657450894023853705e-01 8.489785886741170184e-01 8.786606946722599343e-01
8.412439098440053220e-01 8.654835572193532167e-01 8.488340152380402515e-01 8.783284199322103358e-01
8.411137937515360541e-01 8.650484223230486824e-01 8.483135508681635129e-01 8.782988364681014737e-01
8.408535615665977403e-01 8.646646837077431869e-01 8.487328138327864258e-01 8.780744963265902925e-01
8.416920874958435661e-01 8.654615693908200846e-01 8.490075033613324607e-01 8.783324997984959248e-01
8.433113099799043333e-01 8.666805825011416609e-01 8.493111075770938267e-01 8.782249283847928245e-01
8.424149546762278451e-01 8.665240777676117556e-01 8.490075033613325717e-01 8.778894054767821808e-01
8.413595685928667578e-01 8.659673467010047254e-01 8.492388208590553322e-01 8.784983990710852897e-01
8.414896846853359147e-01 8.662396813284609642e-01 8.481689774320866348e-01 8.777091813755728555e-01
8.427474735792046534e-01 8.669576898936988130e-01 8.484292096170249486e-01 8.775739076659968552e-01
8.426173574867354965e-01 8.658228995807064621e-01 8.484147522734173386e-01 8.774959154824013563e-01
8.424004973326202350e-01 8.654783756192212518e-01 8.491954488282322799e-01 8.783962668588982670e-01
8.420101490552125423e-01 8.654193933574503284e-01 8.488340152380401404e-01 8.786171183669748697e-01
8.415475140597666881e-01 8.657760274705859072e-01 8.481256054012635826e-01 8.783389975821194184e-01
8.400439503245673567e-01 8.647013562797901676e-01 8.480677760268329202e-01 8.780702705728351543e-01
8.390030215848138795e-01 8.637146853554872328e-01 8.487761858636094781e-01 8.781908942384691885e-01
8.403186398531135026e-01 8.646244645788084826e-01 8.501930055371624828e-01 8.786639010611314582e-01
8.407523601613438036e-01 8.649858040799152104e-01 8.499761453830473323e-01 8.783041929801603809e-01
8.428775896716736993e-01 8.656435936799651287e-01 8.492677355462706634e-01 8.778589852875433586e-01
8.428342176408506470e-01 8.655045699814254423e-01 8.493111075770936047e-01 8.784312361267900826e-01
8.407234454741285834e-01 8.640778446243724265e-01 8.489063019560785239e-01 8.782959057021194615e-01
8.419378623371742698e-01 8.655022659076206937e-01 8.486605271147480423e-01 8.778928962978197470e-01
8.426318148303431066e-01 8.667924986015598243e-01 8.487617285200017569e-01 8.776147303489237883e-01
8.433691393543351067e-01 8.674441206048731923e-01 8.487328138327864258e-01 8.777305608361749556e-01
8.422125518657200827e-01 8.660712586116054990e-01 8.481545200884790248e-01 8.771671948821802012e-01
8.415185993725513569e-01 8.654827114927226006e-01 8.481400627448711926e-01 8.771902768784646254e-01
8.417932889010972808e-01 8.659130694253912575e-01 8.484870389914557220e-01 8.778029691289914727e-01
8.425595281123047231e-01 8.659801788252876609e-01 8.492388208590553322e-01 8.784410782389923122e-01
8.413017392184360954e-01 8.642333374282151759e-01 8.503520363168470819e-01 8.788864695649221126e-01
8.410270496898900605e-01 8.638593275595543020e-01 8.503664936604549140e-01 8.781089741753521638e-01
8.433980540415504379e-01 8.660433919836715289e-01 8.503809510040625241e-01 8.784528951138259600e-01
8.448293310587112748e-01 8.676432307715213899e-01 8.487906432072170881e-01 8.779499947862625664e-01
8.442076652835808215e-01 8.672962750436589152e-01 8.476629704058176173e-01 8.777152099196561252e-01
8.427763882664198736e-01 8.666499719058071705e-01 8.478509158727176587e-01 8.775115268516558986e-01
8.417065448394510652e-01 8.659019995555549132e-01 8.494990530439936460e-01 8.781231072471844534e-01
8.421980945221125836e-01 8.659729001550315886e-01 8.509014153739390407e-01 8.791619227870931530e-01
8.425884427995200543e-01 8.663488661639987543e-01 8.503809510040623021e-01 8.791960551100108656e-01
8.444245254376960830e-01 8.675696031063839797e-01 8.497303705417169617e-01 8.789423107936957802e-01
8.444245254376960830e-01 8.676807920102239668e-01 8.483135508681634018e-01 8.780867130369727214e-01
8.445112694993421876e-01 8.673494764935292256e-01 8.496725411672859662e-01 8.795319607284426411e-01
8.427185588919892112e-01 8.659426903171805190e-01 8.501785481935548727e-01 8.791297581546779760e-01
8.432968526362967232e-01 8.663594684724678086e-01 8.509737020919776462e-01 8.795816929141124785e-01
8.422559238965434680e-01 8.660708109452142089e-01 8.501207188191242103e-01 8.786929379228864967e-01
8.429787910769277470e-01 8.671870037282063404e-01 8.494123089823475414e-01 8.780358584906530206e-01
8.426896442047738800e-01 8.674941686858079759e-01 8.485882403967095478e-01 8.779183180578742363e-01
8.420101490552125423e-01 8.673005620372824520e-01 8.487038991455709835e-01 8.780567692453994377e-01
8.421980945221123616e-01 8.670823552149715674e-01 8.492243635154476111e-01 8.790886301509757139e-01
8.422125518657201937e-01 8.670420073741295086e-01 8.499183160086165589e-01 8.795501413224110498e-01
8.412583671876130431e-01 8.666570164015862110e-01 8.496725411672859662e-01 8.788489689656060477e-01
8.410270496898900605e-01 8.666104065966172554e-01 8.487183564891785936e-01 8.777638952038619991e-01
8.426029001431276644e-01 8.671223976598543270e-01 8.489207592996863561e-01 8.778244871700466856e-01
8.435859995084502572e-01 8.664771456554050122e-01 8.503954083476702452e-01 8.791722797069569939e-01
8.443666960632654206e-01 8.662142158550307780e-01 8.512773063077390123e-01 8.801576544996126961e-01
8.436004568520579783e-01 8.658394341104898029e-01 8.515953678671080995e-01 8.802889868204605284e-01
8.408391042229901302e-01 8.640178431980360951e-01 8.508435859995084893e-01 8.798047873570354893e-01
8.406656160996979210e-01 8.643797483940056647e-01 8.504387803784931865e-01 8.796875161873677351e-01
