8.064682023714800918e-01 8.379253604977889847e-01 8.384598963690349516e-01 8.682481134906367970e-01
8.077102214287099624e-01 8.392055120092261067e-01 8.367133070698052899e-01 8.670662173718409749e-01
8.072056511867103934e-01 8.391819024112592285e-01 8.363445826621902501e-01 8.669588975273817555e-01
8.060800714160958336e-01 8.388106749405956908e-01 8.362281433755749394e-01 8.667905198115056775e-01
8.057695666517883382e-01 8.389737943135903153e-01 8.363057695666517022e-01 8.668426652262914978e-01
8.055366880785576056e-01 8.388459591189825204e-01 8.346756195540374623e-01 8.656940967016819588e-01
8.066816743969413839e-01 8.402024126392437786e-01 8.352578159871140162e-01 8.663719074303090073e-01
8.060994779638650520e-01 8.403925278803316967e-01 8.365968677831899791e-01 8.676277615691374567e-01
8.046633934289428858e-01 8.388224585938068856e-01 8.371402511207280961e-01 8.680574320322049786e-01
8.042752624735585165e-01 8.388757291762394264e-01 8.365774612354208717e-01 8.672866104090402040e-01
8.040035708047895691e-01 8.383395760672684993e-01 8.371208445729589886e-01 8.671004818037384432e-01
8.048186458110966335e-01 8.391324067446609414e-01 8.373731296939587176e-01 8.665596483942946682e-01
8.036736594927128552e-01 8.382168661791212783e-01 8.377418541015739795e-01 8.663810044582995751e-01
8.039647577092511321e-01 8.392782121570461218e-01 8.381493916047273451e-01 8.663078058316300289e-01
8.021793553144831446e-01 8.380880196948189420e-01 8.392749713753420160e-01 8.666845586845675076e-01
8.027033321042519320e-01 8.390043879408454197e-01 8.388092142288807729e-01 8.662537740944692422e-01
8.031302761551747382e-01 8.396910687655663175e-01 8.384210832734964036e-01 8.660792275741462376e-01
8.053814356964039689e-01 8.422958462332028606e-01 8.380911719614198008e-01 8.658206310415064166e-01
8.082147916707096424e-01 8.449655010389293119e-01 8.371596576684974256e-01 8.649560880859328282e-01
8.093597779890935318e-01 8.454313437710183621e-01 8.364998350443439978e-01 8.646912851515391463e-01
8.114556851481690147e-01 8.469918217494809554e-01 8.374701624328048100e-01 8.654242336906623478e-01
8.088552077470938517e-01 8.456081266641417571e-01 8.387315880378040100e-01 8.670841246374820788e-01
8.065264220147876362e-01 8.444274723088927015e-01 8.399930136428030991e-01 8.687502117742256225e-01
8.045081410467891381e-01 8.430371811834602713e-01 8.399930136428029881e-01 8.691138509911644494e-01
8.032467154417900490e-01 8.422500034026100257e-01 8.404587707892643422e-01 8.695528482450092245e-01
8.035960333016358703e-01 8.433450992974462768e-01 8.420695142541093636e-01 8.709080690127959379e-01
8.041394166391739873e-01 8.436475369274604175e-01 8.423217993751090926e-01 8.708089074451266232e-01
8.057113470084806828e-01 8.450174206931544418e-01 8.422247666362632224e-01 8.700352167253204705e-01
8.045081410467891381e-01 8.444571453873473965e-01 8.414096916299560469e-01 8.696736265286602041e-01
8.045663606900967935e-01 8.437011059313881400e-01 8.422635797318015483e-01 8.710890044509806973e-01
8.050903374798656920e-01 8.441390269603078478e-01 8.422053600884940039e-01 8.713708529989494522e-01
8.070309922567874272e-01 8.458694225348168949e-01 8.423800190184168590e-01 8.715424892664047629e-01
8.080595392885558947e-01 8.459852799270909385e-01 8.420112946108017082e-01 8.714158664683238076e-01
8.087969881037861963e-01 8.462859121484666014e-01 8.419724815152632713e-01 8.715001920027019011e-01
8.083894506006326086e-01 8.463026727791681525e-01 8.411574065089560959e-01 8.713410821943268214e-01
8.091657125114013471e-01 8.471225150847728758e-01 8.409245279357255853e-01 8.717042124319505092e-01
8.090880863203244733e-01 8.476427966647879231e-01 8.417201963942635423e-01 8.721879404736211372e-01
8.088358011993246333e-01 8.478431382475779543e-01 8.412932523433407361e-01 8.715271646148000650e-01
8.092239321547090025e-01 8.485819560090208657e-01 8.404587707892643422e-01 8.712680658815858958e-01
8.084864833394787009e-01 8.480519293294702665e-01 8.417978225853401941e-01 8.720532148982911291e-01
8.070115857090182088e-01 8.477297867330320091e-01 8.416425702031865574e-01 8.719670021948460192e-01
8.065846416580955136e-01 8.476809182793119124e-01 8.421471404451861265e-01 8.720207385645685205e-01
8.086029226260940117e-01 8.482434767592842428e-01 8.427487434260320098e-01 8.725132917929900866e-01
8.089134273904016181e-01 8.480502192664209904e-01 8.434085660501853265e-01 8.733318466534649716e-01
8.087969881037861963e-01 8.467458473842239819e-01 8.444565196297230125e-01 8.735312807223980514e-01
8.091268994158629102e-01 8.473232921690605490e-01 8.450969357061071108e-01 8.744883500600919568e-01
8.088358011993246333e-01 8.479817549021071432e-01 8.445535523685691048e-01 8.735897631609410574e-01
8.092821517980166579e-01 8.484828228071502609e-01 8.440489821265695358e-01 8.728058075206626132e-01
8.107764559762464796e-01 8.496492991610722356e-01 8.447088047507229636e-01 8.728790720370893652e-01
8.107376428807078206e-01 8.500237426024400689e-01 8.454656601137223726e-01 8.735382407007155070e-01
8.088940208426322886e-01 8.483020869962671906e-01 8.454850666614915911e-01 8.740866826198553374e-01
8.091851190591705656e-01 8.485862742135412695e-01 8.444953327252614494e-01 8.727895006590967730e-01
8.089134273904015071e-01 8.490883741579754451e-01 8.436608511711851666e-01 8.721766015051708454e-01
8.094956238234780610e-01 8.494186840604366351e-01 8.438549166488772402e-01 8.727302630164845976e-01
8.104077315686313288e-01 8.497897356591852525e-01 8.447476178462612895e-01 8.732466108082913570e-01
8.117273768169379622e-01 8.511604362088209808e-01 8.459314172601835047e-01 8.737244559258082743e-01
8.126977042053987743e-01 8.512561915445793215e-01 8.464359875021831847e-01 8.737771762942385667e-01
8.114168720526305778e-01 8.506767274580412375e-01 8.459508238079527231e-01 8.734378116285813620e-01
8.123289797977837345e-01 8.518221663061806836e-01 8.444759261774923420e-01 8.727033252533751284e-01
8.110287410972462085e-01 8.509433393640731813e-01 8.458343845213374124e-01 8.741379325348780371e-01
8.115527178870149960e-01 8.510444466186897206e-01 8.460090434512604896e-01 8.743703483897506956e-01
8.102912922820159070e-01 8.487629238037917023e-01 8.481437637058742984e-01 8.761269828176323493e-01
8.090686797725553658e-01 8.476058610782850611e-01 8.492111238331813139e-01 8.771719130032538114e-01
8.110093345494768791e-01 8.494866080803245012e-01 8.495604416930272462e-01 8.771195968702230061e-01
8.139009101670903190e-01 8.518633692640380506e-01 8.469987773874906312e-01 8.746071418519159035e-01
8.156863125618583066e-01 8.528771446682443802e-01 8.457567583302606495e-01 8.735242143267407666e-01
8.140173494537057408e-01 8.518349234502489153e-01 8.444371130819539051e-01 8.730042191795790441e-01
8.120961012245532240e-01 8.507722287178237641e-01 8.458343845213374124e-01 8.738785212943143144e-01
8.100778202565546149e-01 8.497081320276251848e-01 8.460478565467988155e-01 8.736434968794379863e-01
8.090686797725552548e-01 8.490461002870146601e-01 8.466494595276445878e-01 8.739753345822561803e-01
8.091851190591705656e-01 8.481920978679566847e-01 8.471928428651825937e-01 8.738795160091137326e-01
8.119214422946301468e-01 8.496268974735203816e-01 8.458343845213375234e-01 8.730225052231637139e-01
8.120184750334763502e-01 8.499741572221731767e-01 8.467464922664906801e-01 8.733843235658674820e-01
8.128141434920141961e-01 8.504747485409175356e-01 8.483572357313358125e-01 8.740253956983929928e-01
8.106600166896311688e-01 8.493970434395660130e-01 8.479885113237206617e-01 8.744181316859238606e-01
8.109899280017078826e-01 8.503924714919590677e-01 8.463583613111063109e-01 8.737051343991500962e-01
8.114362786003996852e-01 8.507477030911199112e-01 8.456209124958760093e-01 8.730558071946974419e-01
8.108928952628616793e-01 8.500584119187473142e-01 8.467270857187214617e-01 8.734404879364118246e-01
8.090298666770167069e-01 8.488266196065569202e-01 8.471734363174134863e-01 8.734541147233308989e-01
8.085835160783247932e-01 8.474632285553521660e-01 8.455820994003377944e-01 8.726068239341406851e-01
8.080013196452482394e-01 8.479006554498651482e-01 8.446893982029536341e-01 8.719769789698916806e-01
8.091851190591705656e-01 8.492371290171886189e-01 8.444953327252615605e-01 8.716676345024305661e-01
8.107570494284771501e-01 8.492124836752066308e-01 8.438161035533389143e-01 8.707460061127559880e-01
8.117661899124765101e-01 8.494427134194417750e-01 8.451551553494149882e-01 8.712831444701529815e-01
8.114168720526304668e-01 8.496295251764106604e-01 8.454656601137223726e-01 8.714587482681018793e-01
8.100972268043237223e-01 8.491884277406342996e-01 8.461837023811834557e-01 8.722196832366266861e-01
8.095538434667856054e-01 8.488063008494922679e-01 8.448252440373381633e-01 8.722895165529929162e-01
8.090686797725551438e-01 8.487772185855271267e-01 8.445341458207999974e-01 8.726163074297642597e-01
8.079236934541713655e-01 8.482563790372233958e-01 8.437190708144927109e-01 8.717187074168142313e-01
8.092045256069397841e-01 8.493227666115767960e-01 8.440877952221079727e-01 8.713083551548401751e-01
8.101748529954005962e-01 8.497634596811511898e-01 8.444953327252615605e-01 8.708430358714951414e-01
8.109511149061693347e-01 8.497911237467055123e-01 8.455238797570300280e-01 8.722624695518876869e-01
8.126588911098604484e-01 8.507747155331654154e-01 8.455238797570299170e-01 8.712543821711689063e-01
8.137068446893981344e-01 8.506839352109973884e-01 8.446893982029535231e-01 8.710010664381420131e-01
8.123871994410913899e-01 8.498982473924490133e-01 8.450581226105686738e-01 8.728527620393744524e-01
8.128917696830910700e-01 8.500788747402440171e-01 8.450775291583381144e-01 8.732712409229426154e-01
8.127947369442449776e-01 8.499463001557677755e-01 8.445923654641076528e-01 8.722480772131285809e-01
8.151623357720894081e-01 8.521619381320529873e-01 8.443400803431077017e-01 8.716565248337931893e-01
8.134739661161676239e-01 8.510580568107366517e-01 8.442042345087232835e-01 8.707367145710432910e-01
8.127171107531679928e-01 8.509826538374776206e-01 8.459314172601836157e-01 8.716362387790327348e-01
8.101554464476314887e-01 8.490819558987638960e-01 8.478914785848746805e-01 8.737444457075045356e-01
8.117855964602456176e-01 8.496915493432126709e-01 8.468823381008752094e-01 8.734943717097347626e-01
8.134351530206290759e-01 8.509164384194729536e-01 8.451939684449533141e-01 8.721213295956966594e-01
8.142696345747055808e-01 8.518925817620532914e-01 8.435832249801082927e-01 8.699334570150794033e-01
8.140755690970133962e-01 8.528383767398224347e-01 8.449028702284150372e-01 8.703670443905771048e-01
8.141726018358592665e-01 8.526154075065814908e-01 8.451357488016457697e-01 8.709954037387984682e-01
8.142890411224747993e-01 8.525377698779583735e-01 8.451939684449534251e-01 8.715449670749616518e-01
8.132993071862445467e-01 8.510690114023578001e-01 8.435055987890314189e-01 8.704614535234966866e-01
8.109123018106308978e-01 8.487240242025424486e-01 8.430980612858778311e-01 8.698772530087104382e-01
8.104271381164005472e-01 8.490838814404355617e-01 8.437384773622620404e-01 8.703970434603511830e-01
8.116885637213996363e-01 8.510528101683412228e-01 8.433503464068775601e-01 8.703514766484837795e-01
8.119020357468609284e-01 8.509069215763289673e-01 8.436026315278774002e-01 8.707289192419089829e-01
8.120378815812455686e-01 8.505034034675726939e-01 8.434279725979545450e-01 8.704951882705305177e-01
8.126394845620912299e-01 8.511967283925403471e-01 8.436414446234159481e-01 8.706584330820943407e-01
8.138620970715519931e-01 8.515678936848550817e-01 8.440101690310310989e-01 8.708718928339230780e-01
8.126977042053988853e-01 8.511568240446796274e-01 8.454656601137223726e-01 8.715830507793895787e-01
8.127559238487065407e-01 8.520277186786726631e-01 8.465136136932600586e-01 8.724961923802800889e-01
8.133575268295522021e-01 8.523414905635506855e-01 8.468435250053367724e-01 8.728939806912490162e-01
8.138620970715519931e-01 8.516846013989161079e-01 8.460478565467988155e-01 8.727195594437391346e-01
8.134351530206291869e-01 8.502823886316045465e-01 8.455626928525683539e-01 8.727244265415381452e-01
8.149682702943972235e-01 8.523617111697776583e-01 8.460090434512606006e-01 8.726641471867373490e-01
8.138232839760134452e-01 8.532029572860440059e-01 8.446699916551843046e-01 8.715845232917468488e-01
8.120378815812454576e-01 8.524686603206268476e-01 8.435055987890314189e-01 8.703457641592609040e-01
8.132993071862446577e-01 8.530162234754858908e-01 8.433891595024161081e-01 8.700056038663701585e-01
8.146189524345512911e-01 8.533198448043137763e-01 8.435055987890313078e-01 8.700594694224531578e-01
8.165984203070115743e-01 8.540095792837327782e-01 8.448640571328766002e-01 8.707856671601419407e-01
8.161520697083195497e-01 8.535799329923897671e-01 8.454850666614914800e-01 8.710658300287184019e-01
8.152205554153971745e-01 8.531412007589272983e-01 8.468241184575674430e-01 8.724240803647194120e-01
8.134933726639368423e-01 8.523629001198963495e-01 8.467076791709523542e-01 8.731281655886170556e-01
8.136098119505520421e-01 8.526119513856198484e-01 8.468629315531059909e-01 8.731486848314800042e-01
8.134351530206291869e-01 8.531891308129010421e-01 8.456403190436452277e-01 8.719524464372883088e-01
8.131828678996293469e-01 8.532481160479019611e-01 8.470181839352597386e-01 8.734904244083909752e-01
8.126977042053988853e-01 8.524548037166661540e-01 8.471928428651827048e-01 8.732457573492814484e-01
8.115915309825534329e-01 8.510050267961921655e-01 8.492693434764889693e-01 8.747094684218699179e-01
8.119020357468609284e-01 8.509778829920349175e-01 8.494245958586427170e-01 8.749455767648607329e-01
8.144442935046283250e-01 8.532212694743084302e-01 8.474839410817208707e-01 8.738360637101779682e-01
8.145413262434745283e-01 8.534534425632621657e-01 8.474839410817209817e-01 8.737841281702023455e-01
8.128723631353218515e-01 8.527378112299157653e-01 8.460866696423373634e-01 8.731572946362814447e-01
8.143084476702439067e-01 8.535329327631852037e-01 8.461837023811834557e-01 8.732640289356353724e-01
8.140173494537056298e-01 8.534631309098510421e-01 8.456985386869528831e-01 8.725437524837977854e-01
8.121931339633992053e-01 8.516305684411523691e-01 8.461642958334141262e-01 8.725169012000650870e-01
8.127365173009373223e-01 8.524456091311737316e-01 8.462225154767217816e-01 8.722356045044903361e-01
8.126006714665527930e-01 8.529530929226347702e-01 8.463583613111063109e-01 8.721478528010262465e-01
8.128529565875526330e-01 8.527418455344316639e-01 8.461060761901064708e-01 8.728295097363132360e-01
8.120184750334763502e-01 8.516985044827360962e-01 8.452133749927225326e-01 8.725334148816369373e-01
8.132216809951677838e-01 8.517675190358107162e-01 8.464942071454908401e-01 8.733601241351782729e-01
8.137262512371674639e-01 8.522646979425616554e-01 8.477556327504898182e-01 8.738063432833783617e-01
8.162102893516272051e-01 8.549515067970834270e-01 8.474645345339517633e-01 8.731502543828362217e-01
8.170835840012420359e-01 8.563783007141758663e-01 8.486289274001048710e-01 8.742788440560512742e-01
8.161714762560887682e-01 8.561824279352794331e-01 8.489976518077199108e-01 8.744792369269642762e-01
8.152205554153971745e-01 8.551896103165878005e-01 8.489394321644123664e-01 8.747509845573533394e-01
8.169671447146266141e-01 8.557828951423311903e-01 8.465912398843369324e-01 8.726437149360237733e-01
8.148906441033204606e-01 8.538835141783984728e-01 8.468047119097983355e-01 8.731934212006420282e-01
8.149294571988587865e-01 8.543911895979122706e-01 8.466300529798753693e-01 8.732086985301548143e-01
8.150070833899357714e-01 8.543755926068610229e-01 8.477556327504899292e-01 8.742666849268982965e-01
8.142696345747053588e-01 8.538780795595662942e-01 8.483378291835663720e-01 8.744405053001257366e-01
8.149876768421664419e-01 8.544604416558176929e-01 8.484542684701817938e-01 8.746795466253436402e-01
8.149682702943973345e-01 8.547208898388831688e-01 8.485707077567972156e-01 8.748264684540225655e-01
8.141531952880902701e-01 8.540567067827253833e-01 8.473869083428748894e-01 8.740305701999868671e-01
8.156280929185506512e-01 8.547002198033545328e-01 8.464748005977216216e-01 8.737707376329849618e-01
8.156669060140890881e-01 8.544590915918153229e-01 8.467076791709522432e-01 8.737614561833378923e-01
8.139591298103979744e-01 8.535650142668694818e-01 8.473286886995672340e-01 8.736369134349804000e-01
8.137650643327059008e-01 8.539459061713770005e-01 8.486483339478738674e-01 8.735633029693208318e-01
8.153175881542431558e-01 8.548064700821430550e-01 8.480079178714898802e-01 8.726485223058253471e-01
8.148324244600128052e-01 8.552322210869671704e-01 8.482990160880279351e-01 8.734989233561691879e-01
8.143860738613206696e-01 8.551707601817980509e-01 8.479885113237206617e-01 8.730921954885045855e-01
8.148130179122434757e-01 8.549943485279866140e-01 8.482990160880281572e-01 8.742043116186182239e-01
8.138232839760135562e-01 8.540695943167839754e-01 8.486289274001046490e-01 8.752530113437121395e-01
8.132022744473985654e-01 8.525820333275327956e-01 8.482019833491820648e-01 8.747391456033355439e-01
8.139203167148594265e-01 8.526012983796342759e-01 8.461448892856449078e-01 8.728720541150118972e-01
8.149294571988588975e-01 8.534623938002954269e-01 8.459508238079527231e-01 8.726970613555555811e-01
8.167536726891652110e-01 8.545556781479186625e-01 8.470764035785673940e-01 8.733887813879097628e-01
8.178792524597798819e-01 8.560126906021932047e-01 8.483766422791050310e-01 8.741574354186409934e-01
8.156280929185507622e-01 8.555078091322855238e-01 8.481825768014128464e-01 8.743196249387539254e-01
8.142114149313978144e-01 8.539056285207380359e-01 8.488618059733354926e-01 8.747715234252975147e-01
8.129305827786295069e-01 8.525073781483167856e-01 8.487259601389508523e-01 8.745546236390282502e-01
8.135904054027828236e-01 8.530748636342935232e-01 8.476780065594131663e-01 8.736389220883040707e-01
8.152593685109355004e-01 8.541601039574258092e-01 8.479691047759513323e-01 8.735010230181392554e-01
8.154340274408585776e-01 8.540444849706420039e-01 8.477556327504900402e-01 8.735331818767155809e-01
8.153175881542431558e-01 8.540447814485869760e-01 8.477750392982592587e-01 8.733231471433544613e-01
8.142114149313979254e-01 8.539103975380952782e-01 8.485513012090278862e-01 8.742530797051574210e-01
8.132993071862446577e-01 8.534406737178890090e-01 8.488423994255662741e-01 8.749886146608267801e-01
8.147547982689359314e-01 8.541330738143104728e-01 8.477750392982592587e-01 8.742914255305406224e-01
8.160356304217042389e-01 8.554052583240083774e-01 8.475227541772593076e-01 8.744736505071855071e-01
8.160744435172426758e-01 8.553438993144485414e-01 8.469211511964136463e-01 8.740693337492335679e-01
8.147159851733974945e-01 8.543811989215606140e-01 8.473869083428747784e-01 8.736661045110041268e-01
8.136292184983213716e-01 8.539826148404182637e-01 8.486871470434123044e-01 8.738228298174536279e-01
8.121155077723224425e-01 8.520233700688909506e-01 8.493081565720272952e-01 8.744637335158069735e-01
8.126006714665527930e-01 8.524880178121483354e-01 8.489200256166430369e-01 8.740136468854833307e-01
8.134157464728599685e-01 8.528497112463885310e-01 8.488618059733354926e-01 8.750661707793840893e-01
8.166954530458576667e-01 8.548412782869388993e-01 8.476974131071823848e-01 8.742754298489037179e-01
8.169089250713190697e-01 8.552371561707418079e-01 8.467076791709522432e-01 8.739585175727042632e-01
8.181509441285490514e-01 8.561712677382946612e-01 8.466300529798753693e-01 8.736663236661700305e-01
8.181897572240873773e-01 8.563237291866008238e-01 8.465718333365677140e-01 8.725062124953084641e-01
8.174717149566264052e-01 8.561132064081073967e-01 8.466300529798753693e-01 8.723157026629986266e-01
8.172194298356265652e-01 8.557956192626156033e-01 8.478720720371053510e-01 8.740548352929724540e-01
8.138426905237827746e-01 8.541775110681898431e-01 8.489006190688739295e-01 8.745466298584926301e-01
8.114750916959382332e-01 8.528311310728848849e-01 8.500261988394883783e-01 8.750991693577735431e-01
8.126588911098604484e-01 8.535628748326620219e-01 8.500067922917192709e-01 8.754851071745087809e-01
8.142114149313979254e-01 8.542131734872037141e-01 8.492693434764888583e-01 8.752356293364180750e-01
