7.767063279792970620e-01 8.112439695615710766e-01 7.398979311541298287e-01 7.728734597107603799e-01
7.776749700010120447e-01 8.117328952727264069e-01 7.408810305194524215e-01 7.737744021410835060e-01
7.783833798377886026e-01 8.116234523947865043e-01 7.412424641096445610e-01 7.740586044051722681e-01
7.793520218595034743e-01 8.122344491423206803e-01 7.427026558140206181e-01 7.751447546056704496e-01
7.799303156038108753e-01 8.128393983650364918e-01 7.443507929852969385e-01 7.760925303413256371e-01
7.805519813789414396e-01 8.138201123637480716e-01 7.454350937558733570e-01 7.772269833106117964e-01
7.811881044976796140e-01 8.146745560415320497e-01 7.468085413986035315e-01 7.788196496207109298e-01
7.823302346426868059e-01 8.158500331804396932e-01 7.474157498301262637e-01 7.802164311044106348e-01
7.829663577614249803e-01 8.160791158905982279e-01 7.471121456143647865e-01 7.806620586286225905e-01
7.831109311975017473e-01 8.162654962492141841e-01 7.481675316977258738e-01 7.818046452751763464e-01
7.832844193207939565e-01 8.162596210759509585e-01 7.493674912171637281e-01 7.834590004541135411e-01
7.834434501004786666e-01 8.162510265697644485e-01 7.512324885425551990e-01 7.851320172945740472e-01
7.840795732192167300e-01 8.164571036708858642e-01 7.518252396304703211e-01 7.864813410710069785e-01
7.839928291575706254e-01 8.166238603326960721e-01 7.530396564935157855e-01 7.880542977695312867e-01
7.850048432101086604e-01 8.176030641345074512e-01 7.533577180528849837e-01 7.890677562864799599e-01
7.864650349144848285e-01 8.182874695901745099e-01 7.541962439821306985e-01 7.906423213445812337e-01
7.881854588037993103e-01 8.195434593562802572e-01 7.539793838280155480e-01 7.913589508032315978e-01
7.883878616143068507e-01 8.193422602367450569e-01 7.534733768017464195e-01 7.910257529075999106e-01
7.884167763015224040e-01 8.191232762582677518e-01 7.534589194581388094e-01 7.907067083172274469e-01
7.886191791120298333e-01 8.191099781075379394e-01 7.539070971099770535e-01 7.910782136693558231e-01
7.897468519134294151e-01 8.198945857537900395e-01 7.547600803828304894e-01 7.922860197441301544e-01
7.898046812878600775e-01 8.195646676208308001e-01 7.546010496031458903e-01 7.921020894312026384e-01
7.886625511428531077e-01 8.184190245212388248e-01 7.543552747618151866e-01 7.913442785067132945e-01
7.868264685046769680e-01 8.169773360862189193e-01 7.553239167835301693e-01 7.922389245467913454e-01
7.865228642889156019e-01 8.171640217857802924e-01 7.553383741271378904e-01 7.919118762738825978e-01
7.863493761656233927e-01 8.168962633215026692e-01 7.554106608451762739e-01 7.918417925521127332e-01
7.858578264829618742e-01 8.162831800316378006e-01 7.551648860038456812e-01 7.914853144636295745e-01
7.855542222672006192e-01 8.154721048169222275e-01 7.545287628851075068e-01 7.914494023024289948e-01
7.859156558573927587e-01 8.151980479169153027e-01 7.539793838280153260e-01 7.915926530699004537e-01
7.864505775708772184e-01 8.150449205694667576e-01 7.538348103919385590e-01 7.919879223207622054e-01
7.867108097558155322e-01 8.139385942295099818e-01 7.541673292949152563e-01 7.919827780822095153e-01
7.849759285228932182e-01 8.114749634138551659e-01 7.548468244444765940e-01 7.921746185044201694e-01
7.841663172808627236e-01 8.095457475786498325e-01 7.548757391316920362e-01 7.914659938203607581e-01
7.837036822854168694e-01 8.073906825293862832e-01 7.555986063120763152e-01 7.916752925086454340e-01
7.825470947968019564e-01 8.057627577689566722e-01 7.568130231751217796e-01 7.921275519791739494e-01
7.819543437088869453e-01 8.046917112309661668e-01 7.567985658315140585e-01 7.916672884648703334e-01
7.824169787043329105e-01 8.047692482850413720e-01 7.567696511442987273e-01 7.913080146055695430e-01
7.814049646517948755e-01 8.041008291893939619e-01 7.566250777082217382e-01 7.918475517997880520e-01
7.809278723127413002e-01 8.038613475382189177e-01 7.558877531842299602e-01 7.917096406399826147e-01
7.796556260752648404e-01 8.032909909027108331e-01 7.551648860038456812e-01 7.905231637091568730e-01
7.784412092122193760e-01 8.025926733589854312e-01 7.541962439821306985e-01 7.892961066047818885e-01
7.784990385866499274e-01 8.018243346845772557e-01 7.536468649250387397e-01 7.882726799580315191e-01
7.788460148332345678e-01 8.008093161554510342e-01 7.533721753964928158e-01 7.884004787982430429e-01
7.787592707715884632e-01 8.005655667093118932e-01 7.541094999204844829e-01 7.891685890893159749e-01
7.785134959302577595e-01 8.001289225835734875e-01 7.535745782070002452e-01 7.887521201038250052e-01
7.790628749873498293e-01 8.003693899413883983e-01 7.552371727218839537e-01 7.901029888794222078e-01
7.783978371813962127e-01 7.995274350545089614e-01 7.562058147435990474e-01 7.901438086900123281e-01
7.777761714062659815e-01 7.991868283408845031e-01 7.564515895849296401e-01 7.900641447682157370e-01
7.770966762567046437e-01 7.988616021321406357e-01 7.559744972458760648e-01 7.898305274607879678e-01
7.760991195477743299e-01 7.976489522110143948e-01 7.555696916248609840e-01 7.896706984357285686e-01
7.758533447064437372e-01 7.974067131067352765e-01 7.554829475632147684e-01 7.897812758530086130e-01
7.745088117509288939e-01 7.959879641002127748e-01 7.543408174182075765e-01 7.884350526296550754e-01
7.733233095750986497e-01 7.945581229722809002e-01 7.544275614798536811e-01 7.885618853076235002e-01
7.731931934826294928e-01 7.942398773758978514e-01 7.529384550882621818e-01 7.876070398024782593e-01
7.739449753502289919e-01 7.952377598075679455e-01 7.503795052697017631e-01 7.854772196009232044e-01
7.727016437999681964e-01 7.934583070033218721e-01 7.495843513712791006e-01 7.841815423549749475e-01
7.734245109803525864e-01 7.937462564950757971e-01 7.496566380893174841e-01 7.836239851794271072e-01
7.730197053593371725e-01 7.934171125342630582e-01 7.511312871373014843e-01 7.843720556363812380e-01
7.719498619323685862e-01 7.919322701068973736e-01 7.519842704101549202e-01 7.841763606997791403e-01
7.707788171001460631e-01 7.922917688204795805e-01 7.514782633838859027e-01 7.841511888703778244e-01
7.704029261663463135e-01 7.922894653959580147e-01 7.507698535471093448e-01 7.831606374143506022e-01
7.707788171001459521e-01 7.931409958382636960e-01 7.496277234021022640e-01 7.827322861120133979e-01
7.713715681880610742e-01 7.932895594790052574e-01 7.497722968381789199e-01 7.826285794523447636e-01
7.719209472451531440e-01 7.937308121304096353e-01 7.492807471555177345e-01 7.823840496699160374e-01
7.725136983330682661e-01 7.943601895375047572e-01 7.490349723141869198e-01 7.824083410385830328e-01
7.731715074672180776e-01 7.948176048329979038e-01 7.484566785698796298e-01 7.824765509144477882e-01
7.735546270728217433e-01 7.951362263265440156e-01 7.482398184157641463e-01 7.825168889709692710e-01
7.732221081698450460e-01 7.942777306630289802e-01 7.490205149705793097e-01 7.826686995314932060e-01
7.721956367736990678e-01 7.926054729361715623e-01 7.482976477901950307e-01 7.819337469992360123e-01
7.711402506903380916e-01 7.925345833766052062e-01 7.467940840549956993e-01 7.818300267421043337e-01
7.694776561754543831e-01 7.908924125102634317e-01 7.465916812444881590e-01 7.822132857893322466e-01
7.692752533649467317e-01 7.911944585702797017e-01 7.471988896760108911e-01 7.824225963499003011e-01
7.696222296115312611e-01 7.921418393207650954e-01 7.474880365481646471e-01 7.825546471186819453e-01
7.711257933467303705e-01 7.923198891387872589e-01 7.475169512353800894e-01 7.826233377611979680e-01
7.722823808353453945e-01 7.926931607919129874e-01 7.473723777993031003e-01 7.828449540753754654e-01
7.719209472451531440e-01 7.922290477684617027e-01 7.458398993768884377e-01 7.822324665981967851e-01
7.710101345978690457e-01 7.909751633676298521e-01 7.456664112535962285e-01 7.816880214420808271e-01
7.696800589859620345e-01 7.909226541412999190e-01 7.466061385880958801e-01 7.818190784151890504e-01
7.691017652416544115e-01 7.909805911485792151e-01 7.461724182798653571e-01 7.814620133078544750e-01
7.685090141537394004e-01 7.903190736835057351e-01 7.476759820150645774e-01 7.829963935870303260e-01
7.677138602553168489e-01 7.894926870291205656e-01 7.484133065390566886e-01 7.833869455340998211e-01
7.678728910350012260e-01 7.896089752147736895e-01 7.490783443450100831e-01 7.826055739092571129e-01
7.690005638364005858e-01 7.901000498909012126e-01 7.489482282525408152e-01 7.830424088426981566e-01
7.694921135190622152e-01 7.912929460095170509e-01 7.487024534112103336e-01 7.830773464281239882e-01
7.698246324220386905e-01 7.909605261422604228e-01 7.481386170105104316e-01 7.823792768763576655e-01
7.692174239905159583e-01 7.896237930064555766e-01 7.466784253061342636e-01 7.809477945755578521e-01
7.690150211800084179e-01 7.876970217801478880e-01 7.452182336017578734e-01 7.803505040575047236e-01
7.694487414882389409e-01 7.883630393525792313e-01 7.453122063352080051e-01 7.806582866528877229e-01
7.694487414882391629e-01 7.907207284146343662e-01 7.451314895401117688e-01 7.804325977236972189e-01
7.688849050875392610e-01 7.906132364194536910e-01 7.447845132935273504e-01 7.799836613780822825e-01
7.694631988318465510e-01 7.907390250467554171e-01 7.437724992409895375e-01 7.796107219131995780e-01
7.669476210441092956e-01 7.889890183520282818e-01 7.455652098483424028e-01 7.806714911999419471e-01
7.666295594847403194e-01 7.883058376536529188e-01 7.464181931211959498e-01 7.810684599776878123e-01
7.668608769824630800e-01 7.879508941324573357e-01 7.471410603015803398e-01 7.822917769113076902e-01
7.673235119779091562e-01 7.879069137097534092e-01 7.490349723141870308e-01 7.837783744023320009e-01
7.677427749425320691e-01 7.898008422728078903e-01 7.483554771646258041e-01 7.830487036652966637e-01
7.682487819688010866e-01 7.908582846851845982e-01 7.485000506007025711e-01 7.831834828354315992e-01
7.686969596206392197e-01 7.908651247985077903e-01 7.477048967022800197e-01 7.811553585843920011e-01
7.685668435281702848e-01 7.903994862513693542e-01 7.466495106189189324e-01 7.800863344632503749e-01
7.699547485145079584e-01 7.917400865822630252e-01 7.457820700024578864e-01 7.803764630621321530e-01
7.698101750784310804e-01 7.914195073914336298e-01 7.462157903106882983e-01 7.814825884555782753e-01
7.692607960213388996e-01 7.895641144171665626e-01 7.459555581257499846e-01 7.815819968272186280e-01
7.698463184374503276e-01 7.899342828819442275e-01 7.459555581257499846e-01 7.809411927797017539e-01
7.701282366378001676e-01 7.903769619764180465e-01 7.481241596669028215e-01 7.821904165500567219e-01
7.714872269369226210e-01 7.919954732342827652e-01 7.493096618427330657e-01 7.829781446097272557e-01
7.713715681880610742e-01 7.921800934986887865e-01 7.486735387239948913e-01 7.821228214622121255e-01
7.702294380430538823e-01 7.914632117477184980e-01 7.471266029579725076e-01 7.812309790229244877e-01
7.694342841446311088e-01 7.907393463376448661e-01 7.469386574910725773e-01 7.813173704600967495e-01
7.694198268010234987e-01 7.909123000560129846e-01 7.487458254420331638e-01 7.833546433432556633e-01
7.697523457040004180e-01 7.900310425083563182e-01 7.493530338735560070e-01 7.840548128990203480e-01
7.690150211800084179e-01 7.885869430125775903e-01 7.483121051338027518e-01 7.838437033781479046e-01
7.690583932108314702e-01 7.887389547237559917e-01 7.464326504648035598e-01 7.821199487688543783e-01
7.693909121138082785e-01 7.893820771646995471e-01 7.457242406280271130e-01 7.821399447435823937e-01
7.714438549060995687e-01 7.916870378939010466e-01 7.456808685972038386e-01 7.821616791950445347e-01
7.720366059940146908e-01 7.931827460998752688e-01 7.456664112535962285e-01 7.827551295463697212e-01
7.699692058581156795e-01 7.923166680664882611e-01 7.456953259408116708e-01 7.824924146025397098e-01
7.685813008717778949e-01 7.912158175048070730e-01 7.468374560858188627e-01 7.831784193094699642e-01
7.695788575807080978e-01 7.911574271636369060e-01 7.465193945264496644e-01 7.824206424906525736e-01
7.696511442987465923e-01 7.911155755294848602e-01 7.473145484248723269e-01 7.822679869606534719e-01
7.694198268010234987e-01 7.901982208332229973e-01 7.475747806098107517e-01 7.827974684648209003e-01
7.701716086686232199e-01 7.907053973699827987e-01 7.480807876360797692e-01 7.839351982953333131e-01
7.704752128843845860e-01 7.906444873256954775e-01 7.496855527765329263e-01 7.852223007861278692e-01
7.715305989677456733e-01 7.920461668406053590e-01 7.492518324683022923e-01 7.843546478504419550e-01
7.721667220864837367e-01 7.938257559933210583e-01 7.479651288872183335e-01 7.837508252245735108e-01
7.719643192759761963e-01 7.944395007349642768e-01 7.469675721782880196e-01 7.826905050225591021e-01
7.711402506903380916e-01 7.937948145062280192e-01 7.463748210903727864e-01 7.819888866644832959e-01
7.710245919414768778e-01 7.929851158022704904e-01 7.458254420332808277e-01 7.812690794442797015e-01
7.711257933467304815e-01 7.924812373001223209e-01 7.464615651520188910e-01 7.813818257381444088e-01
7.711691653775535338e-01 7.922893091760052631e-01 7.476181526406338040e-01 7.826433318002904427e-01
7.706631583512845163e-01 7.908608738209272904e-01 7.480374156052567169e-01 7.840022415461791461e-01
7.702005233558386621e-01 7.906780797444402653e-01 7.478494701383568977e-01 7.836092664044453926e-01
7.701571513250156098e-01 7.918841906935367714e-01 7.457676126588500543e-01 7.814528289496781577e-01
7.698969191400772960e-01 7.919229494092153709e-01 7.430496320606052585e-01 7.798329487475788024e-01
7.691162225852621326e-01 7.914892341191062108e-01 7.422689355057900951e-01 7.787254081946399786e-01
7.686825022770316096e-01 7.907525144764695479e-01 7.431652908094668053e-01 7.796376307657487681e-01
7.692029666469084592e-01 7.920429182000958690e-01 7.434544376816203393e-01 7.804307411313375908e-01
7.694053694574158886e-01 7.919334920280554080e-01 7.447122265754890780e-01 7.818640985592358872e-01
7.695354855498849345e-01 7.925573263181318051e-01 7.457676126588501653e-01 7.823965672624965118e-01
7.705764142896384117e-01 7.937898004955246112e-01 7.461435035926498038e-01 7.829097748667915857e-01
7.707788171001459521e-01 7.937845729735865108e-01 7.467217973369573158e-01 7.829804488115934546e-01
7.695354855498851565e-01 7.922680565953741372e-01 7.471988896760110022e-01 7.823151017358094261e-01
7.695933149243158189e-01 7.918062584925015246e-01 7.478928421691798389e-01 7.830592287633313386e-01
7.685523861845624527e-01 7.911364401415659220e-01 7.473290057684801591e-01 7.829114507273353674e-01
7.684222700920934068e-01 7.915567359744942744e-01 7.464326504648037819e-01 7.825034832142812036e-01
7.688415330567162087e-01 7.922356341624792186e-01 7.468952854602495250e-01 7.822637311467611765e-01
7.686246729026008362e-01 7.911390703006250247e-01 7.471266029579723966e-01 7.833446261058816251e-01
7.680030071274703829e-01 7.902303495949402068e-01 7.475747806098107517e-01 7.838546703143767225e-01
7.684656421229162371e-01 7.898297044716231508e-01 7.467073399933497058e-01 7.825616156094910014e-01
7.689861064927929757e-01 7.911658501511842356e-01 7.467362546805650370e-01 7.833279807373523251e-01
7.686680449334237775e-01 7.913563278911532883e-01 7.471410603015801177e-01 7.840621221970170973e-01
7.696945163295696446e-01 7.919423760601616014e-01 7.475747806098107517e-01 7.831983264547636159e-01
7.698680044528617428e-01 7.922183393889864478e-01 7.473868351429109325e-01 7.826461561413109447e-01
7.696656016423542024e-01 7.925664558908046553e-01 7.473579204556954902e-01 7.824401218649051915e-01
7.698390897656464116e-01 7.921913758420457974e-01 7.475603232662031417e-01 7.820104148370179420e-01
7.684222700920932958e-01 7.904730892472111581e-01 7.484566785698796298e-01 7.825377517105167602e-01
7.689282771183623133e-01 7.906754977456195155e-01 7.477193540458875187e-01 7.824883991793283311e-01
7.696656016423542024e-01 7.916494723188354232e-01 7.484711359134872399e-01 7.832789265215556185e-01
7.702728100738769346e-01 7.922432593468730078e-01 7.474880365481646471e-01 7.827808020863384897e-01
7.693764547702005574e-01 7.916533899737308033e-01 7.471266029579725076e-01 7.827595126250539437e-01
7.683933554048778536e-01 7.907251538831117088e-01 7.469964868655032397e-01 7.818508698167274673e-01
7.700848646069771153e-01 7.926083046143002075e-01 7.464904798392343332e-01 7.820680664891910272e-01
7.694921135190618822e-01 7.928256023333499769e-01 7.483265624774103619e-01 7.837248752456846823e-01
7.701137792941924465e-01 7.937585607603441229e-01 7.489337709089332051e-01 7.841647110090315120e-01
7.702438953866617144e-01 7.933222884030466382e-01 7.485723373187409546e-01 7.836568560089369750e-01
7.692607960213391216e-01 7.925515035500021455e-01 7.487313680984256647e-01 7.836788567068541100e-01
7.683644407176625224e-01 7.911271748255656044e-01 7.484133065390565775e-01 7.834870614052422688e-01
7.687258743078547729e-01 7.902697578543704804e-01 7.484711359134873510e-01 7.837506582717276293e-01
7.690728505544391913e-01 7.911398261054025660e-01 7.475747806098107517e-01 7.834654885701686222e-01
7.683788980612701325e-01 7.911506202382252440e-01 7.476470673278492463e-01 7.830756550711184261e-01
7.692463386777312895e-01 7.918899260914620264e-01 7.471121456143647865e-01 7.833253064147421840e-01
7.698390897656464116e-01 7.925555475713247366e-01 7.464037357775883397e-01 7.824480477072734974e-01
7.694631988318467730e-01 7.916915624079631231e-01 7.477482687331029609e-01 7.837006858040540536e-01
7.697668030476080281e-01 7.919304388853446453e-01 7.486879960676025014e-01 7.844514195052892935e-01
7.707643597565382310e-01 7.926685609471750826e-01 7.488181121600717693e-01 7.847964550408098594e-01
7.712414520955919173e-01 7.925121780592880860e-01 7.491217163758331354e-01 7.861766340164760836e-01
7.697234310167848648e-01 7.908371030183631856e-01 7.486157093495642290e-01 7.853623708022969829e-01
7.688270757131085986e-01 7.902140604475017538e-01 7.497144674637482575e-01 7.852087418298046018e-01
7.680463791582934352e-01 7.904227811053520236e-01 7.511023724500861531e-01 7.851069743106668941e-01
7.678295190041782847e-01 7.909345214101801691e-01 7.506252801110324668e-01 7.844367899772115571e-01
7.698101750784311914e-01 7.925783576092740867e-01 7.490349723141870308e-01 7.841606236519408357e-01
7.699692058581157905e-01 7.925537598931555738e-01 7.484711359134872399e-01 7.840034931143509134e-01
7.708655611617920567e-01 7.938467218738642917e-01 7.486590813803870592e-01 7.844285409747229210e-01
7.719787766195839174e-01 7.943428059238455408e-01 7.477771834203182921e-01 7.847375247909776919e-01
7.725281556766758762e-01 7.938495536508223260e-01 7.471121456143647865e-01 7.853057400971079627e-01
7.719354045887609761e-01 7.930927539162654361e-01 7.462013329670806883e-01 7.850329958379678175e-01
7.708800185053998888e-01 7.918235848267556332e-01 7.464037357775882287e-01 7.843607702508854640e-01
7.692897107085543418e-01 7.912657144297527978e-01 7.467073399933497058e-01 7.844409998135148943e-01
7.676126588500629122e-01 7.905047418768764711e-01 7.480807876360796582e-01 7.850005000028915658e-01
7.686825022770316096e-01 7.914013039671061733e-01 7.481530743541180417e-01 7.850990430717132984e-01
7.701716086686232199e-01 7.931172241427062453e-01 7.469242001474647452e-01 7.839115872975190857e-01
7.713571108444535751e-01 7.943661085260789179e-01 7.468952854602495250e-01 7.836177422161498818e-01
7.703017247610924878e-01 7.938424651158521028e-01 7.481964463849413161e-01 7.837223589288765391e-01
7.695354855498850455e-01 7.923768854416418650e-01 7.479072995127875600e-01 7.836934446468258875e-01
7.699981205453311217e-01 7.926286368447457154e-01 7.472711763940492746e-01 7.835176358258119089e-01
7.700848646069771153e-01 7.928175002967042806e-01 7.470254015527186819e-01 7.832165673107555071e-01
7.710101345978689347e-01 7.940062173541015955e-01 7.474012924865185425e-01 7.835041157809274903e-01
7.707932744437536732e-01 7.942115710263506489e-01 7.476326099842414141e-01 7.838029993504387338e-01
7.701137792941924465e-01 7.935508118950846956e-01 7.507843108907170659e-01 7.856086216242548215e-01
7.690583932108314702e-01 7.933385468519891237e-01 7.507553962035016237e-01 7.849250988383946748e-01
7.693041680521619519e-01 7.938511001725170324e-01 7.500325290231173447e-01 7.843502362628992364e-01
7.697089736731773657e-01 7.940493795428709145e-01 7.501337304283710594e-01 7.848166809099876851e-01
7.698969191400770740e-01 7.942002632547378038e-01 7.494976073096328850e-01 7.855351445960085943e-01
7.698969191400771850e-01 7.935721264437241018e-01 7.493096618427330657e-01 7.850086122005182077e-01
7.700848646069771153e-01 7.925407133834641016e-01 7.484133065390564665e-01 7.839706035062254941e-01
7.695644002371004877e-01 7.913636492710904857e-01 7.480374156052567169e-01 7.831254682872237360e-01
7.695499428934926556e-01 7.911056374324232365e-01 7.491361737194407455e-01 7.837147329766340764e-01
7.697378883603926969e-01 7.916186727977108095e-01 7.500180716795097347e-01 7.838780196991718130e-01
7.690439358672237491e-01 7.921923375835742132e-01 7.492518324683022923e-01 7.831936144489990426e-01
7.701860660122308300e-01 7.928322424956497638e-01 7.483988491954488564e-01 7.823016376520046666e-01
7.695933149243157079e-01 7.922353281641371092e-01 7.488036548164640482e-01 7.821724819636373116e-01
7.691885093033005161e-01 7.921164687876993682e-01 7.483988491954487454e-01 7.828985037416951176e-01
7.690873078980468014e-01 7.921255692230371181e-01 7.480085009180413858e-01 7.831591565958009316e-01
7.702728100738769346e-01 7.929374128991099058e-01 7.481386170105104316e-01 7.841666151224908621e-01
7.714149402188841265e-01 7.947049227862932330e-01 7.475169512353800894e-01 7.843019999784677232e-01
7.707499024129307319e-01 7.954798250606290866e-01 7.474012924865185425e-01 7.838483225414218936e-01
7.704029261663460915e-01 7.945826466157501766e-01 7.494108632479867804e-01 7.844686418150006446e-01
7.706920730384998475e-01 7.945240339482981806e-01 7.496927814483367314e-01 7.845672242724510692e-01
7.697089736731772547e-01 7.941674277188601749e-01 7.500325290231173447e-01 7.848487718421094383e-01
7.693764547702005574e-01 7.942786294590713503e-01 7.489048562217177629e-01 7.843926028247181215e-01
7.694487414882389409e-01 7.953518780162265323e-01 7.489048562217177629e-01 7.855116156351948931e-01
7.702294380430539933e-01 7.957628327170015448e-01 7.486590813803870592e-01 7.856604176701785791e-01
7.705764142896385227e-01 7.953018727159875123e-01 7.490928016886178042e-01 7.858411562535261297e-01
7.699836632017234006e-01 7.944692879355631510e-01 7.502060171464094429e-01 7.862360317941429200e-01
7.713860255316689063e-01 7.944220168717548436e-01 7.498879555870403557e-01 7.854236330923862752e-01
7.723257528661682247e-01 7.946606123407200517e-01 7.496566380893173731e-01 7.845612047590801996e-01
7.728028452052221331e-01 7.948721869907265924e-01 7.503939626133093732e-01 7.852425196752641501e-01
7.718486605271146495e-01 7.944704380136031752e-01 7.506397374546400769e-01 7.850032980753465228e-01
7.722245514609146211e-01 7.953658136209452723e-01 7.502493891772324952e-01 7.847606538940117282e-01
7.721522647428762376e-01 7.955361431093523894e-01 7.492662898119100134e-01 7.844803036869270052e-01
7.717474591218609348e-01 7.951215545872217794e-01 7.479795862308260546e-01 7.833256952680862639e-01
7.720799780248378541e-01 7.946548941628235330e-01 7.477771834203184032e-01 7.838498622146760075e-01
7.735546270728215212e-01 7.948677744898882125e-01 7.475747806098107517e-01 7.843090771582215126e-01
7.735546270728216323e-01 7.957074805200889944e-01 7.499457849614711291e-01 7.860655516690129296e-01
7.727883878616143010e-01 7.947798910590051502e-01 7.502927612080556585e-01 7.857275289615277547e-01
7.719643192759761963e-01 7.942483710093769522e-01 7.500759010539402860e-01 7.845892048076184011e-01
7.708655611617920567e-01 7.935185687645778252e-01 7.492662898119100134e-01 7.840011347219711935e-01
7.716028856857841678e-01 7.936255279197732548e-01 7.497144674637482575e-01 7.843406354483686282e-01
7.714293975624919586e-01 7.927480120173575617e-01 7.501048157411557282e-01 7.849228080841772481e-01
7.716751724038224403e-01 7.933929084208524163e-01 7.503216758952709897e-01 7.857892423971188922e-01
7.723546675533838890e-01 7.949585916311481260e-01 7.498156688690018612e-01 7.858341859450780342e-01
7.733666816059217020e-01 7.964287712822865073e-01 7.499602423050788502e-01 7.857867622343446268e-01
7.752895083057438352e-01 7.979951144885009118e-01 7.493964059043790593e-01 7.857651897526282125e-01
7.760991195477742188e-01 7.986201117488586076e-01 7.494976073096328850e-01 7.858290558701400697e-01
7.748847026847288655e-01 7.970324528759535898e-01 7.498734982434327456e-01 7.854248344337829701e-01
7.726727291127528652e-01 7.947291448564276495e-01 7.494542352788098327e-01 7.842222272832879426e-01
7.721956367736992899e-01 7.947019564487936005e-01 7.492084604374791290e-01 7.843012307698917773e-01
7.714004828752765164e-01 7.932901005440040620e-01 7.501192730847634493e-01 7.855973485033607151e-01
7.712848241264147475e-01 7.923887342491775510e-01 7.495265219968483272e-01 7.855213884793459389e-01
7.714438549060995687e-01 7.936073377350839619e-01 7.493096618427330657e-01 7.858349435189500021e-01
7.720799780248377431e-01 7.949393163736289125e-01 7.491072590322254143e-01 7.858788076601856964e-01
7.718631178707224816e-01 7.954710460037354158e-01 7.501337304283710594e-01 7.858124349456949709e-01
7.715305989677456733e-01 7.952300560670160223e-01 7.506397374546401879e-01 7.860693859358169888e-01
7.715450563113533944e-01 7.944982341086483935e-01 7.512180311989474779e-01 7.863657042101735994e-01
7.733233095750986497e-01 7.956890850791603631e-01 7.513481472914166348e-01 7.872528326123426901e-01
7.731209067645909983e-01 7.954845757184167976e-01 7.503361332388787108e-01 7.865058298344241861e-01
7.722100941173069000e-01 7.937176680589062006e-01 7.499313276178634080e-01 7.855244073782682301e-01
7.718920325579378128e-01 7.939472698093651415e-01 7.512614032297706412e-01 7.861701950539394801e-01
7.719209472451531440e-01 7.951537773843719847e-01 7.512324885425551990e-01 7.858448019042463262e-01
7.722823808353453945e-01 7.949311961607927746e-01 7.516662088507857220e-01 7.856393916793771304e-01
7.726582717691451441e-01 7.954324796650208418e-01 7.519553557229394780e-01 7.856172630017378422e-01
7.715595136549610045e-01 7.940054887701758490e-01 7.510156283884399375e-01 7.849716943800801872e-01
7.712703667828073595e-01 7.933859899266462179e-01 7.494397779352022226e-01 7.838835551050633565e-01
7.721811794300915688e-01 7.939834088557606862e-01 7.506686521418555191e-01 7.857697492778612514e-01
7.732510228570602662e-01 7.950910295241989667e-01 7.523890760311701120e-01 7.878318774045173223e-01
7.739594326938368241e-01 7.957030243308886863e-01 7.541817866385229774e-01 7.901991079505082949e-01
7.741040061299134800e-01 7.953658836706494206e-01 7.534733768017465305e-01 7.886836851930943970e-01
7.730197053593371725e-01 7.946170588584792194e-01 7.523890760311700010e-01 7.871666028199288956e-01
7.718197458398994293e-01 7.940843906908116034e-01 7.504373346441325365e-01 7.857897301234336718e-01
7.707209877257152897e-01 7.931892742082558012e-01 7.500036143359017915e-01 7.847019860494329757e-01
7.712269947519843072e-01 7.939435087182287187e-01 7.502783038644479374e-01 7.843432374079617464e-01
7.719643192759761963e-01 7.945293261420758313e-01 7.514927207274935128e-01 7.857545069894947831e-01
7.741040061299135910e-01 7.965459831992649509e-01 7.527649669649698616e-01 7.877207582921312845e-01
7.746533851870056608e-01 7.976405894039197975e-01 7.534589194581386984e-01 7.894302155578606373e-01
7.738293166013676672e-01 7.973311748681818356e-01 7.530396564935157855e-01 7.894382814107280266e-01
7.730630773901603359e-01 7.965945646553316273e-01 7.535745782070002452e-01 7.897303219255580320e-01
7.728462172360450744e-01 7.965452874395179128e-01 7.533866327401004259e-01 7.886337188710208501e-01
7.723835822405991092e-01 7.959215575036607815e-01 7.528227963394006350e-01 7.877698295148913843e-01
7.726148997383222028e-01 7.952910774070380828e-01 7.522300452514856239e-01 7.869130388181472258e-01
7.733522242623140919e-01 7.957369148307389395e-01 7.522734172823085652e-01 7.868314413635568716e-01
7.734100536367447543e-01 7.957463643725004587e-01 7.542107013257384196e-01 7.880859746492183682e-01
7.730775347337680570e-01 7.954925138771389292e-01 7.546444216339689426e-01 7.884459845803846179e-01
7.738871459757984406e-01 7.961766146373675523e-01 7.539793838280153260e-01 7.881609919538712372e-01
7.743064089404212424e-01 7.960008867624275286e-01 7.531264005551621121e-01 7.870999122901690681e-01
7.738871459757984406e-01 7.952710049257833980e-01 7.521722158770546285e-01 7.859024561935864517e-01
7.719354045887608651e-01 7.937039744258717056e-01 7.526637655597160359e-01 7.866967687235031370e-01
7.712992814700226907e-01 7.934898704142996362e-01 7.517095808816087743e-01 7.864724417300392734e-01
7.712269947519843072e-01 7.939165420605545087e-01 7.517963249432548789e-01 7.868493719516805873e-01
7.716028856857841678e-01 7.945501710288846997e-01 7.510734577628705999e-01 7.866110542271868011e-01
7.720799780248377431e-01 7.951487218272270674e-01 7.521288438462317982e-01 7.872207468119374330e-01
7.717185444346454926e-01 7.944253749369628581e-01 7.520420997845854716e-01 7.868549319193897107e-01
7.708221891309691154e-01 7.933092753262144248e-01 7.518396969740779312e-01 7.865580717206082095e-01
7.698390897656464116e-01 7.925256228555523919e-01 7.528517110266160772e-01 7.870078460685319133e-01
7.695788575807080978e-01 7.916115626338366962e-01 7.526059361852852625e-01 7.871202624147856097e-01
7.702149806994462722e-01 7.921630266732571091e-01 7.529384550882620708e-01 7.873208369736616197e-01
7.705764142896384117e-01 7.920758227741782065e-01 7.529818271190851231e-01 7.868844717083325335e-01
7.702005233558385511e-01 7.922558484815391822e-01 7.540516705460538205e-01 7.874540678636943181e-01
7.699113764836849061e-01 7.925127576991383149e-01 7.532709739912388791e-01 7.873715636538982654e-01
7.693764547702005574e-01 7.923708546502851169e-01 7.537769810175078966e-01 7.876871526964230874e-01
7.697089736731773657e-01 7.920229683370944018e-01 7.528517110266159662e-01 7.874747674083594218e-01
7.705619569460308016e-01 7.920788038114388030e-01 7.520420997845855826e-01 7.863134296264291390e-01
