6.883430438491232595e-01 7.292669488778843467e-01 7.745521837817519462e-01 7.869142069383207039e-01
6.885309893160230788e-01 7.297582610471453624e-01 7.749714467463748591e-01 7.871651634508944895e-01
6.888201361881768348e-01 7.304050633572163331e-01 7.756075698651131445e-01 7.874305479108707484e-01
6.892249418091919155e-01 7.304082796309985248e-01 7.759545461116974518e-01 7.877758749860384047e-01
6.891960271219765843e-01 7.297368618782507088e-01 7.765183825123971317e-01 7.876182229191691642e-01
6.892104844655843054e-01 7.296857016765113668e-01 7.761135768913819399e-01 7.865003730489650291e-01
6.887478494701383402e-01 7.294905165702993965e-01 7.754196243982131032e-01 7.857447579342029531e-01
6.885165319724154687e-01 7.291001270218449015e-01 7.742052075351675278e-01 7.845692994029699330e-01
6.881550983822233292e-01 7.288862553492085894e-01 7.743931530020675691e-01 7.848273808897179293e-01
6.879816102589311200e-01 7.286201906292941732e-01 7.744509823764981205e-01 7.849228202859159786e-01
6.889357949370382705e-01 7.296248598801011731e-01 7.747979586230826499e-01 7.854427030908851526e-01
6.894128872760918458e-01 7.302930313553308572e-01 7.748991600283364756e-01 7.850285123759652706e-01
6.899044369587532533e-01 7.299324683368123567e-01 7.747256719050442664e-01 7.844348013672620690e-01
6.898321502407147587e-01 7.292695905858732619e-01 7.751232488542554311e-01 7.846146653157253237e-01
6.903092425797683340e-01 7.286482132500610165e-01 7.757810579884051316e-01 7.850790473064254149e-01
6.899478089895763055e-01 7.281530315806232778e-01 7.752750509621362252e-01 7.850423252180546152e-01
6.890369963422920963e-01 7.274933290039968803e-01 7.739305180066214929e-01 7.837099615506334382e-01
6.878370368228541309e-01 7.266076728001488183e-01 7.726582717691451441e-01 7.825061268929969227e-01
6.866949066778470501e-01 7.252673126684474614e-01 7.720799780248377431e-01 7.819974180496709337e-01
6.867527360522777125e-01 7.254303369819263825e-01 7.719064899015455339e-01 7.811000562048976414e-01
6.868105654267083748e-01 7.261452586465232395e-01 7.715884283421764467e-01 7.802209942894063888e-01
6.868105654267084859e-01 7.265374820013681401e-01 7.709089331926152200e-01 7.793386697046198464e-01
6.869695962063930850e-01 7.271674380380724889e-01 7.701137792941924465e-01 7.784380193912079360e-01
6.877502927612080263e-01 7.290132160886587664e-01 7.698969191400772960e-01 7.778872797269212880e-01
6.887623068137460614e-01 7.304814413636091519e-01 7.692607960213388996e-01 7.771015870423781946e-01
6.886032760340614622e-01 7.305790272887501269e-01 7.688704477439315399e-01 7.765234047135772810e-01
6.890659110295074274e-01 7.311606955475414837e-01 7.684945568101316793e-01 7.761179576998996632e-01
6.890080816550767651e-01 7.310874010178973759e-01 7.683788980612703545e-01 7.756960500890737187e-01
6.902947852361606129e-01 7.324178952663151776e-01 7.680319218146857141e-01 7.752567918991678519e-01
6.897309488354610441e-01 7.320158082697255653e-01 7.685234714973471215e-01 7.752392153950919962e-01
6.897020341482456018e-01 7.326021911012108312e-01 7.691162225852622436e-01 7.753422924085487944e-01
6.899767236767916367e-01 7.329846232212086088e-01 7.690439358672238601e-01 7.751380070414389811e-01
6.902947852361607239e-01 7.329533967539347827e-01 7.682198672815856444e-01 7.743538899300406175e-01
6.894996313377379504e-01 7.327674243245916319e-01 7.666729315155633717e-01 7.729992007933246256e-01
6.884587025979845842e-01 7.316855641389219400e-01 7.658777776171405982e-01 7.724600252951892010e-01
6.875045179198774337e-01 7.309493085782671207e-01 7.655018866833408486e-01 7.719239046651988900e-01
6.874322312018389391e-01 7.304152278904552098e-01 7.647211901285257962e-01 7.711288718097120132e-01
6.876924633867773640e-01 7.305268455346485279e-01 7.655308013705561798e-01 7.722269780213228962e-01
6.876924633867773640e-01 7.303952328417080420e-01 7.652416544984024238e-01 7.717690639740404368e-01
6.869406815191776428e-01 7.297671613251693890e-01 7.643886712255492100e-01 7.704886841272481357e-01
6.866515346470239978e-01 7.298498078136800293e-01 7.653283985600486394e-01 7.703267313534301053e-01
6.853070016915092655e-01 7.286037449943962852e-01 7.661235524584713019e-01 7.705385101293837913e-01
6.852780870042938233e-01 7.289689699905070874e-01 7.670921944801862846e-01 7.712513956052318154e-01
6.842805302953635094e-01 7.280491980444333544e-01 7.679740924402550517e-01 7.722320163930553871e-01
6.848299093524555792e-01 7.285119938439750253e-01 7.687114169642469408e-01 7.726446950621213006e-01
6.846130491983403177e-01 7.281206704379306061e-01 7.685668435281700628e-01 7.728306717531672199e-01
6.843239023261866727e-01 7.269085360399087925e-01 7.687692463386776032e-01 7.736275140662418615e-01
6.849889401321400673e-01 7.268741760767841731e-01 7.688559904003239298e-01 7.737557329792081884e-01
6.855383191892322481e-01 7.269196825793255989e-01 7.702438953866617144e-01 7.750149882570342985e-01
6.873310297965851134e-01 7.277173339196260082e-01 7.694487414882389409e-01 7.745530896489396522e-01
6.882129277566539916e-01 7.286554680639394377e-01 7.687114169642471628e-01 7.734290888458033031e-01
6.887623068137460614e-01 7.287182294221273837e-01 7.672945972906937140e-01 7.724625369568041133e-01
6.873021151093696712e-01 7.272513284926812593e-01 7.661524671456865221e-01 7.709476424271873851e-01
6.875768046379157061e-01 7.281311814967820206e-01 7.670488224493631213e-01 7.715528361981357497e-01
6.874900605762697126e-01 7.276918290776533960e-01 7.675837441628475810e-01 7.717019550997850086e-01
6.878514941664618521e-01 7.277000122016399342e-01 7.677427749425320691e-01 7.722882744495801477e-01
6.885454466596307999e-01 7.278842344085918459e-01 7.679740924402549407e-01 7.728623533698046888e-01
6.893550579016611835e-01 7.286422006053505651e-01 7.667885902644248075e-01 7.719384670104588730e-01
6.904104439850222708e-01 7.298907786404690290e-01 7.666295594847400974e-01 7.716741099482303801e-01
6.896152900865993862e-01 7.295090631447755936e-01 7.665717301103096570e-01 7.708268832322379138e-01
6.897454061790686541e-01 7.289841716348373080e-01 7.656175454322022844e-01 7.696786199771582515e-01
6.884731599415923053e-01 7.278355546722743430e-01 7.651259957495409880e-01 7.691828392148949423e-01
6.887333921265306191e-01 7.289509763097286044e-01 7.661090951148636918e-01 7.702520650074210495e-01
6.891815697783687522e-01 7.293715245257630375e-01 7.660512657404329184e-01 7.707996606401459339e-01
6.894345732915034830e-01 7.297215788484389121e-01 7.655597160577715110e-01 7.707315224392174979e-01
6.887912215009613925e-01 7.291248514418339211e-01 7.653717705908715807e-01 7.705322427967480348e-01
6.881695557258309393e-01 7.284963844265242017e-01 7.660368083968251973e-01 7.713396420080406157e-01
6.887044774393153990e-01 7.286911141745908704e-01 7.652705691856177550e-01 7.701050720738468192e-01
6.875189752634851548e-01 7.282389008396821239e-01 7.642585551330798310e-01 7.684534031455303449e-01
6.864780465237316776e-01 7.276423219701249057e-01 7.643163845075106044e-01 7.685324083676252638e-01
6.861599849643627014e-01 7.272596238466439988e-01 7.637814627940261447e-01 7.682103881412685187e-01
6.873744018274081657e-01 7.279954775418089330e-01 7.626827046798421161e-01 7.679789024088727878e-01
6.871141696424698520e-01 7.271343356496975385e-01 7.639838656045337961e-01 7.693617252234696835e-01
6.869406815191776428e-01 7.277178885670665398e-01 7.646489034104873017e-01 7.705573452423837288e-01
6.872298283913313988e-01 7.278154919664804323e-01 7.661669244892943542e-01 7.716667058764632436e-01
6.864202171493010152e-01 7.271889438939485029e-01 7.661813818329019643e-01 7.716964149850266130e-01
6.841359568592866314e-01 7.257987289806452358e-01 7.657621188682791624e-01 7.712347439535874871e-01
6.815914643843341558e-01 7.248838901175346239e-01 7.645477020052334760e-01 7.702698143170843004e-01
6.811722014197111319e-01 7.244878214786304449e-01 7.646633607540950228e-01 7.705587513413109102e-01
6.829938267142795505e-01 7.262568650163595541e-01 7.653573132472639706e-01 7.716334708894896366e-01
6.841793288901096837e-01 7.270088865304675796e-01 7.665139007358787726e-01 7.725147657065888351e-01
6.853792884095475380e-01 7.280193716355501943e-01 7.670632797929708424e-01 7.728203093136032376e-01
6.860443262155011546e-01 7.280533652234292274e-01 7.661524671456867441e-01 7.723471576520302140e-01
6.856250632508782417e-01 7.270096429949515215e-01 7.643886712255489879e-01 7.707303765004884788e-01
6.853648310659400389e-01 7.264280882993265909e-01 7.635646026399109942e-01 7.697550312460391675e-01
6.857262646561320674e-01 7.263463501049542970e-01 7.631742543625035236e-01 7.699009951439315103e-01
6.868394801139239281e-01 7.273535942501231366e-01 7.633188277985804016e-01 7.701935304849196751e-01
6.865214185545547299e-01 7.269848573492084798e-01 7.627549913978804996e-01 7.700043451985955079e-01
6.862467290260088060e-01 7.272322183793618056e-01 7.630730529572495868e-01 7.705287533951732382e-01
6.861599849643627014e-01 7.271164988181665345e-01 7.635212306090878309e-01 7.709406413941229941e-01
6.868539374575315382e-01 7.278389368603556120e-01 7.635646026399109942e-01 7.704586979131358149e-01
6.875045179198774337e-01 7.280940620473792535e-01 7.637525481068109245e-01 7.705052568393984114e-01
6.878370368228541309e-01 7.286076730534701840e-01 7.641284390406106741e-01 7.701268719346830993e-01
6.878514941664619631e-01 7.285911333243118015e-01 7.638971215428875805e-01 7.698693261590604520e-01
6.867238213650623813e-01 7.272543642693555244e-01 7.626104179618036216e-01 7.681799238221256321e-01
6.873888591710158869e-01 7.275516169744671302e-01 7.616562332836965821e-01 7.679100576958823865e-01
6.873888591710159979e-01 7.278496963864017344e-01 7.624224724949038023e-01 7.683245875730451147e-01
6.875912619815234272e-01 7.287623341423457024e-01 7.622200696843962620e-01 7.684313514197056438e-01
6.850612268501785618e-01 7.272187720947673739e-01 7.631887117061111336e-01 7.701185392905847138e-01
6.836010351458023937e-01 7.264456405839865294e-01 7.635501452963031621e-01 7.696773237269337598e-01
6.812300307941419053e-01 7.253197646869585791e-01 7.622345270280038720e-01 7.688155662076161523e-01
6.824299903135797596e-01 7.258401605023094838e-01 7.616128612528735298e-01 7.679152710749694855e-01
6.821408434414260036e-01 7.249980407484885037e-01 7.599213520507743791e-01 7.662900465650973603e-01
6.827625092165565679e-01 7.249872270536673602e-01 7.603839870462201223e-01 7.668945336507876354e-01
6.835865778021946726e-01 7.251997523268033374e-01 7.613092570371120527e-01 7.679078172783664336e-01
6.847576226344171957e-01 7.257337950355420286e-01 7.621188682791425473e-01 7.685483681237632592e-01
6.856250632508783527e-01 7.272800783421253801e-01 7.634778585782648896e-01 7.701896420542286847e-01
6.857840940305628408e-01 7.278238535062970804e-01 7.648802209082102843e-01 7.720247464811105242e-01
6.860443262155011546e-01 7.280688486880642074e-01 7.659500643351790927e-01 7.728433671714125541e-01
6.851624282554322765e-01 7.280392543668223748e-01 7.660946377712559707e-01 7.726198762544799203e-01
6.849166534141016838e-01 7.284189236815022950e-01 7.661958391765096854e-01 7.722798398621193439e-01
6.850323121629631196e-01 7.278236567795336454e-01 7.657910335554946046e-01 7.720140759172882117e-01
6.849744827885323462e-01 7.272877771711796502e-01 7.649669649698564999e-01 7.714382100445957846e-01
6.851190562246092242e-01 7.269002544450511305e-01 7.644754152871950925e-01 7.713327956791743434e-01
6.851190562246092242e-01 7.256842029952310646e-01 7.643163845075104934e-01 7.709721477788732402e-01
6.848009946652402480e-01 7.258510127539519186e-01 7.633621998294033428e-01 7.699760360558975947e-01
6.851768855990399976e-01 7.252967672032246682e-01 7.630296809264265345e-01 7.690356124104145152e-01
6.857262646561321784e-01 7.255037249270452904e-01 7.629429368647805410e-01 7.693576691855585903e-01
6.871141696424699630e-01 7.273046827456697283e-01 7.638682068556723603e-01 7.705013772102032865e-01
6.877936647920310786e-01 7.282875640446535570e-01 7.642874698202952732e-01 7.705604062622576356e-01
6.856684352817014050e-01 7.273521361697883325e-01 7.648368488773872320e-01 7.712461348752231993e-01
6.844106463878327773e-01 7.268302429896931205e-01 7.640561523225721796e-01 7.712723062709188060e-01
6.851045988810016141e-01 7.271552812118456943e-01 7.646633607540950228e-01 7.720092125119386584e-01
6.860443262155011546e-01 7.276969249485437663e-01 7.650826237187180467e-01 7.729532992017411619e-01
6.860298688718935445e-01 7.279897714951724108e-01 7.645910740360568614e-01 7.715669241992149097e-01
6.864635891801239564e-01 7.284871838964123159e-01 7.638682068556722493e-01 7.698561569243096425e-01
6.865792479289856143e-01 7.283744144554384903e-01 7.635212306090879419e-01 7.689713591980613661e-01
6.863334730876549106e-01 7.280924172831660934e-01 7.638682068556723603e-01 7.695931256354319183e-01
6.852925443479014334e-01 7.274616878155486521e-01 7.625092165565499069e-01 7.684533048665488364e-01
6.852347149734707710e-01 7.281675952318497069e-01 7.634200292038341162e-01 7.690292373824272332e-01
6.851335135682170563e-01 7.272975501189981040e-01 7.638826641992800814e-01 7.700200388251704497e-01
6.854371177839784224e-01 7.270709435440779744e-01 7.635501452963032731e-01 7.693313787236405465e-01
6.851624282554322765e-01 7.267270211199187147e-01 7.633188277985801795e-01 7.694920690404640773e-01
6.857696366869551197e-01 7.267991346383375628e-01 7.632320837369341859e-01 7.704595398165743347e-01
6.855383191892321371e-01 7.266186474855480526e-01 7.636513467015570988e-01 7.708646800967237089e-01
6.847431652908094746e-01 7.267980550625723346e-01 7.638392921684569181e-01 7.708265867168216934e-01
6.852636296606862132e-01 7.273264150494086477e-01 7.635790599835188264e-01 7.700618787374921004e-01
6.861455276207548692e-01 7.278281121714946789e-01 7.642730124766875521e-01 7.703646194395905589e-01
6.870997122988622419e-01 7.281738324403451701e-01 7.646199887232718595e-01 7.704617053589789544e-01
6.871575416732930153e-01 7.279396247606639836e-01 7.639983229481415172e-01 7.700288113817632674e-01
6.873888591710159979e-01 7.282089042983144189e-01 7.635212306090879419e-01 7.691485919338283406e-01
6.881117263514001658e-01 7.288081911277084490e-01 7.636802613887723190e-01 7.689662936354921818e-01
6.883864158799462007e-01 7.292565247866960032e-01 7.642440977894721099e-01 7.698297166145879888e-01
6.871864563605081244e-01 7.284111081257004239e-01 7.646199887232719705e-01 7.708149849477298199e-01
6.872732004221544511e-01 7.283634025790267641e-01 7.657042894938486111e-01 7.727365123280571790e-01
6.877069207303849740e-01 7.284283340252279970e-01 7.656536887912214207e-01 7.728638969654708646e-01
6.877069207303850851e-01 7.282048513743870632e-01 7.667163035463863130e-01 7.738656323368710011e-01
6.873454871401929456e-01 7.280880968886653815e-01 7.664271566742327790e-01 7.728649425639402271e-01
6.869840535500006951e-01 7.272857662317472327e-01 7.654295999653024651e-01 7.714186017253659156e-01
6.861455276207548692e-01 7.270348986619133980e-01 7.648079341901719008e-01 7.706988936325466222e-01
6.864925038673395097e-01 7.276372516714115779e-01 7.640706096661800117e-01 7.707635622062010139e-01
6.858563807486013353e-01 7.267661976828797554e-01 7.646633607540950228e-01 7.715224237373298211e-01
6.862901010568318583e-01 7.275733756270950092e-01 7.657187468374562211e-01 7.724659913878593187e-01
6.850612268501785618e-01 7.269116396971013749e-01 7.648802209082102843e-01 7.718229391159101560e-01
6.861310702771472592e-01 7.279198598565788103e-01 7.650247943442871623e-01 7.719616355962580778e-01
6.855672338764475793e-01 7.272302122916013412e-01 7.639115788864953016e-01 7.711934409709939597e-01
6.862322716824009738e-01 7.275086558904212408e-01 7.636368893579494888e-01 7.702745306488132382e-01
6.868105654267084859e-01 7.274366576315530741e-01 7.630441382700342556e-01 7.694245966597689224e-01
6.870707976116467997e-01 7.276159496601235510e-01 7.640272376353569594e-01 7.712908055933883622e-01
6.868105654267084859e-01 7.278995907710785751e-01 7.647934768465642907e-01 7.719719755138387818e-01
6.865358758981624510e-01 7.271011775797145971e-01 7.645910740360566393e-01 7.717321707563205013e-01
6.861455276207549803e-01 7.273582788460170034e-01 7.652705691856177550e-01 7.716801332370577526e-01
6.850178548193555095e-01 7.260910510699767340e-01 7.660223510532175872e-01 7.724106084849099441e-01
6.861021555899320390e-01 7.264050755847418772e-01 7.657910335554943826e-01 7.736818900717306047e-01
6.874033165146236080e-01 7.271628427838804365e-01 7.645910740360566393e-01 7.726273391502642696e-01
6.877069207303849740e-01 7.269955281498974298e-01 7.637814627940262557e-01 7.711433810946273226e-01
6.880683543205771135e-01 7.276212720923392885e-01 7.648513062209949531e-01 7.723905813341149784e-01
6.877647501048158585e-01 7.284753344845145140e-01 7.648368488773872320e-01 7.717298184339042022e-01
6.873021151093697823e-01 7.288145137622326075e-01 7.653717705908715807e-01 7.721603172604649679e-01
6.874322312018389391e-01 7.294861230587084133e-01 7.656030880885945633e-01 7.725972133959013721e-01
6.872876577657620611e-01 7.288056528475553852e-01 7.653283985600485284e-01 7.722066289465405742e-01
6.872732004221544511e-01 7.286399284889522043e-01 7.656609174630254477e-01 7.720934603794160633e-01
6.881695557258308282e-01 7.291735196835045230e-01 7.662825832381557900e-01 7.729602204423599021e-01
6.876201766687388695e-01 7.285962234801188764e-01 7.667307608899942561e-01 7.731234437549117100e-01
6.868973094883547015e-01 7.286888588004316603e-01 7.657765762118867725e-01 7.722410294282584520e-01
6.855166331738206109e-01 7.275480836696948117e-01 7.647790195029565696e-01 7.719768341843589177e-01
6.851913429426477187e-01 7.271492127449024068e-01 7.639115788864955237e-01 7.710453427488530576e-01
6.867816507394930436e-01 7.281647918849426526e-01 7.635646026399109942e-01 7.701859533450975404e-01
6.880972690077924447e-01 7.289087071568860488e-01 7.646199887232720815e-01 7.711250184603815061e-01
6.885454466596307999e-01 7.290097135017482577e-01 7.634778585782648896e-01 7.705861964566134148e-01
6.885165319724154687e-01 7.285464170919206950e-01 7.636658040451649310e-01 7.706078433229990310e-01
6.879093235408925144e-01 7.279794346211092559e-01 7.631019676444650290e-01 7.700962750830837589e-01
6.876924633867773640e-01 7.281903100928470707e-01 7.643886712255489879e-01 7.714499469130309262e-01
6.865503332417701721e-01 7.279944302848155857e-01 7.640706096661800117e-01 7.716631564570902713e-01
6.866804493342393290e-01 7.284119429829566394e-01 7.643163845075104934e-01 7.718404575873195617e-01
6.863334730876549106e-01 7.276069274775646134e-01 7.644175859127644301e-01 7.728471694376670698e-01
6.862756437132242482e-01 7.278361671752808792e-01 7.636802613887724300e-01 7.717657179268289092e-01
6.859720394974627711e-01 7.271243421836792731e-01 7.643597565383337678e-01 7.718865189129324733e-01
6.859864968410704922e-01 7.269442784074775510e-01 7.637959201376338658e-01 7.715895529662596397e-01
6.862322716824011959e-01 7.267619460987491120e-01 7.638971215428878025e-01 7.721354222607306195e-01
6.870129682372161373e-01 7.272439894450596354e-01 7.647356474721335173e-01 7.729153948608407099e-01
6.873021151093698933e-01 7.276874078098366505e-01 7.650103370006795522e-01 7.728667690395421008e-01
6.887044774393152879e-01 7.291471571738989965e-01 7.659211496479637615e-01 7.727456812003687947e-01
6.882996718183000961e-01 7.286857220501127275e-01 7.655163440269485697e-01 7.726407970632257483e-01
6.881261836950078870e-01 7.288297130666834267e-01 7.651838251239717614e-01 7.727466126552821057e-01
6.865503332417701721e-01 7.275898560489708622e-01 7.653428559036563605e-01 7.735945276863107622e-01
6.852636296606862132e-01 7.270153889475452491e-01 7.639549509173184649e-01 7.722665159457035022e-01
6.847431652908093636e-01 7.262031692279165007e-01 7.635067732654802208e-01 7.719586334110084547e-01
6.852636296606862132e-01 7.269858118971632699e-01 7.636079746707340465e-01 7.719829811000792352e-01
6.856684352817014050e-01 7.281006754421944782e-01 7.644031285691565980e-01 7.721078404343779678e-01
6.860009541846782133e-01 7.285200330522909606e-01 7.646778180977027439e-01 7.714812938100179540e-01
6.873454871401928346e-01 7.296037026118893376e-01 7.657765762118869945e-01 7.720875507649049840e-01
6.877792074484234686e-01 7.299055469215377512e-01 7.650681663751102146e-01 7.715581367484256603e-01
6.871430843296852942e-01 7.290003208600639439e-01 7.644898726308028136e-01 7.713155822894004476e-01
6.877792074484234686e-01 7.286598137533598640e-01 7.649669649698564999e-01 7.718476909842790779e-01
6.879526955717156778e-01 7.285325890474070309e-01 7.657187468374561101e-01 7.733753609355727976e-01
6.883285865055154273e-01 7.288409121402776858e-01 7.654585146525176853e-01 7.737240673934093760e-01
6.876924633867773640e-01 7.287815673161601726e-01 7.660657230840405285e-01 7.742482734906603881e-01
6.876346340123465906e-01 7.286586117986547650e-01 7.658922349607483193e-01 7.744790575562168211e-01
6.877792074484234686e-01 7.291515179287418880e-01 7.654151426216946330e-01 7.733207136542610272e-01
6.861166129335396491e-01 7.280068652360656145e-01 7.648223915337797330e-01 7.726094043630127306e-01
6.856106059072705206e-01 7.272921575648967352e-01 7.655163440269484587e-01 7.726898483364729175e-01
6.859720394974626601e-01 7.277084706133201131e-01 7.654006852780870229e-01 7.725130107321405148e-01
6.874322312018390502e-01 7.286084430079029506e-01 7.659356069915714826e-01 7.731434204023537315e-01
6.878659515100695732e-01 7.296051405041186211e-01 7.665572727667019359e-01 7.741357198563355579e-01
6.875623472943082071e-01 7.290424770066339377e-01 7.664271566742328901e-01 7.744124728027310667e-01
6.861888996515780326e-01 7.278127111457268761e-01 7.656609174630253367e-01 7.736854517447973034e-01
6.866226199598086666e-01 7.289781251098828019e-01 7.660946377712558597e-01 7.736055750301846778e-01
6.875768046379158172e-01 7.298559188229456485e-01 7.666440168283479295e-01 7.734811958878100580e-01
6.878514941664618521e-01 7.302368200688840183e-01 7.668608769824631910e-01 7.733936149232725210e-01
6.885020746288076365e-01 7.302998708334803579e-01 7.662102965201174065e-01 7.729897014209926587e-01
6.883575011927308696e-01 7.297183430447931052e-01 7.652127398111870926e-01 7.727706200807900050e-01
6.863623877748703528e-01 7.282754972420160122e-01 7.635790599835186043e-01 7.709498035721792375e-01
6.860587835591088757e-01 7.275509672188786858e-01 7.631742543625035236e-01 7.703448874951981384e-01
6.860876982463242069e-01 7.276424387753622769e-01 7.641284390406106741e-01 7.705848286712287942e-01
6.863190157440471895e-01 7.281330559778254052e-01 7.648368488773872320e-01 7.713133220123651324e-01
6.871864563605083465e-01 7.295646589947267779e-01 7.662536685509405698e-01 7.729061476855015878e-01
6.875189752634850437e-01 7.302087111536215147e-01 7.664994433922710515e-01 7.729194556347980249e-01
6.873888591710159979e-01 7.298083760945480725e-01 7.674970001012013654e-01 7.742071402494845600e-01
6.867671933958854336e-01 7.292386774287566986e-01 7.668753343260710231e-01 7.741275710642447905e-01
6.870418829244314685e-01 7.290444290177179321e-01 7.666584741719556506e-01 7.745180401130946635e-01
6.873165724529773923e-01 7.292623819019498077e-01 7.671789385418325002e-01 7.752974804900908401e-01
6.878587228382656571e-01 7.291311686405999026e-01 7.675114574448091975e-01 7.756138825736252906e-01
6.881840130694386604e-01 7.300760798058488765e-01 7.681186658763318187e-01 7.755567154088451876e-01
6.877936647920310786e-01 7.296386374158699839e-01 7.667452182336017552e-01 7.735815973194328787e-01
6.876346340123465906e-01 7.293558702285938278e-01 7.665428154230942148e-01 7.730439903693594461e-01
6.876346340123465906e-01 7.293284513971011185e-01 7.662247538637250166e-01 7.726064835264162545e-01
6.871575416732929042e-01 7.294155589255559846e-01 7.653573132472639706e-01 7.717166262043894109e-01
6.876346340123464795e-01 7.299147659609105387e-01 7.658488629299253780e-01 7.720553786672681440e-01
6.866226199598086666e-01 7.288301626121056476e-01 7.656320027758098945e-01 7.724168397789681340e-01
6.856973499689167362e-01 7.285706558023766766e-01 7.663259552689788423e-01 7.734926308277475515e-01
6.860154115282857124e-01 7.286748942462381029e-01 7.665717301103095460e-01 7.738236298027195703e-01
6.861455276207550913e-01 7.287317275643185877e-01 7.658633202735329881e-01 7.734659361388186438e-01
6.867961080831007648e-01 7.288292233388626862e-01 7.654151426216946330e-01 7.737205398911590759e-01
6.868683948011392593e-01 7.289580119155243398e-01 7.649669649698564999e-01 7.735367186302399833e-01
6.887044774393152879e-01 7.298733400329162624e-01 7.649380502826410577e-01 7.743181711309240489e-01
6.891092830603305908e-01 7.305128269194279822e-01 7.641139816970030640e-01 7.729682015135175277e-01
6.896297474302071073e-01 7.309368550733552627e-01 7.647934768465642907e-01 7.726258265404646330e-01
6.885599040032384099e-01 7.294287144016977642e-01 7.645766166924488072e-01 7.727770815453496311e-01
6.892683138400150789e-01 7.301460683105697180e-01 7.651549104367564302e-01 7.736217274743020234e-01
6.887044774393152879e-01 7.300502048337995653e-01 7.651693677803640403e-01 7.732288036874239712e-01
6.878659515100694621e-01 7.292162001154602891e-01 7.652416544984026459e-01 7.731115016452905220e-01
6.880538969769693924e-01 7.303175752844790480e-01 7.666440168283481515e-01 7.738173749038026461e-01
6.889502522806458806e-01 7.314424278003569535e-01 7.679307204094319994e-01 7.746816639711098240e-01
6.901791264872991771e-01 7.323475154026586331e-01 7.678873483786089471e-01 7.756206966612062548e-01
6.905116453902759854e-01 7.317180182186309167e-01 7.674391707267704810e-01 7.757119398959646528e-01
6.901935838309068982e-01 7.316103795496008422e-01 7.666584741719557616e-01 7.751564021533912108e-01
6.890080816550766540e-01 7.306419684147232863e-01 7.650247943442872733e-01 7.735952151845967295e-01
6.881406410386156081e-01 7.303998092756807115e-01 7.647211901285257962e-01 7.723092559406053992e-01
6.871575416732929042e-01 7.297132917529770557e-01 7.644465005999798723e-01 7.727554669624411288e-01
6.862322716824010849e-01 7.293087709995509371e-01 7.641139816970030640e-01 7.727346533038211840e-01
6.862467290260088060e-01 7.292102633254016197e-01 7.647934768465642907e-01 7.738789339943086265e-01
6.855816912200551894e-01 7.285358888501302088e-01 7.649814223134641100e-01 7.738422307003968159e-01
6.876057193251311483e-01 7.299263316555313352e-01 7.658488629299251560e-01 7.745912287532897844e-01
6.897309488354610441e-01 7.312938861082241004e-01 7.659500643351790927e-01 7.744435844509758304e-01
6.892321704809958316e-01 7.311622994682636101e-01 7.659789790223944239e-01 7.738125503447785825e-01
6.891237404039383119e-01 7.311397763732933042e-01 7.663259552689789533e-01 7.737192666127004070e-01
6.901357544564761248e-01 7.318645953951549155e-01 7.666006447975247662e-01 7.738386387994511395e-01
6.905116453902759854e-01 7.319877890185462199e-01 7.669331637005016855e-01 7.753098421497705006e-01
6.906273041391374212e-01 7.322802711615389315e-01 7.663259552689788423e-01 7.746047900921841922e-01
6.895719180557764449e-01 7.322280385298969296e-01 7.668030476080325286e-01 7.748842371596574852e-01
6.884297879107692530e-01 7.309049394360130902e-01 7.661958391765097964e-01 7.747295725093320540e-01
6.884442452543769742e-01 7.309302996326476620e-01 7.667452182336017552e-01 7.745410054413441880e-01
6.885743613468461310e-01 7.300914084825618211e-01 7.665283580794864937e-01 7.743091995474484790e-01
6.885743613468461310e-01 7.295168933054492211e-01 7.674825427575936443e-01 7.756536089324235217e-01
6.874033165146236080e-01 7.290485313546666291e-01 7.667741329208171974e-01 7.748261116543192495e-01
6.868828521447468693e-01 7.288432311179909862e-01 7.656753748066330578e-01 7.741425751413172351e-01
6.859864968410703812e-01 7.278451564780749061e-01 7.641139816970030640e-01 7.727564517893961149e-01
6.857696366869550086e-01 7.275478155691227355e-01 7.643452991947259356e-01 7.730557783310880726e-01
6.873165724529775034e-01 7.290621056383128629e-01 7.656898321502407789e-01 7.732684856797084061e-01
6.886177333776691833e-01 7.300146967817546795e-01 7.663259552689788423e-01 7.742306181226186190e-01
6.893550579016610724e-01 7.308426452813150398e-01 7.661380098020788010e-01 7.746816590710134953e-01
6.895285460249533926e-01 7.311296868431405027e-01 7.666295594847403194e-01 7.754276550205891905e-01
6.886611054084923467e-01 7.310007899368261564e-01 7.669476210441092956e-01 7.753351087525256480e-01
6.886177333776692944e-01 7.316449976086691898e-01 7.679885497838627728e-01 7.756273507408976142e-01
6.885165319724153576e-01 7.311046590566573355e-01 7.683644407176626334e-01 7.758644931363718467e-01
6.880972690077924447e-01 7.305413822765540743e-01 7.674825427575939774e-01 7.752838397432267881e-01
6.876635486995619218e-01 7.302054066891937589e-01 7.661813818329020753e-01 7.740454961903664444e-01
6.870563402680391896e-01 7.290132041816589359e-01 7.655741734013793431e-01 7.737619966386519721e-01
6.869840535500008061e-01 7.284371525936677028e-01 7.644465005999798723e-01 7.733023391092668231e-01
6.886755627520999568e-01 7.296805597348412498e-01 7.638682068556723603e-01 7.729266890989092698e-01
6.888779655626076082e-01 7.294924921735521650e-01 7.639838656045339071e-01 7.730963132154031747e-01
6.887767641573537825e-01 7.294615058621131132e-01 7.631742543625033015e-01 7.717380947508090117e-01
6.886611054084922356e-01 7.302803240095741000e-01 7.629718515519959832e-01 7.714065070519389167e-01
6.867816507394930436e-01 7.291342820409093539e-01 7.631597970188959135e-01 7.714504556623489329e-01
6.864346744929088473e-01 7.294356823235019771e-01 7.641428963842183952e-01 7.724787560995839408e-01
6.862611863696165271e-01 7.293292619250049125e-01 7.645332446616257549e-01 7.735125355882923603e-01
6.865358758981625620e-01 7.295188699257463272e-01 7.646344460668796916e-01 7.738213638881739076e-01
6.872587430785468410e-01 7.298455426861842898e-01 7.652994838728333082e-01 7.740166972645226018e-01
6.884442452543768631e-01 7.304488672252672510e-01 7.654440573089100752e-01 7.743317090247056056e-01
