7.878476197869161979e-01 8.343368722120594327e-01 7.950280424615264740e-01 8.276422137366650222e-01
7.871877971627626591e-01 8.345723599181591457e-01 7.957072716334490092e-01 8.285218954278901204e-01
7.886432882454540438e-01 8.356517702141416093e-01 7.963476877098333295e-01 8.289481805435003903e-01
7.893613305129149049e-01 8.360590436506920575e-01 7.977837722447554958e-01 8.292929907188916205e-01
7.909526674299907079e-01 8.371573208478871875e-01 7.985406276077549048e-01 8.292914006638287816e-01
7.921364668439131451e-01 8.374782351496576904e-01 8.005200954802150770e-01 8.316443182448425286e-01
7.927380698247588064e-01 8.373394304368595442e-01 8.011411050088299568e-01 8.329902892255778291e-01
7.923305323216052187e-01 8.368924705327103197e-01 8.028682877602901780e-01 8.348234536924836746e-01
7.923499388693744372e-01 8.365365644673329326e-01 8.037221758621357903e-01 8.364920854963380226e-01
7.930873876846047388e-01 8.370347187316298232e-01 8.047119097983659319e-01 8.374348204472625845e-01
7.927186632769896990e-01 8.364605972846002047e-01 8.060703681422112243e-01 8.390961676046021500e-01
7.921558733916823636e-01 8.359532965063393162e-01 8.040714937219818337e-01 8.373808784705689678e-01
7.915348638630673728e-01 8.349626312857367783e-01 8.004424692891382032e-01 8.346018261236415325e-01
7.916513031496827946e-01 8.340560588842982348e-01 7.965223466397562957e-01 8.317374132209756077e-01
7.915154573152982653e-01 8.328785056597447500e-01 7.939218692386811327e-01 8.300521099886614129e-01
7.917483358885287759e-01 8.320527050986966655e-01 7.919618079139901790e-01 8.293679342920650122e-01
7.904480971879912499e-01 8.292081901838932456e-01 7.896136156339149670e-01 8.281913914329264159e-01
7.898076811116070406e-01 8.280817553631376615e-01 7.875371150226085915e-01 8.269192821821809147e-01
7.892448912262997052e-01 8.263024551333850720e-01 7.860234042966095513e-01 8.258664565868931717e-01
7.893225174173765790e-01 8.263165183759646482e-01 7.844902870228415148e-01 8.249285958535311769e-01
7.893225174173765790e-01 8.262890503027513489e-01 7.839080905897648499e-01 8.246469186220175551e-01
7.888373537231461174e-01 8.256748406755152203e-01 7.858487453666865852e-01 8.260113419603472007e-01
7.881581245512235823e-01 8.249080354653107738e-01 7.866638203729938716e-01 8.253513988284530978e-01
7.859069650099942406e-01 8.226190829142536742e-01 7.872654233538396440e-01 8.248333498167906841e-01
7.844126608317646410e-01 8.208076485379572906e-01 7.872460168060704255e-01 8.242241071772243854e-01
7.841215626152263640e-01 8.208937422770763437e-01 7.898659007549146960e-01 8.257806879669097322e-01
7.838110578509188686e-01 8.212475808816463996e-01 7.905839430223756681e-01 8.259993183080300838e-01
7.832288614178424258e-01 8.210756210121556986e-01 7.903316579013759391e-01 8.255778186738667035e-01
7.830542024879194596e-01 8.205129919553499906e-01 7.871489840672242222e-01 8.229290576181879091e-01
7.814434590230743272e-01 8.185687568397910230e-01 7.844514739273029669e-01 8.201369873477897254e-01
7.814046459275358902e-01 8.183515462699724186e-01 7.833258941566885181e-01 8.189646777415116041e-01
7.808418560422286658e-01 8.189388446229112217e-01 7.811329542587669428e-01 8.170333676055302474e-01
7.804925381823826225e-01 8.192841447702082780e-01 7.800073744881523830e-01 8.165564124376225585e-01
7.815404917619204195e-01 8.206161269978444750e-01 7.794445846028450475e-01 8.170433928400849810e-01
7.825690387936889980e-01 8.220168854579412709e-01 7.799685613926139460e-01 8.180548559056244340e-01
7.827242911758427457e-01 8.221626548199675311e-01 7.786489161443072016e-01 8.174857401735818874e-01
7.822585340293815026e-01 8.208905792553582437e-01 7.770575792272311766e-01 8.167694817353802206e-01
7.815598983096896379e-01 8.190281202981000153e-01 7.758155601700013060e-01 8.155504333123630989e-01
7.809388887810747581e-01 8.183397716398257415e-01 7.755826815967707955e-01 8.141179113537335699e-01
7.791534863863067706e-01 8.171443377363597493e-01 7.759125929088475093e-01 8.130767130551015409e-01
7.799685613926139460e-01 8.173810936450787157e-01 7.762036911253856752e-01 8.128600464070691034e-01
7.789594209086144749e-01 8.165622138020336429e-01 7.763977566030779709e-01 8.139275595994666102e-01
7.792699256729219703e-01 8.171429210029981238e-01 7.789788274563835824e-01 8.163599545908477584e-01
7.787847619786916198e-01 8.157348909605187659e-01 7.796192435327680137e-01 8.169415133142698959e-01
7.783481146538840934e-01 8.152045932197309330e-01 7.793087387684604073e-01 8.172698740149977326e-01
7.787653554309224013e-01 8.153126518822708668e-01 7.798909352015370722e-01 8.180246102504021843e-01
7.800073744881521609e-01 8.175867254037340048e-01 7.821420947427661918e-01 8.199838425055245850e-01
7.802984727046906599e-01 8.182810493364831572e-01 7.853247685769177977e-01 8.219012126164706444e-01
7.815016786663819826e-01 8.195615261579681787e-01 7.876341477614547948e-01 8.234521887674290941e-01
7.815404917619206415e-01 8.195605073330923807e-01 7.859069650099943516e-01 8.216340992884423322e-01
7.812299869976129241e-01 8.191654261655050284e-01 7.854606144113023269e-01 8.210493640594612730e-01
7.812688000931513610e-01 8.189138137802841610e-01 7.857128995323021670e-01 8.216858374410016541e-01
7.816569310485357303e-01 8.193241597635982920e-01 7.830736090356887891e-01 8.205575441200814168e-01
7.814046459275358902e-01 8.196656925707235253e-01 7.799879679403831645e-01 8.178088149939898299e-01
7.797550893671525429e-01 8.184898593201249684e-01 7.795804304372294657e-01 8.174709172005594215e-01
7.803372858002290968e-01 8.188306544101253692e-01 7.806671971123055886e-01 8.184726932401102939e-01
7.817151506918433856e-01 8.198239569175083119e-01 7.799879679403829424e-01 8.180731701321288796e-01
7.832482679656116442e-01 8.210019664385911353e-01 7.800850006792291458e-01 8.177948364404172832e-01
7.843156280929184376e-01 8.227942299143758964e-01 7.831706417745345483e-01 8.201359461957183905e-01
7.828601370102272750e-01 8.216405529991610557e-01 7.839274971375340684e-01 8.208692357313547294e-01
7.826466649847658719e-01 8.212443800015196693e-01 7.821226881949969734e-01 8.189955889490598828e-01
7.816957441440741672e-01 8.209145253652219143e-01 7.836558054687652319e-01 8.196548869712905194e-01
7.809971084243824135e-01 8.191332760447846972e-01 7.820450620039200995e-01 8.175214366465335392e-01
7.831124221312271150e-01 8.197948970210839903e-01 7.818121834306894780e-01 8.186789077802385517e-01
7.852083292903025979e-01 8.211703362960058872e-01 7.826078518892274349e-01 8.195717630204486515e-01
7.848007917871488992e-01 8.203898736224334298e-01 7.826660715325350903e-01 8.191363556496735754e-01
7.840245298763802717e-01 8.187521310635752503e-01 7.829183566535349303e-01 8.192940023911672309e-01
7.840245298763803827e-01 8.187675283484683320e-01 7.821032816472277549e-01 8.189369177661323107e-01
7.832288614178424258e-01 8.193027212250190150e-01 7.821809078383046288e-01 8.193495541393246429e-01
7.841991888063033489e-01 8.214180254551805005e-01 7.843350346406877671e-01 8.209998503340500964e-01
7.833258941566884070e-01 8.205706689413538868e-01 7.840633429719185976e-01 8.193770469411246760e-01
7.819868423606123331e-01 8.196994125413075150e-01 7.817151506918433856e-01 8.166737339677033747e-01
7.817927768829203705e-01 8.186637799225504608e-01 7.795416173416911398e-01 8.157594689067682037e-01
7.834035203477651699e-01 8.200010498148617710e-01 7.805507578256903889e-01 8.177553328723470294e-01
7.835005530866113732e-01 8.194178794787088105e-01 7.827242911758426347e-01 8.195323657904516335e-01
7.833064876089192996e-01 8.197933303895954538e-01 7.824331929593044688e-01 8.190464409436228888e-01
7.839857167808418348e-01 8.210994264619566607e-01 7.822197209338429547e-01 8.188231100259359962e-01
7.844320673795337484e-01 8.203312817693810821e-01 7.827048846280735273e-01 8.193017064678520534e-01
7.838886840419957425e-01 8.194268612695811971e-01 7.819092161695355703e-01 8.183326745804625491e-01
7.841991888063031269e-01 8.202545436800257050e-01 7.814240524753052197e-01 8.182135477553662550e-01
7.826660715325350903e-01 8.187865165649734767e-01 7.813076131886897979e-01 8.181637340920929757e-01
7.826078518892274349e-01 8.186069330241859676e-01 7.829959828446118042e-01 8.191262685687598077e-01
7.837528382076113243e-01 8.202696510129217078e-01 7.824137864115352503e-01 8.195659778968715781e-01
7.834423334433037178e-01 8.201029905002762410e-01 7.842574084496107822e-01 8.205445579917546306e-01
7.842185953540723453e-01 8.198395134922600302e-01 7.856934929845329485e-01 8.211153118131837569e-01
7.841215626152263640e-01 8.187926584768174809e-01 7.834423334433038288e-01 8.200971433558669199e-01
7.844902870228414038e-01 8.186544850636973125e-01 7.824331929593044688e-01 8.196761275444051087e-01
7.849366376215335395e-01 8.191834026199522611e-01 7.834423334433038288e-01 8.210178955715642379e-01
7.843350346406876561e-01 8.182175224678653880e-01 7.840633429719188197e-01 8.210715974177567045e-01
7.829765762968424747e-01 8.182182163346188863e-01 7.854994275068408749e-01 8.218578826928100156e-01
7.828601370102272750e-01 8.179852343061259079e-01 7.855188340546099823e-01 8.220547204675601183e-01
7.840245298763802717e-01 8.188235273669717262e-01 7.860428108443788808e-01 8.229786805408699779e-01
7.849948572648410838e-01 8.195737960187156057e-01 7.857905257233789298e-01 8.231950818752085119e-01
7.863921287042248132e-01 8.217100128825451932e-01 7.843932542839953115e-01 8.218865597882170082e-01
7.860622173921480993e-01 8.214409648557813304e-01 7.848978245259949915e-01 8.217758006485400557e-01
7.864115352519940316e-01 8.209891817821564075e-01 7.857905257233790408e-01 8.222470448408236710e-01
7.859457781055326775e-01 8.210613761380965991e-01 7.855576471501484193e-01 8.221554120163317991e-01
7.852859554813793608e-01 8.206869628236366232e-01 7.852665489336101423e-01 8.213547585860738742e-01
7.854023947679946716e-01 8.199011559250121151e-01 7.855964602456868562e-01 8.216894293045134967e-01
7.859651846533021180e-01 8.198029563001641984e-01 7.855770536979177487e-01 8.215961997336350686e-01
7.863339090609171578e-01 8.200695165241371765e-01 7.847425721438412438e-01 8.212798521410644703e-01
7.865861941819169978e-01 8.212877470295999460e-01 7.855576471501484193e-01 8.222077775977082448e-01
7.865085679908401239e-01 8.230047372661365435e-01 7.850918900036871761e-01 8.215890628042796795e-01
7.857517126278406039e-01 8.230520439393272936e-01 7.870713578761474594e-01 8.236121138663839991e-01
7.864697548953016870e-01 8.223933851540656814e-01 7.870616546022627391e-01 8.231503667134201230e-01
7.844514739273029669e-01 8.195514539083663674e-01 7.831706417745347704e-01 8.202857155776908105e-01
7.846843525005336994e-01 8.196252856507595386e-01 7.835684760038036378e-01 8.205351081718768036e-01
7.847425721438413548e-01 8.190478491922024151e-01 7.853441751246871272e-01 8.219182370850129926e-01
7.841797822585340194e-01 8.190128831255361064e-01 7.861204370354557547e-01 8.221776657779520381e-01
7.850530769081487392e-01 8.191523981607918836e-01 7.845291001183799517e-01 8.207219741696802906e-01
7.853635816724562346e-01 8.202853181053363363e-01 7.854412078635331085e-01 8.208797099307943990e-01
7.860622173921480993e-01 8.215358387378107752e-01 7.878476197869161979e-01 8.229258087632220775e-01
7.869937316850704745e-01 8.226908773598893276e-01 7.881387180034543638e-01 8.232469793728823815e-01
7.868190727551475083e-01 8.221736383743966092e-01 7.871101709716858963e-01 8.227331691171172467e-01
7.860039977488404439e-01 8.208948999661273005e-01 7.855964602456868562e-01 8.221217849255462173e-01
7.856158667934560746e-01 8.197777107802070029e-01 7.841021560674572566e-01 8.206146100442313074e-01
7.848978245259951025e-01 8.182645931588903299e-01 7.843738477362260930e-01 8.210959940754095632e-01
7.853441751246870162e-01 8.183317758234207595e-01 7.857905257233790408e-01 8.217906996859097868e-01
7.854412078635331085e-01 8.201280982631786731e-01 7.841021560674571456e-01 8.203541227098402056e-01
7.850724834559179577e-01 8.210405221851166946e-01 7.834617399910730473e-01 8.198848995246768023e-01
7.850724834559180687e-01 8.211005073352708461e-01 7.844126608317647520e-01 8.199456154340221126e-01
7.846649459527644810e-01 8.206730582326852153e-01 7.867026334685323086e-01 8.210649032374497391e-01
7.852665489336102533e-01 8.201981650011855862e-01 7.869937316850705855e-01 8.206900083886649044e-01
7.850724834559180687e-01 8.196553289125747543e-01 7.867414465640707455e-01 8.215247873343068941e-01
7.858875584622251331e-01 8.195579176410187072e-01 7.860428108443788808e-01 8.222922318962262445e-01
7.862174697743017360e-01 8.204502511546500898e-01 7.868190727551473973e-01 8.236198641819181265e-01
7.854023947679946716e-01 8.199666223352122252e-01 7.862756894176095024e-01 8.237504763251346507e-01
7.848396048826874472e-01 8.194640903150522959e-01 7.860622173921480993e-01 8.238048916445332992e-01
7.841603757107649120e-01 8.193995734262937702e-01 7.864115352519940316e-01 8.237404419647840204e-01
7.839274971375342904e-01 8.196145343156673313e-01 7.850724834559179577e-01 8.213782593538465626e-01
7.837140251120726653e-01 8.191462793657007246e-01 7.842380019018417858e-01 8.206718981666412116e-01
7.835781792776882471e-01 8.195552180243284024e-01 7.847813852393796807e-01 8.209026164334869424e-01
7.842962215451492192e-01 8.201244262022596709e-01 7.859263715577634590e-01 8.220460010788170901e-01
7.857711191756097113e-01 8.206962385413657524e-01 7.867026334685323086e-01 8.228269038169864213e-01
7.856934929845329485e-01 8.204853336145373488e-01 7.881581245512234712e-01 8.239500143352835870e-01
7.867608531118399640e-01 8.202977769173568356e-01 7.878476197869160869e-01 8.239824564969265852e-01
7.861786566787634101e-01 8.210333174005799428e-01 7.868772923984552747e-01 8.229381675226234982e-01
7.836752120165344504e-01 8.194234360346197565e-01 7.857323060800713854e-01 8.218444442935408656e-01
7.828213239146888380e-01 8.196112886510862339e-01 7.848007917871490102e-01 8.212421056027294775e-01
7.842185953540724563e-01 8.208056546518068819e-01 7.862950959653787208e-01 8.230014630907962481e-01
7.857905257233790408e-01 8.208439086932792783e-01 7.872848299016087514e-01 8.234449608589000658e-01
7.864115352519940316e-01 8.209653685539415324e-01 7.874983019270702655e-01 8.233926858160270923e-01
7.867026334685321975e-01 8.216251226903165117e-01 7.879058394302238533e-01 8.231092614872120850e-01
7.880028721690698346e-01 8.227136276764122069e-01 7.879640590735313976e-01 8.231553741222796816e-01
7.883327834811464374e-01 8.227669593537315640e-01 7.882357507423005671e-01 8.230667528916266740e-01
7.884492227677617482e-01 8.223110557832769008e-01 7.892837043218381421e-01 8.236264189857011031e-01
7.879640590735313976e-01 8.209657341501330752e-01 7.909332608822216004e-01 8.249271606021253422e-01
7.880610918123773789e-01 8.206908220681654598e-01 7.901764055192221914e-01 8.245705110775799485e-01
7.866638203729938716e-01 8.203964230589704254e-01 7.879252459779928497e-01 8.239546934996020422e-01
7.858293388189174777e-01 8.204753807173387203e-01 7.870131382328398040e-01 8.228721723474380356e-01
7.865085679908401239e-01 8.209557899387142088e-01 7.861204370354557547e-01 8.220305912603211862e-01
7.877117739525315576e-01 8.223495039430891440e-01 7.848784179782258841e-01 8.211914900811764229e-01
7.890896388441459575e-01 8.235565265067144036e-01 7.861010304876864252e-01 8.223776259239289343e-01
7.892448912262997052e-01 8.229343781273568137e-01 7.869743251373013671e-01 8.224831914530230659e-01
7.886238816976848254e-01 8.217412992852110021e-01 7.865667876341476683e-01 8.214212158447018464e-01
7.884492227677618592e-01 8.214920500025570949e-01 7.865279745386093424e-01 8.219481379742606952e-01
7.884298162199927518e-01 8.221627700222760016e-01 7.865279745386093424e-01 8.222037961517600912e-01
7.873818626404549548e-01 8.221592283604791662e-01 7.863921287042248132e-01 8.220757495905288703e-01
7.879640590735312866e-01 8.238224238289736379e-01 7.874788953793010471e-01 8.231242326201504422e-01
7.872072037105319886e-01 8.232088216851793927e-01 7.862950959653787208e-01 8.222654094198470487e-01
7.878282132391469794e-01 8.221424217878716689e-01 7.869549185895321486e-01 8.229659318336864926e-01
7.880999049079159269e-01 8.213344799128855511e-01 7.861204370354557547e-01 8.223879973867000981e-01
7.880999049079159269e-01 8.223125938534169288e-01 7.864115352519940316e-01 8.218874746194639869e-01
7.878476197869160869e-01 8.223461330474716169e-01 7.888761668186846654e-01 8.234641151829771299e-01
7.887597275320693546e-01 8.230584877051468906e-01 7.887209144365308067e-01 8.243005109099303951e-01
7.881775310989928007e-01 8.216970692042373514e-01 7.868966989462244932e-01 8.228207035292924854e-01
7.886238816976847144e-01 8.225315925131497785e-01 7.895553959906073116e-01 8.243004980961560202e-01
7.881387180034542528e-01 8.229861032332752568e-01 7.907586019522987453e-01 8.253673441647554343e-01
7.885656620543771700e-01 8.230951968969207888e-01 7.893031108696073606e-01 8.240895525413153289e-01
7.884880358633001851e-01 8.223745999881723057e-01 7.862174697743018470e-01 8.220528747324504781e-01
7.893031108696073606e-01 8.230134454775899222e-01 7.846940557744181977e-01 8.208126214102792195e-01
7.899823400415300068e-01 8.225324619033963502e-01 7.861398435832249731e-01 8.221471972719446297e-01
7.889343864619922098e-01 8.231633254758090601e-01 7.866832269207630901e-01 8.223155700436766136e-01
7.894583632517611083e-01 8.238267885330334828e-01 7.875759281181471394e-01 8.228209473813364871e-01
7.906809757612218714e-01 8.239441624260792629e-01 7.858293388189174777e-01 8.215271404004225175e-01
7.905257233790681237e-01 8.237101582200460070e-01 7.856934929845329485e-01 8.219101153465908638e-01
7.892254846785304867e-01 8.230127634550247206e-01 7.858293388189174777e-01 8.225307918695428100e-01
7.885268489588386220e-01 8.228464701545304960e-01 7.851501096469948315e-01 8.224423727142669005e-01
7.890314192008384131e-01 8.220901707431349514e-01 7.850724834559179577e-01 8.225815788927387517e-01
7.885462555066078405e-01 8.220785314332775817e-01 7.858099322711482593e-01 8.224684690487743532e-01
7.884492227677619702e-01 8.214722542179223597e-01 7.861204370354557547e-01 8.221470429686352777e-01
7.899629334937607883e-01 8.232020680028027115e-01 7.875371150226085915e-01 8.227996910548172060e-01
7.896330221816840744e-01 8.240181894943111596e-01 7.886432882454539328e-01 8.236858150121435518e-01
7.893225174173765790e-01 8.235083599991473990e-01 7.888567602709154469e-01 8.239116445880647621e-01
7.879834656213005051e-01 8.222420351301376051e-01 7.881969376467619082e-01 8.235561524304060299e-01
7.903122513536067206e-01 8.232541129414618908e-01 7.883521900289156559e-01 8.238796585371221948e-01
7.913019852898368622e-01 8.237780749274196124e-01 7.870907644239166778e-01 8.233102429386953691e-01
7.921752799394514710e-01 8.242216267210490388e-01 7.880028721690697235e-01 8.228946754901629301e-01
7.908168215956062896e-01 8.238364507925669544e-01 7.896136156339148560e-01 8.239378934144274691e-01
7.913213918376060807e-01 8.239146089013602570e-01 7.894001436084534529e-01 8.248020875196152568e-01
7.893419239651457975e-01 8.227596885759409506e-01 7.886044751499154959e-01 8.244785713750237832e-01
7.885462555066079515e-01 8.220753793664459241e-01 7.871295775194551148e-01 8.227848262227575038e-01
7.881581245512235823e-01 8.219891580313257728e-01 7.872266102583010960e-01 8.227877592335626211e-01
7.885268489588386220e-01 8.220258895064860294e-01 7.866832269207629791e-01 8.223214343472650123e-01
7.883910031244543148e-01 8.227969885445789444e-01 7.875953346659162468e-01 8.226524335707062763e-01
7.869743251373013671e-01 8.231290374476409877e-01 7.889343864619922098e-01 8.238875456653522722e-01
7.883327834811464374e-01 8.245065125775382642e-01 7.903316579013759391e-01 8.247120676017146712e-01
7.893419239651457975e-01 8.242647234989693983e-01 7.899241203982223514e-01 8.251868308068578406e-01
7.898464942071454775e-01 8.228964920884838108e-01 7.918647751751439756e-01 8.269119488080441949e-01
7.900987793281453175e-01 8.228941797222369958e-01 7.911855460032214404e-01 8.263419779153635680e-01
