7.425915503891012959e-01 7.749648248787590621e-01 7.735838071765415158e-01 8.118369115055978913e-01
7.447068640959458863e-01 7.774558952190845362e-01 7.736808399153873861e-01 8.118714573742034091e-01
7.451144015990995850e-01 7.788009608548113194e-01 7.718178113295426357e-01 8.096432300686862149e-01
7.438141628985619480e-01 7.792694755221036829e-01 7.704593529856973433e-01 8.089027134874180458e-01
7.415435968095636099e-01 7.781928156681935382e-01 7.671796464126996451e-01 8.069859142100982430e-01
7.408837741854101822e-01 7.782570525190981581e-01 7.645791690116245931e-01 8.053749132135520350e-01
7.401075122746415547e-01 7.769226106355183736e-01 7.641328184129325685e-01 8.046220351869772802e-01
7.385161753575656407e-01 7.751943443505102671e-01 7.640551922218556946e-01 8.046894665747048592e-01
7.382444836887964712e-01 7.749678163459776670e-01 7.630654582856255530e-01 8.037397153916773229e-01
7.378175396378738871e-01 7.754865542061384343e-01 7.625997011391644209e-01 8.027994167010400473e-01
7.382250771410273638e-01 7.751130170045494872e-01 7.619204719672417747e-01 8.017221430875023369e-01
7.370218711793358191e-01 7.737079815386178616e-01 7.608725183877040887e-01 8.007054368060075866e-01
7.352752818801063794e-01 7.717423727393020183e-01 7.604843874323197195e-01 8.007834532902635694e-01
7.336063187719537027e-01 7.692715713374080888e-01 7.606008267189348082e-01 8.011596930317854692e-01
7.331599681732616780e-01 7.675885117469907204e-01 7.599992237380892579e-01 8.004188940964869214e-01
7.322284538803393028e-01 7.678782803844002025e-01 7.598439713559353992e-01 8.001376421585746357e-01
7.301907663645714752e-01 7.669978393355526558e-01 7.581556017000137260e-01 7.983627410319248385e-01
7.290651865939568044e-01 7.653784736115210041e-01 7.582526344388597073e-01 7.983405724392389491e-01
7.278619806322652597e-01 7.646236142728254359e-01 7.583496671777057996e-01 7.978341233217112194e-01
7.267752139571891368e-01 7.647459440020334398e-01 7.573793397892447654e-01 7.969156939239065984e-01
7.258048865687283246e-01 7.636001336068043432e-01 7.573211201459372210e-01 7.961191557689240028e-01
7.252032835878825523e-01 7.629102584092202211e-01 7.569135826427836333e-01 7.949073933571292327e-01
7.254361621611131739e-01 7.626046628521332416e-01 7.570494284771682736e-01 7.951850897676782104e-01
7.263482699062663306e-01 7.633573815172922661e-01 7.569135826427837443e-01 7.957860561634924057e-01
7.272991907469579242e-01 7.640102410097733276e-01 7.564866385918609382e-01 7.962227897690953293e-01
7.299578877913408537e-01 7.650937905834296338e-01 7.580003493178598672e-01 7.967290825413475552e-01
7.307923693454170255e-01 7.659626630373976841e-01 7.579033165790136639e-01 7.968297698977178101e-01
7.326359913834927795e-01 7.666399396002822053e-01 7.587183915853208394e-01 7.969027373044493823e-01
7.336645384152613580e-01 7.667259599259341751e-01 7.590677094451667717e-01 7.966717104088387735e-01
7.336063187719535916e-01 7.656729737329327490e-01 7.593588076617050486e-01 7.972108842571732357e-01
7.327912437656465272e-01 7.638181529075902532e-01 7.579421296745522119e-01 7.953772456931661461e-01
7.321508276892623179e-01 7.634196576757626973e-01 7.583690737254749070e-01 7.960371539613778635e-01
7.315492247084166566e-01 7.638894214312192954e-01 7.577286576490906977e-01 7.956162315882522318e-01
7.306371169632632778e-01 7.634404402679089152e-01 7.579809427700905378e-01 7.951460871893090143e-01
7.297832288614178875e-01 7.621149568507143979e-01 7.585437326553978732e-01 7.946513515565911678e-01
7.301907663645713642e-01 7.619765152340642889e-01 7.579130198528982731e-01 7.942303769290157689e-01
7.293950979060335182e-01 7.601493191567898489e-01 7.559044421587843843e-01 7.926524274337334308e-01
7.287740883774185274e-01 7.603932739318546297e-01 7.544683576238622180e-01 7.916898092723557712e-01
7.291234062372644598e-01 7.612029350139646322e-01 7.553610588212462673e-01 7.930731475267573938e-01
7.291039996894952413e-01 7.613395412290466790e-01 7.547788623881697134e-01 7.939239444107375476e-01
7.294921306448794995e-01 7.612570556141244893e-01 7.538473480952472272e-01 7.934780496701918651e-01
7.305594907721865150e-01 7.612282470840969761e-01 7.542548855984009260e-01 7.935131669632591311e-01
7.307341497021093701e-01 7.604632812419508392e-01 7.534980302354014059e-01 7.921257584025805931e-01
7.311416872052629579e-01 7.605939213062071769e-01 7.541578528595548336e-01 7.927795978387321973e-01
7.308699955364941214e-01 7.587249750278516336e-01 7.553610588212462673e-01 7.933986815848899088e-01
7.318209163771856041e-01 7.595260611703822384e-01 7.558462225154767289e-01 7.936871171262384062e-01
7.300161074346483980e-01 7.594147975810436879e-01 7.560596945409381320e-01 7.941715140330176670e-01
7.268916532438044475e-01 7.583636024911406537e-01 7.572240874070912398e-01 7.949038683808397066e-01
7.226222127345767188e-01 7.567004203362689418e-01 7.570300219293990551e-01 7.945801259009543926e-01
7.203516466455782696e-01 7.555974041312338851e-01 7.566030778784762489e-01 7.947363482292734149e-01
7.194395389004250019e-01 7.564256688127506401e-01 7.561761338275534428e-01 7.946486732717794599e-01
7.213607871295775187e-01 7.566569479633693529e-01 7.562343534708610981e-01 7.943495010052135097e-01
7.236119466708068604e-01 7.569245088952141209e-01 7.568553629994760890e-01 7.941051279836023324e-01
7.256690407343437954e-01 7.577645486638574512e-01 7.562925731141686425e-01 7.940060112521577507e-01
7.271245318170350691e-01 7.580852164427877016e-01 7.556521570377845443e-01 7.927061147596319302e-01
7.279202002755729151e-01 7.588953570552394723e-01 7.564866385918610492e-01 7.937653479167026127e-01
7.301325467212638198e-01 7.590171026653058650e-01 7.586795784897824024e-01 7.960045809251927729e-01
7.314327854218012348e-01 7.592348532380722714e-01 7.602709154068582054e-01 7.969408764740779638e-01
7.316656639950318564e-01 7.596421017092660488e-01 7.616681868462420457e-01 7.981324377858090013e-01
7.296667895748025767e-01 7.581413043515378147e-01 7.620369112538570855e-01 7.982269569628258621e-01
7.286770556385724351e-01 7.571624754016667014e-01 7.601156630247045687e-01 7.964210177104856792e-01
7.262512371674203493e-01 7.550740116730880747e-01 7.594946534960895779e-01 7.952442011336304795e-01
7.250868443012671305e-01 7.553261424622681464e-01 7.586407653942440765e-01 7.948588705748274030e-01
7.257272603776513398e-01 7.571998355576203821e-01 7.578839100312444454e-01 7.951825188986811899e-01
7.244270216771139248e-01 7.561916458556301457e-01 7.553416522734770489e-01 7.934329814818961157e-01
7.231655960721147247e-01 7.546074111974309107e-01 7.554386850123231412e-01 7.929345933911302602e-01
7.226998389256535926e-01 7.536969703474187821e-01 7.563896058530147348e-01 7.924631588758144218e-01
7.248151526324980720e-01 7.562947283538644649e-01 7.600380368336275838e-01 7.955199170154363397e-01
7.257660734731897767e-01 7.582803574481697950e-01 7.613382755341653318e-01 7.966698767791768887e-01
7.269886859826506509e-01 7.585238122719277776e-01 7.614935279163190796e-01 7.968178674365343772e-01
7.282695181354188474e-01 7.589617851064986986e-01 7.611830231520114731e-01 7.966081035804055688e-01
7.280560461099574443e-01 7.591161905930339238e-01 7.578839100312446675e-01 7.942582313506152403e-01
7.248151526324981830e-01 7.562394966538982244e-01 7.581556017000136150e-01 7.944864200680519239e-01
7.243688020338061584e-01 7.553817534422115898e-01 7.595140600438587963e-01 7.959701213897345529e-01
7.263482699062663306e-01 7.576379471305833002e-01 7.597857517126278548e-01 7.972034430638130775e-01
7.300161074346483980e-01 7.602439903878404071e-01 7.593199945661666117e-01 7.974584214383395597e-01
7.296667895748024657e-01 7.597961804947455100e-01 7.590094898018591163e-01 7.971641444582771019e-01
7.291816258805721152e-01 7.596872554730993432e-01 7.590483028973975532e-01 7.974290943599554593e-01
7.266781812183430445e-01 7.579177784055540767e-01 7.590968192668205994e-01 7.968626311788755689e-01
7.257272603776514508e-01 7.568641318351576608e-01 7.603485415979351902e-01 7.981001562823752948e-01
7.269110597915735550e-01 7.579624534775213363e-01 7.624638553047798917e-01 7.988718979210291948e-01
7.259019193075744170e-01 7.565904621092118809e-01 7.607948921966271039e-01 7.974747693246484470e-01
7.277843544411883858e-01 7.581606879120363907e-01 7.603485415979351902e-01 7.970050611085415238e-01
7.298608550524947614e-01 7.601849369028118586e-01 7.599410040947816025e-01 7.975131262763019979e-01
7.320926080459546625e-01 7.616359269142307653e-01 7.614547148207805316e-01 7.983062045597363321e-01
7.306759300588018258e-01 7.599677289179390671e-01 7.616487802984727162e-01 7.974631458506789006e-01
7.308311824409555735e-01 7.601928063927329005e-01 7.622503832793184886e-01 7.977967341607068441e-01
7.277261347978808415e-01 7.576306892190749487e-01 7.630072386423178976e-01 7.976868020717029495e-01
7.275708824157270938e-01 7.574410636718746925e-01 7.631236779289332084e-01 7.975273515597913754e-01
7.282112984921111920e-01 7.579170442715651435e-01 7.616487802984727162e-01 7.956810566184604472e-01
7.291234062372644598e-01 7.584682833302753835e-01 7.619786916105493191e-01 7.962622704753772318e-01
7.280754526577267738e-01 7.579174831262418532e-01 7.599992237380892579e-01 7.960346701664371416e-01
7.272409711036503799e-01 7.566138302943398175e-01 7.604067612412428456e-01 7.963994879235121171e-01
7.266005550272661706e-01 7.566434929777985374e-01 7.599604106425508210e-01 7.975572302774135425e-01
7.257272603776513398e-01 7.566738707800082508e-01 7.601544761202430056e-01 7.971746535347478124e-01
7.245822740592675615e-01 7.560398880325545079e-01 7.602903219546275349e-01 7.972160717165249766e-01
7.260571716897281647e-01 7.557696494141732391e-01 7.597663451648586364e-01 7.970955844669012080e-01
7.267558074094199183e-01 7.561674448783262115e-01 7.606008267189349192e-01 7.980078429349931612e-01
7.258436996642666506e-01 7.553376013826950119e-01 7.601932892157813315e-01 7.973075492892720550e-01
7.262900502629587862e-01 7.564153174584468120e-01 7.622115701837800517e-01 7.985977576800187272e-01
7.283859574220341582e-01 7.585126643674413582e-01 7.643074773428555346e-01 8.001615639074269870e-01
7.296667895748025767e-01 7.594615817474399400e-01 7.653554309223931096e-01 8.004713984727723775e-01
7.310058413708785396e-01 7.605963058566402868e-01 7.648314541326242111e-01 7.998118241112626148e-01
7.303654252944942193e-01 7.605571803567696687e-01 7.625802945913950914e-01 7.975605800959568725e-01
7.298220419569563244e-01 7.603202996511929657e-01 7.620563178016263040e-01 7.970697885795728910e-01
7.293950979060335182e-01 7.595678295788538259e-01 7.611248035087038177e-01 7.962267588576628086e-01
7.284247705175725951e-01 7.579928139036387069e-01 7.615905606551649498e-01 7.971953190190548266e-01
7.278619806322652597e-01 7.583387684803938322e-01 7.606396398144733562e-01 7.977308834440767216e-01
7.302295794601099121e-01 7.599289060568220622e-01 7.610859904131652698e-01 7.976785257074212598e-01
7.301907663645713642e-01 7.598527141431796750e-01 7.615711541073957314e-01 7.979149129552202124e-01
7.286382425430341092e-01 7.590286770543933637e-01 7.601156630247045687e-01 7.955568499409741978e-01
7.286964621863416536e-01 7.583959230076209312e-01 7.610083642220886180e-01 7.959545519553911097e-01
7.297832288614178875e-01 7.593184932756386063e-01 7.638417201963942915e-01 7.985081945137594284e-01
7.325583651924159057e-01 7.618952669258776123e-01 7.646179821071628080e-01 7.993863199380659701e-01
7.326748044790312164e-01 7.610392529193978906e-01 7.632013041200100822e-01 7.987182505986918368e-01
7.321508276892623179e-01 7.611203878823527003e-01 7.636476547187021069e-01 7.992302374067388193e-01
7.310058413708785396e-01 7.599475640893377237e-01 7.622697898270877070e-01 7.982031580615176480e-01
7.299190746958024167e-01 7.591763460084266502e-01 7.615323410118574055e-01 7.974593408672447925e-01
7.293368782627258629e-01 7.593996950346681984e-01 7.623668225659336883e-01 7.983299159235317521e-01
7.283859574220341582e-01 7.582680752922728029e-01 7.633953695977022669e-01 7.999985834925720241e-01
7.266587746705739370e-01 7.572324572854440827e-01 7.628713928079333684e-01 7.992821709511395145e-01
7.262124240718819124e-01 7.564240362753428260e-01 7.621921636360108332e-01 7.980219146000104846e-01
7.285218032564186874e-01 7.575103191606120667e-01 7.617264064895494791e-01 7.969554545010555380e-01
7.308505889887247919e-01 7.594823055731375616e-01 7.608531118399348703e-01 7.967136907852355732e-01
7.333346271031846442e-01 7.626627815709644542e-01 7.600574433813968023e-01 7.963394883786378831e-01
7.331017485299540226e-01 7.624688989001792150e-01 7.611248035087038177e-01 7.971195066967948772e-01
7.302295794601096901e-01 7.601384344889248190e-01 7.604843874323196085e-01 7.967170836944366119e-01
7.303654252944944414e-01 7.606960408116006933e-01 7.607560791010885559e-01 7.958864041640746345e-01
7.299578877913407426e-01 7.601743273835850356e-01 7.623086029226261440e-01 7.970645138859419054e-01
7.298996681480330873e-01 7.603051995181391298e-01 7.628713928079333684e-01 7.973967849811409714e-01
7.307729627976479181e-01 7.608378889203810669e-01 7.621727570882416147e-01 7.970981562581656021e-01
7.304042383900327673e-01 7.601108607083656432e-01 7.610859904131653808e-01 7.968509461098640667e-01
7.318597294727241520e-01 7.615688813710499439e-01 7.618234392283955714e-01 7.979374056140997595e-01
7.310058413708786507e-01 7.609173585639870119e-01 7.621339439927031778e-01 7.984022305551623511e-01
7.311805003008015058e-01 7.608670794188108211e-01 7.632789303110869561e-01 7.995831626630475197e-01
7.323837062624930505e-01 7.611197709467039108e-01 7.638223136486250731e-01 7.990404117816869434e-01
7.314521919695704533e-01 7.598221459397602739e-01 7.636476547187021069e-01 7.982700450538458004e-01
7.306953366065711553e-01 7.596838422469441854e-01 7.633177434066255040e-01 7.974806340094409141e-01
7.291816258805721152e-01 7.586281483428365391e-01 7.630848648333947715e-01 7.969384900355901413e-01
7.301325467212638198e-01 7.600059561244580930e-01 7.646762017504704634e-01 7.972162631500671059e-01
7.311805003008015058e-01 7.606719582544965164e-01 7.652583981835471283e-01 7.979982775387852723e-01
7.318597294727241520e-01 7.606012601555314223e-01 7.653748374701624391e-01 7.989734563144922364e-01
7.316656639950319674e-01 7.595822304655335255e-01 7.643268838906247531e-01 7.991702315189075367e-01
7.310446544664169766e-01 7.586151266592245923e-01 7.635894350753945625e-01 7.985273872435145748e-01
7.313939723262629089e-01 7.602340420433691959e-01 7.632401172155485192e-01 7.988106795710374630e-01
7.327912437656465272e-01 7.616396926063165873e-01 7.646179821071628080e-01 7.999112471265523716e-01
7.332181878165692224e-01 7.619105536802618373e-01 7.657629684255466973e-01 7.999277803369209128e-01
7.336645384152613580e-01 7.615517853565578754e-01 7.650061130625472883e-01 7.989201677318561456e-01
7.324031128102621580e-01 7.608271506703336851e-01 7.628713928079333684e-01 7.972770401395539164e-01
7.316268508994935305e-01 7.599088691127939832e-01 7.627161404257796207e-01 7.973213613590958149e-01
7.319179491160318074e-01 7.611322834243050561e-01 7.646956082982397929e-01 7.988126783800671982e-01
7.304236449378019858e-01 7.603416000110370110e-01 7.657241553300082604e-01 7.996568869273017466e-01
7.324807390013390318e-01 7.617063665816969920e-01 7.651807719924703655e-01 7.989518306638920819e-01
7.315880378039549825e-01 7.619159923764204922e-01 7.627937666168564945e-01 7.978197809029967669e-01
7.296667895748025767e-01 7.612070546313592923e-01 7.631818975722408638e-01 7.983351359621591037e-01
7.289293407595722751e-01 7.605216205220327597e-01 7.632013041200100822e-01 7.982610113707649946e-01
7.308699955364940104e-01 7.618989382843333047e-01 7.633565565021638299e-01 7.993121134854496157e-01
7.318597294727240410e-01 7.619334537925019912e-01 7.635894350753944515e-01 7.990073358975484652e-01
7.316462574472626379e-01 7.611722071429511960e-01 7.632789303110869561e-01 7.989256339748449509e-01
7.313745657784935794e-01 7.601183066380439168e-01 7.635700285276252330e-01 7.991184071639114705e-01
7.301325467212635978e-01 7.594564090175545124e-01 7.648702672281627590e-01 7.998519325143995662e-01
7.311416872052630689e-01 7.617414409198021152e-01 7.649478934192396329e-01 8.009830520683703936e-01
7.313939723262629089e-01 7.616819048858883834e-01 7.633759630499330484e-01 7.991261690749732471e-01
7.316462574472626379e-01 7.619745437263043542e-01 7.630654582856255530e-01 7.981493687432497097e-01
7.308311824409554625e-01 7.611513957271096587e-01 7.636670612664713254e-01 7.982882757423364062e-01
7.306565235110324963e-01 7.608936033925020048e-01 7.642104446040093313e-01 7.983975206335922614e-01
7.292592520716488780e-01 7.596407673834674190e-01 7.642686642473168757e-01 7.990257324470491085e-01
7.304430514855713152e-01 7.607711203839140346e-01 7.649284868714703034e-01 8.006091548566856009e-01
7.300549205301869460e-01 7.599103329725576117e-01 7.636864678142405438e-01 7.993147468802306310e-01
7.314327854218012348e-01 7.614899413296678521e-01 7.649284868714705254e-01 7.996561549102132460e-01
7.311028741097246320e-01 7.606195904494570392e-01 7.642880707950863162e-01 7.992291976162136935e-01
7.324807390013389208e-01 7.629443580404136060e-01 7.649672999670087403e-01 7.999680464593372786e-01
7.325195520968774687e-01 7.626587307569143714e-01 7.656853422344698235e-01 8.007327667101777902e-01
7.324225193580313764e-01 7.620295439271206339e-01 7.665974499796229802e-01 8.005556869444501178e-01
7.329076830522618380e-01 7.616670651766066502e-01 7.676648101069301067e-01 8.005907652946404607e-01
7.333928467464922996e-01 7.616645691662550233e-01 7.673348987948533928e-01 7.999961866027764934e-01
7.346930854470298256e-01 7.617948560256380119e-01 7.673154922470841743e-01 7.999583793881099858e-01
7.355469735488754379e-01 7.635954369200406155e-01 7.678200624890838544e-01 8.005482884628868367e-01
7.342467348483376899e-01 7.624849419337376144e-01 7.665586368840846543e-01 8.004718865321618360e-01
7.330047157911079303e-01 7.615283042096847588e-01 7.669273612916998051e-01 8.007775055640774520e-01
7.327136175745696534e-01 7.613431083845256797e-01 7.663451648586232512e-01 8.005987445379283418e-01
7.325971782879543426e-01 7.613347000100931794e-01 7.657047487822392640e-01 7.998535294357365100e-01
7.327330241223388718e-01 7.608110804065786326e-01 7.642104446040093313e-01 7.988172777512489997e-01
7.331987812688001149e-01 7.615976725757261923e-01 7.639387529352402728e-01 7.988412183490558593e-01
7.331599681732616780e-01 7.619299110692726584e-01 7.644239166294708454e-01 7.992198314826721717e-01
7.318015098294163856e-01 7.615014008017404468e-01 7.653748374701624391e-01 7.995053729024670375e-01
7.307341497021094812e-01 7.609281201026691921e-01 7.648896737759320885e-01 7.991873263968012342e-01
7.293756913582642998e-01 7.594877501774516260e-01 7.642880707950862051e-01 7.991338491240560504e-01
7.299578877913407426e-01 7.604507848813393256e-01 7.633759630499330484e-01 7.990784201020051380e-01
7.305788973199556224e-01 7.610735296498589708e-01 7.637835005530867472e-01 7.990530393426440448e-01
7.313939723262627979e-01 7.619859484251869652e-01 7.631430844767024269e-01 7.982212739809217972e-01
7.297832288614176655e-01 7.603237147917436545e-01 7.645597624638551526e-01 7.991818266741148591e-01
7.306177104154941704e-01 7.604672496336488674e-01 7.646956082982397929e-01 7.993974966466901311e-01
7.325971782879543426e-01 7.616322163108686372e-01 7.657241553300082604e-01 8.004095157032293795e-01
7.339944497273379609e-01 7.625880921738037443e-01 7.664421975974693435e-01 8.011028649736922080e-01
7.349259640202604471e-01 7.624680288435974340e-01 7.665586368840846543e-01 8.010633911640885341e-01
7.339556366317995240e-01 7.615860428593743681e-01 7.679365017756991652e-01 8.024488980287057815e-01
7.337227580585690134e-01 7.613867255583640636e-01 7.676259970113916697e-01 8.019943398993589767e-01
7.329270896000310564e-01 7.613969984857527074e-01 7.675871839158532328e-01 8.018677644880418676e-01
7.309088086320324473e-01 7.604667591316823794e-01 7.658794077121621191e-01 8.007791416551797159e-01
