7.522155879078777918e-01 7.710104262002843711e-01 7.264959736298053361e-01 7.625430394879577634e-01
7.514927207274936238e-01 7.711515824162330501e-01 7.261345400396130856e-01 7.624875933445425247e-01
7.514059766658474082e-01 7.717035526679394408e-01 7.274646156515202078e-01 7.635855054966262934e-01
7.514638060402782926e-01 7.717646502593598079e-01 7.271031820613279573e-01 7.639446853362912293e-01
7.517818675996472688e-01 7.721126046467833293e-01 7.288814353250733236e-01 7.661738245958924498e-01
7.510734577628705999e-01 7.710570784614675377e-01 7.291994968844424108e-01 7.667543121820662444e-01
7.502927612080555475e-01 7.700473356439884176e-01 7.291127528227963062e-01 7.666982764033254405e-01
7.494686926224175538e-01 7.692811201964835366e-01 7.282453122063352602e-01 7.661312789405315682e-01
7.486157093495640069e-01 7.682631824865107095e-01 7.275513597131664234e-01 7.658951551610229114e-01
7.485434226315256234e-01 7.681474785455617571e-01 7.269875233124665215e-01 7.656873079579864516e-01
7.480952449796873793e-01 7.679475564812997535e-01 7.269152365944281380e-01 7.656954078416908782e-01
7.479362142000027802e-01 7.672709080705115703e-01 7.258164784802441094e-01 7.655498405317640032e-01
7.470687735835417342e-01 7.663365979829723784e-01 7.248189217713136845e-01 7.646616932344192374e-01
7.460278448437882570e-01 7.656054658207118724e-01 7.232719860052914118e-01 7.638020169028119088e-01
7.453338923506196423e-01 7.653500770444160439e-01 7.222599719527533768e-01 7.634244055844399135e-01
7.434544376816205613e-01 7.630579081468804592e-01 7.215226474287613767e-01 7.623239368653522696e-01
7.425869970651590712e-01 7.614686083427075758e-01 7.212913299310385051e-01 7.623318231154496694e-01
7.423123075366131474e-01 7.602626406971827455e-01 7.201781144732466444e-01 7.612126553432077003e-01
7.418641298847749033e-01 7.588071875382614850e-01 7.204528040017927903e-01 7.618747156112158914e-01
7.422978501930055373e-01 7.582954827475536508e-01 7.192094724515318838e-01 7.608112582553523406e-01
7.417773858231290207e-01 7.574587867875575142e-01 7.190215269846318424e-01 7.603767965622094671e-01
7.413002934840751124e-01 7.568364423516087403e-01 7.173300177825325807e-01 7.594118368394409124e-01
7.402449074007141361e-01 7.554446315026251968e-01 7.165348638841099183e-01 7.594200732110276686e-01
7.382931660136765606e-01 7.531181484650661950e-01 7.149879281180877566e-01 7.581228996729761915e-01
7.369920050889851026e-01 7.511452742299113972e-01 7.139036273475112271e-01 7.568476069516797411e-01
7.363558819702469282e-01 7.505258464060018397e-01 7.141349448452340987e-01 7.568687412631205369e-01
7.356330147898626493e-01 7.497699225035177051e-01 7.136289378189651922e-01 7.562392321075338542e-01
7.349968916711243638e-01 7.499011825996120262e-01 7.139180846911188372e-01 7.564504092558140824e-01
7.338258468389018407e-01 7.497223347463468635e-01 7.144385490609956868e-01 7.569379093449272178e-01
7.337246454336480150e-01 7.507792329663008912e-01 7.155083924879643842e-01 7.582341696567783673e-01
7.352137518252397363e-01 7.533436111962269477e-01 7.168962974743020578e-01 7.597648691417104860e-01
7.359799910364469566e-01 7.540392031982632304e-01 7.173444751261404129e-01 7.603884139562312461e-01
7.358787896311931309e-01 7.538219024474084318e-01 7.175035059058249010e-01 7.601723839225580370e-01
7.347655741734013812e-01 7.529906018497678488e-01 7.167806387254405109e-01 7.595873177013108268e-01
7.332620104382020498e-01 7.526622110297538359e-01 7.164481198224637026e-01 7.587701751178965726e-01
7.347222021425783289e-01 7.529294878307860595e-01 7.162457170119562733e-01 7.588227639433766658e-01
7.363992540010698695e-01 7.541241962863596271e-01 7.157686246729026980e-01 7.590129500266983298e-01
7.351270077635936318e-01 7.541293962178303723e-01 7.150891295233414713e-01 7.592734208642158977e-01
7.340282496494094922e-01 7.534563889835483863e-01 7.155373071751796044e-01 7.599357596210770671e-01
7.331897237201636663e-01 7.533323472389983344e-01 7.154071910827104475e-01 7.597891402557792606e-01
7.335511573103558058e-01 7.537794557976188470e-01 7.162023449811332210e-01 7.615881056638126312e-01
7.335511573103556948e-01 7.546882811320647644e-01 7.174023045005709642e-01 7.632896875737864573e-01
7.330740649713021195e-01 7.540072047889088136e-01 7.176480793419016679e-01 7.645322400202717583e-01
7.333198398126328232e-01 7.542487019558672401e-01 7.174167618441787964e-01 7.645361556748082599e-01
7.336812734028249627e-01 7.551737819573811628e-01 7.180962569937400231e-01 7.648818681119187168e-01
7.346643727681475555e-01 7.559389124784328118e-01 7.186745507380473130e-01 7.653942504449483542e-01
7.345920860501091720e-01 7.554622327180670061e-01 7.188480388613396332e-01 7.655076951122530282e-01
7.330017782532637360e-01 7.540696565292198672e-01 7.185299773019704350e-01 7.655675802847593525e-01
7.310500368662261605e-01 7.531697003335785512e-01 7.171854443464557027e-01 7.650617958613258329e-01
7.293296129769115677e-01 7.517451294151140662e-01 7.170987002848097092e-01 7.648510346326899967e-01
7.282453122063352602e-01 7.503653234374223491e-01 7.164914918532869770e-01 7.634947215300983414e-01
7.261779120704362489e-01 7.479578036843147482e-01 7.151325015541644126e-01 7.613203129169332506e-01
7.255417889516979635e-01 7.475678620346752901e-01 7.142361462504878133e-01 7.603605289522814559e-01
7.253972155156211965e-01 7.476386654533073717e-01 7.126169237664270462e-01 7.591447444146043333e-01
7.260911680087900333e-01 7.474124125986645328e-01 7.118651418988274360e-01 7.590497366628846665e-01
7.260188812907515388e-01 7.471635845468198589e-01 7.121253740837658608e-01 7.597663967173751143e-01
7.266116323786667719e-01 7.481678869871276616e-01 7.119663433040813727e-01 7.606778557573965482e-01
7.266116323786667719e-01 7.485971848712965615e-01 7.133108762595961050e-01 7.629536651552013549e-01
7.269152365944282490e-01 7.486973497920498266e-01 7.140626581271957152e-01 7.643463178532607927e-01
7.250791539562522203e-01 7.466929107544717503e-01 7.151614162413798548e-01 7.646404141430798163e-01
7.230840405383914815e-01 7.450392538439997159e-01 7.154071910827104475e-01 7.645806366875325111e-01
7.205829200942619472e-01 7.426143013726600461e-01 7.143951770301724125e-01 7.631954352142855669e-01
7.193829605748239819e-01 7.416730077868338711e-01 7.142361462504879244e-01 7.634227308724230721e-01
7.165059491968945871e-01 7.394269330346788793e-01 7.121398314273736929e-01 7.616881523214383831e-01
7.159131981089795760e-01 7.388538666387922671e-01 7.112001040928739304e-01 7.609743660541410382e-01
7.190359843282395635e-01 7.426690150289743109e-01 7.109977012823663900e-01 7.606976335040455117e-01
7.212768725874307840e-01 7.449549906895253093e-01 7.119808006476889828e-01 7.613633213469962469e-01
7.223467160143994814e-01 7.451447121241050464e-01 7.122988622070580700e-01 7.611088414525570833e-01
7.244574881811216560e-01 7.463750727586290212e-01 7.137590539114343491e-01 7.618297225283011676e-01
7.243273720886524991e-01 7.466737524326738651e-01 7.133687056340267674e-01 7.617208369703905024e-01
7.230117538203530980e-01 7.445616559249936817e-01 7.143373476557417501e-01 7.626068272539188175e-01
7.206118347814771674e-01 7.429299831086146888e-01 7.142506035940955345e-01 7.628330504938307666e-01
7.206262921250848885e-01 7.432014581982091528e-01 7.144385490609955758e-01 7.631642978328055937e-01
7.216672208648382547e-01 7.438210396882991571e-01 7.144240917173878547e-01 7.632506734400366089e-01
7.219274530497766795e-01 7.441998178567962308e-01 7.148144399947953254e-01 7.635060677141654040e-01
7.227226069481993420e-01 7.444036990058963132e-01 7.149879281180875346e-01 7.632322660503708667e-01
7.249056658329600111e-01 7.463893527476502809e-01 7.132675042287730527e-01 7.624146219013825387e-01
7.240960545909294055e-01 7.458362906636802903e-01 7.132675042287729417e-01 7.626871702289034216e-01
7.219852824242072309e-01 7.439814267235558276e-01 7.134699070392804821e-01 7.621131056299057516e-01
7.196142780725470756e-01 7.424335044446679355e-01 7.136867671933957435e-01 7.620175930357265814e-01
7.186600933944398140e-01 7.419911429928085500e-01 7.135711084445344188e-01 7.616307174743064401e-01
7.188046668305165809e-01 7.427199636118444470e-01 7.126602957972502095e-01 7.606061238201728969e-01
7.195709060417239122e-01 7.441126939961653086e-01 7.131663028235193380e-01 7.608600802681577679e-01
7.205250907198310628e-01 7.447293010688348369e-01 7.143373476557417501e-01 7.621994222522878726e-01
7.211612138385693482e-01 7.454807696175791421e-01 7.159131981089794650e-01 7.629163789192149325e-01
7.217105928956613070e-01 7.454530628500897205e-01 7.155951365496102667e-01 7.627871432482650205e-01
7.229539244459223246e-01 7.459896449046978795e-01 7.167950960690484541e-01 7.639319349210651477e-01
7.232430713180759696e-01 7.459187173398983406e-01 7.175035059058247899e-01 7.641520500477299027e-01
7.214214460235077730e-01 7.443788126272432581e-01 7.186456360508319818e-01 7.648025543535740267e-01
7.194697046364701976e-01 7.430047068969224400e-01 7.187034654252629773e-01 7.656937722927799062e-01
7.196431927597624068e-01 7.430333210514535880e-01 7.191082710462779470e-01 7.668866204482092108e-01
7.201636571296390343e-01 7.435513972439234953e-01 7.190938137026702259e-01 7.663421963033201223e-01
7.202793158785005811e-01 7.437134353424778022e-01 7.179227688704477028e-01 7.655189964411603931e-01
7.200046263499544352e-01 7.436118984580954994e-01 7.162746316991714934e-01 7.636047655682287605e-01
7.211612138385693482e-01 7.445543652354569275e-01 7.149590134308723144e-01 7.625333779402432288e-01
7.208720669664157032e-01 7.447822027638408837e-01 7.163180037299946568e-01 7.635456406822244135e-01
7.200335410371697664e-01 7.446261327300851551e-01 7.160288568578410118e-01 7.635495534941967311e-01
7.200624557243852086e-01 7.442350347180031189e-01 7.168095534126558421e-01 7.646027794169147906e-01
7.186745507380474240e-01 7.424248975259499783e-01 7.169396695051251100e-01 7.645365945572288879e-01
7.167228093510098486e-01 7.405798725254467696e-01 7.168384680998713954e-01 7.648366549171359274e-01
7.154650204571412209e-01 7.400499101000763691e-01 7.160433142014486219e-01 7.641092099783408642e-01
7.183564891786783368e-01 7.420398593915626950e-01 7.161300582630947265e-01 7.642839757927980537e-01
7.196142780725469645e-01 7.433628067815906126e-01 7.166505226329713540e-01 7.645198685826687379e-01
7.221732278911072722e-01 7.445125171767583705e-01 7.169541268487327201e-01 7.654246923932732649e-01
7.231274125692146448e-01 7.447515576351034783e-01 7.171131576284173192e-01 7.648639433685887612e-01
7.227659789790223943e-01 7.444223613121447869e-01 7.163324610736023779e-01 7.648675869852450404e-01
7.233298153797220742e-01 7.452960403557948865e-01 7.153132183492605378e-01 7.636783314586375049e-01
7.231707846000376971e-01 7.455044703274826823e-01 7.141060301580187675e-01 7.631074829453332597e-01
7.238502797495988128e-01 7.464566254327337225e-01 7.133542482904191573e-01 7.622473841414103557e-01
7.248622938021366258e-01 7.472283094649063706e-01 7.132530468851653316e-01 7.621003525547465074e-01
7.251080686434674405e-01 7.475053743231327985e-01 7.140915728144110464e-01 7.631579123448241075e-01
7.240671399037141853e-01 7.463134328432241560e-01 7.154794778007489420e-01 7.641940457921534424e-01
7.238936517804218651e-01 7.463893328469768385e-01 7.150746721797337502e-01 7.637135437531834548e-01
7.222021425783227144e-01 7.456766605101183831e-01 7.132096748543422793e-01 7.616484772721261454e-01
7.209154389972387555e-01 7.440765619632871974e-01 7.115615376830661809e-01 7.598635718271617989e-01
7.215949341467998712e-01 7.441049434886279901e-01 7.098266564501438669e-01 7.588869117005255793e-01
7.234888461594066733e-01 7.450786015688277697e-01 7.098844858245746403e-01 7.598561256856012358e-01
7.227081496045916209e-01 7.444690563566414010e-01 7.094363081727363962e-01 7.596534032198931641e-01
7.228382656970607778e-01 7.447946752543025406e-01 7.102748341019822220e-01 7.602830397488027359e-01
7.220575691422458364e-01 7.444634048148903727e-01 7.114025069033815818e-01 7.611559428210428191e-01
7.201347424424237031e-01 7.427841470906431098e-01 7.115326229958507387e-01 7.607632116220177654e-01
7.200190836935621563e-01 7.428766575304268649e-01 7.118651418988275470e-01 7.607224414698441350e-01
7.194118752620394242e-01 7.432436502125893130e-01 7.112723908109124249e-01 7.610018637649780260e-01
7.199323396319161628e-01 7.439934240029926205e-01 7.107952984718587386e-01 7.610439663536816557e-01
7.204383466581850692e-01 7.446991215738418823e-01 7.117639404935737213e-01 7.610517618696488462e-01
7.199323396319161628e-01 7.445481728643231767e-01 7.118795992424352681e-01 7.611591807113603503e-01
7.203226879093235224e-01 7.441012102781316973e-01 7.122265754890195755e-01 7.612247856876956931e-01
7.213491593054691675e-01 7.448310656965345666e-01 7.142795182813109767e-01 7.626663582130592811e-01
7.216093914904074813e-01 7.449383477706785772e-01 7.140337434399804950e-01 7.630266540192622848e-01
7.207853229047695987e-01 7.431575042026182798e-01 7.132819615723806628e-01 7.618102988953392440e-01
7.222455146091457667e-01 7.436544760670338317e-01 7.139903714091573317e-01 7.621910742480126899e-01
7.225057467940840805e-01 7.440585458437398714e-01 7.121832034581965232e-01 7.599078494747605328e-01
7.222888866399688190e-01 7.441869824960170021e-01 7.120241726785121461e-01 7.597946468348089066e-01
7.230117538203530980e-01 7.443039551871037940e-01 7.143518049993493602e-01 7.620628683606838205e-01
7.224045453888303658e-01 7.441059946633744593e-01 7.146554092151107263e-01 7.618397483248455782e-01
7.215515621159768189e-01 7.434354171555692670e-01 7.137590539114342381e-01 7.611600513506328047e-01
7.205540054070465050e-01 7.430940981470189888e-01 7.138891700039036170e-01 7.615570736424849274e-01
7.211178418077461849e-01 7.432807622248458479e-01 7.138747126602957849e-01 7.614061484799869994e-01
7.207130361867311041e-01 7.422089243181408946e-01 7.146843239023261685e-01 7.621870300325415126e-01
7.200046263499544352e-01 7.417489440521368715e-01 7.136289378189651922e-01 7.614445342813487283e-01
7.203660599401465747e-01 7.425957303767845019e-01 7.131084734490884536e-01 7.610514586134760062e-01
7.208865243100233133e-01 7.439031098759704141e-01 7.144963784354262382e-01 7.624397616740568040e-01
7.197443941650162325e-01 7.430852751637704312e-01 7.153204470210643429e-01 7.624183860080233632e-01
7.197443941650161214e-01 7.431986701471028356e-01 7.141494021888418198e-01 7.624431037547545476e-01
7.198022235394468948e-01 7.429344120683205599e-01 7.141204875016264886e-01 7.624875824147130388e-01
7.203805172837542958e-01 7.438591331680450836e-01 7.137012245370034647e-01 7.626640896146938964e-01
7.222744292963612089e-01 7.453375058104143580e-01 7.137445965678266280e-01 7.622731184396291937e-01
7.232575286616836907e-01 7.454596250045417705e-01 7.152915323338489006e-01 7.629904161165877996e-01
7.220720264858535575e-01 7.444410833001067207e-01 7.159854848270177374e-01 7.631332526505369973e-01
7.217105928956614180e-01 7.448074424761713663e-01 7.155662218623950466e-01 7.631446953518813414e-01
7.219419103933842896e-01 7.453215521748792760e-01 7.153927337391027264e-01 7.632630637371048410e-01
7.228671803842761090e-01 7.463183627702784095e-01 7.158553687345486916e-01 7.641516888936751295e-01
7.234888461594066733e-01 7.470075753674914054e-01 7.159854848270178485e-01 7.647964859775400193e-01
7.227804363226300044e-01 7.462917465725953381e-01 7.165782359149329706e-01 7.654698459089800400e-01
7.243273720886523881e-01 7.472487002028240788e-01 7.163469184172099880e-01 7.653485906562491614e-01
7.232286139744683595e-01 7.461123664594848659e-01 7.151180442105566915e-01 7.639956205588501748e-01
7.216093914904078144e-01 7.442633682943169404e-01 7.160433142014485108e-01 7.647131181052273519e-01
7.205829200942618362e-01 7.426866308722078758e-01 7.157397099856872558e-01 7.638565028853735450e-01
7.202937732221081912e-01 7.428320880456826814e-01 7.165348638841100293e-01 7.646431882419404413e-01
7.196287354161545746e-01 7.422661843721367614e-01 7.153059896774566218e-01 7.640444092408544829e-01
7.200479983807774875e-01 7.437405144591293649e-01 7.157252526420796457e-01 7.649849294379309494e-01
7.205973774378696683e-01 7.442789913355448705e-01 7.170408709103788247e-01 7.654834688849476709e-01
7.217539649264844703e-01 7.451206354295192291e-01 7.181396290245630754e-01 7.658593761837529934e-01
7.215081900851538776e-01 7.445344053583122790e-01 7.170264135667712146e-01 7.645663125930726167e-01
7.214214460235075510e-01 7.444411943242501550e-01 7.160722288886639531e-01 7.634340663998809839e-01
7.206985788431233830e-01 7.442582285026233535e-01 7.148288973384031575e-01 7.622992057722381976e-01
7.198455955702698361e-01 7.428695624720040858e-01 7.146264945278955061e-01 7.629258643358384218e-01
7.199612543191314940e-01 7.428329972909109014e-01 7.167950960690482320e-01 7.650900357457315337e-01
7.203371452529312435e-01 7.434938031982278872e-01 7.173878471569634652e-01 7.659305138629785015e-01
7.212335005566078427e-01 7.448363569316248656e-01 7.166216079457559118e-01 7.653131843765115239e-01
7.208142375919849298e-01 7.446660189181913969e-01 7.148578120256183777e-01 7.635767115538802940e-01
7.225202041376916906e-01 7.455919305992164681e-01 7.149156414000491511e-01 7.636813966964661748e-01
7.224479174196533071e-01 7.453769485368906267e-01 7.144963784354262382e-01 7.631860091487101538e-01
7.219129957061689584e-01 7.449632425195286123e-01 7.153638190518873952e-01 7.636633003832221656e-01
7.230984978819992026e-01 7.457892695777255110e-01 7.176047073110787267e-01 7.655167142053876939e-01
7.205612340788504211e-01 7.438883652224455023e-01 7.178504821524093193e-01 7.650986217631137176e-01
7.193395885440008186e-01 7.436786963372268300e-01 7.184576905839320515e-01 7.649450292238981763e-01
7.186167213636167617e-01 7.431104986815220137e-01 7.185155199583628249e-01 7.641239559911914281e-01
7.183709465222858359e-01 7.422915536859433505e-01 7.183275744914628946e-01 7.642963990249619366e-01
7.188191241741241910e-01 7.427064206109069699e-01 7.180673423065245808e-01 7.646033942449677046e-01
7.192528444823548250e-01 7.426458659458212708e-01 7.173589324697480230e-01 7.656221208149004420e-01
7.192817591695701562e-01 7.431620136679372157e-01 7.173300177825325807e-01 7.658285442163925705e-01
7.195275340109008599e-01 7.433811036634936364e-01 7.177059087163324413e-01 7.665416030153391347e-01
7.214937327415460455e-01 7.446817501368877545e-01 7.181540863681707965e-01 7.666574868305925383e-01
7.224768321068686383e-01 7.460678542464505014e-01 7.190504416718472847e-01 7.676558520034808542e-01
7.207853229047693766e-01 7.444598778958797514e-01 7.165348638841098072e-01 7.657283906367335913e-01
7.203371452529312435e-01 7.434307175814096613e-01 7.157541673292948659e-01 7.647158741352180211e-01
7.198889676010928884e-01 7.427590601693517813e-01 7.153204470210642318e-01 7.646376949308979487e-01
7.174745912186094587e-01 7.411473914365935833e-01 7.163613757608177091e-01 7.654387883260926895e-01
7.168962974743020578e-01 7.414011332268524157e-01 7.171565296592403715e-01 7.657830411261115078e-01
7.174167618441787964e-01 7.416918167897413872e-01 7.172432737208864761e-01 7.657734143649286285e-01
7.185010626147551038e-01 7.419443666091701806e-01 7.180239702757014175e-01 7.661493225110349581e-01
7.209588110280618078e-01 7.442370178389057234e-01 7.174023045005710753e-01 7.658481232024907381e-01
7.221009411730688887e-01 7.449223544037242295e-01 7.179661409012707551e-01 7.666757961027996782e-01
7.221153985166766098e-01 7.446369828132582969e-01 7.190793563590627269e-01 7.670290785915552245e-01
7.212768725874307840e-01 7.442773291785772516e-01 7.190648990154547837e-01 7.674886764755090018e-01
7.197877661958391737e-01 7.436199702405107415e-01 7.198745102574852783e-01 7.678480800370326431e-01
7.193540458876086507e-01 7.434739671298782326e-01 7.186311787072243717e-01 7.668123699374913560e-01
7.196865647905853480e-01 7.430241599762699156e-01 7.181396290245629643e-01 7.660413807777880502e-01
7.202359438476774178e-01 7.438658938073945404e-01 7.168818401306944477e-01 7.651143576660465184e-01
7.205250907198311738e-01 7.443318782083176988e-01 7.166505226329715761e-01 7.650906309980018971e-01
7.221298558602843309e-01 7.460166904963660972e-01 7.182263730862091800e-01 7.666310095784656387e-01
7.207853229047695987e-01 7.439645358388132790e-01 7.193829605748239819e-01 7.670610389764891401e-01
7.201491997860313132e-01 7.437791263205215664e-01 7.194986193236854177e-01 7.672559542934914711e-01
7.193540458876085397e-01 7.436912731334153204e-01 7.196721074469778490e-01 7.680314820095103245e-01
7.201925718168544766e-01 7.440581687821929968e-01 7.204238893145773481e-01 7.691211501934408501e-01
7.217828796136998015e-01 7.450835870882004386e-01 7.208431522792002610e-01 7.690150317421413639e-01
7.206696641559080518e-01 7.439563884954157880e-01 7.212045858693922895e-01 7.687650279188066316e-01
7.206841214995155509e-01 7.431709396071757290e-01 7.206262921250849995e-01 7.675150110376145474e-01
7.203660599401466857e-01 7.420624909354968102e-01 7.204238893145773481e-01 7.670614889957139138e-01
7.201058277552082609e-01 7.415803761631296620e-01 7.198166808830546159e-01 7.664903128150502010e-01
7.206407494686926096e-01 7.423321851671826899e-01 7.189347829229857378e-01 7.654069473828754022e-01
7.211322991513540170e-01 7.430158322666674531e-01 7.186745507380474240e-01 7.662590645294767855e-01
7.224045453888303658e-01 7.444970071517035271e-01 7.204094319709697380e-01 7.673259469488207252e-01
7.233153580361143531e-01 7.451162801551487469e-01 7.198745102574855004e-01 7.666681059953140975e-01
7.223756307016149236e-01 7.444191555681102246e-01 7.204817186890082326e-01 7.671605769591429702e-01
7.199612543191313829e-01 7.425496000871451008e-01 7.211322991513539060e-01 7.683254048764105448e-01
7.184287758967167203e-01 7.417179718053524828e-01 7.210310977461001913e-01 7.686037648342254336e-01
7.165059491968944760e-01 7.409342319730651827e-01 7.205106333762234527e-01 7.684875203527463672e-01
7.159999421706255696e-01 7.410270874855440226e-01 7.182119157426014588e-01 7.665037704257905427e-01
7.173011030953173606e-01 7.420590085065997821e-01 7.187034654252626442e-01 7.666550853965854451e-01
7.189492402665934589e-01 7.427130355120461491e-01 7.190793563590625048e-01 7.664608379504250779e-01
7.197877661958391737e-01 7.432659374891570359e-01 7.191227283898856681e-01 7.665119207655404221e-01
7.200479983807774875e-01 7.437669084849859447e-01 7.201636571296390343e-01 7.672905738099795592e-01
7.201202850988159820e-01 7.435176189724426177e-01 7.195275340109007489e-01 7.678221300816623351e-01
7.200046263499544352e-01 7.427837364088475391e-01 7.187612947996935286e-01 7.668225078088053426e-01
7.198455955702698361e-01 7.426649606763316980e-01 7.180528849629168597e-01 7.663663284257380415e-01
7.189492402665933479e-01 7.418960244089010114e-01 7.177203660599401625e-01 7.658893626912912644e-01
7.198745102574852783e-01 7.418634490340767496e-01 7.186600933944397029e-01 7.665834760656908831e-01
7.192239297951394938e-01 7.410221137823626014e-01 7.174745912186095698e-01 7.662050429499288606e-01
7.194986193236855287e-01 7.418939153193111480e-01 7.176191646546863367e-01 7.664212579280880178e-01
7.201781144732466444e-01 7.423264142471609484e-01 7.182986598042475634e-01 7.675145173673594279e-01
7.200479983807775985e-01 7.431390611845514194e-01 7.189492402665934589e-01 7.679912858399691178e-01
7.197443941650161214e-01 7.434863476197736132e-01 7.197877661958390627e-01 7.683007760544664499e-01
7.197877661958392848e-01 7.435859989968750527e-01 7.191805577643163305e-01 7.672285575645594324e-01
7.205540054070466160e-01 7.446149249667419756e-01 7.195564486981161911e-01 7.669009084014121180e-01
7.201636571296390343e-01 7.439067159976312515e-01 7.198745102574852783e-01 7.672024755626170034e-01
7.201202850988159820e-01 7.435305092521586889e-01 7.189781549538087901e-01 7.662373642585355027e-01
7.206841214995156619e-01 7.440570673541622160e-01 7.170264135667712146e-01 7.646421554506310780e-01
7.217539649264845814e-01 7.442453074858043083e-01 7.163324610736023779e-01 7.640472345287994127e-01
7.225346614812994117e-01 7.449184534632427024e-01 7.170987002848095981e-01 7.650810663328707628e-01
7.219274530497766795e-01 7.447893050329288389e-01 7.186890080816550341e-01 7.663288113164061777e-01
7.218551663317381850e-01 7.452374404820919507e-01 7.197733088522315636e-01 7.671136827644251532e-01
7.219563677369918997e-01 7.453643111365958474e-01 7.196721074469776269e-01 7.666660466075299052e-01
7.215371047723690978e-01 7.450375027122606575e-01 7.201058277552082609e-01 7.673698799068927601e-01
7.212045858693924005e-01 7.441654916798254860e-01 7.200479983807774875e-01 7.679713353829968892e-01
7.211178418077462959e-01 7.447704907020885612e-01 7.210889271205308537e-01 7.688821179679051765e-01
7.207997802483772087e-01 7.444313573250507243e-01 7.216527635212306446e-01 7.687117135899999010e-01
7.200624557243852086e-01 7.429159432274552444e-01 7.211467564949616271e-01 7.685840192376464097e-01
7.198600529138775572e-01 7.425188955277671754e-01 7.198745102574852783e-01 7.668906243846124182e-01
7.204094319709696270e-01 7.430815982964235067e-01 7.202214865040696967e-01 7.674056036253211754e-01
7.202070291604620866e-01 7.428987542395497634e-01 7.192383871387472150e-01 7.666054191572539978e-01
7.208865243100232023e-01 7.429564587343553406e-01 7.188914108921626855e-01 7.667092169214725361e-01
7.229539244459224356e-01 7.457590849118574949e-01 7.188624962049472433e-01 7.672048361423536855e-01
7.228816377278839411e-01 7.458696483086419970e-01 7.183564891786782258e-01 7.670415926867231171e-01
7.213347019618615574e-01 7.445692461343984547e-01 7.167950960690482320e-01 7.654406773844997236e-01
7.197299368214085113e-01 7.437831718712575313e-01 7.165204065405021971e-01 7.656704150417410482e-01
7.185878066764013195e-01 7.420233555090874900e-01 7.158698260781564127e-01 7.653764332291120853e-01
7.177492807471554936e-01 7.408735121161349468e-01 7.162023449811331099e-01 7.648024979736117723e-01
7.187179227688704763e-01 7.409387533274061077e-01 7.171999016900634238e-01 7.651463446951209946e-01
7.195419913545083590e-01 7.415984051111101927e-01 7.192383871387471039e-01 7.659329351351205073e-01
7.216383061776230345e-01 7.424688023179268903e-01 7.204383466581851803e-01 7.662066626693996296e-01
7.223033439835765401e-01 7.432177284617156321e-01 7.201781144732466444e-01 7.660050188821924122e-01
7.221443132038918300e-01 7.433417179204806491e-01 7.208431522792002610e-01 7.668291203402400891e-01
7.222455146091457667e-01 7.438021267607241027e-01 7.214069886798999409e-01 7.680333194602210201e-01
7.227370642918070631e-01 7.444828103991379953e-01 7.196576501033700168e-01 7.670204832639464509e-01
7.217539649264843593e-01 7.444762950148468006e-01 7.187757521433011387e-01 7.659142285602253963e-01
7.200479983807775985e-01 7.434236745905428156e-01 7.174745912186094587e-01 7.647254349478658231e-01
7.198022235394467838e-01 7.435481009230612282e-01 7.170408709103789358e-01 7.642339833276188266e-01
7.205395480634387839e-01 7.442031765095613594e-01 7.176047073110786156e-01 7.646409237673881254e-01
7.208431522792001500e-01 7.442044574378726685e-01 7.174312191877864064e-01 7.648255589090384721e-01
7.207564082175541564e-01 7.435598631452322582e-01 7.179661409012707551e-01 7.659601290075581659e-01
7.219997397678151740e-01 7.444600722446046426e-01 7.185444346455782672e-01 7.670772561384106014e-01
7.207419508739465464e-01 7.433917718800604479e-01 7.168673827870867266e-01 7.654643622281938065e-01
7.204528040017927903e-01 7.441879326546984030e-01 7.170987002848097092e-01 7.651850929537876711e-01
7.205106333762234527e-01 7.434461765007897016e-01 7.178938541832324827e-01 7.652297538777143027e-01
7.197877661958391737e-01 7.426153245189694996e-01 7.181251716809553542e-01 7.654203977997615649e-01
7.198745102574852783e-01 7.427695767013465789e-01 7.174601338750017376e-01 7.653164837936702325e-01
7.210744697769231326e-01 7.435117035314395828e-01 7.179950555884861974e-01 7.665110213239008097e-01
7.200479983807775985e-01 7.431670883548910922e-01 7.179516835576630340e-01 7.667826272181813563e-01
7.187179227688704763e-01 7.421610079053131415e-01 7.181396290245629643e-01 7.661866554140359664e-01
7.182119157426013478e-01 7.414536816932908447e-01 7.181974583989937377e-01 7.657852551975175004e-01
7.190648990154548947e-01 7.421610254171124854e-01 7.189636976102011801e-01 7.658696363539589935e-01
7.190215269846318424e-01 7.421225155171979893e-01 7.188191241741243021e-01 7.660788775402759265e-01
7.202359438476774178e-01 7.432149710155383504e-01 7.185010626147551038e-01 7.655593641157687479e-01
7.201058277552083720e-01 7.431447258133021538e-01 7.165926932585406917e-01 7.644339398912589623e-01
7.209877257152770280e-01 7.436013760502785397e-01 7.149300987436568722e-01 7.633310689124926940e-01
7.218985383625613483e-01 7.442290558789284027e-01 7.165204065405023082e-01 7.652985755802109713e-01
7.219997397678150630e-01 7.439603360465056880e-01 7.183131171478551735e-01 7.669820840558139174e-01
7.224912894504764704e-01 7.434704687483590924e-01 7.182697451170322323e-01 7.666093909375291116e-01
7.223611733580073135e-01 7.431932911552239229e-01 7.192094724515316617e-01 7.669010074504345464e-01
7.215949341467999822e-01 7.418639465908651864e-01 7.195853633853316333e-01 7.668156760131972227e-01
7.199901690063468251e-01 7.413832379566109854e-01 7.192962165131778773e-01 7.674610713877904056e-01
7.192528444823547140e-01 7.418206614692819389e-01 7.192673018259625461e-01 7.675695249385124930e-01
7.191805577643163305e-01 7.425710622623100665e-01 7.196576501033701279e-01 7.675832650709664140e-01
7.178360248088015982e-01 7.418009633750977105e-01 7.184432332403244414e-01 7.668706498524832105e-01
7.185299773019704350e-01 7.417351974905177503e-01 7.183420318350706157e-01 7.672366247534989636e-01
7.192239297951394938e-01 7.421593590110415750e-01 7.173300177825326918e-01 7.660542345886015569e-01
7.212768725874307840e-01 7.436624257820548811e-01 7.174167618441786853e-01 7.649100003908203549e-01
7.231274125692146448e-01 7.450949460685281078e-01 7.176191646546863367e-01 7.656673581003698992e-01
