7.210889271205308537e-01 7.104219616871626508e-01 7.116771964319277277e-01 7.394940604185427091e-01
7.216527635212306446e-01 7.101145610798162977e-01 7.110121586259742221e-01 7.392874320196688442e-01
7.210889271205308537e-01 7.086587763600173950e-01 7.114169642469894139e-01 7.404716060374675335e-01
7.206262921250849995e-01 7.087419634532572399e-01 7.115326229958508497e-01 7.416063956423387671e-01
7.211322991513540170e-01 7.091249523700343671e-01 7.122554901762350177e-01 7.422618504425930741e-01
7.213925313362923308e-01 7.094590049848252811e-01 7.130506440746577912e-01 7.424116982147522803e-01
7.213202446182538363e-01 7.098322848261171547e-01 7.140482007835879941e-01 7.428207560923678621e-01
7.203949746273619059e-01 7.096796486382598301e-01 7.141638595324495409e-01 7.431267403421738527e-01
7.193395885440008186e-01 7.093220463721973124e-01 7.133397909468113252e-01 7.428237242851231104e-01
7.186456360508319818e-01 7.094485144391137199e-01 7.132675042287730527e-01 7.427762014518686229e-01
7.185588919891858772e-01 7.091799536724636699e-01 7.128916132949730811e-01 7.431090864804297258e-01
7.179661409012707551e-01 7.083094534703164857e-01 7.124000636123117847e-01 7.429718605782451579e-01
7.161156009194870053e-01 7.070462412631828286e-01 7.127614972025041462e-01 7.439139306469941815e-01
7.155662218623950466e-01 7.066894368737078880e-01 7.134554496956729830e-01 7.444790479018985607e-01
7.155373071751797154e-01 7.073907932047789338e-01 7.134554496956728720e-01 7.444491149879558511e-01
7.152337029594182383e-01 7.073747102014208421e-01 7.145831224970724538e-01 7.454204144562905920e-01
7.144385490609954648e-01 7.072430674772762771e-01 7.151614162413797438e-01 7.458242617583004108e-01
7.136578525061805234e-01 7.073353592476148144e-01 7.155806792060026567e-01 7.462730689257995875e-01
7.128482412641501398e-01 7.079873359287200962e-01 7.144385490609956868e-01 7.447775371788076804e-01
7.126458384536427104e-01 7.085531770553498143e-01 7.141783168760571510e-01 7.449665610477607114e-01
7.115037083086352965e-01 7.075765877242071733e-01 7.123856062687041746e-01 7.434227510741685530e-01
7.112145614364817625e-01 7.075399844265020111e-01 7.113591348725585295e-01 7.422885048329085356e-01
7.104194075380589890e-01 7.067557657381347003e-01 7.104916942560972615e-01 7.412595370192206490e-01
7.096676256704592678e-01 7.062402891304444541e-01 7.079761164683600061e-01 7.400813465611950637e-01
7.097109977012823201e-01 7.074298777694235651e-01 7.071954199135451757e-01 7.397863268611428733e-01
7.104772369124896514e-01 7.089777628492139883e-01 7.055617400858765764e-01 7.391442179667536694e-01
7.112001040928739304e-01 7.094354789435065589e-01 7.052292211828997681e-01 7.398544542739983187e-01
7.124578929867426691e-01 7.114138266943333955e-01 7.049834463415692865e-01 7.395121714008688896e-01
7.128048692333270875e-01 7.124989495890450275e-01 7.030027902673163798e-01 7.384340131511025751e-01
7.120964593965505296e-01 7.119942021034750823e-01 7.026558140207319614e-01 7.375772069321940849e-01
7.113591348725585295e-01 7.124077204472325509e-01 7.023666671485782054e-01 7.374872062275559248e-01
7.118073125243966626e-01 7.132565323757263931e-01 7.013546530960401704e-01 7.362225146562977329e-01
7.119663433040812617e-01 7.143542332979304632e-01 7.005450418540097868e-01 7.361920681063676142e-01
7.128193265769346976e-01 7.156467060882284459e-01 6.994462837398257582e-01 7.358447576269619983e-01
7.124434356431348370e-01 7.160837091611034211e-01 6.988390753083028040e-01 7.356616775921795970e-01
7.130795587618732334e-01 7.172666951473956054e-01 6.979716346918416470e-01 7.363087100826546383e-01
7.137012245370035757e-01 7.188223936231191713e-01 6.969885353265190542e-01 7.350302128489156761e-01
7.139759140655496106e-01 7.190095685638009382e-01 6.951235380011275833e-01 7.332717419545915494e-01
7.145686651534646217e-01 7.193571901360374943e-01 6.948777631597969906e-01 7.321995569203038068e-01
7.157397099856872558e-01 7.207413605795773837e-01 6.940826092613743281e-01 7.315961288092176495e-01
7.148144399947953254e-01 7.210742250537078846e-01 6.924778441209212820e-01 7.299934807805297243e-01
7.147999826511877153e-01 7.214716416056994319e-01 6.916393181916753452e-01 7.285915129043059046e-01
7.143373476557418611e-01 7.218157147586445888e-01 6.909453656985065084e-01 7.278908661955325599e-01
7.136433951625728023e-01 7.224790017965257993e-01 6.905116453902758744e-01 7.275237070572903031e-01
7.132530468851652206e-01 7.231672094871123280e-01 6.898610649279302010e-01 7.271909847691919726e-01
7.129928147002269068e-01 7.233341669594240964e-01 6.893116858708381312e-01 7.271522956210656474e-01
7.121542887709811920e-01 7.227880445673233734e-01 6.897887782098917064e-01 7.281654176369469766e-01
7.128771559513654710e-01 7.234142524896037818e-01 6.913212566323065911e-01 7.297072067892510505e-01
7.134843643828883142e-01 7.239472312354908734e-01 6.930705952088364041e-01 7.307511676881213170e-01
7.135421937573189766e-01 7.245059067567936051e-01 6.927814483366826481e-01 7.296675946994470863e-01
7.133108762595959940e-01 7.249562912681388749e-01 6.938079197328284042e-01 7.299404971135928788e-01
7.124000636123118957e-01 7.248417542723696316e-01 6.946898176928970603e-01 7.289931424112390257e-01
7.123277768942734012e-01 7.247773926304720282e-01 6.941259812921973804e-01 7.282783746815562065e-01
7.114747936214199653e-01 7.238930374134924239e-01 6.935621448914975895e-01 7.285629552154316846e-01
7.105206089433128147e-01 7.232479287993960337e-01 6.935766022351054216e-01 7.290389966650553388e-01
7.101013459786899018e-01 7.214192664179175374e-01 6.931139672396593454e-01 7.299700859764377547e-01
7.105350662869204248e-01 7.210617362181472867e-01 6.925212161517442233e-01 7.286389190025669427e-01
7.096387109832439366e-01 7.193171346615132578e-01 6.918995503766137700e-01 7.282198017240082422e-01
7.098266564501438669e-01 7.175958593244711192e-01 6.919429224074369333e-01 7.280976188354292278e-01
7.099423151990053027e-01 7.179780372254553900e-01 6.922609839668059095e-01 7.280264548328537755e-01
7.104916942560974835e-01 7.185528345023515229e-01 6.923766427156673453e-01 7.278950186321074822e-01
7.108531278462895120e-01 7.190622355200084748e-01 6.929693938035825784e-01 7.288446888710906624e-01
7.118651418988274360e-01 7.202386447954799431e-01 6.924200147464905086e-01 7.284022964342181661e-01
7.117928551807890525e-01 7.209653854396367301e-01 6.921597825615520838e-01 7.273937056335424423e-01
7.108386705026817909e-01 7.212932942921814750e-01 6.919718370946522645e-01 7.268602787432332235e-01
7.098844858245746403e-01 7.210173960103498647e-01 6.912923419450910378e-01 7.263076088595460389e-01
7.081351472480446052e-01 7.196904523663665287e-01 6.909453656985065084e-01 7.258014508551634547e-01
7.084098367765905291e-01 7.200742983814436560e-01 6.910176524165450029e-01 7.247145811851934960e-01
7.085688675562751282e-01 7.206269996623821950e-01 6.925645881825672756e-01 7.252405150993801453e-01
7.074845667856988207e-01 7.205485581640114212e-01 6.925356734953519444e-01 7.253836292188426960e-01
7.061111191429686462e-01 7.197681928311879807e-01 6.925356734953520554e-01 7.260412109203602249e-01
7.042027497867542341e-01 7.186073762329850956e-01 6.917983489713601664e-01 7.253558419926502410e-01
7.043762379100463322e-01 7.186375281516325098e-01 6.920441238126906480e-01 7.256194278968403077e-01
7.045352686897309313e-01 7.185863101322678137e-01 6.922320692795905783e-01 7.261257622511200216e-01
7.043184085356155588e-01 7.180466328275586507e-01 6.910754817909757763e-01 7.254077931416068603e-01
7.047810435310617461e-01 7.188357833717896606e-01 6.898032355534995386e-01 7.249967065873899053e-01
7.050412757159999488e-01 7.194695430614759246e-01 6.897598635226762642e-01 7.254644040826818685e-01
7.050701904032152800e-01 7.192769968995572638e-01 6.891237404039380898e-01 7.250351059371996643e-01
7.045280400179272373e-01 7.186684982223110474e-01 6.897020341482456018e-01 7.260065995981224152e-01
7.040148043198541927e-01 7.180378546280821173e-01 6.910899391345832754e-01 7.276859774318307217e-01
7.053593372753690360e-01 7.185125003238262975e-01 6.912055978834449332e-01 7.273490169504274183e-01
7.079182870939292327e-01 7.207590229792930625e-01 6.899622663331839156e-01 7.251581926135940437e-01
7.094073934855210650e-01 7.209778274710840762e-01 6.901502118000838459e-01 7.250254050948035101e-01
7.101591753531206752e-01 7.212987453656696246e-01 6.908152496060373515e-01 7.255413319200145761e-01
7.099134005117899715e-01 7.213206505814663272e-01 6.914658300683832470e-01 7.263547353395229944e-01
7.086845263051366750e-01 7.207104888383514263e-01 6.918561783457907177e-01 7.272840675813447842e-01
7.063858086715146811e-01 7.187646912801557431e-01 6.932151686449131711e-01 7.284697202441439146e-01
7.048533302491000185e-01 7.181336039344414779e-01 6.923911000592750664e-01 7.275408214213689995e-01
7.049256169671385130e-01 7.181333969379329885e-01 6.903526146105914973e-01 7.267302821222909603e-01
7.050701904032152800e-01 7.182362555963970330e-01 6.896152900865996083e-01 7.255759720570662541e-01
7.071809625699374546e-01 7.197215262642218114e-01 6.887333921265307302e-01 7.241545450042594645e-01
7.078893724067140125e-01 7.206644439354200626e-01 6.889213375934306605e-01 7.241757687314789305e-01
7.084387514638059713e-01 7.212101945098203792e-01 6.894996313377380615e-01 7.254818395977575829e-01
7.080773178736140538e-01 7.211564048647138847e-01 6.901502118000839570e-01 7.261092054480329239e-01
7.074556520984836006e-01 7.208442551982900959e-01 6.912634272578755956e-01 7.271923608410925111e-01
7.064291807023379555e-01 7.204198308263178863e-01 6.920730384999060902e-01 7.278712667054076935e-01
7.057496855527765067e-01 7.198842316320612778e-01 6.916393181916755672e-01 7.274394674024595719e-01
7.065882114820223325e-01 7.211875269322278736e-01 6.898321502407147587e-01 7.247442875754604996e-01
7.068195289797453151e-01 7.211423234329117360e-01 6.893984299324842357e-01 7.242057046643435303e-01
7.064002660151224022e-01 7.209335332256222584e-01 6.909164510112911772e-01 7.247223846498827005e-01
7.063424366406916288e-01 7.206953422028739009e-01 6.908441642932527937e-01 7.254511508504223327e-01
7.067761569489221518e-01 7.210169095390688287e-01 6.900923824256530725e-01 7.246654856485018614e-01
7.072821639751911693e-01 7.205246564134539788e-01 6.900200957076146890e-01 7.252414017822038650e-01
7.074267374112680473e-01 7.208437980446232851e-01 6.911188538217987176e-01 7.271037653989844696e-01
7.066749555436684371e-01 7.204178355363608510e-01 6.904682733594529331e-01 7.263482653949779877e-01
7.068050716361375940e-01 7.205949024509552547e-01 6.912055978834450443e-01 7.263101670631397777e-01
7.068918156977836986e-01 7.213756705730847152e-01 6.903959866414145496e-01 7.259240515052247655e-01
7.073110786624066115e-01 7.213638904309824795e-01 6.898755222715379221e-01 7.253116619299420087e-01
7.084965808382367447e-01 7.220076076712993451e-01 6.902224985181223404e-01 7.257328160502614089e-01
7.096242536396363265e-01 7.231702728075916076e-01 6.898176928971070376e-01 7.247781652944884634e-01
7.110410733131893313e-01 7.237741070941710042e-01 6.902514132053376716e-01 7.252142587030896426e-01
7.114964796368314914e-01 7.248337481835387397e-01 6.901212971128686258e-01 7.247464740718709830e-01
7.099856872298283550e-01 7.238608339427203830e-01 6.920152091254752058e-01 7.259876927771506949e-01
7.084532088074138034e-01 7.221374723856508471e-01 6.939380358252975611e-01 7.276020001227080369e-01
7.090025878645056512e-01 7.228117968683347438e-01 6.931862539576977289e-01 7.270142598318433125e-01
7.089303011464672677e-01 7.228257382991727376e-01 6.931862539576978399e-01 7.275556408924865881e-01
7.094073934855209540e-01 7.233184204902005643e-01 6.924923014645288921e-01 7.275754143979835664e-01
7.100290592606514073e-01 7.244054956083467722e-01 6.916393181916755672e-01 7.271295847042585914e-01
7.102314620711591697e-01 7.245047262570716295e-01 6.928392777111134215e-01 7.285523533675819507e-01
7.101591753531206752e-01 7.242761293949054879e-01 6.924200147464905086e-01 7.282896518535109109e-01
7.091905333314058035e-01 7.234948642208425262e-01 6.937211756711820776e-01 7.297350805896710702e-01
7.077303416270295244e-01 7.213427924508840627e-01 6.946464456620740080e-01 7.301557414529198375e-01
7.076291402217759208e-01 7.223058177201453489e-01 6.947187323801125025e-01 7.300962631934733160e-01
7.072677066315834482e-01 7.215028679659702959e-01 6.941693533230204327e-01 7.288846780984540308e-01
7.089158438028597686e-01 7.237330125598095965e-01 6.934320287990285436e-01 7.275339946302247229e-01
7.096531683268516577e-01 7.242268358679246898e-01 6.929838511471901885e-01 7.267370493549358823e-01
7.108820425335049542e-01 7.252107738960316130e-01 6.923477280284521251e-01 7.260034066060855329e-01
7.102459194147667798e-01 7.248217742599729618e-01 6.923477280284521251e-01 7.260525059324433039e-01
7.108531278462895120e-01 7.247171344777472157e-01 6.913067992886987589e-01 7.249692145916224462e-01
7.109977012823663900e-01 7.248829702736121483e-01 6.909887377293296717e-01 7.244388193436338552e-01
7.104627795688820413e-01 7.235006691865696338e-01 6.902514132053376716e-01 7.237978454773912329e-01
7.109977012823665010e-01 7.243540134622560300e-01 6.898032355534993165e-01 7.241146645982963204e-01
7.105061515997052046e-01 7.242473017797232959e-01 6.894128872760918458e-01 7.243052480160548923e-01
7.108820425335049542e-01 7.249535832895510623e-01 6.903670719541989964e-01 7.252907941322153107e-01
7.102892914455898321e-01 7.248602021071199886e-01 6.908586216368604038e-01 7.260911489897549087e-01
7.104916942560974835e-01 7.250742383507269295e-01 6.911911405398372121e-01 7.263636492006547707e-01
7.104627795688820413e-01 7.242928110702929745e-01 6.920152091254752058e-01 7.266297648119770525e-01
7.103182061328050523e-01 7.239844275773965609e-01 6.913067992886987589e-01 7.260817527491596479e-01
7.106796397229973028e-01 7.245208714781108394e-01 6.925501308389596655e-01 7.276109623304745089e-01
7.105928956613514202e-01 7.248010213461568707e-01 6.928537350547210316e-01 7.280748266909848887e-01
7.093929361419133439e-01 7.240175616622827048e-01 6.913790860067371424e-01 7.262978539818792934e-01
7.088146423976058319e-01 7.248326672241227620e-01 6.908297069496451837e-01 7.256681947897998253e-01
7.088290997412135530e-01 7.249029844751084806e-01 6.904104439850222708e-01 7.252412983473910391e-01
7.097109977012823201e-01 7.254491060292160842e-01 6.908297069496450726e-01 7.248627206801711020e-01
7.105061515997050936e-01 7.259938517220689835e-01 6.901357544564761248e-01 7.233458437849189515e-01
7.099134005117899715e-01 7.248990801019205010e-01 6.902658705489452817e-01 7.248593773392637551e-01
7.099134005117899715e-01 7.249226829798428584e-01 6.901502118000838459e-01 7.245404954216103643e-01
7.109109572207202854e-01 7.253143755211890475e-01 6.897454061790686541e-01 7.251962493791607178e-01
7.101736326967283963e-01 7.241952749960982594e-01 6.894418019633072880e-01 7.251889286400343693e-01
7.100435166042591284e-01 7.247646860684839876e-01 6.891815697783689743e-01 7.254079909774684420e-01
7.105639809741358670e-01 7.250050190725023658e-01 6.891237404039380898e-01 7.249122262213869572e-01
7.123711489250965645e-01 7.260784583419286342e-01 6.898032355534994275e-01 7.249007303458055995e-01
7.125012650175657214e-01 7.265685305722645593e-01 6.892972285272304100e-01 7.242163098979850222e-01
7.119085139296504883e-01 7.270146135604974580e-01 6.886321907212769045e-01 7.243858495812639520e-01
7.126892104844655407e-01 7.272745511278908559e-01 6.895430033685612248e-01 7.252220465800437443e-01
7.129349853257962444e-01 7.269628645584778059e-01 6.908586216368605148e-01 7.257851278017449781e-01
7.125735517356041049e-01 7.265323760589197377e-01 6.917694342841446131e-01 7.269576639630945802e-01
7.122844048634504599e-01 7.259593490073994460e-01 6.933452847373823280e-01 7.279426611524189017e-01
7.120097153349044250e-01 7.256845525425077437e-01 6.930995098960517353e-01 7.278832152227916463e-01
7.110844453440123836e-01 7.241388428503927610e-01 6.938512917636514565e-01 7.283352131135873986e-01
7.109398719079356166e-01 7.239929679052427014e-01 6.935043155170670381e-01 7.279708050744886361e-01
7.098844858245745293e-01 7.236322192052613289e-01 6.925067588081366132e-01 7.271936539025775081e-01
7.093640214546979017e-01 7.237113546293981736e-01 6.918417210021831076e-01 7.267991466911495335e-01
7.095664242652055531e-01 7.242516263477233318e-01 6.904393586722374909e-01 7.259623447351395420e-01
7.102314620711591697e-01 7.250887766999363215e-01 6.885888186904538522e-01 7.249905331716552936e-01
7.105350662869204248e-01 7.251770252106848336e-01 6.883285865055155384e-01 7.243688504572070030e-01
7.117783978371814424e-01 7.259781763076114114e-01 6.880683543205771135e-01 7.230336602754983133e-01
7.131518454799115059e-01 7.275575591674120490e-01 6.887767641573538935e-01 7.237478254027261970e-01
7.139759140655497216e-01 7.269601216055663340e-01 6.905983894519220900e-01 7.258381914212094221e-01
7.144530064046031859e-01 7.281626958109255199e-01 6.915236594428140204e-01 7.265253088128863501e-01
7.140482007835882161e-01 7.284226394311877906e-01 6.918995503766138810e-01 7.263208321152496705e-01
7.136867671933959656e-01 7.283223340261741896e-01 6.919429224074369333e-01 7.269799597848645156e-01
7.125590943919963838e-01 7.274549737459469201e-01 6.925067588081366132e-01 7.272065522210846567e-01
7.116916537755354488e-01 7.266169232757881957e-01 6.914513727247755259e-01 7.267187587223102874e-01
7.114603362778124662e-01 7.260220959197715151e-01 6.914080006939524736e-01 7.256576715932653299e-01
7.119518859604736516e-01 7.263524189503316464e-01 6.902803278925530028e-01 7.244165382107813356e-01
7.116916537755353378e-01 7.254971965610679252e-01 6.906995908571759157e-01 7.246057984064754320e-01
7.113880495597739717e-01 7.257025201873076314e-01 6.912200552270526543e-01 7.256726190201152615e-01
7.120820020529428085e-01 7.267854517871970010e-01 6.902224985181223404e-01 7.254883926128408156e-01
7.124000636123118957e-01 7.274599466491568078e-01 6.903815292978068285e-01 7.254655941811739561e-01
7.124289782995272269e-01 7.278717749944385584e-01 6.918272636585752755e-01 7.262112811060595918e-01
7.122121181454121874e-01 7.271573311454111455e-01 6.922898986540213517e-01 7.265788401108391747e-01
7.118651418988275470e-01 7.269531674121021414e-01 6.930850525524440142e-01 7.264848409804123275e-01
7.112145614364816515e-01 7.268409552490300296e-01 6.923332706848444040e-01 7.253444922507431558e-01
7.108242131590741808e-01 7.258428274428151417e-01 6.918417210021831076e-01 7.247273328757775079e-01
7.105639809741358670e-01 7.254601572623791128e-01 6.917838916277523342e-01 7.243428246024971040e-01
7.111133600312278258e-01 7.257190774533002209e-01 6.923043559976290728e-01 7.263622673690801612e-01
7.116627390883198956e-01 7.264779073141600652e-01 6.920441238126906480e-01 7.270004140084858069e-01
7.126313811100348783e-01 7.271754369726449729e-01 6.920296664690829269e-01 7.270442395025412674e-01
7.133831629776345995e-01 7.289191482858519144e-01 6.922176119359828572e-01 7.270717846139190810e-01
7.122121181454119654e-01 7.284191683809588813e-01 6.914513727247755259e-01 7.262644836313790764e-01
7.116771964319277277e-01 7.275921173559463107e-01 6.917405195969292819e-01 7.267632818596532207e-01
7.121398314273734709e-01 7.276550790554117132e-01 6.914658300683833581e-01 7.258371177823788045e-01
7.137445965678266280e-01 7.284616097171564553e-01 6.916393181916755672e-01 7.262607306461339451e-01
7.133108762595961050e-01 7.284266928530651608e-01 6.919284650638292122e-01 7.272469099612400845e-01
7.145325217944455964e-01 7.292567853357383445e-01 6.919140077202214911e-01 7.268427292267964912e-01
7.151180442105568025e-01 7.290373321495604575e-01 6.930416805216209619e-01 7.270653807750879771e-01
7.137156818806111858e-01 7.277716268980782832e-01 6.939958651997282235e-01 7.281216294554970769e-01
7.138602553166881748e-01 7.276904862816311326e-01 6.931862539576978399e-01 7.269634143263485893e-01
7.130651014182654013e-01 7.268562796768271994e-01 6.935766022351053106e-01 7.276978645236353849e-01
7.127036678280733728e-01 7.267783887042180702e-01 6.939669505125127813e-01 7.278855613828442150e-01
7.128048692333270875e-01 7.266907899646884994e-01 6.931139672396593454e-01 7.268385072567635774e-01
7.128771559513655820e-01 7.270455383006974026e-01 6.931717966140901188e-01 7.266141021155034796e-01
7.126169237664272682e-01 7.268912445596148464e-01 6.926657895878209903e-01 7.267910224497289295e-01
7.123711489250966755e-01 7.264896094897215217e-01 6.923043559976289618e-01 7.267601744803778852e-01
7.134265350084575408e-01 7.262713954301999175e-01 6.931139672396593454e-01 7.274792454987561996e-01
7.143084329685264189e-01 7.268707533388795161e-01 6.930995098960517353e-01 7.271114956690178932e-01
7.140192860963726629e-01 7.265055197929490838e-01 6.934609434862437638e-01 7.278080036114547013e-01
7.136433951625726912e-01 7.270143215635469502e-01 6.927236189622518747e-01 7.264581167560429931e-01
7.136000231317498610e-01 7.270849996744344068e-01 6.913067992886986479e-01 7.257455059186640467e-01
7.135855657881420289e-01 7.270832655139769507e-01 6.911477685090141598e-01 7.255256254770457991e-01
7.145975798406800639e-01 7.282215787239688654e-01 6.923766427156674563e-01 7.260057872406605606e-01
7.136867671933959656e-01 7.280300764115430479e-01 6.937211756711822996e-01 7.278482967929635894e-01
7.127036678280733728e-01 7.274909529859341362e-01 6.933452847373824390e-01 7.278610168159661553e-01
7.117639404935737213e-01 7.268716348120376480e-01 6.933741994245977702e-01 7.282420103244801046e-01
7.119374286168658195e-01 7.274466593669834946e-01 6.928392777111134215e-01 7.270315013852333141e-01
7.114314215905970240e-01 7.264452872547704221e-01 6.938512917636514565e-01 7.272941010684799146e-01
7.115759950266737910e-01 7.263513824856647760e-01 6.938512917636514565e-01 7.276402668460217882e-01
7.116193670574968433e-01 7.261750423050473691e-01 6.944874148823894089e-01 7.281652967715737113e-01
7.110844453440123836e-01 7.266027779684052224e-01 6.937790050456129620e-01 7.273501931804846610e-01
7.102025473839437275e-01 7.257855438989440078e-01 6.929693938035824674e-01 7.267299219265490606e-01
7.106073530049590303e-01 7.262005968841491743e-01 6.913357139759139791e-01 7.257673513095010964e-01
7.107374690974280762e-01 7.266013642491995217e-01 6.900634677384377413e-01 7.253753991464295670e-01
7.118651418988275470e-01 7.271267914149274203e-01 6.897887782098917064e-01 7.250444220046387001e-01
7.121976608018043553e-01 7.278415482617113241e-01 6.909309083548988983e-01 7.252098106281691381e-01
7.132385895415576105e-01 7.288169339480110587e-01 6.902947852361607239e-01 7.246537260727559104e-01
7.129494426694039655e-01 7.287292669119012078e-01 6.905694747647068699e-01 7.241639348680249944e-01
7.127325825152885930e-01 7.275268023369840797e-01 6.908875363240758460e-01 7.241571134294733092e-01
7.131084734490884536e-01 7.283716143156286904e-01 6.920296664690830379e-01 7.250070539815794968e-01
7.129928147002269068e-01 7.271281420394406503e-01 6.925935028697827178e-01 7.261463973130162231e-01
7.129494426694039655e-01 7.268919920769303378e-01 6.926513322442134912e-01 7.267991154961384037e-01
7.124289782995272269e-01 7.273532361514115641e-01 6.922465266231982994e-01 7.253186691809120346e-01
7.127759545461116453e-01 7.277818170587547764e-01 6.916537755352831773e-01 7.245514103387074023e-01
7.123856062687041746e-01 7.272062356424560114e-01 6.907863349188221314e-01 7.245843400398230827e-01
7.122265754890195755e-01 7.271151828045883114e-01 6.911766831962296020e-01 7.257406944607895927e-01
7.112145614364815405e-01 7.261847357705624173e-01 6.911622258526217699e-01 7.260540388011774704e-01
7.104049501944511569e-01 7.251233119453748266e-01 6.914080006939524736e-01 7.266634929531536891e-01
7.113302201853431983e-01 7.258609155862829621e-01 6.916537755352831773e-01 7.269154703355069636e-01
7.117061111191430589e-01 7.258796676163402628e-01 6.910176524165450029e-01 7.259417943770205550e-01
7.111278173748356579e-01 7.260734437629025040e-01 6.908441642932526827e-01 7.259473327650691754e-01
7.116916537755352268e-01 7.266850777225946079e-01 6.899044369587532533e-01 7.240173095075568277e-01
7.108820425335049542e-01 7.262225406016494800e-01 6.897020341482456018e-01 7.236059603886351166e-01
7.109398719079356166e-01 7.262919282768400819e-01 6.901357544564761248e-01 7.241952142110240631e-01
7.124434356431350590e-01 7.276709369698675101e-01 6.892249418091920266e-01 7.239778271861966319e-01
7.134409923520652619e-01 7.282672885335945701e-01 6.890803683731151486e-01 7.241791807792455904e-01
7.139180846911190592e-01 7.288291220792157965e-01 6.894996313377379504e-01 7.252243353647670476e-01
7.142072315632725932e-01 7.288882033280282835e-01 6.906706761699604735e-01 7.264978549489542470e-01
7.132385895415577215e-01 7.274744860002186897e-01 6.923332706848444040e-01 7.288804179343529865e-01
7.129783573566192967e-01 7.266817282505279030e-01 6.928103630238979793e-01 7.283520509457537262e-01
7.131663028235193380e-01 7.274078553877422193e-01 6.915525741300293516e-01 7.271255259053324149e-01
7.136867671933959656e-01 7.282414355420222529e-01 6.907140482007836368e-01 7.264610277280818540e-01
7.148288973384031575e-01 7.289471396606626019e-01 6.900345530512224101e-01 7.252847310167515049e-01
7.146843239023262795e-01 7.282849846953003414e-01 6.902658705489452817e-01 7.241188744915054709e-01
7.144530064046032969e-01 7.283270255238398772e-01 6.906995908571760268e-01 7.243389013683692035e-01
7.146987812459337785e-01 7.284241902039100269e-01 6.907863349188220203e-01 7.244967699703344088e-01
7.145252931226416804e-01 7.279332603420991532e-01 6.906706761699605845e-01 7.239122529196785338e-01
7.142216889068802033e-01 7.275501669991701892e-01 6.901068397692609047e-01 7.243175913633022045e-01
7.142216889068802033e-01 7.277828146413081178e-01 6.894707166505227303e-01 7.240179513068182304e-01
7.151180442105568025e-01 7.284359742465449372e-01 6.891092830603304797e-01 7.239116001535039757e-01
7.154361057699258897e-01 7.280777911887130749e-01 6.897743208662840964e-01 7.241183820173985319e-01
7.147132385895416107e-01 7.278978236151049108e-01 6.906273041391375322e-01 7.249104533386157012e-01
7.141060301580187675e-01 7.277643913296767408e-01 6.916537755352831773e-01 7.257115676791208170e-01
7.143951770301724125e-01 7.283206379615587700e-01 6.922609839668060205e-01 7.264537911516697477e-01
7.153782763954950052e-01 7.291285882985195643e-01 6.918417210021831076e-01 7.258584407591136545e-01
7.163613757608177091e-01 7.297277647080309126e-01 6.914586013965793310e-01 7.253443238730048481e-01
7.167661813818329009e-01 7.300216323714556754e-01 6.926513322442133802e-01 7.260148110205775218e-01
7.161734302939177788e-01 7.292102135532370077e-01 6.937645477020053519e-01 7.274517581372148545e-01
7.160288568578410118e-01 7.286334423542920602e-01 6.930705952088364041e-01 7.266773460369305715e-01
7.157107952984718136e-01 7.276054327914749376e-01 6.919140077202214911e-01 7.253765833548201369e-01
7.155445358469834094e-01 7.274643597049407218e-01 6.906273041391374212e-01 7.249907027339759225e-01
7.159131981089794650e-01 7.288225933758007979e-01 6.906995908571758047e-01 7.254905662702835212e-01
7.156674232676488723e-01 7.291288314569771556e-01 6.905261027338835955e-01 7.254347054812771978e-01
7.152047882722027961e-01 7.284448376074157405e-01 6.924633867773135609e-01 7.265188599400395075e-01
7.137735112550419592e-01 7.273032774843555259e-01 6.934464861426362647e-01 7.272305270199515004e-01
7.149590134308723144e-01 7.284934784635087590e-01 6.919718370946521535e-01 7.261217081563587916e-01
7.156818806112565934e-01 7.295079499709400395e-01 6.912345125706602644e-01 7.261755073648392678e-01
7.156385085804335411e-01 7.294494650419295345e-01 6.916971475661062296e-01 7.267490197626038650e-01
7.134409923520651509e-01 7.276489748476032693e-01 6.928826497419362518e-01 7.273005265469352221e-01
7.124723503303502792e-01 7.268212494723301775e-01 6.948054764417584961e-01 7.283688781388117928e-01
7.135711084445344188e-01 7.274409169162417976e-01 6.943717561335279731e-01 7.285346649122239615e-01
7.145975798406800639e-01 7.279758877696785868e-01 6.939958651997282235e-01 7.276529686739594549e-01
7.158987407653719659e-01 7.288561359249434712e-01 6.918850930330061599e-01 7.264596180848825746e-01
7.164625771660715348e-01 7.294762375723389258e-01 6.905261027338837065e-01 7.245992408060819567e-01
7.155228498315718833e-01 7.296119688283815297e-01 6.902080411745146193e-01 7.247635071519022976e-01
7.132675042287730527e-01 7.285493039313886143e-01 6.914658300683832470e-01 7.251409840611330315e-01
7.125880090792118260e-01 7.282002105639516776e-01 6.908441642932526827e-01 7.246696370573126877e-01
7.130217293874423490e-01 7.276472790847615668e-01 6.905116453902759854e-01 7.248388597861650240e-01
7.135277364137113665e-01 7.279986918012602004e-01 6.904971880466683753e-01 7.246935095505711022e-01
7.136578525061806344e-01 7.288070182982436807e-01 6.910176524165450029e-01 7.255260449434450809e-01
7.132530468851652206e-01 7.286972870037663474e-01 6.904249013286299919e-01 7.244675406143398222e-01
7.129494426694040765e-01 7.281642733313030691e-01 6.894996313377380615e-01 7.237112729557468871e-01
7.143084329685263079e-01 7.290353972718204290e-01 6.890008529832727380e-01 7.240633906186559887e-01
7.151903309285952970e-01 7.297424170977956370e-01 6.888635082189998871e-01 7.239299460384800433e-01
7.154939351443565521e-01 7.304358682796933122e-01 6.891092830603303687e-01 7.241921145925375169e-01
7.147710679639722731e-01 7.299703021185086627e-01 6.898032355534994275e-01 7.246840074321383440e-01
7.134554496956730940e-01 7.294547164410885021e-01 6.902658705489453927e-01 7.253566201986882955e-01
7.134843643828884252e-01 7.294277697188155107e-01 6.917260622533215608e-01 7.257521107595609200e-01
7.135421937573189766e-01 7.292115765300513086e-01 6.918128063149676654e-01 7.257768376419030387e-01
7.146987812459340006e-01 7.298780699362001911e-01 6.898610649279300899e-01 7.243495998185346396e-01
7.153927337391029484e-01 7.300267263355523228e-01 6.907863349188221314e-01 7.248821987489006968e-01
