8.276250921655654569e-01 8.498945806669726544e-01 7.787080867293684205e-01 8.195981689913631740e-01
8.285792768436728295e-01 8.509968929827087525e-01 7.797518632821975881e-01 8.212339866544401401e-01
8.283768740331651781e-01 8.515225418146159519e-01 7.807166513391371465e-01 8.222116205113109144e-01
8.298370657375414572e-01 8.531846676958496634e-01 7.819184048837457546e-01 8.233150829736582965e-01
8.311671413494484684e-01 8.539781726300907927e-01 7.836392256870590156e-01 8.248694672467853373e-01
8.325984183666091942e-01 8.554579925832069831e-01 7.858339774657104870e-01 8.263606220848529471e-01
8.338562072604779329e-01 8.567998281066530053e-01 7.879497407484725713e-01 8.282505686293649694e-01
8.364151570790382406e-01 8.587064196611056133e-01 7.903193956251657326e-01 8.306508670205197120e-01
8.381211236247452234e-01 8.601336326171735713e-01 7.931629814771976594e-01 8.329764620270732056e-01
8.395813153291215025e-01 8.610074542397454511e-01 7.953690173266907415e-01 8.346759771564218333e-01
8.416631728086282349e-01 8.633147577020721108e-01 7.972026788384176665e-01 8.365253513310992872e-01
8.437594876317424664e-01 8.651142541666937413e-01 7.989629938896756212e-01 8.377235668662113000e-01
8.462316933886567805e-01 8.672650353784199240e-01 8.016768129270315235e-01 8.398601816989401669e-01
8.472437074411948155e-01 8.682758081640563619e-01 8.034991903679172820e-01 8.412450432806678480e-01
8.477352571238561119e-01 8.687423183581325370e-01 8.047178700187880285e-01 8.422577296523372503e-01
8.475328543133484605e-01 8.686050528314612773e-01 8.052312952420714876e-01 8.424345088042389795e-01
8.481111480576558614e-01 8.693767626461981202e-01 8.063202080782663206e-01 8.430117437791905255e-01
8.483135508681635129e-01 8.699419511561126139e-01 8.064894691408872607e-01 8.426674300433548703e-01
8.479954893087944257e-01 8.701779470602459821e-01 8.062412195823766003e-01 8.422972387001912420e-01
8.470268472870794429e-01 8.695395584014199430e-01 8.069972523287500810e-01 8.425654762633718597e-01
8.469690179126486695e-01 8.697062973011890907e-01 8.084980337506559867e-01 8.440454796592941067e-01
8.477641718110714431e-01 8.707734863606448883e-01 8.101624341997619716e-01 8.450233284553281266e-01
8.480099466524022578e-01 8.708424520460000817e-01 8.110030974774459223e-01 8.454514376874863180e-01
8.481400627448711926e-01 8.710349961574822553e-01 8.118832550030750106e-01 8.460486046954438510e-01
8.488484725816480836e-01 8.719583375522590440e-01 8.125264470410344941e-01 8.461027955407954826e-01
8.497737425725397920e-01 8.728945794338045516e-01 8.137733368690088787e-01 8.466084958091477652e-01
8.496002544492473607e-01 8.727478565476693984e-01 8.147663351030518530e-01 8.474777854081277928e-01
8.502797495988088095e-01 8.735400060957336787e-01 8.149073859885692661e-01 8.474834287436379121e-01
8.512339342769159600e-01 8.746009066643982699e-01 8.151782036887628147e-01 8.478183572165434168e-01
8.514363370874235004e-01 8.753833829008019762e-01 8.154546634243768910e-01 8.477963490235914668e-01
8.513351356821697857e-01 8.753489491440296089e-01 8.153023284680180893e-01 8.473156266233679013e-01
8.511471902152698554e-01 8.752804144460983871e-01 8.157367651954118282e-01 8.471845562882144298e-01
8.503520363168473040e-01 8.746701486217332011e-01 8.168256780316067722e-01 8.477909873011159059e-01
8.490508753921555130e-01 8.731121683296816371e-01 8.175704267071388642e-01 8.485171641355506722e-01
8.478942879035404889e-01 8.724019796093905876e-01 8.182418289222019858e-01 8.489159213345722765e-01
8.470846766615102164e-01 8.716783784104327193e-01 8.194830767147556205e-01 8.493348534166860198e-01
8.462895227630874428e-01 8.711197085980302290e-01 8.190599240582032703e-01 8.483961195218674423e-01
8.453642527721956235e-01 8.701036047907841908e-01 8.187044758266992517e-01 8.475758233690753318e-01
8.443088666888346472e-01 8.687655501680665582e-01 8.190712081290445479e-01 8.473152931222006634e-01
8.434992554468040415e-01 8.685002154967977894e-01 8.196805479544801987e-01 8.478925527213981850e-01
8.422270092093278038e-01 8.681392694122098685e-01 8.195282129981211749e-01 8.474521516386857023e-01
8.420824357732510368e-01 8.681685173320015103e-01 8.195733492814867294e-01 8.472610820538051257e-01
8.410704217207132238e-01 8.676138824896573176e-01 8.195959174231696176e-01 8.473733218998302785e-01
8.407812748485594678e-01 8.673396331188053532e-01 8.195789913169075902e-01 8.474022585008871289e-01
8.398560048576674264e-01 8.659904404931610955e-01 8.194830767147555095e-01 8.467012468937249459e-01
8.394222845494369034e-01 8.653206465307199391e-01 8.192461112270862378e-01 8.467251893320913991e-01
8.393789125186138511e-01 8.654730757208231040e-01 8.187044758266992517e-01 8.459592567234726079e-01
8.385548439329757464e-01 8.648805564834531889e-01 8.182643970638847630e-01 8.454138313422802087e-01
8.383958131532911473e-01 8.645613116207293558e-01 8.174575859987249782e-01 8.446470410497235459e-01
8.389596495539908272e-01 8.651423987837534302e-01 8.165717864376751400e-01 8.434431105074220447e-01
8.385548439329757464e-01 8.644601392351688451e-01 8.161486337811230118e-01 8.432553887094151879e-01
8.369211641053073691e-01 8.637429027098739720e-01 8.161881280290677054e-01 8.432761431824424836e-01
8.362994983301768048e-01 8.629362754127436475e-01 8.164194514813164494e-01 8.435634731101008255e-01
8.352151975596004974e-01 8.619424818659291443e-01 8.174688700695662558e-01 8.446987194461375026e-01
8.341453541326318000e-01 8.607350607343934312e-01 8.186198452953887816e-01 8.457671186958517495e-01
8.342176408506701835e-01 8.604989333748201963e-01 8.182926072409881790e-01 8.456056985013269411e-01
8.336682617935780026e-01 8.600720835991239044e-01 8.167861837836618566e-01 8.446000674857171431e-01
8.317743497809712006e-01 8.588184352664529619e-01 8.161034974977572354e-01 8.437546210724056195e-01
8.301840419841257646e-01 8.575671319198562292e-01 8.147099147488447990e-01 8.424269903805209347e-01
8.284347034075959515e-01 8.568133330249356749e-01 8.128480430600142359e-01 8.410023388752101425e-01
8.267721088927120210e-01 8.554659026252302567e-01 8.108056262377216772e-01 8.392743883566460283e-01
8.247480807876361730e-01 8.545352075911479828e-01 8.102470647310724416e-01 8.391487472216725418e-01
8.238228107967442426e-01 8.534685778910691134e-01 8.102865589790173573e-01 8.391451204359455796e-01
8.231866876780060682e-01 8.532410362565218120e-01 8.104783881833209636e-01 8.399876075118555274e-01
8.229264554930676434e-01 8.531844364538437864e-01 8.100157412788236977e-01 8.398326251873158288e-01
8.231288583035754058e-01 8.539281617574767669e-01 8.086955049903803427e-01 8.384408759025514524e-01
8.219867281585682139e-01 8.529563478233281870e-01 8.084359713610282938e-01 8.382237128536169646e-01
8.221023869074296497e-01 8.530154785933234951e-01 8.096941452598439559e-01 8.387839932347435079e-01
8.223047897179371901e-01 8.530207650437361400e-01 8.097618496848922875e-01 8.390643010239992039e-01
8.207289392646995863e-01 8.521719258619030457e-01 8.104783881833209636e-01 8.394402137736156622e-01
8.204831644233687715e-01 8.519372804972038526e-01 8.112005687171703894e-01 8.399638127104608332e-01
8.210614581676762835e-01 8.524678747614559127e-01 8.121145784553234215e-01 8.405453881945426087e-01
8.220011855021758240e-01 8.530427951450867408e-01 8.125433731472966326e-01 8.411668130834009105e-01
8.231577729907906260e-01 8.531304159538939391e-01 8.123853961555171921e-01 8.412821604186913049e-01
8.240975003252901665e-01 8.538059475756880623e-01 8.118099085426058181e-01 8.410998370904898547e-01
8.247191661004207308e-01 8.544603713181863069e-01 8.101398660580790834e-01 8.400633616822994476e-01
8.238950975147826261e-01 8.546209971310232412e-01 8.083908350776626284e-01 8.385630457355930378e-01
8.243866471974440335e-01 8.552160819232331734e-01 8.075276036582957895e-01 8.378358303967190501e-01
8.239384695456055674e-01 8.547129716771193486e-01 8.084980337506559867e-01 8.384070804175062230e-01
8.251673437522588639e-01 8.553993287419402458e-01 8.097336395077888715e-01 8.393398693602528438e-01
8.253263745319435740e-01 8.552574523940554840e-01 8.107492058835146231e-01 8.401354075400497834e-01
8.254709479680204520e-01 8.555768831502434946e-01 8.117139939404539595e-01 8.413211055579745690e-01
8.250516850033975391e-01 8.551784829668160892e-01 8.120750842073786169e-01 8.418464518424289000e-01
8.249793982853590446e-01 8.548837671793394488e-01 8.118550448259715946e-01 8.413113228630759721e-01
8.240396709508595041e-01 8.540287629117359058e-01 8.124474585451447739e-01 8.414860071535568142e-01
8.231433156471830159e-01 8.533442598696270309e-01 8.125320890764552439e-01 8.415821190783689953e-01
8.227240526825599920e-01 8.530065596431697372e-01 8.132204173977803929e-01 8.427506842462184622e-01
8.224204484667987369e-01 8.531459750013712373e-01 8.124531005805655237e-01 8.422271264628842236e-01
8.209168847315995166e-01 8.523210710229616183e-01 8.122781974825238338e-01 8.417588520849985656e-01
8.195145224016537888e-01 8.518010699891791493e-01 8.119509594281233422e-01 8.409023534332478178e-01
8.188639419393080043e-01 8.508835722383676359e-01 8.134630249208704145e-01 8.418959781376970097e-01
8.197602972429844925e-01 8.515196927201661437e-01 8.136266439480707158e-01 8.424495123316670941e-01
8.207578539519149174e-01 8.522803365427708000e-01 8.123910381909378309e-01 8.412953456476194303e-01
8.212638609781838239e-01 8.522883484491032835e-01 8.119678855343854806e-01 8.405986917000286551e-01
8.222325029998988066e-01 8.522086397331498642e-01 8.123064076596273608e-01 8.406444992578570030e-01
8.223192470615450222e-01 8.522527299224325059e-01 8.127239182807590723e-01 8.414398814745009947e-01
8.210470008240684514e-01 8.510982766335787320e-01 8.126618558911313794e-01 8.416420780139615143e-01
8.212927756653993772e-01 8.513582929830469936e-01 8.124192483680412469e-01 8.416171975072171962e-01
8.210903728548915037e-01 8.512207162901594959e-01 8.124248904034619967e-01 8.418236967503957002e-01
8.231288583035751838e-01 8.528813824955651102e-01 8.123120496950479996e-01 8.418854023320003765e-01
8.243143604794054280e-01 8.539238350720541604e-01 8.126844240328141566e-01 8.420632287159142138e-01
8.242999031357979289e-01 8.546402345370749387e-01 8.129326735913248170e-01 8.417475530806590722e-01
8.238228107967442426e-01 8.538830249419192553e-01 8.141908474901407011e-01 8.424457580327240347e-01
8.229842848674984168e-01 8.531535494122565177e-01 8.147550510322103534e-01 8.428060685948971509e-01
8.227240526825601030e-01 8.530651357942427016e-01 8.150540789095074290e-01 8.431678544287951604e-01
8.238661828275672949e-01 8.537558682823660483e-01 8.147324828905277982e-01 8.424438884623780543e-01
8.242131590741518243e-01 8.535416882533386485e-01 8.154772315660597792e-01 8.432920189015157275e-01
8.243432751666208702e-01 8.540533729909108862e-01 8.151387094408178990e-01 8.432067148986560623e-01
8.222180456562910855e-01 8.529133443611928156e-01 8.145857899695894133e-01 8.427488030337572100e-01
8.218132400352758937e-01 8.527951166274638783e-01 8.136887063376985196e-01 8.417156858589565083e-01
8.214951784759068065e-01 8.524849588148994961e-01 8.129665258038489828e-01 8.410199153086930224e-01
8.228686261186368700e-01 8.530292589199195419e-01 8.129044634142215120e-01 8.408060441363816029e-01
8.231722303343983471e-01 8.525462137667714213e-01 8.139369558962091800e-01 8.417300552340525321e-01
8.227818820569909875e-01 8.520347117714277552e-01 8.140272284629403998e-01 8.419745867169495801e-01
8.227529673697755452e-01 8.520099835667748200e-01 8.137169165148018246e-01 8.415205794647333537e-01
8.221457589382528131e-01 8.518986659965603891e-01 8.132881218228288356e-01 8.415501381123615676e-01
8.222325029998988066e-01 8.523557876724688898e-01 8.124813107576689397e-01 8.411414746850902624e-01
8.222758750307217479e-01 8.524516776715083122e-01 8.124305324388827465e-01 8.409381632604177037e-01
8.228686261186369810e-01 8.526384764715336795e-01 8.123064076596273608e-01 8.405163267058273213e-01
8.228686261186370920e-01 8.528096205867520263e-01 8.118606868613921224e-01 8.401344681916486090e-01
8.227818820569908764e-01 8.531004841160577667e-01 8.113980399568947455e-01 8.396243048887104266e-01
8.228107967442063186e-01 8.539319789165347174e-01 8.124023222617792195e-01 8.405916517413480893e-01
8.241842443869362711e-01 8.554143350151512948e-01 8.124982368639310781e-01 8.410138142670872119e-01
8.243721898538363124e-01 8.556447106014195558e-01 8.122499873054203068e-01 8.409161968101741547e-01
8.237938961095289114e-01 8.546331400229350006e-01 8.131075766893666179e-01 8.414454912749308457e-01
8.227963394005985975e-01 8.534842636340493893e-01 8.133671103187185558e-01 8.412338243932828696e-01
8.231577729907906260e-01 8.534722064503976746e-01 8.135138032396568297e-01 8.410527075024217813e-01
8.240396709508595041e-01 8.536394838093506188e-01 8.139087457191056529e-01 8.416849605886008723e-01
8.240685856380749463e-01 8.531584226309487651e-01 8.140103023566781504e-01 8.419962847254874871e-01
8.242709884485823757e-01 8.529254965308854519e-01 8.144673072257546664e-01 8.420202950002568798e-01
8.236493226734520334e-01 8.530378785976963085e-01 8.141795634192992015e-01 8.417793259483454804e-01
8.228830834622444801e-01 8.533097472753354840e-01 8.134066045666634714e-01 8.411098037649087367e-01
8.215963798811606322e-01 8.527234887763086579e-01 8.136435700543328542e-01 8.411750444781859182e-01
8.220590148766065974e-01 8.526936206979758293e-01 8.137225585502225744e-01 8.415621975874578720e-01
8.230565715855368003e-01 8.529746473620224423e-01 8.144898753674375547e-01 8.424322926298010161e-01
8.237505240787057481e-01 8.533526806031329626e-01 8.152176979367076193e-01 8.429738739005636639e-01
8.231722303343984581e-01 8.526667224273929424e-01 8.155505780265288607e-01 8.434529018006624579e-01
8.238228107967442426e-01 8.529847139210244844e-01 8.163291789145852295e-01 8.441383148409223880e-01
8.236637800170595325e-01 8.530069623335848616e-01 8.155223678494253337e-01 8.427853273019848546e-01
8.234324625193366609e-01 8.535168801086860935e-01 8.140441545692023162e-01 8.410197118947433381e-01
8.230565715855369113e-01 8.533631706564402952e-01 8.123797541200963312e-01 8.398766363670628898e-01
8.227963394005985975e-01 8.536421014886158565e-01 8.125320890764552439e-01 8.405264627092812191e-01
8.240685856380749463e-01 8.543575688246817235e-01 8.131301448310492841e-01 8.418526140934228241e-01
8.238806401711749050e-01 8.541243203929632655e-01 8.127972647412280427e-01 8.413008145880817024e-01
8.245023059463053583e-01 8.545933285943505542e-01 8.117760563300816523e-01 8.398553023767251213e-01
8.243288178230132601e-01 8.544812780377580852e-01 8.112005687171703894e-01 8.390984906784657582e-01
8.237794387659210793e-01 8.536425602686960046e-01 8.118155505780266790e-01 8.397956684084577628e-01
8.237360667350981380e-01 8.536167750777140517e-01 8.124023222617792195e-01 8.403078564008152895e-01
8.244155618846593647e-01 8.540468978389068599e-01 8.134968771333946913e-01 8.411508026985339281e-01
8.242565311049747656e-01 8.542188722832984027e-01 8.143262563402373644e-01 8.418549471252916305e-01
8.228975408058523122e-01 8.529433456909366607e-01 8.144447390840720002e-01 8.417434229984439575e-01
8.222903323743294690e-01 8.523919891747164801e-01 8.135984337709672998e-01 8.412126476223948934e-01
8.216542092555914056e-01 8.522464596451486685e-01 8.126167196077656030e-01 8.401929583919109934e-01
8.215819225375529111e-01 8.525386161569694643e-01 8.115475538955433388e-01 8.391937527175148404e-01
8.213216903526145973e-01 8.526245218512011892e-01 8.110313076545494493e-01 8.389845079024129681e-01
8.207723112955225275e-01 8.518675195864608973e-01 8.117816983655021801e-01 8.398940417276018477e-01
8.218421547224912249e-01 8.527770477450216102e-01 8.127295603161796000e-01 8.406416672278318458e-01
8.224493631540141791e-01 8.535339525565454055e-01 8.134573828854497757e-01 8.410328431268380145e-01
8.236059506426289811e-01 8.542357817044813340e-01 8.138241151877950719e-01 8.410592356508330703e-01
8.239673842328210096e-01 8.543430912626794882e-01 8.139538820024712074e-01 8.410615499407529949e-01
8.236348653298443123e-01 8.536838531050779943e-01 8.143375404110787530e-01 8.413213815417579511e-01
8.237360667350981380e-01 8.543189948014763280e-01 8.135589395230223841e-01 8.411131693501061601e-01
8.223337044051526323e-01 8.532982443631328406e-01 8.125490151827173824e-01 8.403997231173645499e-01
8.210325434804608413e-01 8.518209179350793026e-01 8.116632156216676552e-01 8.401980603569252359e-01
8.208590553571686321e-01 8.518501444291146640e-01 8.117252780112954591e-01 8.404342434138007967e-01
8.220011855021758240e-01 8.531894941657877096e-01 8.120694421719579781e-01 8.403370382568362551e-01
8.242131590741518243e-01 8.547023757853778880e-01 8.129665258038489828e-01 8.406362327689432812e-01
8.251673437522590859e-01 8.557254734358572534e-01 8.127521284578624883e-01 8.400196841200835429e-01
8.249793982853590446e-01 8.549851813039845982e-01 8.143544665173408914e-01 8.412892687253910040e-01
8.238950975147826261e-01 8.542278964782799022e-01 8.147381249259482150e-01 8.417222945196884965e-01
8.240396709508595041e-01 8.543798479192288298e-01 8.144221709423891120e-01 8.416328196911033732e-01
8.222035883126834754e-01 8.538428364537071769e-01 8.120638001365373393e-01 8.398360538084048699e-01
8.217264959736297891e-01 8.535056517302239687e-01 8.110313076545494493e-01 8.390382894477719233e-01
8.221313015946449809e-01 8.541759612278715386e-01 8.106476492459420147e-01 8.384409476685655838e-01
8.227963394005985975e-01 8.542825378876556242e-01 8.107548479189351509e-01 8.389669117989808633e-01
8.235192065809828765e-01 8.539740732033884729e-01 8.108733306627700088e-01 8.389597055186336361e-01
8.230276568983214691e-01 8.537481889516985722e-01 8.103204111915414121e-01 8.390799163023637819e-01
8.225939365900909461e-01 8.536571933327091743e-01 8.103542634040656889e-01 8.391740654064476779e-01
8.228830834622445911e-01 8.541860181789138196e-01 8.102639908373344690e-01 8.390101565517673610e-01
8.220734722202143185e-01 8.539188049568243732e-01 8.103937576520106045e-01 8.392919629512964885e-01
8.221457589382525910e-01 8.538691810684253536e-01 8.110313076545494493e-01 8.396913020146157258e-01
8.221313015946450919e-01 8.533285205131442286e-01 8.124474585451446629e-01 8.409133742534334877e-01
8.226951379953446608e-01 8.530634807970017830e-01 8.131809231498354773e-01 8.411344292298500447e-01
8.238517254839596848e-01 8.541972425123918189e-01 8.122330611991582794e-01 8.402538058719848379e-01
8.246902514132052886e-01 8.548584414624609273e-01 8.109748873003423952e-01 8.391586186705639605e-01
8.241842443869362711e-01 8.544310901702597549e-01 8.111159381858599193e-01 8.391144949574271816e-01
8.234758345501598242e-01 8.534419329440561253e-01 8.124756687222484119e-01 8.404190700399751801e-01
8.229553701802830856e-01 8.525729093461499319e-01 8.129890939455317600e-01 8.410960661435047392e-01
8.228975408058523122e-01 8.526093955095545018e-01 8.132091333269388933e-01 8.414671356048317730e-01
8.232011450216136783e-01 8.533323056984353228e-01 8.128311169537523195e-01 8.409695468056541667e-01
8.229698275238908067e-01 8.538645446425671137e-01 8.122499873054203068e-01 8.404825605455295001e-01
8.224638204976217892e-01 8.539004102486383863e-01 8.112569890713773324e-01 8.397944505549862493e-01
8.205265364541919348e-01 8.517599350737092845e-01 8.112964833193223591e-01 8.397728528885037846e-01
8.208445980135609110e-01 8.521594056284094165e-01 8.119509594281232312e-01 8.396966996399242156e-01
8.215096358195146387e-01 8.525204753423245574e-01 8.107661319897765395e-01 8.388113826394235639e-01
8.233457184576906673e-01 8.539313169438234041e-01 8.106645753522039310e-01 8.386392343361317447e-01
8.233746331449061095e-01 8.539127469447469476e-01 8.114883125236260764e-01 8.394387151831151916e-01
8.225505645592678938e-01 8.532189088127002385e-01 8.118945390739162882e-01 8.398806847440282164e-01
8.217264959736297891e-01 8.528288007523989744e-01 8.125264470410344941e-01 8.406081589309846169e-01
8.210903728548915037e-01 8.522759021502238630e-01 8.128367589891729583e-01 8.407982825720528020e-01
8.205120791105843248e-01 8.518565535132043287e-01 8.124079642971998583e-01 8.405247873065793129e-01
8.224927351848371204e-01 8.532740128281230962e-01 8.119453173927025924e-01 8.398854116863126995e-01
8.234180051757289398e-01 8.544258645807105701e-01 8.125405521295863132e-01 8.403791183149871280e-01
8.240541282944672252e-01 8.550111702842647654e-01 8.123515439429929152e-01 8.400141221274443071e-01
8.243721898538363124e-01 8.553495287406287506e-01 8.117478461529781253e-01 8.398633620759433649e-01
8.232589743960445627e-01 8.546650688114991734e-01 8.121935669512133638e-01 8.405931845753018550e-01
8.233168037704752251e-01 8.538036169029918909e-01 8.131865651852562271e-01 8.415938283885833204e-01
8.220879295638219286e-01 8.529291734195003638e-01 8.135194452750773575e-01 8.418873185745815446e-01
8.219578134713527717e-01 8.530680062021922527e-01 8.135363713813394959e-01 8.417227432570835166e-01
8.226517659645217195e-01 8.536262555983239464e-01 8.132373435040425314e-01 8.411765448303547554e-01
8.222035883126833644e-01 8.537107585270485854e-01 8.125772253598209094e-01 8.403538316703421662e-01
8.219144414405297194e-01 8.536355609299611791e-01 8.129326735913249280e-01 8.408226384352408544e-01
8.222758750307219699e-01 8.541933830349657253e-01 8.123459019075722765e-01 8.403351781146978228e-01
8.218566120660989460e-01 8.538620573316419993e-01 8.122669134116824452e-01 8.401391807889752039e-01
8.209891714496377890e-01 8.531361686950731382e-01 8.133671103187185558e-01 8.409590686413034311e-01
8.197602972429846035e-01 8.517843300784713190e-01 8.141908474901407011e-01 8.420218624035280541e-01
8.208301406699531899e-01 8.519962380818624226e-01 8.147099147488447990e-01 8.425783084028891645e-01
8.212927756653993772e-01 8.523812503133940677e-01 8.146478523592172172e-01 8.424742258533012285e-01
8.217987826916681726e-01 8.529792794233618247e-01 8.132429855394631701e-01 8.411906880859386648e-01
8.227240526825601030e-01 8.534381385693186051e-01 8.124023222617791085e-01 8.401216421207403640e-01
8.224493631540140681e-01 8.531791448402189504e-01 8.120468740302752009e-01 8.395466977979441081e-01
8.227674247133831553e-01 8.537016596299377147e-01 8.128649691662765964e-01 8.401498213447246011e-01
8.222469603435065277e-01 8.538702166023640627e-01 8.130398722643181753e-01 8.406403612376509571e-01
8.219144414405297194e-01 8.538261986590313102e-01 8.130398722643180642e-01 8.406689503938278296e-01
8.226662233081293296e-01 8.540546656621996746e-01 8.133671103187185558e-01 8.407611310923469583e-01
8.225361072156602837e-01 8.537836220156231892e-01 8.135476554521809955e-01 8.405770536864854980e-01
8.225071925284448415e-01 8.533400577423999600e-01 8.134517408500291369e-01 8.403774567868809164e-01
8.228252540878138177e-01 8.538222852434695920e-01 8.134968771333945803e-01 8.404094567771186464e-01
8.237938961095288004e-01 8.546235152017851444e-01 8.132429855394631701e-01 8.403941108108039515e-01
8.242709884485824867e-01 8.550736575027749753e-01 8.128875373079591515e-01 8.404304687755389525e-01
8.245167632899131904e-01 8.562463086755967012e-01 8.113472616381085523e-01 8.394681485638172402e-01
8.248348248492822776e-01 8.563934617050050768e-01 8.107379218126731235e-01 8.391559626166192887e-01
8.248637395364974978e-01 8.564271737803210716e-01 8.115729430549365464e-01 8.397701198736114980e-01
8.244589339154823060e-01 8.552464806784065843e-01 8.132204173977803929e-01 8.414188473324976103e-01
8.239818415764288417e-01 8.540618281683407531e-01 8.145688638633272749e-01 8.420407424110732952e-01
8.230710289291445214e-01 8.530744873741478163e-01 8.150653629803488176e-01 8.421451103793453630e-01
8.228975408058522012e-01 8.531802249574912400e-01 8.146986306780032994e-01 8.419906953833498076e-01
8.232589743960445627e-01 8.539740158188033892e-01 8.137225585502225744e-01 8.411585281981124318e-01
8.227095953389522709e-01 8.543910900048119483e-01 8.138015470461124057e-01 8.413982506559076757e-01
8.220301001893910442e-01 8.540670806757002520e-01 8.137056324439604360e-01 8.413021676304635044e-01
8.227674247133831553e-01 8.540873368890729012e-01 8.142867620922924488e-01 8.418909017652416171e-01
8.226951379953448829e-01 8.535280122219757182e-01 8.140272284629402888e-01 8.414074902679147261e-01
8.228830834622447021e-01 8.533534582734396690e-01 8.135984337709671887e-01 8.407642274068204413e-01
8.248492821928897767e-01 8.549019931333812217e-01 8.124361744743033853e-01 8.399693576189439792e-01
8.251239717214359226e-01 8.557625289498558274e-01 8.117422041175574865e-01 8.396951562253835988e-01
8.264685046769506549e-01 8.568455213279126959e-01 8.127690545641246267e-01 8.407175865036353724e-01
8.258468389018200906e-01 8.561788110424705112e-01 8.130906505831043685e-01 8.411629545659877749e-01
8.240541282944671142e-01 8.548813557439054467e-01 8.130962926185251183e-01 8.412148056126116380e-01
8.235047492373750444e-01 8.540674522955811199e-01 8.140554386400438158e-01 8.418550327175444714e-01
8.222035883126834754e-01 8.530496970389387368e-01 8.140215864275196500e-01 8.417892457466462641e-01
8.229987422111060269e-01 8.534380550430320511e-01 8.139651660733125960e-01 8.417699971858483288e-01
8.231433156471830159e-01 8.541650488538322650e-01 8.132147753623597541e-01 8.411397470379516905e-01
8.235770359554135389e-01 8.543019424274335138e-01 8.134686669562911643e-01 8.408233268047290432e-01
8.238806401711749050e-01 8.547930106413996754e-01 8.130173041226351760e-01 8.405078134160856029e-01
8.225939365900909461e-01 8.539622262442581047e-01 8.133106899645117238e-01 8.404879518339677391e-01
8.229409128366753645e-01 8.536362115306613818e-01 8.140159443920989002e-01 8.412391812812227698e-01
8.225939365900909461e-01 8.537678930056583626e-01 8.141739213838784517e-01 8.417456536168328451e-01
8.226662233081294406e-01 8.543094646925545321e-01 8.144334550132305006e-01 8.420303376840090337e-01
8.234902918937674343e-01 8.547602373244308493e-01 8.151499935116592876e-01 8.424880674893209243e-01
8.248637395364976088e-01 8.556803679227714676e-01 8.155054417431633063e-01 8.425907169011365161e-01
8.255287773424511144e-01 8.558732874079553188e-01 8.147268408551069374e-01 8.415846169589928927e-01
8.254564906244128419e-01 8.558500931637877951e-01 8.126957081036555453e-01 8.399706530433150853e-01
8.237071520478826958e-01 8.538942320352059800e-01 8.132091333269388933e-01 8.409628263658132097e-01
8.228541687750293709e-01 8.525935450801558346e-01 8.141062169588300090e-01 8.419823821546634779e-01
8.240685856380748353e-01 8.545675713059914802e-01 8.139087457191056529e-01 8.416666579846252549e-01
8.239240122019980683e-01 8.544932397845566019e-01 8.143713926236028078e-01 8.419529476213394314e-01
8.236059506426289811e-01 8.544950626236710312e-01 8.139933762504161230e-01 8.415073378483184374e-01
8.235625786118058178e-01 8.545457834489358362e-01 8.134517408500290259e-01 8.411190455048791481e-01
8.235192065809828765e-01 8.545997645931255882e-01 8.123289758013101380e-01 8.403926951062667960e-01
8.239818415764287307e-01 8.550910010384966675e-01 8.125715833244000486e-01 8.409898665877079127e-01
8.233746331449058875e-01 8.544703893037209896e-01 8.119396753572820646e-01 8.406428909299066277e-01
8.234180051757289398e-01 8.544139265464762989e-01 8.116688576570884051e-01 8.402623815047410849e-01
8.239240122019979573e-01 8.550384514805816627e-01 8.112908412839014982e-01 8.396837318163483666e-01
8.238517254839595738e-01 8.549735348979927707e-01 8.116857837633504325e-01 8.397316640288711165e-01
8.247480807876361730e-01 8.555773998952608261e-01 8.127464864224418495e-01 8.407594673139606734e-01
8.253842039063741254e-01 8.559045213333591473e-01 8.138523253648985989e-01 8.415873202499215555e-01
8.249215689109283822e-01 8.556813077163495374e-01 8.137846209398502673e-01 8.414020908329538084e-01
8.243577325102285913e-01 8.547762916104725273e-01 8.149017439531485163e-01 8.420441347183065250e-01
8.246035073515591840e-01 8.549055038136204043e-01 8.151217833345556496e-01 8.423914901069309291e-01
8.232011450216136783e-01 8.547189262018681788e-01 8.143996028007063348e-01 8.416887094192557761e-01
8.229264554930677544e-01 8.543739699719220537e-01 8.144673072257546664e-01 8.417988235849944711e-01
8.231288583035751838e-01 8.543644511956344223e-01 8.143939607652856960e-01 8.420436163676903174e-01
8.232300597088291205e-01 8.541508749215191987e-01 8.149638063427762091e-01 8.425872380372432247e-01
8.240396709508595041e-01 8.550267622718747962e-01 8.150089426261417636e-01 8.424662779085499986e-01
8.236204079862364802e-01 8.543532347027322782e-01 8.151330674053971492e-01 8.422491366022796244e-01
8.231722303343982361e-01 8.537504485118865283e-01 8.144560231549133889e-01 8.414532470217298554e-01
8.227963394005985975e-01 8.536568123383936335e-01 8.138297572232158217e-01 8.406451469852419534e-01
8.217120386300220680e-01 8.527933825784455024e-01 8.133050479290908630e-01 8.402481378275569179e-01
8.218276973788836148e-01 8.532864455168616136e-01 8.121315045615855599e-01 8.396216346505718242e-01
8.217698680044527304e-01 8.538731458568471488e-01 8.117139939404539595e-01 8.396571784654657256e-01
8.213361476962223184e-01 8.534336833007964973e-01 8.120130218177510351e-01 8.402037339596016841e-01
8.212927756653991551e-01 8.530366985803751190e-01 8.131357868664699229e-01 8.413696113335220605e-01
8.221023869074295387e-01 8.539229484484436306e-01 8.125546572181380212e-01 8.405942225839140303e-01
8.222469603435063057e-01 8.537300987966978116e-01 8.126562138557105186e-01 8.399921263472243105e-01
8.222325029998986956e-01 8.539933558342971409e-01 8.115503749132537692e-01 8.390864070060021218e-01
8.225071925284447305e-01 8.542008671886798243e-01 8.122725554471030840e-01 8.398209533325339260e-01
8.229987422111061379e-01 8.544446749686580578e-01 8.128029067766487925e-01 8.404009541003416572e-01
8.241987017305438812e-01 8.550887254153856087e-01 8.137451266919053516e-01 8.414506345926240360e-01
8.239673842328210096e-01 8.546031991976602571e-01 8.137451266919054627e-01 8.412244674086368779e-01
8.232156023652213994e-01 8.538538089764791117e-01 8.139143877545262917e-01 8.412862827098139817e-01
