9.056938811154883195e-01 9.277113792508562273e-01 9.025190194420964485e-01 9.246711085139811548e-01
9.094393448349473719e-01 9.304874110964544975e-01 9.033111943002054556e-01 9.254073259563720955e-01
9.114188127074075441e-01 9.316742001296500764e-01 9.043883588938532725e-01 9.261283521777158301e-01
9.145238603504822761e-01 9.337791653736129405e-01 9.072768989252506522e-01 9.280648629895245083e-01
9.185216091909410574e-01 9.370604973430992635e-01 9.098321458761018388e-01 9.297620022518748861e-01
9.204234508723243557e-01 9.384620174190332342e-01 9.087839632894577635e-01 9.286498743567478398e-01
9.211026800442468909e-01 9.391234888035400186e-01 9.095568168095641282e-01 9.290018213550528259e-01
9.228686758912456600e-01 9.402164928567596780e-01 9.132423620335707870e-01 9.316668881256778834e-01
9.226163907702458200e-01 9.403765682571190165e-01 9.155560922593890538e-01 9.333168967927572002e-01
9.258572842477051923e-01 9.424920309992969036e-01 9.177442337881899226e-01 9.348823076300989410e-01
9.272545556870888106e-01 9.432592934209195201e-01 9.173336553556332706e-01 9.353672395906830195e-01
9.273904015214734509e-01 9.439431021252508991e-01 9.147590870667794416e-01 9.343374490067052340e-01
9.309806128587785334e-01 9.462586541486769365e-01 9.165801231735299925e-01 9.352529390625647920e-01
9.294280890372410564e-01 9.448387983397555923e-01 9.192561284868977500e-01 9.365509593772850527e-01
9.301849444002406875e-01 9.440497930300946194e-01 9.203719357565510739e-01 9.362317258697053779e-01
9.317180616740088350e-01 9.449996015346928679e-01 9.207293805096004036e-01 9.370493244461779447e-01
9.350365813425449701e-01 9.475193053770836205e-01 9.251153242362033513e-01 9.401627593729005028e-01
9.355993712278523056e-01 9.482654302514248457e-01 9.293611882622871967e-01 9.433223824234080457e-01
9.363174134953132777e-01 9.487466253139692496e-01 9.301871754619006616e-01 9.440375224264503373e-01
9.368607968328512836e-01 9.493496469757829459e-01 9.281632653061224758e-01 9.425884103261179536e-01
9.383551010110811053e-01 9.504348349077844649e-01 9.260282574568288183e-01 9.410559729205781876e-01
9.388208581575422373e-01 9.511139892998323742e-01 9.257287767177875271e-01 9.404886400829246540e-01
9.401987230491567482e-01 9.524848202434618161e-01 9.251346455742059938e-01 9.402401180864309316e-01
9.390731432785421884e-01 9.519922850072461973e-01 9.260572394638328930e-01 9.407069384159456593e-01
9.375400260047739298e-01 9.509659166816566422e-01 9.267817896389325405e-01 9.415699908608194946e-01
9.376758718391584591e-01 9.508087439652388451e-01 9.284530853761623348e-01 9.427435980161971152e-01
9.361621611131596410e-01 9.484853761331238919e-01 9.309600289820070262e-01 9.437566411076965256e-01
9.348619224126220040e-01 9.465793304440103251e-01 9.306508875739645248e-01 9.429855457749249936e-01
9.354247122979292284e-01 9.468774866615348174e-01 9.302548001449099102e-01 9.429112169482488648e-01
9.368413902850821762e-01 9.479784485700551988e-01 9.308296099504890231e-01 9.436008674604723367e-01
9.398688117370800343e-01 9.503531937133367080e-01 9.298393913778529862e-01 9.435394944330345313e-01
9.414989617496942742e-01 9.517627334980585108e-01 9.304576741939379891e-01 9.441199392269412627e-01
9.422170040171553573e-01 9.527363567447525439e-01 9.293950006037917655e-01 9.434731622150046570e-01
9.418288730617709881e-01 9.525300970163785852e-01 9.277333655355632924e-01 9.422405255030821269e-01
9.426827611636166004e-01 9.533656312534022348e-01 9.291196715372539439e-01 9.427439566180613184e-01
9.454384909468455112e-01 9.550523499540120032e-01 9.327955560922593925e-01 9.448635517301637865e-01
9.447980748704613019e-01 9.542755011533491372e-01 9.358531578311798382e-01 9.466135542934160929e-01
9.433619903355391356e-01 9.533448232180221638e-01 9.348194662480378003e-01 9.460577414980975153e-01
9.440412195074616708e-01 9.539545646082473462e-01 9.347180292235237609e-01 9.461614074337213465e-01
9.451473927303071232e-01 9.543651769581982247e-01 9.356309624441493389e-01 9.470355706242585825e-01
9.466222903607677264e-01 9.552007680777863108e-01 9.346793865475184759e-01 9.468310765990575195e-01
9.463894117875371048e-01 9.555713303658873725e-01 9.331336795073058576e-01 9.463335643104436867e-01
9.444487570106154806e-01 9.544411695864739587e-01 9.317715251781185648e-01 9.456226625821516629e-01
9.429544528323856589e-01 9.536669330767050257e-01 9.311387513585315245e-01 9.449774571109300636e-01
9.437889343864619418e-01 9.544888586371272909e-01 9.316942398261081060e-01 9.451390468403897405e-01
9.447204486793843170e-01 9.539803557753769869e-01 9.332544378698224286e-01 9.453411624611091080e-01
9.456907760678451291e-01 9.538244845824996876e-01 9.337471319888902554e-01 9.454795043480788141e-01
9.470880475072289695e-01 9.541742852707142397e-01 9.343702451394757524e-01 9.459313845207599769e-01
9.469910147683828772e-01 9.547481372273044498e-01 9.353121603671055162e-01 9.468799388153197327e-01
9.466416969085369448e-01 9.549377583780446210e-01 9.339210240309140376e-01 9.462118321405090793e-01
9.435754623610006497e-01 9.528548538043959404e-01 9.313850984180654935e-01 9.447690329272857568e-01
9.423722563993089940e-01 9.520253497779831431e-01 9.318005071851225285e-01 9.448917397413995056e-01
9.427797939024625817e-01 9.524979353091168610e-01 9.319695688926458166e-01 9.451921416692965483e-01
9.459818742843836281e-01 9.550683815932554666e-01 9.336360342953750058e-01 9.463178960065599110e-01
9.474179588193056833e-01 9.559145857395643375e-01 9.345344765124984354e-01 9.467743915138295829e-01
9.470298278639212031e-01 9.556628442736061491e-01 9.356213017751481287e-01 9.473721911097636728e-01
9.470298278639212031e-01 9.559801992498406786e-01 9.364472889747614825e-01 9.475723038535698306e-01
9.474567719148440093e-01 9.557249091145547659e-01 9.366743146962928090e-01 9.472900105015286121e-01
9.478449028702284895e-01 9.559455472618304528e-01 9.364279676367588401e-01 9.471498824529498428e-01
9.487376040676123168e-01 9.563160106762315094e-01 9.378770679869581350e-01 9.480080681326671366e-01
9.481942207300743108e-01 9.563133412522966115e-01 9.378674073179568138e-01 9.481103326931806796e-01
9.489122629975353940e-01 9.570389633032045928e-01 9.352783480256008364e-01 9.462880511603173339e-01
9.490481088319199232e-01 9.566657663237573272e-01 9.347373505615264033e-01 9.455396748811756291e-01
9.489122629975353940e-01 9.562146465469695267e-01 9.348146359135369732e-01 9.457617922683099199e-01
9.494750528828426184e-01 9.565986896630250813e-01 9.352348750150947243e-01 9.464278762365434527e-01
9.509305439655340031e-01 9.575368640172642332e-01 9.382441734090085639e-01 9.483869395310023931e-01
9.519008713539948152e-01 9.580702782616015156e-01 9.408042506943604666e-01 9.501507326321521063e-01
9.500766558636883907e-01 9.565336441542477974e-01 9.398188624562250348e-01 9.497419292856030815e-01
9.504841933668419784e-01 9.570855573212991851e-01 9.380944330394880293e-01 9.485589956856035343e-01
9.488152302586893017e-01 9.562731639978657716e-01 9.361043352252143013e-01 9.471016061665810115e-01
9.492421743096119968e-01 9.565089113609885896e-01 9.360850138872116588e-01 9.468675343339632011e-01
9.497467445516116769e-01 9.567482352737446405e-01 9.366066900132835604e-01 9.473788814609340747e-01
9.503095344369189013e-01 9.567911807622312415e-01 9.381572273879965618e-01 9.486088657264746260e-01
9.485823516854586801e-01 9.553774276484242600e-01 9.396304794106992153e-01 9.493802154310141406e-01
9.473985522715363539e-01 9.546838623118550915e-01 9.410071247433884345e-01 9.503732638869263338e-01
9.481554076345358739e-01 9.557692738844792979e-01 9.409491607293803961e-01 9.506268151146970435e-01
9.483688796599972770e-01 9.562700786552944532e-01 9.400313971742544350e-01 9.501467680951065642e-01
9.473015195326902615e-01 9.554599156123695369e-01 9.392247313126433905e-01 9.495183056759992635e-01
9.465640707174601820e-01 9.548479410419898894e-01 9.382441734090084529e-01 9.487145365523022011e-01
9.466222903607677264e-01 9.542139766824578873e-01 9.370607414563458804e-01 9.480746388527052648e-01
9.487376040676124278e-01 9.555499098170785466e-01 9.367709213863060214e-01 9.477222260039215307e-01
9.519396844495332521e-01 9.573620490767863478e-01 9.362347542567323044e-01 9.471959024350667944e-01
9.528711987424556273e-01 9.579748044646132499e-01 9.382538340780099961e-01 9.485786345179562096e-01
9.522695957616099660e-01 9.576432439138192754e-01 9.399927544982489280e-01 9.493328369033432468e-01
9.515321469463796644e-01 9.572527051041015422e-01 9.405579036348267197e-01 9.494340337366219407e-01
9.516485862329949752e-01 9.575422234079260519e-01 9.403453689167975416e-01 9.495408413693435801e-01
9.533175493411476520e-01 9.590128327778474349e-01 9.411085617679023629e-01 9.501485463261637454e-01
9.532399231500707781e-01 9.588647990383488695e-01 9.398864871392343945e-01 9.491394531219504715e-01
9.538609326786857689e-01 9.590511265420271769e-01 9.383117980920179235e-01 9.480458348940677960e-01
9.546177880416851780e-01 9.594519971869841513e-01 9.374085255403937778e-01 9.473489123394264189e-01
9.545401618506083041e-01 9.592015012917365357e-01 9.380799420359859919e-01 9.477632848345354244e-01
9.542490636340701382e-01 9.594006018884126963e-01 9.380606206979833495e-01 9.479484343242583488e-01
9.531817035067631227e-01 9.586171986861156125e-01 9.385388238135490280e-01 9.482462527083013182e-01
9.528906052902249568e-01 9.587264896984495355e-01 9.403357082477961093e-01 9.494118208189999963e-01
9.532011100545324522e-01 9.591995965383821598e-01 9.415384615384615463e-01 9.501386247455947398e-01
9.535310213666090551e-01 9.591404579731088731e-01 9.425528317836009418e-01 9.507748391693207068e-01
9.546760076849928334e-01 9.598451399113838711e-01 9.426590991426155863e-01 9.510097189305158905e-01
9.544819422073006487e-01 9.595290039512189839e-01 9.425528317836010528e-01 9.508812167027858031e-01
9.545207553028390857e-01 9.596230513100996173e-01 9.414804975244536189e-01 9.502414600778209541e-01
9.535698344621473810e-01 9.590143983098950997e-01 9.399541118222435321e-01 9.492212451297737941e-01
9.526965398125326612e-01 9.582699158060915545e-01 9.392054099746407481e-01 9.485219693278483799e-01
9.519979040928409075e-01 9.575397126859861441e-01 9.390266875981161387e-01 9.482305355233677790e-01
9.514545207553027906e-01 9.572161354948129919e-01 9.395387030551867191e-01 9.486950326717389359e-01
9.514157076597643536e-01 9.570699679632795887e-01 9.403936722618040367e-01 9.490245754008936885e-01
9.503289409846881197e-01 9.563653411796790849e-01 9.409250090568771485e-01 9.489332478255266823e-01
9.503871606279958861e-01 9.561879554920665880e-01 9.413307571549328623e-01 9.492061352718682565e-01
9.518620582584563783e-01 9.573492626865216515e-01 9.412389807994202551e-01 9.493591741369123982e-01
9.529682314813017197e-01 9.581614374999010142e-01 9.415239705349596200e-01 9.498605085664973968e-01
9.547536338760698182e-01 9.591116986409976564e-01 9.416254075594735484e-01 9.499252066054206800e-01
9.552387975703002798e-01 9.594821368079576862e-01 9.419007366260113701e-01 9.500690603943798829e-01
9.553164237613770426e-01 9.596591225809318892e-01 9.428571428571428381e-01 9.509568143852908939e-01
9.553746434046846980e-01 9.597373311206357505e-01 9.430262045646662372e-01 9.509948003565784624e-01
9.537833064876088951e-01 9.586302224227503110e-01 9.419345489675160499e-01 9.501937611413355800e-01
9.528906052902249568e-01 9.578815797756519146e-01 9.423402970655718747e-01 9.503525572908961827e-01
9.517068058763026306e-01 9.571650835791754020e-01 9.420070039850259036e-01 9.503199952404515205e-01
9.518620582584562673e-01 9.574034020160564484e-01 9.435382200217365956e-01 9.509456671999478861e-01
9.537056802965321323e-01 9.583535278304151639e-01 9.438811737712837768e-01 9.508344201928420336e-01
9.547148207805313813e-01 9.586748086207181885e-01 9.422871633860644414e-01 9.496689935002590177e-01
9.556657416212229750e-01 9.592358037673189841e-01 9.421519140200459441e-01 9.499538977611264867e-01
9.555104892390693383e-01 9.594203673083695483e-01 9.427025721531215874e-01 9.509061691290682239e-01
9.549865124493003288e-01 9.592329764732550057e-01 9.429151068711508765e-01 9.509679896033326196e-01
9.541908439907624828e-01 9.584018739760937766e-01 9.428426518536408008e-01 9.509026447885717825e-01
9.538997457742242059e-01 9.580597530575768461e-01 9.420794590025358684e-01 9.500633893037958577e-01
9.544431291117622118e-01 9.585871275534497693e-01 9.403888419273035426e-01 9.486509485624712301e-01
9.547536338760697072e-01 9.587148477927848189e-01 9.406303586523365734e-01 9.488003486240785822e-01
9.542296570863008087e-01 9.584420439596065266e-01 9.402922352372901083e-01 9.486044524937556899e-01
9.537833064876088951e-01 9.581772391876777206e-01 9.398913174737351106e-01 9.482732226055465841e-01
9.548312600671465811e-01 9.587102109979680487e-01 9.427653665016301199e-01 9.503484262381232117e-01
9.547342273283005998e-01 9.586425643211735625e-01 9.437217727327615879e-01 9.508045052531562957e-01
9.552970172136078242e-01 9.590273739079789861e-01 9.440840478203115227e-01 9.510437313340270871e-01
9.558598070989151596e-01 9.595021993313775921e-01 9.441806545103248460e-01 9.510829675624294932e-01
9.550059189970695472e-01 9.587513412616432973e-01 9.434947470112304835e-01 9.506972392725038246e-01
9.544043160162238859e-01 9.584801998332346251e-01 9.416688805699794385e-01 9.493028289116920426e-01
9.536862737487628028e-01 9.579578263592637422e-01 9.414418548484483340e-01 9.487181261176742542e-01
9.533369558889168704e-01 9.577230864072341365e-01 9.425963047941068318e-01 9.495648655053428033e-01
9.530458576723785935e-01 9.578887286192299122e-01 9.422968240550657626e-01 9.496155024534345124e-01
9.537638999398395656e-01 9.586630488527158045e-01 9.418476029465040478e-01 9.496543739710109344e-01
9.536862737487628028e-01 9.586839851656021594e-01 9.401859678782755747e-01 9.484807440040461390e-01
9.531234838634555784e-01 9.580491591596317358e-01 9.395773457311920041e-01 9.479956422416835338e-01
9.529100118379940643e-01 9.576164818491554875e-01 9.405337519623233611e-01 9.484569092868192497e-01
9.536668672009935843e-01 9.577903664415946539e-01 9.425576621181016579e-01 9.495911314951019921e-01
9.535116148188398366e-01 9.571758215042266427e-01 9.435430503562372007e-01 9.499670237147092022e-01
9.544043160162238859e-01 9.576703372278215776e-01 9.432339089481946992e-01 9.496500562958052338e-01
9.558015874556075042e-01 9.587014871561894136e-01 9.426011351286076589e-01 9.492073512276351099e-01
9.569465737739913935e-01 9.595616501959460809e-01 9.433450066417098379e-01 9.496899833097167676e-01
9.569853868695298305e-01 9.596687590450339034e-01 9.430793382441734485e-01 9.496772795153631819e-01
9.570241999650681564e-01 9.601797590686746986e-01 9.435961840357445229e-01 9.504574453535888923e-01
9.556269285256845381e-01 9.592374827640348656e-01 9.434102161574688949e-01 9.505295000803417604e-01
9.549865124493003288e-01 9.591157537801030530e-01 9.420166646540273359e-01 9.497007847816276715e-01
9.545013487550698672e-01 9.585205393991542699e-01 9.416882019079820809e-01 9.494777138681040896e-01
9.552582041180694983e-01 9.589146970657402846e-01 9.417075232459847234e-01 9.492776919138641301e-01
9.555298957868384457e-01 9.592598506564731231e-01 9.412341504649197610e-01 9.487680937499072265e-01
9.552776106658387167e-01 9.588520393153185939e-01 9.426011351286076589e-01 9.496137360842107356e-01
9.556851481689921934e-01 9.591183219943747451e-01 9.427653665016302309e-01 9.496731733463503744e-01
9.551223582836847470e-01 9.587584340732611121e-01 9.428474821881415169e-01 9.498436773377744169e-01
9.552387975703001688e-01 9.588736783518774232e-01 9.428957855331482341e-01 9.499037442706212975e-01
9.550059189970695472e-01 9.584706316465673170e-01 9.435430503562372007e-01 9.502000839113146080e-01
9.548118535193773626e-01 9.580827680869253848e-01 9.435527110252384109e-01 9.502674176185986754e-01
9.549671059015312213e-01 9.584853228676467607e-01 9.433015336312039478e-01 9.501738911001785803e-01
9.548894797104543475e-01 9.582717859482217104e-01 9.433160246347059852e-01 9.501829830438641711e-01
9.554134565002231350e-01 9.584795991161535467e-01 9.420963651732882083e-01 9.489388354869284781e-01
9.548894797104543475e-01 9.581759047383654471e-01 9.410699190918971890e-01 9.481463986340219474e-01
9.548506666149157995e-01 9.581770415210069114e-01 9.415239705349595090e-01 9.485748975548627948e-01
9.542878767296085751e-01 9.578206130900770443e-01 9.418041299359980467e-01 9.488418124793025488e-01
9.544043160162238859e-01 9.578534528605044951e-01 9.421808960270499078e-01 9.492140371642396879e-01
9.548312600671466921e-01 9.578536190349339341e-01 9.423499577345731959e-01 9.493813611151360465e-01
9.547730404238390367e-01 9.579164196676337450e-01 9.436299963772490917e-01 9.502587140278611066e-01
9.550059189970695472e-01 9.583329394668375079e-01 9.439922714647988045e-01 9.504507834714072123e-01
9.546177880416851780e-01 9.578692430365411958e-01 9.431952662721894143e-01 9.495823216380226972e-01
9.553164237613770426e-01 9.582554476685039013e-01 9.423837700760777647e-01 9.489346169156758215e-01
9.562867511498378548e-01 9.587723355581886375e-01 9.417026929114840073e-01 9.485668508201589022e-01
9.567331017485299904e-01 9.589665512203353614e-01 9.424658857625890507e-01 9.491602590668947181e-01
9.564420035319917135e-01 9.587683072926038719e-01 9.430406955681681636e-01 9.494156705870796520e-01
9.570047934172989379e-01 9.592957194291873435e-01 9.427653665016302309e-01 9.492057405727104547e-01
9.567136952007606610e-01 9.593075318567003684e-01 9.427943485086340836e-01 9.493862679086653156e-01
9.568301344873759717e-01 9.594895732581437686e-01 9.437652457432677000e-01 9.502093313271050556e-01
9.565778493663761317e-01 9.591210500855287258e-01 9.440454051443063488e-01 9.504656039800647438e-01
9.562091249587610919e-01 9.587457732966289115e-01 9.435865233667430907e-01 9.500516256583305674e-01
9.561897184109918735e-01 9.586600358261607724e-01 9.428378215191401956e-01 9.493815345283040941e-01
9.554522695957615719e-01 9.580264454817005726e-01 9.426494384736143761e-01 9.491409743718187686e-01
9.555687088823768827e-01 9.579879127661831140e-01 9.416447288974761909e-01 9.483691979666271088e-01
9.554910826913000088e-01 9.578768183269716907e-01 9.407945900253591454e-01 9.476060546315172584e-01
9.554910826913000088e-01 9.579340175172796901e-01 9.409153483878758273e-01 9.477353889818348476e-01
9.552970172136079352e-01 9.578908334730007468e-01 9.422195387030551927e-01 9.487252388520502899e-01
9.557433678122998488e-01 9.580832894427827595e-01 9.435188986837338421e-01 9.494940736705179685e-01
9.555104892390692273e-01 9.580785643453961775e-01 9.441226904963169186e-01 9.499627467770891398e-01
9.552387975703001688e-01 9.579319373878228960e-01 9.447699553194058852e-01 9.504716669507641269e-01
9.559374332899920335e-01 9.582591052728339776e-01 9.447989373264098489e-01 9.503507513641528126e-01
9.558404005511458301e-01 9.581152504222195665e-01 9.449535080304312107e-01 9.503612577175813980e-01
9.557821809078382858e-01 9.578099727610107639e-01 9.444076802318559505e-01 9.498595345654852196e-01
9.551611713792232949e-01 9.574316511658491624e-01 9.437555850742664898e-01 9.495052076126412333e-01
9.555881154301461011e-01 9.579192097174491494e-01 9.435140683492332370e-01 9.493518089022211504e-01
9.558792136466844891e-01 9.583918507107251905e-01 9.435237290182345582e-01 9.496910667289842900e-01
9.561314987676842181e-01 9.583969228012980679e-01 9.433208549692065903e-01 9.496084986032563569e-01
9.561703118632225440e-01 9.584221270351633848e-01 9.429585798816568776e-01 9.493735270614906963e-01
9.567525082962992089e-01 9.587048586258158922e-01 9.431807752686873769e-01 9.494006146422580006e-01
9.567136952007606610e-01 9.584218648578231026e-01 9.437555850742663788e-01 9.496659639146898257e-01
9.564225969842223840e-01 9.582932002479132017e-01 9.436251660427483756e-01 9.493085101534723957e-01
9.559568398377612519e-01 9.580327919052255004e-01 9.438328704262770597e-01 9.493719108363739556e-01
9.561120922199149996e-01 9.581624937027639621e-01 9.429585798816568776e-01 9.488502032796335417e-01
9.558598070989150486e-01 9.578378548313331020e-01 9.430986595821760909e-01 9.491538301875156458e-01
9.563255642453764027e-01 9.582992612630906182e-01 9.433015336312039478e-01 9.493076143310615889e-01
9.565002231752993689e-01 9.582589572394211164e-01 9.443545465523487392e-01 9.498837731155279629e-01
9.557433678122998488e-01 9.575374137396690521e-01 9.442627701968361320e-01 9.497238049721273834e-01
9.560150594810689073e-01 9.578683010584903013e-01 9.438328704262769486e-01 9.495982546553778381e-01
9.565002231752992579e-01 9.583668267157789966e-01 9.430745079096727324e-01 9.490758355592282536e-01
9.566166624619145686e-01 9.586923862230632976e-01 9.418186209394999731e-01 9.484429348448775166e-01
9.555493023346076642e-01 9.579364010799303886e-01 9.411906774544137599e-01 9.479578764273436375e-01
9.554522695957616829e-01 9.578470671215943977e-01 9.416737109044801546e-01 9.483733280564801138e-01
9.557821809078382858e-01 9.580024120937262744e-01 9.417896389324961204e-01 9.482770605301551470e-01
9.561897184109918735e-01 9.582311273863605150e-01 9.422147083685544766e-01 9.485245382849671891e-01
9.567719148440684274e-01 9.586244686000074955e-01 9.424658857625889397e-01 9.486031895220201626e-01
9.569465737739912825e-01 9.586980043200394874e-01 9.434271223282212349e-01 9.492584921721796132e-01
9.570436065128374858e-01 9.589065711407054327e-01 9.438570220987803072e-01 9.497992303995117513e-01
9.571794523472219041e-01 9.589600004362304198e-01 9.442676005313368481e-01 9.499369083694861882e-01
9.569659803217605010e-01 9.584765566826710659e-01 9.441468421688201662e-01 9.496771007125230923e-01
9.566360690096837871e-01 9.581886967362728269e-01 9.437266030672624151e-01 9.493650857940004739e-01
9.559956529332996888e-01 9.580599426170791633e-01 9.432387392826953043e-01 9.489644514892647820e-01
9.561314987676842181e-01 9.581507310931021149e-01 9.432290786136939831e-01 9.489527107684029295e-01
9.561897184109918735e-01 9.580957671896257466e-01 9.435865233667430907e-01 9.491040213906637435e-01
9.569853868695297194e-01 9.586905703831682946e-01 9.442772612003381694e-01 9.495523988744950517e-01
9.571600457994526856e-01 9.591044908008714565e-01 9.436010143702451280e-01 9.491915596448765591e-01
9.563061576976071843e-01 9.583268997397459410e-01 9.425963047941070538e-01 9.483664602717115644e-01
9.555687088823768827e-01 9.574792483085174943e-01 9.421422533510445119e-01 9.477720553823261174e-01
9.558792136466843781e-01 9.577004562727222670e-01 9.417606569254920457e-01 9.476643094946395340e-01
9.559762463855304704e-01 9.577283399339935333e-01 9.416350682284748697e-01 9.476917892492088269e-01
9.562091249587610919e-01 9.579498485549194919e-01 9.424852071005916931e-01 9.483922766298175100e-01
9.556269285256845381e-01 9.574762859569962981e-01 9.418234512740006892e-01 9.479223308773127021e-01
9.558209940033767227e-01 9.575792595405615559e-01 9.423644487380751222e-01 9.483460550919252663e-01
9.559568398377612519e-01 9.580279825474476985e-01 9.432242482791933780e-01 9.491242419121257434e-01
9.565972559141454612e-01 9.582970153130503377e-01 9.429634102161574827e-01 9.487756604073834810e-01
9.565778493663761317e-01 9.583175247169866129e-01 9.427218934911242298e-01 9.486027240196038823e-01
9.564031904364532766e-01 9.582522388898591092e-01 9.429344282091535190e-01 9.486526698281889658e-01
9.561509053154534366e-01 9.578788308045349531e-01 9.434029706557179873e-01 9.488059054185078445e-01
9.567525082962992089e-01 9.580399567302089192e-01 9.437121120637603777e-01 9.488446255259262996e-01
9.565972559141454612e-01 9.577681278963262601e-01 9.443062432073421331e-01 9.493090537514577987e-01
9.557821809078382858e-01 9.574221794491776238e-01 9.444028498973554564e-01 9.495395624620399655e-01
9.550059189970696583e-01 9.571572086054540573e-01 9.447119913053978468e-01 9.498605042286304423e-01
9.555881154301461011e-01 9.575532814220167888e-01 9.443980195628548513e-01 9.496043002171887792e-01
9.556269285256845381e-01 9.574908148067572400e-01 9.441468421688202772e-01 9.493569504422761929e-01
9.557433678122999599e-01 9.574485201548130764e-01 9.430841685786740536e-01 9.486066368756550515e-01
9.558792136466843781e-01 9.573994632992633980e-01 9.428523125226422330e-01 9.484697066685805478e-01
9.563061576976071843e-01 9.577029980170205237e-01 9.433160246347058742e-01 9.488923388656625990e-01
9.564614100797609320e-01 9.578756942674881980e-01 9.434754256732278410e-01 9.492147228458451824e-01
9.562285315065303104e-01 9.576484572040959709e-01 9.437749064122691323e-01 9.494566314121903883e-01
9.568301344873760828e-01 9.580980498863997941e-01 9.432725516241999841e-01 9.490556829610199419e-01
9.571018261561450302e-01 9.582754050272180857e-01 9.438715131022823446e-01 9.492725252708257289e-01
9.565972559141454612e-01 9.578911991180303342e-01 9.435961840357445229e-01 9.488697374449415189e-01
9.565002231752993689e-01 9.578409334550844756e-01 9.438377007607776648e-01 9.489182703846196221e-01
9.559568398377612519e-01 9.575814178701578250e-01 9.437555850742664898e-01 9.488782075892810974e-01
9.557821809078382858e-01 9.573888687390226249e-01 9.430793382441734485e-01 9.484079294014222672e-01
9.559956529332997999e-01 9.574437160678930248e-01 9.428185001811376642e-01 9.482750384851738046e-01
9.563449707931455102e-01 9.577441980193064364e-01 9.430358652336674474e-01 9.485915707764925875e-01
9.562673446020687473e-01 9.574510604247522538e-01 9.431952662721894143e-01 9.486418758129750994e-01
9.567136952007607720e-01 9.575618637099195807e-01 9.435527110252385219e-01 9.487224343254809789e-01
9.564614100797609320e-01 9.575408601560910782e-01 9.433305156382080225e-01 9.484556467795290935e-01
9.560344660288381258e-01 9.572410269519318060e-01 9.437507547397657737e-01 9.487757935034252244e-01
9.564420035319917135e-01 9.576554899142203370e-01 9.435720323632411644e-01 9.488196773640473758e-01
9.562479380542994178e-01 9.575514357034793367e-01 9.425576621181016579e-01 9.480744424282264715e-01
9.566360690096838981e-01 9.577470160428631640e-01 9.419442096365172601e-01 9.476521266707691460e-01
9.562867511498378548e-01 9.575348462047933440e-01 9.418234512740008002e-01 9.476198857559322564e-01
9.563837838886840581e-01 9.575353046141793500e-01 9.417413355874894032e-01 9.475397111137959794e-01
9.563449707931456212e-01 9.571772144580118491e-01 9.425286801110978052e-01 9.478734218856355032e-01
9.568689475829145197e-01 9.573820611536936198e-01 9.427122328221229086e-01 9.479411645032929101e-01
9.564808166275301504e-01 9.571238273173159339e-01 9.429779012196595200e-01 9.479640833401372646e-01
9.560732791243765627e-01 9.568528872528878626e-01 9.426784204806183398e-01 9.476792900331696412e-01
9.563643773409148396e-01 9.569892993911525148e-01 9.425624924526023740e-01 9.475668803875093582e-01
9.563449707931456212e-01 9.570383585551346384e-01 9.427025721531215874e-01 9.476686552045811007e-01
9.561120922199148886e-01 9.569521691055007384e-01 9.423982610795796910e-01 9.474783771688130019e-01
9.558986201944535965e-01 9.570770791781132436e-01 9.422823330515637252e-01 9.476497286586866853e-01
9.559762463855304704e-01 9.571073335994860765e-01 9.420263253230285461e-01 9.474726352653239925e-01
9.554134565002231350e-01 9.567794802068567694e-01 9.416350682284747586e-01 9.472560816408270856e-01
9.554910826913001198e-01 9.568155269349643000e-01 9.416060862214709060e-01 9.471621330790986892e-01
9.555687088823768827e-01 9.568446260869672981e-01 9.418959062915106539e-01 9.474167238971440419e-01
9.554328630479924644e-01 9.568291481053257108e-01 9.426059654631082640e-01 9.478559894025426757e-01
9.558792136466843781e-01 9.573265451891739275e-01 9.419731916435213348e-01 9.474939331132895548e-01
9.564614100797609320e-01 9.577492365783575323e-01 9.425286801110976942e-01 9.479358907740120799e-01
9.556657416212229750e-01 9.571106692775570579e-01 9.429923922231614464e-01 9.483970065947306960e-01
9.557239612645306304e-01 9.570111997403665249e-01 9.428957855331481230e-01 9.482906363243346348e-01
9.557433678122998488e-01 9.568729867983182258e-01 9.431904359376886982e-01 9.481757865406384989e-01
9.563837838886840581e-01 9.571119545036104181e-01 9.429634102161574827e-01 9.479348104137572673e-01
9.565196297230684763e-01 9.572043913074979038e-01 9.423547880690736900e-01 9.475763009140264481e-01
9.560150594810689073e-01 9.570974364806330570e-01 9.416495592319767960e-01 9.472778213205673703e-01
9.561314987676841071e-01 9.571177351687970569e-01 9.414804975244535079e-01 9.471821427918755143e-01
9.560538725766073442e-01 9.571393752367171048e-01 9.419007366260112590e-01 9.474437138136421188e-01
9.559374332899920335e-01 9.570262982875427094e-01 9.423982610795798021e-01 9.476014245799680991e-01
9.563061576976071843e-01 9.571132415494689738e-01 9.427508754981281935e-01 9.477119270243176130e-01
9.561703118632226550e-01 9.569862053425977066e-01 9.431276415891799436e-01 9.480415855562868144e-01
9.562867511498379658e-01 9.571219552164307309e-01 9.438135490882744172e-01 9.485572349414841398e-01
9.564031904364532766e-01 9.572924329981835623e-01 9.442192971863302420e-01 9.489104596178197237e-01
9.565972559141454612e-01 9.575242164343994444e-01 9.436686390532544877e-01 9.486519705438442029e-01
9.568107279396067533e-01 9.576782873681328745e-01 9.426156261321096963e-01 9.479454481197945315e-01
9.570241999650682674e-01 9.576689125172761496e-01 9.415867648834682635e-01 9.470988424004855855e-01
9.559180267422228150e-01 9.566817911218270520e-01 9.415771042144668312e-01 9.470055375756153415e-01
9.558986201944535965e-01 9.566899463545220916e-01 9.420263253230286571e-01 9.472235013467159570e-01
9.558792136466843781e-01 9.566091557512135246e-01 9.423064847240670838e-01 9.471593586091809902e-01
9.564614100797609320e-01 9.568066621628590340e-01 9.428088395121362320e-01 9.474767788951373726e-01
9.569853868695298305e-01 9.572748929975147814e-01 9.430551865716700899e-01 9.478515054493813485e-01
9.564225969842224950e-01 9.570644986088809869e-01 9.426349474701123388e-01 9.479474762185808867e-01
9.561509053154534366e-01 9.570116073387537892e-01 9.420166646540272248e-01 9.476023113646896423e-01
