7.541528719513075352e-01 7.765056447062040901e-01 7.630675946696240386e-01 7.780755959060855487e-01
7.553094594399224482e-01 7.779685133423912546e-01 7.638525325047078596e-01 7.791997889099167018e-01
7.561624427127758841e-01 7.787651402621127428e-01 7.651415588577353821e-01 7.805217770179183612e-01
7.574346889502521218e-01 7.804127943882103180e-01 7.659985093382398746e-01 7.814093415709200130e-01
7.587503072185517450e-01 7.821430002264587733e-01 7.666070161920433002e-01 7.816886505360729487e-01
7.600803828304587562e-01 7.830206877802250442e-01 7.674243597175665066e-01 7.824546263399070334e-01
7.608321646980584774e-01 7.830189151515736246e-01 7.680184640422857978e-01 7.831023376512316059e-01
7.615839465656579765e-01 7.832758374109356492e-01 7.681120804813326153e-01 7.833334323856575576e-01
7.625381312437653492e-01 7.836747522230328444e-01 7.680436684681829496e-01 7.839494058803857524e-01
7.624369298385114124e-01 7.840392042301804754e-01 7.674675673048187985e-01 7.838481272094088848e-01
7.631887117061111336e-01 7.849861772374977509e-01 7.678780393837159046e-01 7.842030047773564938e-01
7.638392921684571402e-01 7.855052112110703089e-01 7.681588887008559130e-01 7.844902186616949935e-01
7.643742138819412668e-01 7.862182558325006010e-01 7.686269708960893343e-01 7.847653562141319039e-01
7.641573537278261163e-01 7.857999880371536738e-01 7.682020962881082049e-01 7.850418606763375218e-01
7.655163440269485697e-01 7.868919935872921156e-01 7.685153512956874877e-01 7.856346612549598429e-01
7.662536685509404588e-01 7.874266349072693849e-01 7.691562638399302987e-01 7.860751716832321545e-01
7.671789385418323892e-01 7.874745451363679427e-01 7.695271289638460077e-01 7.866027952957298508e-01
7.678367476759819787e-01 7.874910356635890230e-01 7.697791732228179695e-01 7.865800509332778745e-01
7.687258743078546619e-01 7.881447299045261090e-01 7.697323650032945608e-01 7.862351459067522530e-01
7.693330827393773941e-01 7.888544028846942169e-01 7.698619877650514365e-01 7.867099267863708612e-01
7.688559904003238188e-01 7.887700786193435620e-01 7.696747548869580235e-01 7.868285333449697161e-01
7.692029666469082372e-01 7.890412570175723284e-01 7.689942353877341485e-01 7.863051751696982228e-01
7.689716491491852546e-01 7.888289575141002041e-01 7.683317190498651916e-01 7.861284351685470240e-01
7.690728505544390803e-01 7.884559076216459683e-01 7.670138876386692894e-01 7.853358338296085872e-01
7.688270757131085986e-01 7.877296155076558559e-01 7.663261668749032918e-01 7.848381241380744111e-01
7.689716491491854766e-01 7.873210073879084447e-01 7.660093112350527811e-01 7.845639443268863644e-01
7.692463386777314005e-01 7.874977575754005255e-01 7.654836189234829336e-01 7.841136852411065838e-01
7.688993624311468711e-01 7.862771992938122345e-01 7.648427063792402336e-01 7.838683046650256614e-01
7.679307204094321104e-01 7.850254701248127187e-01 7.644934450489504485e-01 7.840111998334678978e-01
7.667018462027787029e-01 7.844618125615392401e-01 7.635464787616705884e-01 7.836762142497869510e-01
7.673524266651245984e-01 7.847690687805934928e-01 7.625274998289699457e-01 7.825957040427726774e-01
7.663548699561943955e-01 7.841121014695493496e-01 7.613248886504468960e-01 7.819387157627800677e-01
7.659645216787868138e-01 7.837975422957433880e-01 7.598234249934289197e-01 7.811230021763744258e-01
7.658054908991021037e-01 7.829471446007324476e-01 7.587792416348311253e-01 7.802720893135943747e-01
7.659934363660021450e-01 7.824964208687460454e-01 7.575154197077005325e-01 7.795921824793307087e-01
7.652127398111869816e-01 7.818679761083685564e-01 7.563344123228038507e-01 7.785459781734022089e-01
7.645187873180181448e-01 7.810926336503409839e-01 7.554702605777574576e-01 7.784791032639323261e-01
7.644465005999797613e-01 7.807363666932426449e-01 7.543288601478419508e-01 7.777940996235417348e-01
7.627260767106651684e-01 7.793827666737263016e-01 7.532270666729078412e-01 7.771369000165984087e-01
7.621911549971807087e-01 7.791092094614262553e-01 7.529498179880387276e-01 7.771510879935660254e-01
7.618586360942041225e-01 7.784591888987342223e-01 7.522476946951883736e-01 7.765342116992937083e-01
7.606586765747662682e-01 7.779699748868229570e-01 7.511999107043196844e-01 7.761785392441149511e-01
7.591984848703899891e-01 7.775026358012957495e-01 7.504437779274040210e-01 7.758761497775673588e-01
7.580129826945596339e-01 7.769345813956125557e-01 7.504365766628620094e-01 7.761320699358138508e-01
7.573479448886060172e-01 7.756276084715408858e-01 7.497992647508902042e-01 7.762303516740558518e-01
7.571310847344908668e-01 7.751546417234933539e-01 7.495256166982922075e-01 7.761837844112265961e-01
7.565094189593605245e-01 7.744116988779792266e-01 7.479557410281245655e-01 7.755167867630294865e-01
7.563214734924605942e-01 7.736776949467738529e-01 7.464686799001906126e-01 7.746597845114573389e-01
7.558010091225838556e-01 7.730594342555614507e-01 7.454424997029478472e-01 7.741810088481468899e-01
7.562636441180297098e-01 7.729131578998119645e-01 7.447475776746397269e-01 7.735708751958887408e-01
7.556275209992915354e-01 7.730937962908825956e-01 7.444919327833967593e-01 7.734334993147307102e-01
7.559311252150529015e-01 7.738374336141831122e-01 7.442794954794060835e-01 7.733159028859994955e-01
7.570587980164523723e-01 7.754363579367639092e-01 7.437430012710231075e-01 7.727841697287805012e-01
7.580418973817750761e-01 7.753092952799565118e-01 7.434837557475091341e-01 7.727018673312536778e-01
7.587213925313363028e-01 7.760737764516897341e-01 7.428788495259768254e-01 7.726866507964952335e-01
7.598056933019126102e-01 7.773940692514202944e-01 7.420182984132013271e-01 7.722727368403179415e-01
7.606297618875507149e-01 7.779630331155993339e-01 7.415610181147809232e-01 7.718814998773791958e-01
7.603550723590047911e-01 7.773542111657822939e-01 7.407940834410522424e-01 7.717336685248681327e-01
7.598201506455204424e-01 7.770958875481276396e-01 7.403872119944262531e-01 7.717004679269532375e-01
7.608321646980583663e-01 7.770734189728666363e-01 7.396418811143236072e-01 7.714503586650567346e-01
7.609478234469199132e-01 7.763476153192752083e-01 7.383420528644830672e-01 7.707823818379899716e-01
7.606875912619815994e-01 7.763276956504683302e-01 7.380287978569036733e-01 7.704738194637964499e-01
7.606297618875507149e-01 7.763507289820072987e-01 7.382304332640811095e-01 7.704770165632593981e-01
7.605285604822970003e-01 7.758688895493153215e-01 7.389577609828286153e-01 7.708671837144460692e-01
7.591695701831745469e-01 7.746757210925344639e-01 7.396202773206976833e-01 7.711168733049102997e-01
7.590539114343130001e-01 7.746431875086814411e-01 7.395914722625293036e-01 7.709050545823055156e-01
7.564082175541066988e-01 7.724842387368098251e-01 7.398831234764824405e-01 7.714589121022463747e-01
7.552082580346687335e-01 7.715458369923513526e-01 7.403332025103608327e-01 7.718651341073829997e-01
7.545432202287152279e-01 7.722456560415891236e-01 7.405780455047906718e-01 7.720183753254388215e-01
7.543408174182075765e-01 7.722879084270293237e-01 7.397318969210994188e-01 7.711421999963925522e-01
7.547167083520074371e-01 7.726077801692874392e-01 7.397679032438094771e-01 7.710960444676756564e-01
7.549191111625149775e-01 7.724678297503040358e-01 7.396922899661180217e-01 7.709516949761416882e-01
7.558732958406222391e-01 7.734620577538711128e-01 7.401927778517908285e-01 7.711345582824540301e-01
7.554829475632147684e-01 7.742863207846422124e-01 7.401315671031833965e-01 7.706366885288638002e-01
7.560612413075221694e-01 7.747808213698449409e-01 7.397571013469965706e-01 7.701577027982754453e-01
7.564371322413219190e-01 7.738736609564932367e-01 7.387849306338192257e-01 7.699519174395222931e-01
7.566973644262604548e-01 7.741841104322468858e-01 7.381908263090999345e-01 7.699371659716767180e-01
7.566829070826526227e-01 7.742933145774407722e-01 7.377371466429503144e-01 7.702748431535043627e-01
7.564371322413219190e-01 7.738745742239179215e-01 7.376939390556981335e-01 7.703262686065432963e-01
7.562925588052451520e-01 7.733305567822943427e-01 7.377875554947449510e-01 7.698708861564360628e-01
7.560467839639144483e-01 7.729335928756783103e-01 7.378523668756232778e-01 7.698138076822262921e-01
7.566973644262602328e-01 7.737359466058834068e-01 7.383996629808193823e-01 7.701413232985425683e-01
7.565238763029680236e-01 7.736585046464673487e-01 7.386625091366043616e-01 7.703197385217211979e-01
7.568419378623372218e-01 7.746956543296309450e-01 7.392638147258658865e-01 7.707237200217915696e-01
7.575214330118984485e-01 7.743102027307864343e-01 7.394546482362303053e-01 7.706417013092434765e-01
7.583455015975366642e-01 7.735928495424264639e-01 7.397823057728936114e-01 7.707191555655378279e-01
7.593430583064667561e-01 7.740255816755767793e-01 7.398651203151273004e-01 7.705801315075445634e-01
7.602972429845740177e-01 7.743117210036531972e-01 7.394690507653143285e-01 7.701415755798728391e-01
7.602827856409664076e-01 7.741085877748470345e-01 7.386841129302305076e-01 7.697641444488110274e-01
7.594731743989360240e-01 7.741633246205064101e-01 7.387885312660904535e-01 7.699493774581360750e-01
7.592852289320359827e-01 7.756844604978789803e-01 7.394978558234825972e-01 7.706564389010002181e-01
7.601237548612818085e-01 7.764977986236940577e-01 7.397751045083517107e-01 7.709887615510508940e-01
7.600225534560280938e-01 7.760898106420837106e-01 7.397174943920151735e-01 7.707947296407681170e-01
7.601526695484971397e-01 7.757979004540616064e-01 7.392638147258657755e-01 7.705980078874682393e-01
7.602249562665355231e-01 7.745930777241523124e-01 7.384608737294267033e-01 7.696893426543884864e-01
7.592852289320362047e-01 7.743898740885701848e-01 7.379495839469411012e-01 7.695320541614207865e-01
7.578394945712674247e-01 7.730118803311016862e-01 7.382736408513335125e-01 7.695627884133695584e-01
7.569286819239832154e-01 7.720815881107829792e-01 7.389181540278473292e-01 7.702975253827410995e-01
7.558588384970146290e-01 7.719274226289948304e-01 7.400343500318654621e-01 7.711675680008721612e-01
7.556564356865069776e-01 7.720108513373997727e-01 7.403115987167345757e-01 7.717430865763142966e-01
7.544420188234615132e-01 7.709954924424358147e-01 7.398003089342488625e-01 7.717065573156054459e-01
7.555841489684684831e-01 7.712380127524862683e-01 7.395590665720901402e-01 7.712192351122408862e-01
7.559889545894837859e-01 7.715185861025029013e-01 7.395050570880246088e-01 7.708045868622716013e-01
7.564226748977143089e-01 7.718210692460485411e-01 7.396022741593424321e-01 7.705713203787883936e-01
7.567118217698680649e-01 7.729410789571179441e-01 7.397823057728937224e-01 7.703964381474894818e-01
7.558299238097989647e-01 7.724617891049434526e-01 7.388029337951744768e-01 7.698936330592328625e-01
7.562058147435990474e-01 7.727337543077680282e-01 7.379423826823990895e-01 7.692040286539502114e-01
7.573624022322138494e-01 7.716728388833759000e-01 7.377875554947448400e-01 7.691991903616349768e-01
7.580129826945597449e-01 7.712738071844267296e-01 7.378991750951466866e-01 7.695173846602982870e-01
7.572467434833524136e-01 7.708968667273703446e-01 7.381152130314083681e-01 7.697875948236703181e-01
7.579985253509518017e-01 7.720033020386829481e-01 7.392674153581368923e-01 7.703205630911790225e-01
7.580274400381672439e-01 7.729852918875823597e-01 7.398327146246881370e-01 7.707614567270943962e-01
7.580852694125981284e-01 7.734415936278103976e-01 7.404052151557813932e-01 7.714908246354374999e-01
7.575358903555061696e-01 7.724296159435357634e-01 7.400415512964075848e-01 7.710460666951368669e-01
7.569286819239831043e-01 7.716855576479217937e-01 7.398543184183142829e-01 7.708167512781503028e-01
7.573479448886062393e-01 7.719711192472274996e-01 7.400163468705104330e-01 7.708229332133720302e-01
7.578105798840522045e-01 7.722464820047452161e-01 7.406644606792953667e-01 7.712449141510777650e-01
7.585479044080440936e-01 7.726439515863136043e-01 7.414854048370893569e-01 7.715936325700298859e-01
7.576515491043676054e-01 7.734451631213234979e-01 7.417050434056220443e-01 7.718804655752331545e-01
7.569575966111987686e-01 7.728088868780786935e-01 7.413017725912670608e-01 7.718650948843917003e-01
7.557720944353684134e-01 7.718170685566435596e-01 7.409381087318933634e-01 7.715245321537738121e-01
7.546444216339689426e-01 7.706840995696996321e-01 7.403872119944262531e-01 7.717849054139483966e-01
7.547022510083997160e-01 7.699941250723800756e-01 7.402755923940244065e-01 7.717719855438031074e-01
7.542396160129536398e-01 7.695602281973316083e-01 7.402899949231084298e-01 7.718609712533064382e-01
7.551215139730225179e-01 7.693920615649070260e-01 7.401963784840617233e-01 7.715021581110919069e-01
7.557865517789761345e-01 7.695868620619028544e-01 7.403260012458187100e-01 7.715175688838149526e-01
7.570877127036678145e-01 7.712706670099160888e-01 7.406392562533981039e-01 7.721101059967765412e-01
7.570732553600600934e-01 7.718458242968955219e-01 7.405420391820803916e-01 7.715788790862534441e-01
7.579696106637365816e-01 7.730493570416556715e-01 7.406608600470242498e-01 7.715858595542713916e-01
7.589237953418438432e-01 7.730787603567108590e-01 7.406212530920429638e-01 7.714803117980431058e-01
7.583455015975364422e-01 7.724631282953612343e-01 7.407580771183419621e-01 7.719508490788055122e-01
7.580563547253827972e-01 7.724343514635374497e-01 7.406536587824821272e-01 7.721007833187993885e-01
7.585768190952594248e-01 7.731976404518591250e-01 7.407112688988186644e-01 7.722049604882414986e-01
7.591767988549784629e-01 7.737198873101188701e-01 7.402035797486037350e-01 7.718288310039573830e-01
7.592129422139977102e-01 7.742147010946551777e-01 7.403404037749028443e-01 7.717158396613627014e-01
7.587647645621593551e-01 7.739484066998164602e-01 7.400055449736973046e-01 7.714758925015837709e-01
7.588948806546285120e-01 7.736960341600247482e-01 7.397462994501834421e-01 7.712883027010335457e-01
7.597550925992858639e-01 7.743987153676270552e-01 7.395230602493798600e-01 7.709178510492548098e-01
7.596177478350127910e-01 7.746268504171180957e-01 7.394690507653144396e-01 7.704409030491089494e-01
7.586346484696900871e-01 7.733903509989701330e-01 7.403151993490056926e-01 7.707292348521486147e-01
7.585189897208286514e-01 7.735754218895120049e-01 7.399695386509870243e-01 7.704705201776349544e-01
7.582876722231057798e-01 7.715515575399314319e-01 7.395230602493798600e-01 7.702253774498653005e-01
7.582298428486748954e-01 7.713195056215655931e-01 7.399083279023797033e-01 7.701900267361601049e-01
7.584467030027903789e-01 7.714478888848301796e-01 7.397426988179123253e-01 7.701922170509362120e-01
7.580997267562057385e-01 7.710007312904756382e-01 7.390225723637071642e-01 7.699455031965339868e-01
7.564805042721449713e-01 7.697165883841692313e-01 7.390621793186884503e-01 7.705992966917618592e-01
7.558443811534067969e-01 7.700420592050295499e-01 7.390477767896042050e-01 7.707054349595978682e-01
7.563793028668911456e-01 7.713900641489213061e-01 7.393106229453891842e-01 7.710480072073890856e-01
7.553383741271377794e-01 7.718560822409972211e-01 7.400127462382393162e-01 7.716849525946352095e-01
7.555263195940378207e-01 7.723281537790515072e-01 7.403548063039869787e-01 7.719225947357613027e-01
7.566829070826526227e-01 7.729997609053429475e-01 7.406608600470243609e-01 7.719380234141552943e-01
7.576949211351905467e-01 7.736819117665567624e-01 7.403980138912392706e-01 7.717702111162650924e-01
7.579117812893059192e-01 7.739573431904256395e-01 7.397426988179123253e-01 7.709886496738451722e-01
7.577961225404443724e-01 7.735557376964086185e-01 7.392422109322396295e-01 7.703398429309040729e-01
7.580852694125981284e-01 7.730457060992875773e-01 7.390981856413985085e-01 7.703251461910940456e-01
7.580563547253826862e-01 7.728995913495875225e-01 7.389505597182866037e-01 7.703093568583763151e-01
7.574346889502521218e-01 7.716939843256599429e-01 7.393466292680994645e-01 7.707200977940887876e-01
7.578250372276598146e-01 7.714194631269877256e-01 7.391810001836321975e-01 7.710247170270085881e-01
7.574057742630369017e-01 7.719500207241121181e-01 7.393754343262677331e-01 7.714096856410141978e-01
7.564226748977143089e-01 7.710951969268846629e-01 7.396454817465947240e-01 7.716821029521410136e-01
7.554395755323916051e-01 7.708339661337569870e-01 7.399911424446132813e-01 7.721321981657963684e-01
7.548757391316918142e-01 7.710045106936737058e-01 7.400811582513889819e-01 7.722403200738967577e-01
7.546010496031457793e-01 7.702051287904276844e-01 7.398831234764825515e-01 7.720433904657144630e-01
7.558877531842299602e-01 7.706995927547242164e-01 7.394618495007723169e-01 7.716004164611063310e-01
7.561335280255605529e-01 7.710666107362423860e-01 7.400631550900338418e-01 7.715486048594604185e-01
7.570298833292370411e-01 7.715231119957497441e-01 7.404664259043887142e-01 7.713099717223799168e-01
7.575069756682908384e-01 7.713870449269351059e-01 7.402827936585664181e-01 7.708958107924581693e-01
7.578684092584828669e-01 7.718519689988200261e-01 7.401999791163328402e-01 7.709376571509224396e-01
7.587358498749439129e-01 7.727087613470838834e-01 7.395302615139218716e-01 7.707381673780988596e-01
7.581430987870287908e-01 7.723904554097983377e-01 7.395878716302581868e-01 7.711512042681787360e-01
7.581575561306366229e-01 7.726196030791507852e-01 7.391629970222770574e-01 7.707349754307768475e-01
7.571021700472755356e-01 7.724422105031619745e-01 7.397462994501833311e-01 7.712741316882916198e-01
7.571889141089217512e-01 7.721476363678020371e-01 7.391197894350247655e-01 7.708957664049932434e-01
7.568274805187296117e-01 7.719374762904737119e-01 7.390153710991649305e-01 7.705762132973940082e-01
7.573479448886060172e-01 7.730088160688934895e-01 7.381872256768288176e-01 7.701055759843195014e-01
7.576370917607599953e-01 7.732632085606239158e-01 7.386157009170810639e-01 7.705525179472583197e-01
7.569286819239833264e-01 7.726598127152071172e-01 7.393466292680994645e-01 7.710487997496566770e-01
7.561479853691681630e-01 7.720679161441008631e-01 7.400523531932208243e-01 7.715327805941616379e-01
7.578828666020904770e-01 7.723302774521514369e-01 7.400379506641366900e-01 7.715518759004008631e-01
7.594587170553281918e-01 7.730488616672193114e-01 7.389397578214733642e-01 7.706002858165943437e-01
7.588659659674130697e-01 7.724818568157016951e-01 7.380071940632775274e-01 7.700017441225006642e-01
7.585045323772210413e-01 7.735333780518733882e-01 7.382232319995392089e-01 7.701425648548281266e-01
7.580274400381673550e-01 7.736454701198347550e-01 7.381332161927633972e-01 7.698824242332571455e-01
7.586201911260824771e-01 7.739715327808474044e-01 7.390297736282490648e-01 7.703179328294310624e-01
7.592418569012129304e-01 7.741511690972324722e-01 7.393466292680994645e-01 7.704601441214310453e-01
7.589527100290591743e-01 7.741198933189192832e-01 7.399443342250897615e-01 7.711410162625892406e-01
7.584611603463979890e-01 7.741123166170162939e-01 7.404988315948280997e-01 7.714046599254182901e-01
7.592707715884282615e-01 7.744872010098937665e-01 7.404448221107626793e-01 7.714028643606598568e-01
7.600225534560278717e-01 7.743814488947791119e-01 7.395626672043610350e-01 7.703165383005351474e-01
7.592852289320360937e-01 7.729844111237638149e-01 7.397390981856413195e-01 7.708193756858006118e-01
7.597189492402665056e-01 7.744369078879065338e-01 7.393682330617256104e-01 7.706845031514159006e-01
7.599068947071665470e-01 7.757186474515896935e-01 7.390729812155014677e-01 7.702318998606854095e-01
7.588225939365901285e-01 7.758832539930002881e-01 7.385184838457634626e-01 7.699179371067352839e-01
7.587792219057669652e-01 7.752724553657243112e-01 7.383276503353989328e-01 7.700913582056200246e-01
7.584900750336132091e-01 7.742495229802464074e-01 7.384626740455623173e-01 7.703172092420494943e-01
7.565238763029681346e-01 7.725407309511411746e-01 7.382772414836045183e-01 7.703027635284099839e-01
7.562491867744219887e-01 7.714248540380277408e-01 7.384428705680716742e-01 7.707990412438865402e-01
7.574057742630370127e-01 7.730119202541541057e-01 7.388965502342210723e-01 7.709223750107243589e-01
7.572322861397446925e-01 7.721264799326890138e-01 7.396310792175105897e-01 7.713766075632622066e-01
7.565961630210065181e-01 7.714335508212808445e-01 7.403512056717159728e-01 7.721138956419593136e-01
7.570154259856293200e-01 7.717977742331619817e-01 7.399479348573609894e-01 7.713990517454185625e-01
7.576949211351905467e-01 7.728440389365549557e-01 7.395410634107347780e-01 7.712271512100044024e-01
7.593286009628592570e-01 7.733110305429490294e-01 7.397643026115385823e-01 7.713275922178035593e-01
7.597478639274819479e-01 7.731118543461229509e-01 7.399695386509870243e-01 7.716221911848145654e-01
7.607815639954315090e-01 7.740488192823848923e-01 7.395374627784638832e-01 7.714046324635142060e-01
7.605285604822971113e-01 7.738005979785596011e-01 7.389973679378099014e-01 7.710741521695210210e-01
7.587792219057669652e-01 7.732613484795762826e-01 7.391900017643098231e-01 7.709826257905170177e-01
7.572322861397448035e-01 7.731940156643104523e-01 7.393718336939967273e-01 7.709149960288086412e-01
7.574780609810753962e-01 7.733034128494223891e-01 7.399191297991928318e-01 7.713000703890147136e-01
7.581864708178519541e-01 7.738076552333070790e-01 7.405708442402485492e-01 7.720133657474326228e-01
7.585045323772209303e-01 7.734137108009755401e-01 7.407652783828840848e-01 7.723954118768099342e-01
7.583310442539286100e-01 7.730070730171365589e-01 7.409741150546035326e-01 7.729809657654723720e-01
7.584756176900055991e-01 7.728710130105191922e-01 7.411433447713418055e-01 7.730780918919379907e-01
7.584467030027902679e-01 7.723507668387143976e-01 7.406896651051924074e-01 7.724838930660626879e-01
7.584322456591825468e-01 7.732431101865326895e-01 7.402647904972112780e-01 7.719848999299528947e-01
7.580852694125981284e-01 7.735518752061668613e-01 7.401639727936225599e-01 7.716006143186078248e-01
7.582009281614596752e-01 7.733656557560206757e-01 7.404628252721177084e-01 7.719415364782167277e-01
7.588659659674130697e-01 7.732736992678260757e-01 7.397174943920151735e-01 7.715638290389608134e-01
7.578684092584826448e-01 7.721396047190914880e-01 7.395986735270713153e-01 7.717203856736689627e-01
7.585768190952593137e-01 7.722921159360689458e-01 7.392386102999686237e-01 7.713622918876774648e-01
7.592273995576050982e-01 7.730475800881088100e-01 7.386985154593146419e-01 7.706352051383080770e-01
7.585479044080440936e-01 7.727083106974226290e-01 7.390585786864173334e-01 7.709403657341790117e-01
7.585623617516517037e-01 7.726503091133842815e-01 7.394708510814498315e-01 7.713085941482731300e-01
7.585189897208286514e-01 7.733407734932080668e-01 7.395770697334451693e-01 7.715600213908425653e-01
7.589671673726668955e-01 7.739523725831420897e-01 7.398255133601461253e-01 7.720902674618770334e-01
7.580852694125980173e-01 7.734859089205440297e-01 7.402251835422299919e-01 7.722322184766913233e-01
7.588659659674130697e-01 7.740497695571154635e-01 7.402683911294823949e-01 7.722445813215567112e-01
7.591551128395669368e-01 7.745122400010848729e-01 7.404052151557813932e-01 7.725679330306463033e-01
7.589237953418439542e-01 7.739464787686816116e-01 7.405996492984168178e-01 7.730891285565268944e-01
7.586201911260825881e-01 7.739304525082464359e-01 7.406140518275009521e-01 7.732075053723955760e-01
7.585045323772210413e-01 7.738644548247454180e-01 7.402071803808748518e-01 7.727151268935179562e-01
7.587647645621593551e-01 7.738293820734195583e-01 7.395050570880248308e-01 7.717939096457266945e-01
7.586780205005131394e-01 7.738634193934355032e-01 7.399623373864451237e-01 7.721496784647549072e-01
7.592273995576053203e-01 7.724268038770618627e-01 7.391485944931930341e-01 7.711802078971320418e-01
7.603695297026125122e-01 7.725985624133246965e-01 7.393538305326415871e-01 7.716685475932888449e-01
7.605863898567277737e-01 7.728474077292344369e-01 7.397499000824544479e-01 7.720318664211444082e-01
7.591695701831745469e-01 7.730228238879410796e-01 7.400199475027815499e-01 7.722685706252341298e-01
7.569575966111987686e-01 7.728137678710742531e-01 7.402755923940242955e-01 7.721588665999206125e-01
7.565238763029681346e-01 7.724899258611077624e-01 7.406104511952298353e-01 7.726769718315873448e-01
7.576515491043676054e-01 7.732700900212949868e-01 7.407652783828839738e-01 7.724255872576953896e-01
7.584611603463979890e-01 7.736740547521118172e-01 7.411757504617810799e-01 7.727354704875130098e-01
7.583165869103211110e-01 7.737247163307406916e-01 7.415862225406780750e-01 7.731165737700502749e-01
7.581575561306366229e-01 7.729770256089641967e-01 7.414169928239399132e-01 7.732162657198096145e-01
7.577093784787982678e-01 7.722369443866377026e-01 7.406680613115662615e-01 7.725563398318717745e-01
7.580563547253826862e-01 7.722916057159567860e-01 7.409597125255193983e-01 7.725689972367555391e-01
7.591840275267822680e-01 7.735954556444917252e-01 7.408048853378652598e-01 7.723855399989094650e-01
7.593430583064668671e-01 7.741623370064848464e-01 7.409741150546035326e-01 7.723611739603148951e-01
7.608032500108430352e-01 7.744182771884647876e-01 7.408012847055942540e-01 7.718670545998238541e-01
7.601960415793201919e-01 7.735248246688761764e-01 7.403440044071738502e-01 7.711726131309321053e-01
7.601960415793201919e-01 7.731809501424593556e-01 7.401135639418281453e-01 7.708766560640745169e-01
7.610056528213505755e-01 7.739869225129921704e-01 7.400559538254918301e-01 7.712033420838795283e-01
7.602104989229279131e-01 7.742406718428657131e-01 7.397823057728936114e-01 7.713128690253243658e-01
7.597767786146973901e-01 7.745818943186375538e-01 7.399191297991927208e-01 7.717135197008397896e-01
7.589527100290591743e-01 7.734798062930086093e-01 7.397715038760805939e-01 7.720179465071244085e-01
7.592707715884283726e-01 7.725632283236545383e-01 7.400487525609497075e-01 7.721659476391258270e-01
7.589960820598824487e-01 7.726603654779733432e-01 7.401351677354544023e-01 7.721982454780889071e-01
7.579262386329136403e-01 7.719452959666360803e-01 7.404088157880523990e-01 7.721990631527602122e-01
7.569286819239833264e-01 7.715798609179724821e-01 7.410281245386689530e-01 7.724780825155482811e-01
7.561769000563836052e-01 7.713112956973653400e-01 7.406752625761082731e-01 7.725652659578088333e-01
7.566250777082219603e-01 7.724904413158398819e-01 7.417374490960613187e-01 7.733987413493521590e-01
7.556564356865069776e-01 7.718461135307257415e-01 7.417014427733510384e-01 7.734042020633520309e-01
7.554829475632149904e-01 7.719049817641776556e-01 7.418022604769396455e-01 7.732118716393125979e-01
7.566395350518295704e-01 7.733157002384540846e-01 7.411829517263230915e-01 7.722507602022008477e-01
7.564949616157526924e-01 7.729279271303070020e-01 7.404196176848654165e-01 7.718128076639232393e-01
7.581575561306365119e-01 7.734155534745521532e-01 7.400055449736973046e-01 7.717986228258696402e-01
7.574346889502523439e-01 7.718381370217888282e-01 7.400775576191178651e-01 7.721381118876973204e-01
7.577527505096213201e-01 7.713499479195267128e-01 7.400919601482021104e-01 7.722106488973496941e-01
7.576804637915829366e-01 7.709791671965335880e-01 7.401819759549775890e-01 7.724099025139808949e-01
7.588081365929824074e-01 7.717792234333091805e-01 7.404988315948279887e-01 7.727380653142390532e-01
7.586346484696901982e-01 7.721990879526682283e-01 7.405744448725195550e-01 7.725668495388471335e-01
7.583599589411440522e-01 7.724131999162613393e-01 7.412081561522203543e-01 7.728333446926429762e-01
7.583021295667133899e-01 7.730191825755216017e-01 7.411937536231362200e-01 7.724398325926662423e-01
7.576081770735445531e-01 7.734794234133566260e-01 7.413449801785193527e-01 7.728865873930564900e-01
7.573913169194291806e-01 7.728259802628566488e-01 7.418382667996499258e-01 7.728034312602912737e-01
7.577527505096214311e-01 7.733508497613007515e-01 7.415250117920706430e-01 7.723413503515845768e-01
7.577382931660138210e-01 7.727587473273402896e-01 7.414998073661734912e-01 7.722414507938838435e-01
7.585768190952595358e-01 7.724762897088898184e-01 7.415358136888838825e-01 7.721685655752076327e-01
7.587792219057671872e-01 7.732106871001183102e-01 7.417734554187715990e-01 7.724793666649313328e-01
7.592563142448205404e-01 7.738511582402683997e-01 7.414782035725473452e-01 7.723828676489248313e-01
7.595888331477973487e-01 7.739213317942963410e-01 7.413809865012296330e-01 7.727582000967367915e-01
7.588804233110207909e-01 7.728391845555154793e-01 7.413089738558091835e-01 7.727719341105681039e-01
7.575937197299368320e-01 7.718464821838711964e-01 7.413233763848932067e-01 7.729717649235048338e-01
7.571021700472755356e-01 7.722505362554781261e-01 7.419966946195750701e-01 7.733400647503191339e-01
7.571455420780986989e-01 7.716837327298191607e-01 7.421695249685844598e-01 7.735769122321405344e-01
7.580997267562059605e-01 7.726684908410259567e-01 7.415178105275286313e-01 7.728509551316384840e-01
7.580563547253826862e-01 7.723504879063818329e-01 7.410821340227343734e-01 7.726404571709564184e-01
7.580563547253826862e-01 7.729966017340095252e-01 7.408804986155569372e-01 7.725803593589866125e-01
7.587792219057670762e-01 7.739621445692659307e-01 7.410029201127718013e-01 7.727448927983084914e-01
7.583744162847519954e-01 7.729271492113277686e-01 7.410569295968372217e-01 7.727126129885795169e-01
7.576660064479752155e-01 7.717287033482095326e-01 7.411073384486315252e-01 7.724421567197103933e-01
7.575358903555060586e-01 7.723337360464946899e-01 7.415898231729491918e-01 7.727908255698433537e-01
7.582153855050672853e-01 7.726831979457540189e-01 7.409309074673512407e-01 7.719044173251874419e-01
7.594876317425437451e-01 7.734151940397296920e-01 7.409093036737250948e-01 7.719600207961659910e-01
7.605863898567276626e-01 7.740518907136928473e-01 7.409273068350803459e-01 7.720673294237222484e-01
7.605574751695124425e-01 7.732528074074302982e-01 7.410929359195475019e-01 7.724577231199178939e-01
7.592707715884283726e-01 7.724852309238612325e-01 7.412873700621829265e-01 7.731006635426873608e-01
7.588225939365900174e-01 7.724425288650300647e-01 7.416654364506407582e-01 7.735168031289092472e-01
7.590249967470976689e-01 7.721592105795711536e-01 7.416906408765380210e-01 7.734573041205710098e-01
7.589888533880784216e-01 7.722997111032205986e-01 7.408012847055943650e-01 7.729095300203574492e-01
7.582009281614596752e-01 7.716733101980998155e-01 7.404124164203234049e-01 7.726677746631268606e-01
