7.486157093495641179e-01 7.901486425576076389e-01 7.506850202895628543e-01 7.770554775239415513e-01
7.498879555870405778e-01 7.910070512152388433e-01 7.508146430513198410e-01 7.773948685651792534e-01
7.509577990140091641e-01 7.914718194672024643e-01 7.511855081752356611e-01 7.778214528105216186e-01
7.520854718154087459e-01 7.919921097736716264e-01 7.518012162935812093e-01 7.782352559952075977e-01
7.529818271190852341e-01 7.928004370566994474e-01 7.528093933294686124e-01 7.792729245776759406e-01
7.538781824227617223e-01 7.929876234453024919e-01 7.539543943916551250e-01 7.802266300311597735e-01
7.548612817880843151e-01 7.934310015296135443e-01 7.546601183167763738e-01 7.809284368310708269e-01
7.549480258497304197e-01 7.929568133258486640e-01 7.549661720598137560e-01 7.809711992205902176e-01
7.555696916248608730e-01 7.929046537930251048e-01 7.552614239060380097e-01 7.813719822266108617e-01
7.562202720872066575e-01 7.932592974250713969e-01 7.553982479323368970e-01 7.815266820734264597e-01
7.551504286602378491e-01 7.918580764856246734e-01 7.554918643713834925e-01 7.821329883877794487e-01
7.543986467926382389e-01 7.914837162399743775e-01 7.550813922924864974e-01 7.822578423333264031e-01
7.540227558588384893e-01 7.909999327447503337e-01 7.547357315944680511e-01 7.822055188070200504e-01
7.539215544535846636e-01 7.906626184292312454e-01 7.548833575175800670e-01 7.822546878980145557e-01
7.540227558588384893e-01 7.903143781990635830e-01 7.546457157876921285e-01 7.819314996363224690e-01
7.542974453873845242e-01 7.901932233019559604e-01 7.551786093638042097e-01 7.827296422512592944e-01
7.551359713166303500e-01 7.906172315012400809e-01 7.556394902944957304e-01 7.828715902643030855e-01
7.565672483337910759e-01 7.910418028523014122e-01 7.561885867158273378e-01 7.834220504434861176e-01
7.576660064479752155e-01 7.914941334965531761e-01 7.569213153829812413e-01 7.839968039561548974e-01
7.573913169194292916e-01 7.908039200963037363e-01 7.574038001072987969e-01 7.847418771192957720e-01
7.573768595758214595e-01 7.908215309756260192e-01 7.573425893586913649e-01 7.847225865339663153e-01
7.569865112984139888e-01 7.904643942996469885e-01 7.576018348822053383e-01 7.851867389556175247e-01
7.571310847344907557e-01 7.906100696373281611e-01 7.578232737668735286e-01 7.854565181853243594e-01
7.571310847344908668e-01 7.901155737053782158e-01 7.574830140172614801e-01 7.852737523890555016e-01
7.567841084879064484e-01 7.897400869303896620e-01 7.570905450997195141e-01 7.850179285877769697e-01
7.564805042721450823e-01 7.890215658807192556e-01 7.561039718574582569e-01 7.842979156162653842e-01
7.572178287961370824e-01 7.894275643369363937e-01 7.552002131574304666e-01 7.838080188051158581e-01
7.569142245803757163e-01 7.885508313697109362e-01 7.543936715287204997e-01 7.833102631323427545e-01
7.559311252150530125e-01 7.878443555852475688e-01 7.537923659394589748e-01 7.831898118727484981e-01
7.540950425768769838e-01 7.859885906597612326e-01 7.531118464402348778e-01 7.832245548704681593e-01
7.526782229033237570e-01 7.849505516276236161e-01 7.527625851099453147e-01 7.832675763409062686e-01
7.523167893131317285e-01 7.841479509988689145e-01 7.522080877402073096e-01 7.825135480817240197e-01
7.510156283884399375e-01 7.826655749817442720e-01 7.519524428489643419e-01 7.823166737370945700e-01
7.513336899478089137e-01 7.823571703256027021e-01 7.508254449481328585e-01 7.817843637373464993e-01
7.513770619786319660e-01 7.817969568639823175e-01 7.496912457827595855e-01 7.811599285900010514e-01
7.511168297936936522e-01 7.817949584362123838e-01 7.488991066831335308e-01 7.804455769151039668e-01
7.501626451155865016e-01 7.807327878500259777e-01 7.483014017261431228e-01 7.799345591112349929e-01
7.489337709089332051e-01 7.790618482216060681e-01 7.480889644221525581e-01 7.797149913855602188e-01
7.488903988781101528e-01 7.782831568924717391e-01 7.471131930767042073e-01 7.792073038419673470e-01
7.498590408998250245e-01 7.782089304405068741e-01 7.467171235268913465e-01 7.790266135512213808e-01
7.514204340094550183e-01 7.790023557176934954e-01 7.466559127782839145e-01 7.790188647580524872e-01
7.512469458861629201e-01 7.779462119442954737e-01 7.462706451252839601e-01 7.786670898172900479e-01
7.507698535471092338e-01 7.769669545734041449e-01 7.462922489189101061e-01 7.784497762869528881e-01
7.502927612080556585e-01 7.759949367059995051e-01 7.463282552416203863e-01 7.780630653294905441e-01
7.503216758952711007e-01 7.754876231172986856e-01 7.462742457575550770e-01 7.780178230415090157e-01
7.513336899478090247e-01 7.753889661377380005e-01 7.460546071890225006e-01 7.782732975254349483e-01
7.524469054056007744e-01 7.763486151314342720e-01 7.459645913822468000e-01 7.782556201399023488e-01
7.539215544535846636e-01 7.777791145942204443e-01 7.456945439619195870e-01 7.781497430792979619e-01
7.551938006910610124e-01 7.787015386835391961e-01 7.453488832639011408e-01 7.778457168460847226e-01
7.548757391316920362e-01 7.792889925192170164e-01 7.452120592376021424e-01 7.773514033456430106e-01
7.542829880437769141e-01 7.787115898027752170e-01 7.452264617666861657e-01 7.771302365934683598e-01
7.559022105278376813e-01 7.805754942809474128e-01 7.451616503858078389e-01 7.771351010740071841e-01
7.567985658315140585e-01 7.806904962842111662e-01 7.454352984384058356e-01 7.770686177005045048e-01
7.576660064479753265e-01 7.809513292537251239e-01 7.457521540782561242e-01 7.767981661771113933e-01
7.585912764388671459e-01 7.810174970773835490e-01 7.454677041288451100e-01 7.766999925590393206e-01
7.581720134742442330e-01 7.802112796341924561e-01 7.452120592376021424e-01 7.771242602729639959e-01
7.588515086238054597e-01 7.806036021832698513e-01 7.451508484889945994e-01 7.772803257330409554e-01
7.586491058132978083e-01 7.803176783487986157e-01 7.447979865264340305e-01 7.771955095568426897e-01
7.566829070826526227e-01 7.787705302714331701e-01 7.436907921030933011e-01 7.765166968009422632e-01
7.561769000563837162e-01 7.791055056102500487e-01 7.426448084283598927e-01 7.761796415050661313e-01
7.551938006910610124e-01 7.780833104537487888e-01 7.420723078972666364e-01 7.760336668567049401e-01
7.554974049068224895e-01 7.787986348809932124e-01 7.415610181147809232e-01 7.758639380583511880e-01
7.550203125677689142e-01 7.785849005962741654e-01 7.410965365518185077e-01 7.757147070156485968e-01
7.550058552241609711e-01 7.785454352591585359e-01 7.395302615139218716e-01 7.746036754230954946e-01
7.532565166476311580e-01 7.772444263249567165e-01 7.383168484385858044e-01 7.736268333795097707e-01
7.531264005551620011e-01 7.775575314636261615e-01 7.376291276748196957e-01 7.726944153326674725e-01
7.548034524136535417e-01 7.790840255044813034e-01 7.375031055453338258e-01 7.726172882848835188e-01
7.554251181887839950e-01 7.797842603120368477e-01 7.373518789899505821e-01 7.724606324748770625e-01
7.553239167835301693e-01 7.787159435887806014e-01 7.386193015493520697e-01 7.732896163780018650e-01
7.543986467926383499e-01 7.778839222764182271e-01 7.390369748927912985e-01 7.738832457003771426e-01
7.557720944353683024e-01 7.795350908790732447e-01 7.386985154593146419e-01 7.741870249240606627e-01
7.564588182567335561e-01 7.798814308584688382e-01 7.387525249433799512e-01 7.738811961303365683e-01
7.571166273908831457e-01 7.800838446414199989e-01 7.389901666732678898e-01 7.739421453662614914e-01
7.572612008269600237e-01 7.797228906019506578e-01 7.387957325306324652e-01 7.739190265666138213e-01
7.565238763029680236e-01 7.791382251728674602e-01 7.385940971234549179e-01 7.736651790376827265e-01
7.577382931660137100e-01 7.803405820768174461e-01 7.377731529656608167e-01 7.728884282940517991e-01
7.582009281614596752e-01 7.807787202281050165e-01 7.371466429505020290e-01 7.720181716868577126e-01
7.586491058132978083e-01 7.810589017758245989e-01 7.373626808867637106e-01 7.721058373219371607e-01
7.594587170553283029e-01 7.814219523475628426e-01 7.380540022828009361e-01 7.727141574994286222e-01
7.596177478350126799e-01 7.821444626779460174e-01 7.387345217820249221e-01 7.733140009941797954e-01
7.588804233110207909e-01 7.809752955751686487e-01 7.387021160915856477e-01 7.732810883421384895e-01
7.564949616157526924e-01 7.792392313424036931e-01 7.379063763596886982e-01 7.726922229084122185e-01
7.561479853691682740e-01 7.786115914193088017e-01 7.375427125003151119e-01 7.724112103628664183e-01
7.554395755323917161e-01 7.784510530015003038e-01 7.366677588584554792e-01 7.718687192072232195e-01
7.554684902196069363e-01 7.788158184047502264e-01 7.372474606540908582e-01 7.723639446066445924e-01
7.575503476991137797e-01 7.807792928192838211e-01 7.375967219843805323e-01 7.727535301887696884e-01
7.574202316066446228e-01 7.804510520962587572e-01 7.378667694047074121e-01 7.726808136600640253e-01
7.561479853691682740e-01 7.796591915494910374e-01 7.377587504365765714e-01 7.726487065033431634e-01
7.563503881796758144e-01 7.797688720049897881e-01 7.374058884740160025e-01 7.725403429853969772e-01
7.568708525495526640e-01 7.799259128705005040e-01 7.375535143971281293e-01 7.727778308078949721e-01
7.567841084879063374e-01 7.795885150726364898e-01 7.384356693035296626e-01 7.733703255952508737e-01
7.569865112984139888e-01 7.792848001013846782e-01 7.392710159904078981e-01 7.743540510907475083e-01
7.583455015975364422e-01 7.800283486488575058e-01 7.391269906995667771e-01 7.742247770488421832e-01
7.565094189593604135e-01 7.791062390045184749e-01 7.384500718326139079e-01 7.735526278118505239e-01
7.552660874090993959e-01 7.780388985043471539e-01 7.372978695058852727e-01 7.724638595370245664e-01
7.553528314707456115e-01 7.788623129885097196e-01 7.369918157628478905e-01 7.721872481986055137e-01
7.539504691408001058e-01 7.779041698545094974e-01 7.376219264102775730e-01 7.728597097657290416e-01
7.535745782070002452e-01 7.776065365201180191e-01 7.377551498043055656e-01 7.734876447602052618e-01
7.535022914889617507e-01 7.778790049789019445e-01 7.383456534967540730e-01 7.738617208753244547e-01
7.551938006910610124e-01 7.786365949555834609e-01 7.392242077708846004e-01 7.744110813912150615e-01
7.554251181887841060e-01 7.788677505395034117e-01 7.396814880693050043e-01 7.741130092842253285e-01
7.558588384970146290e-01 7.788742087904048095e-01 7.396526830111367357e-01 7.734568373229822047e-01
7.569865112984139888e-01 7.790227942544594164e-01 7.391053869059407422e-01 7.729981313293655676e-01
7.554684902196070473e-01 7.776963878285455545e-01 7.384734759423754458e-01 7.726261320387755038e-01
7.556419783428992565e-01 7.777226616808834425e-01 7.377371466429505364e-01 7.717908703714303487e-01
7.575503476991138907e-01 7.793072643274403521e-01 7.379891909019224983e-01 7.721001016196717970e-01
7.580418973817752981e-01 7.796472057055884308e-01 7.382448357931652438e-01 7.719872413459694105e-01
7.566973644262602328e-01 7.788443045318956814e-01 7.386391050268426017e-01 7.724726566084672008e-01
7.569720539548062677e-01 7.789510698412098755e-01 7.387093173561276593e-01 7.728405903835577906e-01
7.573913169194291806e-01 7.801033114520236067e-01 7.396166766884265664e-01 7.742645422741925021e-01
7.580418973817750761e-01 7.810404240465222969e-01 7.399011266378374696e-01 7.748124464676617862e-01
7.593719729936820872e-01 7.819411978622731185e-01 7.398291139924171311e-01 7.748878054965080420e-01
7.589960820598822266e-01 7.815079487349430032e-01 7.386337040784360930e-01 7.738997576037403014e-01
7.583165869103209999e-01 7.804189787784413523e-01 7.379927915341932820e-01 7.728593722946226485e-01
7.566684497390450126e-01 7.789212450957179179e-01 7.378847725660625523e-01 7.723516612704204309e-01
7.566395350518295704e-01 7.797724025986231267e-01 7.377623510688476882e-01 7.724190374642898593e-01
7.583165869103211110e-01 7.807245268074598510e-01 7.381512193541184264e-01 7.729045427801259915e-01
7.593430583064666450e-01 7.817881447213882451e-01 7.380540022828008251e-01 7.729405564072417967e-01
7.590828261215283312e-01 7.813000800094540566e-01 7.375283099712309776e-01 7.720326481604580238e-01
7.598346079891281635e-01 7.810824247296769274e-01 7.381908263090998235e-01 7.724924943564809299e-01
7.601092975176740874e-01 7.810601792554277001e-01 7.385472889039315092e-01 7.727190160871666436e-01
7.586057337824747560e-01 7.805190713880820752e-01 7.382556376899782613e-01 7.730220289729019534e-01
7.576660064479752155e-01 7.802082880014959976e-01 7.383024459095017811e-01 7.735208670880280302e-01
7.578684092584828669e-01 7.802047567300531838e-01 7.377371466429505364e-01 7.733743355041911016e-01
7.572901155141753549e-01 7.801832402014813317e-01 7.378451656110812662e-01 7.737488265869193471e-01
7.566539923954371805e-01 7.796218557810157268e-01 7.374094891062871193e-01 7.729705921751794939e-01
7.588948806546285120e-01 7.813796898836401494e-01 7.373950865772028740e-01 7.727773475789423419e-01
7.592852289320360937e-01 7.814198091579451777e-01 7.376291276748196957e-01 7.730128494301903297e-01
7.592707715884283726e-01 7.807459115933326199e-01 7.382772414836045183e-01 7.733076688024802525e-01
7.595599184605821286e-01 7.801434365534726245e-01 7.380215965923616617e-01 7.732031492292712471e-01
7.575648050427216118e-01 7.789473537546848236e-01 7.374779011194365630e-01 7.726273602911807314e-01
7.567551938006910062e-01 7.790301506938566156e-01 7.379819896373802646e-01 7.728249455819367064e-01
7.568130231751218906e-01 7.787408730337911367e-01 7.384788768907820655e-01 7.731259946675197448e-01
7.575358903555062806e-01 7.799769841525036052e-01 7.389523600344219956e-01 7.735646800292841352e-01
7.583165869103211110e-01 7.812966683448306915e-01 7.393790349585387389e-01 7.740028039659464509e-01
7.590539114343128890e-01 7.818516651763403047e-01 7.395950728948003094e-01 7.742287563293690500e-01
7.601526695484972507e-01 7.827818975947796742e-01 7.392350096676976179e-01 7.740997244467928695e-01
7.593864303372899194e-01 7.824281389315040913e-01 7.391305913318378940e-01 7.738970822733409749e-01
7.588515086238054597e-01 7.812491659756433116e-01 7.390549780541463276e-01 7.735826190699276461e-01
7.577093784787982678e-01 7.798069437802011006e-01 7.387723284208707053e-01 7.734581432785867516e-01
7.569431392675909365e-01 7.787877254469307564e-01 7.383600560258382073e-01 7.729576348494153759e-01
7.563937602104989777e-01 7.790431304165752469e-01 7.382556376899782613e-01 7.729158460834257838e-01
7.567696511442988383e-01 7.794933161759851625e-01 7.387741287370062082e-01 7.736571152676243734e-01
7.571166273908833677e-01 7.803570577175720224e-01 7.388929496019500665e-01 7.739220937124289268e-01
7.573045728577830760e-01 7.802750647011561513e-01 7.394726513975855564e-01 7.743207853930250684e-01
7.562636441180297098e-01 7.790218749409694166e-01 7.402539886003982605e-01 7.747657822974997055e-01
7.561769000563836052e-01 7.787341348441263467e-01 7.405870470854682974e-01 7.748868271596189850e-01
7.566829070826526227e-01 7.795802200807286919e-01 7.409237062028092291e-01 7.749577227382096201e-01
7.579696106637365816e-01 7.810251778933163802e-01 7.413269770171642126e-01 7.753693131124271831e-01
7.574057742630369017e-01 7.807488945258317381e-01 7.413521814430614754e-01 7.752431383563238576e-01
7.575069756682907274e-01 7.803991594928201270e-01 7.414097915593977906e-01 7.753521028479058996e-01
7.571744567653140301e-01 7.796990293009822270e-01 7.406752625761083841e-01 7.750515993646898139e-01
7.587647645621593551e-01 7.805088242782131092e-01 7.401135639418281453e-01 7.748595833961395840e-01
7.601815842357126929e-01 7.816283436634454684e-01 7.406464575179401155e-01 7.755907566905538841e-01
7.604562737642586168e-01 7.816780858347962546e-01 7.408516935573886686e-01 7.756363287554077779e-01
7.604851884514740590e-01 7.814108863921419568e-01 7.412261593135753834e-01 7.757670711691160292e-01
7.595599184605820176e-01 7.810415626996454197e-01 7.407832815442392249e-01 7.748485956783064399e-01
7.580852694125980173e-01 7.803439737322198644e-01 7.396022741593424321e-01 7.735403668324132287e-01
7.569431392675909365e-01 7.792682076289578763e-01 7.389289559246603467e-01 7.731029927417376602e-01
7.561624427127758841e-01 7.792963904980563239e-01 7.385688926975576551e-01 7.734221295557408560e-01
7.570877127036678145e-01 7.800351854015646902e-01 7.384680749939689370e-01 7.738604675053009085e-01
7.566106203646143502e-01 7.796975377323815959e-01 7.391413932286510224e-01 7.744839739299734793e-01
7.581141840998136816e-01 7.803935286032488428e-01 7.401783753227066942e-01 7.749688113403108147e-01
7.582732148794981697e-01 7.811775443524506812e-01 7.410641308613792333e-01 7.755583996041788275e-01
7.579117812893059192e-01 7.817843114973483942e-01 7.412765681653697980e-01 7.756463510076752055e-01
7.584322456591825468e-01 7.822964940858164740e-01 7.413233763848933178e-01 7.754712562435488454e-01
7.586924778441210826e-01 7.825273180832548192e-01 7.410605302291082275e-01 7.751990612177358519e-01
7.596900345530512855e-01 7.826889202770485054e-01 7.404160170525945217e-01 7.750932503252885297e-01
7.613381717243273838e-01 7.838543482518715022e-01 7.400523531932208243e-01 7.751730517581069124e-01
7.613815437551504361e-01 7.835699386129596489e-01 7.402071803808747408e-01 7.752915152859367609e-01
7.604996457950815580e-01 7.821980969962875063e-01 7.404376208462206677e-01 7.749540019191142326e-01
7.597478639274819479e-01 7.817227819452738924e-01 7.401891772195197117e-01 7.746295488243926108e-01
7.583744162847518844e-01 7.810795178630722813e-01 7.401351677354542913e-01 7.744521294349453466e-01
7.570298833292371521e-01 7.798535904919567940e-01 7.397751045083515997e-01 7.741854549995018653e-01
7.567985658315141695e-01 7.793689445652192127e-01 7.393034216808471726e-01 7.738976601339400130e-01
7.584033309719673266e-01 7.805714539441315214e-01 7.395086577202956146e-01 7.744202533024415747e-01
7.589960820598823377e-01 7.806647139912965550e-01 7.401243658386412738e-01 7.751535755990522913e-01
7.590539114343131111e-01 7.810694235291452125e-01 7.402251835422301030e-01 7.753602227505256295e-01
7.604996457950816691e-01 7.822828821388836396e-01 7.408624954542017971e-01 7.758752402830264572e-01
7.614249157859734884e-01 7.829874759010937435e-01 7.404520233753046909e-01 7.752968532506168131e-01
7.625525885873729592e-01 7.840571553405650818e-01 7.398723215796694230e-01 7.746505307273321428e-01
7.618152640633809591e-01 7.837419017145405009e-01 7.400883595159311046e-01 7.746495569291884653e-01
7.602827856409661855e-01 7.826327222348556933e-01 7.400739569868468593e-01 7.745112676280776487e-01
7.598490653327357736e-01 7.829588579350877930e-01 7.404196176848654165e-01 7.747124180962923212e-01
7.607454206364123728e-01 7.827773315860029335e-01 7.398039095665198683e-01 7.744545743125299531e-01
7.612369703190735581e-01 7.827708360034117963e-01 7.396778874370339985e-01 7.745044366537738867e-01
7.608466220416660875e-01 7.817655072042217768e-01 7.400091456059683104e-01 7.750048684873254157e-01
7.609911954777430765e-01 7.822790148416864930e-01 7.395158589848376263e-01 7.747212201119554331e-01
7.596611198658357322e-01 7.816892208873713610e-01 7.396274785852394729e-01 7.748193331683866925e-01
7.584322456591826578e-01 7.812903666210635478e-01 7.403764100976131246e-01 7.753220293350144843e-01
7.590394540907053900e-01 7.822832044136647234e-01 7.404916303302860880e-01 7.754208211095742209e-01
7.604562737642585057e-01 7.834913598549895219e-01 7.406284543565850864e-01 7.755413710174691166e-01
7.624658445257268546e-01 7.846986947058023354e-01 7.406392562533981039e-01 7.754621283466563986e-01
7.627983634287035519e-01 7.843668673602617325e-01 7.407616777506129679e-01 7.752467434834511284e-01
7.625092165565499069e-01 7.836867408783803057e-01 7.408732973510148145e-01 7.749745339498572694e-01
7.630152235828188134e-01 7.836820570721895196e-01 7.403440044071738502e-01 7.743803680376694087e-01
7.624080151512959702e-01 7.837774020522358942e-01 7.406356556211270981e-01 7.748091582482492523e-01
7.624369298385115234e-01 7.850465055895741173e-01 7.407652783828840848e-01 7.750426778742445233e-01
7.615984039092656976e-01 7.841005596192317517e-01 7.403079980844635699e-01 7.749018718918668780e-01
7.608321646980582553e-01 7.834760273894436633e-01 7.410245239063979472e-01 7.753682189208157549e-01
7.606875912619814883e-01 7.831414802209447634e-01 7.408192878669493942e-01 7.750741503045918135e-01
7.594153450245052506e-01 7.821100320590630428e-01 7.410749327581923618e-01 7.751897711157905713e-01
7.581720134742443440e-01 7.815146379966640966e-01 7.415430149534258941e-01 7.755171885651619412e-01
7.575214330118984485e-01 7.808953431707955639e-01 7.421983300267527284e-01 7.758888721215290163e-01
7.579117812893059192e-01 7.810778841680938722e-01 7.414061909271267847e-01 7.754147446561249213e-01
7.592707715884283726e-01 7.825096957986181767e-01 7.407256714279026877e-01 7.753906295930780290e-01
7.606442192311583250e-01 7.837350227565358374e-01 7.404736271689309479e-01 7.752455359354414322e-01
7.611646836010350636e-01 7.842068385274735265e-01 7.403260012458187100e-01 7.749824526119503121e-01
7.612369703190735581e-01 7.838056274781861621e-01 7.398957256894310719e-01 7.745816742597939619e-01
7.615984039092655866e-01 7.835073525565046104e-01 7.400739569868468593e-01 7.746857187289604152e-01
7.619887521866731683e-01 7.838350207170747819e-01 7.404412214784916735e-01 7.752871819497341166e-01
7.625092165565499069e-01 7.845565666875382593e-01 7.414818042048183511e-01 7.758071668771405749e-01
7.618297214069886802e-01 7.838703623403616705e-01 7.414133921916689074e-01 7.758255887195555367e-01
7.623068137460422555e-01 7.846093972572583120e-01 7.402935955553795466e-01 7.749865827076853897e-01
7.640416949789645695e-01 7.861113493959568377e-01 7.394726513975854454e-01 7.738215698641035534e-01
7.640850670097875108e-01 7.858011014271221173e-01 7.391269906995667771e-01 7.733808139930191672e-01
7.627694487414883318e-01 7.847762827648973039e-01 7.392746166226790150e-01 7.737107256480557638e-01
7.623501857768654189e-01 7.844964848068378682e-01 7.392278084031554952e-01 7.737624071714748197e-01
7.615984039092655866e-01 7.840706273667250592e-01 7.397967083019778567e-01 7.745547384427711179e-01
7.615839465656581986e-01 7.835007226641472755e-01 7.402611898649402722e-01 7.748849430892712498e-01
7.619020081250271748e-01 7.836081101786245284e-01 7.402539886003982605e-01 7.749354406529637140e-01
7.627260767106651684e-01 7.844130877450330441e-01 7.405600423434356427e-01 7.752889936851273811e-01
7.626104179618036216e-01 7.837848000930600634e-01 7.406896651051925184e-01 7.751330183503771787e-01
7.620465815611038307e-01 7.836551092232788562e-01 7.413305776494352184e-01 7.755697965820949058e-01
7.614827451604042619e-01 7.830927027795968609e-01 7.412045555199492375e-01 7.752591699926165703e-01
7.616562332836964710e-01 7.837238016759251469e-01 7.410137220095849298e-01 7.751447243556836009e-01
7.606875912619813773e-01 7.828777469602961059e-01 7.404844290657439654e-01 7.748770976582084469e-01
7.604418164206508957e-01 7.830707995781148734e-01 7.399695386509871353e-01 7.749517010988165033e-01
7.595888331477974598e-01 7.825295362816757638e-01 7.403296018780898269e-01 7.752082588964486209e-01
7.590394540907053900e-01 7.817862879322515779e-01 7.404268189494075392e-01 7.753319081862184436e-01
7.591551128395669368e-01 7.822447622597168415e-01 7.408660960864728029e-01 7.754122955719593424e-01
7.608466220416660875e-01 7.833630376452144217e-01 7.409921182159586728e-01 7.756495566978767187e-01
7.617140626581271334e-01 7.840945226648092792e-01 7.412621656362856637e-01 7.758982393036328862e-01
7.614249157859734884e-01 7.837937523450957400e-01 7.412405618426596288e-01 7.754123837579065537e-01
7.613092570371119416e-01 7.839909332218445437e-01 7.406860644729214016e-01 7.750118507901294640e-01
7.604851884514738369e-01 7.831743112972433529e-01 7.407832815442392249e-01 7.751024320495936148e-01
7.597478639274819479e-01 7.828890741393095265e-01 7.412117567844913602e-01 7.753749196542631950e-01
7.590394540907052789e-01 7.821495252041432700e-01 7.410137220095849298e-01 7.749253231679055220e-01
7.590249967470976689e-01 7.817777632505202856e-01 7.413449801785192417e-01 7.750454728214720701e-01
7.609478234469198021e-01 7.829391200556383712e-01 7.408588948219307913e-01 7.749583315755246282e-01
7.615694892220503665e-01 7.840051355568771196e-01 7.413089738558091835e-01 7.753482439686286698e-01
7.614393731295810985e-01 7.845653772856147068e-01 7.413845871335006388e-01 7.756462283743099650e-01
7.618730934378117325e-01 7.852025292555269154e-01 7.414349959852950533e-01 7.756576791030188600e-01
7.619887521866732794e-01 7.850342863546796446e-01 7.419678895614070235e-01 7.762813449202694560e-01
7.609189087597045820e-01 7.836845498884468242e-01 7.420795091618087591e-01 7.762826064558486783e-01
7.606586765747661572e-01 7.835889411544924021e-01 7.419642889291360177e-01 7.761689153190229895e-01
7.604562737642585057e-01 7.830527954896100429e-01 7.416870402442669041e-01 7.759973723663733391e-01
7.607309632928045406e-01 7.836457315986754546e-01 7.413305776494352184e-01 7.757524171003571389e-01
7.609911954777429655e-01 7.841290316907824076e-01 7.412837694299119207e-01 7.756105266425541434e-01
7.614827451604042619e-01 7.842041478805390486e-01 7.410569295968372217e-01 7.754166541325179240e-01
7.614393731295812096e-01 7.841846095788299609e-01 7.414061909271267847e-01 7.756482429022412139e-01
7.607743353236275929e-01 7.829518123722061240e-01 7.417806566833136106e-01 7.761278492164997989e-01
7.608321646980583663e-01 7.830729913279756982e-01 7.418886756514444514e-01 7.759195857625230675e-01
7.606731339183736562e-01 7.832751458787969856e-01 7.416114269665754488e-01 7.755724328266274670e-01
7.610634821957813489e-01 7.833929501091557723e-01 7.416654364506406472e-01 7.755251279903581096e-01
7.609189087597044709e-01 7.835567958978418845e-01 7.417698547865005931e-01 7.755748017012472628e-01
7.612658850062890004e-01 7.838942693239705495e-01 7.419750908259490352e-01 7.757367773356029783e-01
7.614972025040119830e-01 7.836614494586062740e-01 7.420002952518461870e-01 7.759818172594310504e-01
7.604562737642585057e-01 7.823629388508561711e-01 7.418022604769398676e-01 7.757920434045988411e-01
7.599213520507741570e-01 7.819636110783785288e-01 7.425439907247711746e-01 7.763294103084399378e-01
7.603984443898278434e-01 7.824480719130648687e-01 7.430480792427149872e-01 7.764339046419335144e-01
7.614538304731888196e-01 7.843161585664482072e-01 7.430624817717990105e-01 7.768755433648983910e-01
7.625959606181960115e-01 7.861224466106908615e-01 7.421047135877059109e-01 7.763147837208808077e-01
7.623212710896499766e-01 7.866331825997863181e-01 7.418238642705657915e-01 7.761691093691638343e-01
7.619309228122423949e-01 7.861716225688545334e-01 7.411685491972390682e-01 7.758195942863501671e-01
7.631308823316803602e-01 7.865075489235475725e-01 7.412693669008277864e-01 7.760196111104736838e-01
7.622489843716115931e-01 7.851667552214147694e-01 7.415826219084069582e-01 7.760810089327400130e-01
7.614972025040118719e-01 7.842646269806448078e-01 7.421299180136031737e-01 7.761897608410648353e-01
7.614538304731888196e-01 7.837009885600831893e-01 7.420399022068275841e-01 7.759894787717103171e-01
7.624224724949039134e-01 7.847815018460081449e-01 7.420903110586218876e-01 7.763808916996637333e-01
7.629212508493690148e-01 7.851839242535819663e-01 7.419966946195751811e-01 7.764171557851160532e-01
7.637236334195954823e-01 7.854334895909220737e-01 7.420759085295377533e-01 7.763182234885825928e-01
7.627839060850959418e-01 7.852604858944094435e-01 7.415718200115939407e-01 7.757333257056928666e-01
7.621766976535730986e-01 7.850634085976986309e-01 7.416834396119957873e-01 7.758489440886112698e-01
7.614393731295810985e-01 7.845573230261844166e-01 7.419102794450704863e-01 7.762697079921418997e-01
7.619020081250271748e-01 7.851602695654795738e-01 7.422559401430890436e-01 7.765533181012117536e-01
7.620465815611040528e-01 7.851820684063564038e-01 7.415862225406780750e-01 7.758701967542512845e-01
7.618297214069886802e-01 7.847613568828949449e-01 7.411793510940521967e-01 7.754487167191905783e-01
7.630585956136419767e-01 7.859371316503908078e-01 7.420759085295376423e-01 7.757259738829087592e-01
7.639260362301030227e-01 7.859794985883221674e-01 7.420074965163881986e-01 7.757194767851219863e-01
7.631887117061110226e-01 7.854029307869678789e-01 7.418130623737528850e-01 7.758023681269807792e-01
7.623357284332576977e-01 7.848538711387218481e-01 7.419606882968650119e-01 7.761554210606911308e-01
7.623935578076882491e-01 7.844234599965863586e-01 7.420146977809302102e-01 7.766042865161090214e-01
7.621766976535733207e-01 7.840292005884289539e-01 7.425439907247712856e-01 7.772040484248705638e-01
7.630730529572494758e-01 7.841495662048778570e-01 7.436313816706213720e-01 7.779498305675296432e-01
7.645477020052335870e-01 7.855690946869419156e-01 7.441102657626679218e-01 7.782895837843823994e-01
7.648946782518180054e-01 7.857591524302913744e-01 7.435125608056774027e-01 7.775686888007738995e-01
7.637525481068108135e-01 7.846137375061761343e-01 7.434585513216120933e-01 7.773294789763974810e-01
7.626537899926266739e-01 7.837170086138181002e-01 7.433145260307709723e-01 7.770565569583710586e-01
7.627405340542727785e-01 7.841195620177522363e-01 7.431452963140328105e-01 7.766011254593968571e-01
7.632320837369341859e-01 7.850427661129908419e-01 7.431488969463038163e-01 7.764748719824188239e-01
7.631887117061111336e-01 7.850081528635893813e-01 7.433649348825652758e-01 7.768834846300010089e-01
7.622200696843961509e-01 7.845994327179901529e-01 7.429472615391261581e-01 7.769281685332353193e-01
7.619453801558502271e-01 7.841958796413643906e-01 7.418922762837154572e-01 7.757978539559133857e-01
7.611646836010350636e-01 7.834365092589425927e-01 7.411865523585940974e-01 7.750409363363223170e-01
7.607454206364121507e-01 7.831684154745567339e-01 7.409813163191456553e-01 7.747655693434949420e-01
7.608466220416659764e-01 7.834330252001432404e-01 7.413089738558090724e-01 7.753289188168625001e-01
7.613092570371120527e-01 7.841132101660924780e-01 7.416546345538276297e-01 7.760116007585976527e-01
7.611791409446427847e-01 7.839318310924558997e-01 7.415970244374912035e-01 7.760769655552632873e-01
7.606586765747662682e-01 7.828686025815021488e-01 7.416294301279304779e-01 7.760695321851740491e-01
