6.788156544116584756e-01 6.968459910246269651e-01 7.410857346550054903e-01 7.667420018660575654e-01
6.793939481559657656e-01 6.985707559540614842e-01 7.412981719589959440e-01 7.664385576392978017e-01
6.807963104859113823e-01 7.018252566389957536e-01 7.426340065315468753e-01 7.666815300214548934e-01
6.810420853272420860e-01 7.021113683958157825e-01 7.432425133853504118e-01 7.672843333689571832e-01
6.817504951640186439e-01 7.034788349594207624e-01 7.435989759801820975e-01 7.674536340863458150e-01
6.821553007850337247e-01 7.040610192798922862e-01 7.440634575431446240e-01 7.675343131123870677e-01
6.827625092165565679e-01 7.052062945140947781e-01 7.437285987419390842e-01 7.672241774654511293e-01
6.834709190533331258e-01 7.055904287820782272e-01 7.434945576443223736e-01 7.667546346386469036e-01
6.846419638855556489e-01 7.073115731852971377e-01 7.441894796726304939e-01 7.670998892388976031e-01
6.859575821538550500e-01 7.081243379313229003e-01 7.443371055957425098e-01 7.672029806373050764e-01
6.877647501048158585e-01 7.089034215586920151e-01 7.446251561774248628e-01 7.671256745845101976e-01
6.880972690077923337e-01 7.085560573277016605e-01 7.454677041288449990e-01 7.677873554483316543e-01
6.887333921265306191e-01 7.086541669109160946e-01 7.465514944424241905e-01 7.681161767869791879e-01
6.886321907212767934e-01 7.091721642112872592e-01 7.480889644221525581e-01 7.691636588128100138e-01
6.904104439850222708e-01 7.109247929480714268e-01 7.484778327074235182e-01 7.693142654372780997e-01
6.903815292978068285e-01 7.124199362809680025e-01 7.483014017261431228e-01 7.689021823054829063e-01
6.912200552270525433e-01 7.141184172658083806e-01 7.483410086811244089e-01 7.685671728936481761e-01
6.921308678743366416e-01 7.151782787125645635e-01 7.486290592628066509e-01 7.681277306441740560e-01
6.922609839668059095e-01 7.157600595109772090e-01 7.483518105779374263e-01 7.676136063455850644e-01
6.927814483366826481e-01 7.168981094222119932e-01 7.482978010938721170e-01 7.673004432087034976e-01
6.933019127065592757e-01 7.172808117182910559e-01 7.483842162683767008e-01 7.675280185828637913e-01
6.938946637944742868e-01 7.179310538542788001e-01 7.482149865516384279e-01 7.675004168914614233e-01
6.951379953447354154e-01 7.181789714815143277e-01 7.474876588328910332e-01 7.667724158714886995e-01
6.957018317454352063e-01 7.184476932936181282e-01 7.472104101480219196e-01 7.665285892932258704e-01
6.964825283002500367e-01 7.191048283822150111e-01 7.466883184687231889e-01 7.661192073727847163e-01
6.969451632956960019e-01 7.191239178557073952e-01 7.467315260559753698e-01 7.660399535393516146e-01
6.976535731324726708e-01 7.194110798333873680e-01 7.458061635623215446e-01 7.649172955432681498e-01
6.977114025069034442e-01 7.198025498916130749e-01 7.447835839973500072e-01 7.640580452806837730e-01
6.974367129783572983e-01 7.186660081106563958e-01 7.442326872598826748e-01 7.636077789305037999e-01
6.976824878196880020e-01 7.183524648141362823e-01 7.437430012710232186e-01 7.626800403316631449e-01
6.988535326519105251e-01 7.184857445481063198e-01 7.431326941010841791e-01 7.617944474778055586e-01
6.993450823345717104e-01 7.174866525337915135e-01 7.427816324546590021e-01 7.610048335510347650e-01
6.990993074932412288e-01 7.164188575895181765e-01 7.426880160156124067e-01 7.609113471176175425e-01
6.975668290708265662e-01 7.156889478711685459e-01 7.415862225406781860e-01 7.595726957090334075e-01
6.963813268949963220e-01 7.142848165758138856e-01 7.403620075685291013e-01 7.581671459616560194e-01
6.962945828333502174e-01 7.134492060497651389e-01 7.391521951254640399e-01 7.569521502720275574e-01
6.963379548641732697e-01 7.131779373789914889e-01 7.380432003859876966e-01 7.555077892286560237e-01
6.958897772123350256e-01 7.124860033882819410e-01 7.375391118680441060e-01 7.543796330130115857e-01
6.961644667408810605e-01 7.122408480374722295e-01 7.372798663445300216e-01 7.539458734343948976e-01
6.962801254897426073e-01 7.124119464462228546e-01 7.369486081755957096e-01 7.533622646431158421e-01
6.959765212739811302e-01 7.122617153908995524e-01 7.372942688736141559e-01 7.532423047824512441e-01
6.953403981552429558e-01 7.119917561827597829e-01 7.373302751963245472e-01 7.534223225899029375e-01
6.940392372305512758e-01 7.114157119987564171e-01 7.366173500066611757e-01 7.527276426957054678e-01
6.945018722259973520e-01 7.121083752183188231e-01 7.363220981604370330e-01 7.524760650691914021e-01
6.939958651997282235e-01 7.112867719023587831e-01 7.356055723385026557e-01 7.517506903178299282e-01
6.942271826974510951e-01 7.125579467334963724e-01 7.350222699105963819e-01 7.513660241293305120e-01
6.944440428515663566e-01 7.133293851985279543e-01 7.344209643213348571e-01 7.507562037777828490e-01
6.942705547282742584e-01 7.137764740747696290e-01 7.341761213269050179e-01 7.504742331673328604e-01
6.942994694154895896e-01 7.145618385372031200e-01 7.342337314432413331e-01 7.505747532265799604e-01
6.955572583093582173e-01 7.156244407546872299e-01 7.342769390304938470e-01 7.505949064393635517e-01
6.970608220445575487e-01 7.167460846898900950e-01 7.348890465165683894e-01 7.512382806452324591e-01
6.979571773482340369e-01 7.167703381539191065e-01 7.350474743364934227e-01 7.516049632189871765e-01
6.988390753083028040e-01 7.177318837549131469e-01 7.339456808615593131e-01 7.509848885074206226e-01
6.993017103037488802e-01 7.177807606805552965e-01 7.329843120451950966e-01 7.503711415209481927e-01
7.009209327878096474e-01 7.187364928920115803e-01 7.315008515495320385e-01 7.494772531052837916e-01
7.001691509202098151e-01 7.183618875104755830e-01 7.310831782060929207e-01 7.491041285084357737e-01
6.994751984270410894e-01 7.184951531414156545e-01 7.305610865267940790e-01 7.487220293152823114e-01
6.999378334224868325e-01 7.183236402528222486e-01 7.302442308869436793e-01 7.486660107812936893e-01
7.001402362329945950e-01 7.189721809927895890e-01 7.309607567088780566e-01 7.495429139649328887e-01
6.999233760788794445e-01 7.184868952148295573e-01 7.307663225662427431e-01 7.494903803850014867e-01
6.992438809293182178e-01 7.178796199077870366e-01 7.307195143467192233e-01 7.495650406381894060e-01
6.975523717272189561e-01 7.169606187166371880e-01 7.305646871590650848e-01 7.493467517717363746e-01
6.963090401769579385e-01 7.159664872872295582e-01 7.303918568100558062e-01 7.492118902832034522e-01
6.959909786175887403e-01 7.157031441620110845e-01 7.301470138156260781e-01 7.487866008136699891e-01
6.967572178287961826e-01 7.170009074319219078e-01 7.304890738813735185e-01 7.487268967486360172e-01
6.975089996963959038e-01 7.177893142501079460e-01 7.301038062283737862e-01 7.485581373396393845e-01
6.975089996963957928e-01 7.174879050961882054e-01 7.297545448980841121e-01 7.481634644213825958e-01
6.982174095331723507e-01 7.190923159696944733e-01 7.298337588080467953e-01 7.482295026510759062e-01
6.979860920354493681e-01 7.190301737015758476e-01 7.290740253988600150e-01 7.473653507003330532e-01
6.972198528242421478e-01 7.182326535360363806e-01 7.290128146502525830e-01 7.473231937146385118e-01
6.979716346918416470e-01 7.196563660019907882e-01 7.292108494251591244e-01 7.477003379297988417e-01
6.976391157888650607e-01 7.199222355114280880e-01 7.294664943164019810e-01 7.476885538630539951e-01
6.970752793881652698e-01 7.194022999298197441e-01 7.298661644984858476e-01 7.479921547272561089e-01
6.975234570400035139e-01 7.194054688779867313e-01 7.297509442658129952e-01 7.480017091657360506e-01
6.965692723618962523e-01 7.183235737243668373e-01 7.309175491216257647e-01 7.491794747561066892e-01
6.950657086266970319e-01 7.157607327981094780e-01 7.312920148778124796e-01 7.487828703461050228e-01
6.952247394063815200e-01 7.146264175422807341e-01 7.316556787371861770e-01 7.488124768405536313e-01
6.954271422168889494e-01 7.143223662650970418e-01 7.306979105530930774e-01 7.483592564817771464e-01
6.944729575387817988e-01 7.142700600371381103e-01 7.292216513219721419e-01 7.474150573918001417e-01
6.931139672396593454e-01 7.140812590005232163e-01 7.281630654342903242e-01 7.467273897043853470e-01
6.917549769405368920e-01 7.143550733790542395e-01 7.282602825056080365e-01 7.467499013154454968e-01
6.926802469314289334e-01 7.148022250657705134e-01 7.286527514231498914e-01 7.474990784526641674e-01
6.929838511471901885e-01 7.157197458420305747e-01 7.279974363498231682e-01 7.474476486662482433e-01
6.948054764417586071e-01 7.166084444726930069e-01 7.284223109578040756e-01 7.479962001505393587e-01
6.963668695513887119e-01 7.183638705597834573e-01 7.293620759805421461e-01 7.486700991085430967e-01
6.962512108025271651e-01 7.174056280202231184e-01 7.298841676598410988e-01 7.486456327777784026e-01
6.961500093972732284e-01 7.174462196414819193e-01 7.302478315192147962e-01 7.486386636626226609e-01
6.955572583093582173e-01 7.161341106271497114e-01 7.307645222501071292e-01 7.485696332677049813e-01
6.943862134771356942e-01 7.148647656610388479e-01 7.307231149789902291e-01 7.482280912743142220e-01
6.938946637944743978e-01 7.146939308990460926e-01 7.306078947463174877e-01 7.480172721558454585e-01
6.937211756711821886e-01 7.150330989853979080e-01 7.302514321514858020e-01 7.473643411706690776e-01
6.945452442568202933e-01 7.158114750763389100e-01 7.297509442658131062e-01 7.471234811422691191e-01
6.945741589440355135e-01 7.155514403822995639e-01 7.295961170781588567e-01 7.470949880075502536e-01
6.947765617545431649e-01 7.152032536031838195e-01 7.296105196072429910e-01 7.476358630778301428e-01
6.929549364599748573e-01 7.143195892478855225e-01 7.298301581757756784e-01 7.484461494009360116e-01
6.915525741300293516e-01 7.140073763033238929e-01 7.295385069618224305e-01 7.489037833009483114e-01
6.929115644291518050e-01 7.160673959811469924e-01 7.292756608060376733e-01 7.488942707775569918e-01
6.947765617545431649e-01 7.181915258376383449e-01 7.293008652319347140e-01 7.485440877479662136e-01
6.952536540935968512e-01 7.185837526241070083e-01 7.291892456315328674e-01 7.478206777562583785e-01
6.951090806575199732e-01 7.179953481288035011e-01 7.296069189749719852e-01 7.480536573334386485e-01
6.946753603492894502e-01 7.181821268210020204e-01 7.296069189749719852e-01 7.483357269054493610e-01
6.932729980193439445e-01 7.175776637622809373e-01 7.291532393088226982e-01 7.476126588302997034e-01
6.928103630238979793e-01 7.168418639351783472e-01 7.301938220351493758e-01 7.481968604860282923e-01
6.922609839668060205e-01 7.151539326982438993e-01 7.313316218327938767e-01 7.488919166354252033e-01
6.914513727247755259e-01 7.138744233032786601e-01 7.318933204670740045e-01 7.490840533798788226e-01
6.913067992886986479e-01 7.143534319326682036e-01 7.319149242607000394e-01 7.497298411547281827e-01
6.926802469314288224e-01 7.150681556982055875e-01 7.315404585045133246e-01 7.495069482040502828e-01
6.948054764417586071e-01 7.175388375028270982e-01 7.299885859957008227e-01 7.486013493660611529e-01
6.951958247191660778e-01 7.177455945900554912e-01 7.285051255000378756e-01 7.476995107663314544e-01
6.951524526883430255e-01 7.168399561076500559e-01 7.285375311904769280e-01 7.477597380074159084e-01
6.939669505125127813e-01 7.158522735419653449e-01 7.283791033705518947e-01 7.473629840649671507e-01
6.935766022351053106e-01 7.148290134259439599e-01 7.292216513219721419e-01 7.476592542707426459e-01
6.923188133412367939e-01 7.145001914666159193e-01 7.293440728191871170e-01 7.477718777953887841e-01
6.914947447555985782e-01 7.137948076750704196e-01 7.295205038004674014e-01 7.471987676671812961e-01
6.916826902224986195e-01 7.144352870769825614e-01 7.298697651307569645e-01 7.472893295016651560e-01
6.916393181916755672e-01 7.142152375348782556e-01 7.298985701889251221e-01 7.474369813770295190e-01
6.938368344200436244e-01 7.163191199542773280e-01 7.303450485905325085e-01 7.476965656944908334e-01
6.948633058161892695e-01 7.180492803037590299e-01 7.309499548120649282e-01 7.479273965307540184e-01
6.948488484725816594e-01 7.173034632278341149e-01 7.310687756770087864e-01 7.481108163082929030e-01
6.932151686449132821e-01 7.164627590894517839e-01 7.307879263598687780e-01 7.482455951007083161e-01
6.928826497419364738e-01 7.162999856656202535e-01 7.302622340482989305e-01 7.481456093326085410e-01
6.919718370946521535e-01 7.147296167950389911e-01 7.301974226674203816e-01 7.485121525639841789e-01
6.932007113013055610e-01 7.154977278112575334e-01 7.304854732491026237e-01 7.490403684090092273e-01
6.931573392704823977e-01 7.153873058381154948e-01 7.306835080240090541e-01 7.489695060309751184e-01
6.920441238126906480e-01 7.143793419926288690e-01 7.309211497538966595e-01 7.489161837551286949e-01
6.930995098960516243e-01 7.150255850949037706e-01 7.310039642961304596e-01 7.487311271330081563e-01
6.939814078561206134e-01 7.152462181846739320e-01 7.309391529152519107e-01 7.481823684395575436e-01
6.938512917636514565e-01 7.154412309080251386e-01 7.313640275232330401e-01 7.481021413606888659e-01
6.938223770764360143e-01 7.152701584749168173e-01 7.311551908515134812e-01 7.474718020608425162e-01
6.934754008298515959e-01 7.141900328668302489e-01 7.308509374246117130e-01 7.477680194226619115e-01
6.938368344200437354e-01 7.145752525568779268e-01 7.303126429000932340e-01 7.478265846446791043e-01
6.951379953447354154e-01 7.161889960253955412e-01 7.296105196072431021e-01 7.476684100297676938e-01
6.949066778470125438e-01 7.161904513729940858e-01 7.294736955809441037e-01 7.477879061161133434e-01
6.938512917636513455e-01 7.155873757650135225e-01 7.302262277255884282e-01 7.480068598353155629e-01
6.936344316095359730e-01 7.145172763492501078e-01 7.312524079228311935e-01 7.491222936169081859e-01
6.937356330147899097e-01 7.147501706365413376e-01 7.315440591367843304e-01 7.488414125965614510e-01
6.935621448914975895e-01 7.153591135463677197e-01 7.312308041292050476e-01 7.484745875203928644e-01
6.934175714554207115e-01 7.156367415274916821e-01 7.304026587068689347e-01 7.474018034466211047e-01
6.937356330147899097e-01 7.165491004672519537e-01 7.320157419642888685e-01 7.484721094968377342e-01
6.935910595787129207e-01 7.162728606796264774e-01 7.326062456567371539e-01 7.495331799764818337e-01
6.922609839668059095e-01 7.142741012123217104e-01 7.321813710487561355e-01 7.493346512381680036e-01
6.925790455261751077e-01 7.147306736405453220e-01 7.318033046602983038e-01 7.491238555132722077e-01
6.928103630238979793e-01 7.152886167526731898e-01 7.305754890558782133e-01 7.481554095954449091e-01
6.938223770764359033e-01 7.163715905384718807e-01 7.303270454291772573e-01 7.482443617997343033e-01
6.945452442568201823e-01 7.165551903513101006e-01 7.306979105530931884e-01 7.481906155710755790e-01
6.950657086266970319e-01 7.177729211366368212e-01 7.308491371084762100e-01 7.484315879216727474e-01
6.945452442568202933e-01 7.165798367731378571e-01 7.308779421666444787e-01 7.487750760202975808e-01
6.946030736312510667e-01 7.160340490015544290e-01 7.301938220351493758e-01 7.483733371967860037e-01
6.946609030056818401e-01 7.159546416624124054e-01 7.299525796729906535e-01 7.479761847981984957e-01
6.939958651997281125e-01 7.151713660680157902e-01 7.292720601737665564e-01 7.476090407816973205e-01
6.938657491072590666e-01 7.149704680622099850e-01 7.295745132845327108e-01 7.475382855448272634e-01
6.937790050456129620e-01 7.142385497759603519e-01 7.303630517518876486e-01 7.481416144279720015e-01
6.942416400410589272e-01 7.146007743387678968e-01 7.304386650295791039e-01 7.481567997914237989e-01
6.941259812921973804e-01 7.143130807959677808e-01 7.304998757781866470e-01 7.484152529548997457e-01
6.943428414463126419e-01 7.147161179143952658e-01 7.308275333148501751e-01 7.484875841877705049e-01
6.939091211380821189e-01 7.145155443367845471e-01 7.310939801029060492e-01 7.488017300231808449e-01
6.938802064508666767e-01 7.140018353358801306e-01 7.308455364762052042e-01 7.491209539116931992e-01
6.934754008298514849e-01 7.148054590114014673e-01 7.299381771439064082e-01 7.489594815801594585e-01
6.932007113013054500e-01 7.147228695047656011e-01 7.300353942152241205e-01 7.487518638741442745e-01
6.939669505125128923e-01 7.156084798838960870e-01 7.302514321514856910e-01 7.484218574842111948e-01
6.932007113013054500e-01 7.144755230299366655e-01 7.304386650295792149e-01 7.481001667166348179e-01
6.926079602133903279e-01 7.146899649506960328e-01 7.298301581757756784e-01 7.476205148147382351e-01
6.924633867773135609e-01 7.141427116912627548e-01 7.297545448980840010e-01 7.474220047948398893e-01
6.926079602133905500e-01 7.142883123636453169e-01 7.303666523841586544e-01 7.479907472323537032e-01
6.922898986540212407e-01 7.130412574854517738e-01 7.305934922172334645e-01 7.486889275642552022e-01
6.917838916277523342e-01 7.123988546531483390e-01 7.305106776749996644e-01 7.487490116350289382e-01
6.919862944382599856e-01 7.126940092627638279e-01 7.297689474271682464e-01 7.482951201505534389e-01
6.926079602133903279e-01 7.133557925483582363e-01 7.307159137144482175e-01 7.489018905477480281e-01
6.921453252179443627e-01 7.135461541801142449e-01 7.308203320503080525e-01 7.488530699259339229e-01
6.923911000592750664e-01 7.142977374998036311e-01 7.310039642961303485e-01 7.493891899248710242e-01
6.928103630238979793e-01 7.147530324206387009e-01 7.310831782060929207e-01 7.494649194587866825e-01
6.933163700501669968e-01 7.149897100193307597e-01 7.309967630315883369e-01 7.492761194992272333e-01
6.925501308389596655e-01 7.133122978223321864e-01 7.308707409021024670e-01 7.490267040224101169e-01
6.915236594428140204e-01 7.130566277661455343e-01 7.305934922172333534e-01 7.487854434964902328e-01
6.905694747647068699e-01 7.128609960807219537e-01 7.299453784084486418e-01 7.478697344723856943e-01
6.915092020992061883e-01 7.135129637198125430e-01 7.299741834666166884e-01 7.478365359655153588e-01
6.923911000592751774e-01 7.135402941090834839e-01 7.309139484893547589e-01 7.488890374250779525e-01
6.934464861426361537e-01 7.140652431219776108e-01 7.302406302546726735e-01 7.484099512372990315e-01
6.928537350547212537e-01 7.143826615817661096e-01 7.294376892582338234e-01 7.479871998300223757e-01
6.938368344200436244e-01 7.146221413914045639e-01 7.298409600725888069e-01 7.482229145641352552e-01
6.942127253538433740e-01 7.147614894604720215e-01 7.302802372096539596e-01 7.484737623651265270e-01
6.938512917636514565e-01 7.152177845645586451e-01 7.307267156112613460e-01 7.488140403746973428e-01
6.945597016004279034e-01 7.155736999910272678e-01 7.310255680897566055e-01 7.486731522337725098e-01
6.936633462967514152e-01 7.143815071383438076e-01 7.312128009678500185e-01 7.489105003205951405e-01
6.942127253538434850e-01 7.145638246444907526e-01 7.313856313168591861e-01 7.489584428258647675e-01
6.938946637944743978e-01 7.143947313225533780e-01 7.314288389041114780e-01 7.487816085471338257e-01
6.941693533230204327e-01 7.142771449142557572e-01 7.317636977053170177e-01 7.488612982407129026e-01
6.928681923983287527e-01 7.136320578436849971e-01 7.320733520806252947e-01 7.491022884520055491e-01
6.928103630238979793e-01 7.142756933626041027e-01 7.314936502849900268e-01 7.493171054746825543e-01
6.924778441209212820e-01 7.145492700926986407e-01 7.304854732491026237e-01 7.483660954749040695e-01
6.927236189622518747e-01 7.144590897082230274e-01 7.300389948474952373e-01 7.478440981544787203e-01
6.914658300683831360e-01 7.135861637596254692e-01 7.294664943164019810e-01 7.473488550314315582e-01
6.909309083548988983e-01 7.122677714968096430e-01 7.301146081251868036e-01 7.480225121745612826e-01
6.910321097601526130e-01 7.125811245680512274e-01 7.303990580745978178e-01 7.481755243849231851e-01
6.905839321083144799e-01 7.125031044957497173e-01 7.309157488054902618e-01 7.487355155448439659e-01
6.897454061790686541e-01 7.120638258655334063e-01 7.309211497538967706e-01 7.490097392997946413e-01
6.902803278925531139e-01 7.114837373320084257e-01 7.315332572399713129e-01 7.490597023641067942e-01
6.911043964781911075e-01 7.118555790723395393e-01 7.315332572399713129e-01 7.494845429692662542e-01
6.910176524165450029e-01 7.112593406940355134e-01 7.317781002344011521e-01 7.496584367002737670e-01
6.904032153132182437e-01 7.112430700140062179e-01 7.315908673563077391e-01 7.492665911439810866e-01
6.906995908571758047e-01 7.121350952235692144e-01 7.310147661929433660e-01 7.487265683101762548e-01
6.919862944382598746e-01 7.136525405534729360e-01 7.310399706188406288e-01 7.484670119104975816e-01
6.917116049097138397e-01 7.128234190867315245e-01 7.306583035981117913e-01 7.485752164271952669e-01
6.916971475661062296e-01 7.131783849778852158e-01 7.304458662941212266e-01 7.485800599606062811e-01
6.912634272578755956e-01 7.118682339880872956e-01 7.314558436461442437e-01 7.491940344219329972e-01
6.907574202316066891e-01 7.111672401663274856e-01 7.324478178368121206e-01 7.498171196493087498e-01
6.909309083548988983e-01 7.118424079548278938e-01 7.329303025611297873e-01 7.496876908194103351e-01
6.915092020992061883e-01 7.118266578929515198e-01 7.331301376521717206e-01 7.499483299100404565e-01
6.909453656985065084e-01 7.117027754401664685e-01 7.324298146754570915e-01 7.492964280421665624e-01
6.920152091254753168e-01 7.133110037334597919e-01 7.316232730467470136e-01 7.484785715970057041e-01
6.927236189622518747e-01 7.134942287893293322e-01 7.312632098196444330e-01 7.486221198761315865e-01
6.934609434862438748e-01 7.156915550218089228e-01 7.307519200371583867e-01 7.486979101663997493e-01
6.927814483366825371e-01 7.156782415058979829e-01 7.309643573411490625e-01 7.488725574056570577e-01
6.917838916277523342e-01 7.148044533797005551e-01 7.310183668252145939e-01 7.489257449678592415e-01
6.910899391345832754e-01 7.127693638351526584e-01 7.315044521818031553e-01 7.489807171883691161e-01
6.904104439850221597e-01 7.110751787291182957e-01 7.321309621969618320e-01 7.493364319831439246e-01
6.907285055443911359e-01 7.103173538556717403e-01 7.332723626268773387e-01 7.499486367486596361e-01
6.912923419450909268e-01 7.104339097575855799e-01 7.335460106794753354e-01 7.499879907008477620e-01
6.924778441209211710e-01 7.111891203251547999e-01 7.327790760057466546e-01 7.492151188603408674e-01
6.939669505125127813e-01 7.137434055176516967e-01 7.324622203658962549e-01 7.486670014415085506e-01
6.945307869132124612e-01 7.145507142551486002e-01 7.326134469212794986e-01 7.484630746189273598e-01
6.937356330147897987e-01 7.140014116117049392e-01 7.329555069870269390e-01 7.490025987458134304e-01
6.932729980193439445e-01 7.138093729563173007e-01 7.328222835929987244e-01 7.490393565719112301e-01
6.934754008298515959e-01 7.139017139006440527e-01 7.331499411296623636e-01 7.495121944444378403e-01
6.937934623892205721e-01 7.140091688104324152e-01 7.324550191013542433e-01 7.487887848421928005e-01
6.933019127065592757e-01 7.125257580517913025e-01 7.320805533451674174e-01 7.486114286741143431e-01
6.927091616186440426e-01 7.120532072030044679e-01 7.322695865393963333e-01 7.494012234504726644e-01
6.922465266231982994e-01 7.116438919037393340e-01 7.321309621969618320e-01 7.494293803879632510e-01
6.922176119359828572e-01 7.123467596676478220e-01 7.312740117164573395e-01 7.491554248092269219e-01
6.916104035044601250e-01 7.126852630798137245e-01 7.314864490204481262e-01 7.491692178431638149e-01
6.917694342841447241e-01 7.135792509257172789e-01 7.320481476547281430e-01 7.493769046221849806e-01
6.916971475661061186e-01 7.133422946574075052e-01 7.325954437599242475e-01 7.490049837932224452e-01
6.912055978834449332e-01 7.128664099643037266e-01 7.327790760057465436e-01 7.494465804589360847e-01
6.912489699142678745e-01 7.129732507959022358e-01 7.326206481858213992e-01 7.493597528008704156e-01
6.911043964781911075e-01 7.117874611449424016e-01 7.331031329101390659e-01 7.498387822345820020e-01
6.909887377293295607e-01 7.111750532507270517e-01 7.333299727432137649e-01 7.498650080361648484e-01
6.904682733594529331e-01 7.097862356846112997e-01 7.330779284842419141e-01 7.499039060560555026e-01
6.906128467955299222e-01 7.097601228959655728e-01 7.329663088838399565e-01 7.496601611513692420e-01
6.901502118000839570e-01 7.102083240799641484e-01 7.323722045591205543e-01 7.488527245754761363e-01
6.906851335135681946e-01 7.105732117651659685e-01 7.316556787371862880e-01 7.482684205987175652e-01
6.909019936676834561e-01 7.109965665014833514e-01 7.323397988686813909e-01 7.489575389742062494e-01
6.918995503766138810e-01 7.113311517384278693e-01 7.328798937093353727e-01 7.495603197841094190e-01
6.910465671037604451e-01 7.108100445535212586e-01 7.330743278519709083e-01 7.494809070825737551e-01
6.913501713195217002e-01 7.113035105871337027e-01 7.329699095161110733e-01 7.494652235989411881e-01
6.916971475661062296e-01 7.118354022591089070e-01 7.323289969718682624e-01 7.492179137268368816e-01
6.918995503766136590e-01 7.124528386471000729e-01 7.322101761069244041e-01 7.493479414235191260e-01
6.923043559976290728e-01 7.126384822241634831e-01 7.319869369061207109e-01 7.490163929591705516e-01
6.922465266231982994e-01 7.140185040465897304e-01 7.316232730467469025e-01 7.484855252448694429e-01
6.932007113013055610e-01 7.146824145122121497e-01 7.321885723132981472e-01 7.488630616173901355e-01
6.926513322442134912e-01 7.133884537275291260e-01 7.331355386005783403e-01 7.498634954285623433e-01
6.918850930330060489e-01 7.109154428696040640e-01 7.335136049890360610e-01 7.505299251383155124e-01
6.920296664690830379e-01 7.111202429219996013e-01 7.329086987675035303e-01 7.495471949922639654e-01
6.924923014645288921e-01 7.116498149449755894e-01 7.326746576698868196e-01 7.491263055427971329e-01
6.941982680102358749e-01 7.133385900909607891e-01 7.324730222627092724e-01 7.489997289472958286e-01
6.941115239485896593e-01 7.129597036941403010e-01 7.328618905479802326e-01 7.492415495606853382e-01
6.939235784816897290e-01 7.128640017696853404e-01 7.328654911802512384e-01 7.490659487305753039e-01
6.928971070855441949e-01 7.133130242922164355e-01 7.321093584033355750e-01 7.487036916070486381e-01
6.899911810203993578e-01 7.097099993109171612e-01 7.314828483881770094e-01 7.486263182786556669e-01
6.898032355534994275e-01 7.096553036705515183e-01 7.316268736790181304e-01 7.490490534937910283e-01
6.897454061790687652e-01 7.100011839738654684e-01 7.322101761069244041e-01 7.495526791118207743e-01
6.905839321083144799e-01 7.104144835927606039e-01 7.325882424953822358e-01 7.497712717792213155e-01
6.911333111654063277e-01 7.110942356913436679e-01 7.332759632591483445e-01 7.501949248897664679e-01
6.917260622533215608e-01 7.119461865517543453e-01 7.333551771691109167e-01 7.501450049186610958e-01
6.916971475661062296e-01 7.121037510913166280e-01 7.325090285854196637e-01 7.495457224024042464e-01
6.934031141118129904e-01 7.142690450573943028e-01 7.320121413320178627e-01 7.491063780804028127e-01
6.927959056802902582e-01 7.140194213309192239e-01 7.319653331124945650e-01 7.490827323076940658e-01
6.921453252179443627e-01 7.134267420682429695e-01 7.314432414331956123e-01 7.486192511305085340e-01
6.913067992886986479e-01 7.122405269274799666e-01 7.318537135120926074e-01 7.489170610394976224e-01
6.917116049097138397e-01 7.122865731641807585e-01 7.311911971742238725e-01 7.483832556399759861e-01
6.912055978834448222e-01 7.116139236594002382e-01 7.313784300523171744e-01 7.482302209915872027e-01
6.916393181916754562e-01 7.124474803302929260e-01 7.318501128798217126e-01 7.484356516978942775e-01
6.920585811562983691e-01 7.124783009178704551e-01 7.328798937093354837e-01 7.491600686480694993e-01
6.914080006939524736e-01 7.116509886582271793e-01 7.328348858059474669e-01 7.492790617004744247e-01
6.912634272578757066e-01 7.115572449810227962e-01 7.323686039268495485e-01 7.493646017656652170e-01
6.908730789804681249e-01 7.106502808293124751e-01 7.326458526117185510e-01 7.495358389474533478e-01
6.904827307030606542e-01 7.102435196709648846e-01 7.324622203658961439e-01 7.492252994164845248e-01
6.901502118000838459e-01 7.094921778152047942e-01 7.325198304822326811e-01 7.491312485030996449e-01
6.890080816550767651e-01 7.092841433778822591e-01 7.322965912814289879e-01 7.492491915194740004e-01
6.898032355534993165e-01 7.100119576770643759e-01 7.328384864382184727e-01 7.496176363671980258e-01
6.902224985181222294e-01 7.108246060835150537e-01 7.322353805328215559e-01 7.493544000130405447e-01
6.912055978834449332e-01 7.120212363813351875e-01 7.315152540786162838e-01 7.487959295440655971e-01
6.924923014645288921e-01 7.126612566188377240e-01 7.310075649284013544e-01 7.484850395965672032e-01
6.923766427156674563e-01 7.128196305549687750e-01 7.310003636638593427e-01 7.480881408097336260e-01
6.918128063149676654e-01 7.126864035287300281e-01 7.314288389041115890e-01 7.482076327821967077e-01
6.901646691436913450e-01 7.106160385478617059e-01 7.318573141443638352e-01 7.488280702107531495e-01
6.898466075843223688e-01 7.104176944857393261e-01 7.321381634615038436e-01 7.493525525071995652e-01
6.896152900865994972e-01 7.098435327991091670e-01 7.319869369061207109e-01 7.493624480468361604e-01
6.902803278925531139e-01 7.108807290952181557e-01 7.316232730467470136e-01 7.490150096756923448e-01
6.911043964781911075e-01 7.118033591508312607e-01 7.314324395363827058e-01 7.485857094513020948e-01
6.902947852361606129e-01 7.115180015100643907e-01 7.311695933805976155e-01 7.480000631474044148e-01
6.890080816550767651e-01 7.100925047099099219e-01 7.315836660917657275e-01 7.483325112846661575e-01
6.898032355534994275e-01 7.109169530173767848e-01 7.318501128798217126e-01 7.489433633927066181e-01
6.887478494701383402e-01 7.107672199950719749e-01 7.313820306845881802e-01 7.487528993356865614e-01
6.890080816550767651e-01 7.113540100815135547e-01 7.310435712511116346e-01 7.484451650159598124e-01
6.893839725888765146e-01 7.110919019650761008e-01 7.309967630315883369e-01 7.484310045277455803e-01
6.911622258526217699e-01 7.123218275407054989e-01 7.315692635626815932e-01 7.488855914834289251e-01
6.924055574028827875e-01 7.126928811389594554e-01 7.327790760057466546e-01 7.498517828401551899e-01
6.934320287990284326e-01 7.134721868311765247e-01 7.331175354392232002e-01 7.497841068147759191e-01
6.938802064508667877e-01 7.137599352948740261e-01 7.329771107806530850e-01 7.496456376990898729e-01
6.938802064508665657e-01 7.134917568455718673e-01 7.325666387017560899e-01 7.495034223858093592e-01
